0 0 0 0 0 0 0 0 0 0 0 0 0 0 0 0 0 0 0 0 0 0 0 0 0 0 0 0 0 0 0 0 0 0 0 0 0 0 0 0 0 0 0 0 0 0 0 0 0 0 0 0 0 0 0 0 0 0 0 0 0 0 0 0 0 0 0 0 0 0 0 0 0 0 0 0 0 0 0 0 0 0 0 0 0 0 0 0 0 0 0 0 0 0 0 0 0 0 0 0 0 131 0 0 0 0 0 0 0 0 0 0 0 0 0 0 0 0 0 0 0 0 0 0 0 0 0 0 0 0 0 0 0 0 0 0 0 0 0 0 0 0 0 0 0 0 0 0 0 0 0 0 0 0 0 0 0 0 0 0 0 0 0 0 0 0 0 0 0 0 0 0 0 0 0 0 0 0 0 0 0 0 0 0 0 0 0 0 0 0 0 0 0 0 0 0 0 0 0 0 0 0 0 0 0 0 0 0 0 0 0 0 0 0 0 0 0 0 0 0 0 0 0 0 0 0 0 0 0 0 0 0 0 0 0 0 0 0 0 0 0 0 0 0 0 0 0 0 0 0 0 0 0 0 0 0 0 0 0 0 0 0 0 0 0 0 0 0 0 0 0 0 0 0 0 0 0 0 0 0 0 0 0 0 0 0 0 0 0 0 0 0 0 0 0 0 0 0 0 0 0 0 0 0 0 0 0 0 0 0 0 0 0 0 0 0 0 0 0 0 0 0 0 0 0 0 0 0 0 0 0 0 0 0 0 0 0 0 0 0 0 0 0 0 0 0 0 0 0 0 0 0 0 0 0 0 0 0 0 0 0 0 0 0 0 0 0 0 0 0 0 0 0 0 0 0 0 0 0 0 0 0 0 0 0 0 0 0 0 0 0 0 0 0 0 0 0 0 0 0 0 0 0 0 0 0 0 0 0 0 0 0 0 0 0 0 0 0 0 0 0 0 0 0 0 0 0 0 0 0 0 0 0 0 0 0 0 0 0 0 0 0 0 0 0 0 0 0 0 0 0 0 0 0 0 0 0 0 0 0 0 0 0 0 0 0 0 0 0 0 0 0 0 0 0 0 0 0 0 0 0 0 0 0 0 0 0 0 0 0 0 0 0 0 0 0 0 0 0 0 0 0 0 
0 0 0 0 0 0 0 0 0 0 0 0 0 0 0 0 0 0 0 0 0 0 0 0 0 0 0 0 0 0 0 0 0 0 0 0 0 0 0 0 0 0 0 0 0 0 0 0 0 0 0 0 0 0 0 0 0 0 0 0 0 0 0 0 0 0 0 0 0 0 0 0 0 0 0 0 0 0 0 0 0 0 0 0 0 0 0 0 0 0 0 0 0 0 0 0 0 0 0 0 131 131 131 131 131 131 131 0 0 0 0 0 0 0 0 0 0 0 0 0 0 0 0 0 0 0 0 0 0 0 0 0 0 0 0 0 0 0 0 0 0 0 0 0 0 0 0 0 0 0 0 0 0 0 0 0 0 0 0 0 0 0 0 0 0 0 0 0 0 0 0 0 0 0 0 0 0 0 0 0 0 0 0 0 0 0 0 0 0 0 0 0 0 0 0 0 0 0 0 0 0 0 0 0 0 0 0 0 0 0 0 0 0 0 0 0 0 0 0 0 0 0 0 0 0 0 0 0 0 0 0 0 0 0 0 0 0 0 0 0 0 0 0 0 0 0 0 0 0 0 0 0 0 0 0 0 0 0 0 0 0 0 0 0 0 0 0 0 0 0 0 0 0 0 0 0 0 0 0 0 0 0 0 0 0 0 0 0 0 0 0 0 0 0 0 0 0 0 0 0 0 0 0 0 0 0 0 0 0 0 0 0 0 0 0 0 0 0 0 0 0 0 0 0 0 0 0 0 0 0 0 0 0 0 0 0 0 0 0 0 0 0 0 0 0 0 0 0 0 0 0 0 0 0 0 0 0 0 0 0 0 0 0 0 0 0 0 0 0 0 0 0 0 0 0 0 0 0 0 0 0 0 0 0 0 0 0 0 0 0 0 0 0 0 0 0 0 0 0 0 0 0 0 0 0 0 0 0 0 0 0 0 0 0 0 0 0 0 0 0 0 0 0 0 0 0 0 0 0 0 0 0 0 0 0 0 0 0 0 0 0 0 0 0 0 0 0 0 0 0 0 0 0 0 0 0 0 0 0 0 0 0 0 0 0 0 0 0 0 0 0 0 0 0 0 0 0 0 0 0 0 0 0 0 0 0 0 0 0 0 0 0 0 0 0 0 0 0 0 0 0 0 0 
0 0 0 0 0 0 0 0 0 0 0 0 0 0 0 0 0 0 0 0 0 0 0 0 0 0 0 0 0 0 0 0 0 0 0 0 0 0 0 0 0 0 0 0 0 0 0 0 0 0 0 0 0 0 0 0 0 0 0 0 0 0 0 0 0 0 0 0 0 0 0 0 0 0 0 0 0 0 0 0 0 0 0 0 0 0 0 0 0 0 131 131 131 131 131 131 131 0 131 131 131 131 131 131 131 131 131 131 0 0 0 0 0 0 0 0 0 0 0 0 0 0 0 0 0 0 0 0 0 0 0 0 0 132 132 132 132 132 133 133 133 133 132 132 132 0 0 0 0 0 0 0 0 133 0 0 0 0 0 0 0 0 0 0 0 0 0 0 0 0 0 0 0 0 0 0 0 0 0 0 0 0 0 0 0 0 0 0 0 0 0 0 0 0 0 0 0 0 0 0 0 0 0 0 0 0 0 0 0 0 0 0 0 0 0 0 0 0 0 0 0 0 0 0 0 0 0 0 0 0 0 0 0 0 0 0 0 0 0 0 0 0 0 0 0 0 0 0 0 0 0 0 0 0 0 0 0 0 0 0 0 0 0 0 0 0 0 0 0 0 0 0 0 0 0 0 0 0 0 0 0 0 0 0 0 0 0 0 0 0 0 0 0 0 0 0 0 0 0 0 0 0 0 0 0 0 0 0 0 0 0 0 0 0 0 0 0 0 0 0 0 0 0 0 0 0 0 0 0 0 0 0 0 0 0 0 0 0 0 0 0 0 0 0 0 0 0 0 0 0 0 0 0 0 0 0 0 0 0 0 0 0 0 0 0 0 0 0 0 0 0 0 0 0 0 0 0 0 0 0 0 0 0 0 0 0 0 0 0 0 0 0 0 0 0 0 0 0 0 0 0 0 0 0 0 0 0 0 0 0 0 0 0 0 0 0 0 0 0 0 0 0 0 0 0 0 0 0 0 0 0 0 0 0 0 0 0 0 0 0 0 0 0 0 0 0 0 0 0 0 0 0 0 0 0 0 0 0 0 0 0 0 0 0 0 0 0 0 0 0 0 0 0 0 0 0 0 0 0 0 0 0 0 0 0 0 0 0 0 0 0 0 0 0 0 0 0 0 0 0 0 0 0 
0 0 0 0 0 0 0 0 0 0 0 0 0 0 0 0 0 0 0 0 0 0 0 0 0 0 0 0 0 0 0 0 0 0 0 0 0 0 0 0 0 0 0 0 0 0 0 0 0 0 0 0 0 0 0 0 0 0 0 0 0 0 0 0 0 0 0 0 0 0 0 0 0 0 0 0 0 0 0 0 0 0 0 0 0 0 0 0 130 130 131 131 131 131 131 131 131 131 131 131 131 131 131 131 131 131 131 131 131 131 131 0 0 0 0 0 0 0 0 0 0 0 0 0 0 0 0 0 0 0 0 132 132 132 132 132 132 133 132 133 133 133 132 132 132 0 0 0 0 0 0 0 133 133 133 0 0 0 0 0 0 0 0 0 0 0 0 0 0 0 0 0 0 0 0 0 0 0 0 0 0 0 0 0 0 0 0 0 0 0 0 0 0 0 0 0 0 0 0 0 0 0 0 0 0 0 0 0 0 0 0 0 0 0 0 0 0 0 0 0 0 0 0 0 0 0 0 0 0 0 0 0 0 0 0 0 0 0 0 0 0 0 0 0 0 0 0 0 0 0 0 0 0 0 0 0 0 0 0 0 0 0 0 0 0 0 0 0 0 0 0 0 0 0 0 0 0 0 0 0 0 0 0 0 0 0 0 0 0 0 0 0 0 0 0 0 0 0 0 0 0 0 0 0 0 0 0 0 0 0 0 0 0 0 0 0 0 0 0 0 0 0 0 0 0 0 0 0 0 0 0 0 0 0 0 0 0 0 0 0 0 0 0 0 0 0 0 0 0 0 0 0 0 0 0 0 0 0 0 0 0 0 0 0 0 0 0 0 0 0 0 0 0 0 0 0 0 0 0 0 0 0 0 0 0 0 0 0 0 0 0 0 0 0 0 0 0 0 0 0 0 0 0 0 0 0 0 0 0 0 0 0 0 0 0 0 0 0 0 0 0 0 0 0 0 0 0 0 0 0 0 0 0 0 0 0 0 0 0 0 0 0 0 0 0 0 0 0 0 0 0 0 0 0 0 0 0 0 0 0 0 0 0 0 0 0 0 0 0 0 0 0 0 0 0 0 0 0 0 0 0 0 0 0 0 0 0 0 0 0 0 0 0 0 0 0 0 0 0 0 0 0 0 
0 0 0 0 0 0 0 0 0 0 0 0 0 0 0 0 0 0 0 0 0 0 0 0 0 0 0 0 0 0 0 0 0 0 0 0 0 0 0 0 0 0 0 0 0 0 0 0 0 0 0 0 0 0 0 0 0 0 0 0 0 0 0 0 0 0 0 0 0 0 0 0 0 0 0 0 0 0 0 0 0 0 0 0 0 0 0 130 130 130 131 131 130 131 131 131 131 131 131 131 131 131 131 131 131 131 131 131 131 131 131 131 0 0 0 0 0 0 0 0 0 0 0 0 0 0 0 0 132 132 132 132 132 132 132 132 132 133 133 133 133 133 132 132 132 0 0 0 0 0 0 133 133 133 133 133 133 0 0 0 0 0 0 133 133 0 0 0 0 0 0 0 0 0 0 0 0 0 0 0 0 0 0 0 0 0 0 0 0 0 0 0 0 0 0 0 0 0 0 0 0 0 0 0 0 0 0 0 0 0 0 0 0 0 0 0 0 0 0 0 0 0 0 0 0 0 0 0 0 0 0 0 0 0 0 0 0 0 0 0 0 0 0 0 0 0 0 0 0 0 0 0 0 0 0 0 0 0 0 0 0 0 0 0 0 0 0 0 0 0 0 0 0 0 0 0 0 0 0 0 0 0 0 0 0 0 0 0 0 0 0 0 0 0 0 0 0 0 0 0 0 0 0 0 0 0 0 0 0 0 0 0 0 0 0 0 0 0 0 0 0 0 0 0 0 0 0 0 0 0 0 0 0 0 0 0 0 0 0 0 0 0 0 0 0 0 0 0 0 0 0 0 0 0 0 0 0 0 0 0 0 0 0 0 0 0 0 0 0 0 0 0 0 0 0 0 0 0 0 0 0 0 0 0 0 0 0 0 0 0 0 0 0 0 0 0 0 0 0 0 0 0 0 0 0 0 0 0 0 0 0 0 0 0 0 0 0 0 0 0 0 0 0 0 0 0 0 0 0 0 0 0 0 0 0 0 0 0 0 0 0 0 0 0 0 0 0 0 0 0 0 0 0 0 0 0 0 0 0 0 0 0 0 0 0 0 0 0 0 0 0 0 0 0 0 0 0 0 0 0 0 0 0 0 0 0 0 0 0 0 0 0 0 0 0 0 0 0 0 0 0 0 0 
0 0 0 0 0 0 0 0 0 0 0 0 0 0 0 0 0 0 0 0 0 0 0 0 0 0 0 0 0 0 0 0 0 0 0 0 0 0 0 0 0 0 0 0 0 0 0 0 0 0 0 0 0 0 0 0 0 0 0 0 0 0 0 0 0 0 0 0 0 0 0 0 0 0 0 0 0 0 0 0 0 0 0 130 130 130 130 130 130 130 131 131 131 131 131 131 131 131 131 131 131 131 131 131 131 131 131 131 131 131 131 131 131 131 0 0 0 0 0 0 0 0 0 0 132 132 132 132 132 132 132 132 132 132 132 132 132 133 133 133 133 133 132 132 132 132 0 0 133 133 133 133 133 133 133 133 133 133 0 0 133 133 133 133 133 133 133 0 0 0 0 0 0 0 0 0 0 0 0 0 0 0 0 0 0 0 0 0 0 0 0 0 0 0 0 0 0 0 0 0 0 0 0 0 0 0 0 0 0 0 0 0 0 0 0 0 0 0 0 0 0 0 0 0 0 0 0 0 0 0 0 0 0 0 0 0 0 0 0 0 0 0 0 0 0 0 0 0 0 0 0 0 0 0 0 0 0 0 0 0 0 0 0 0 0 0 0 0 0 0 0 0 0 0 0 0 0 0 0 0 0 0 0 0 0 0 0 0 0 0 0 0 0 0 0 0 0 0 0 0 0 0 0 0 0 0 0 0 0 0 0 0 0 0 0 0 0 0 0 0 0 0 0 0 0 0 0 0 0 0 0 0 0 0 0 0 0 0 0 0 0 0 0 0 0 0 0 0 0 0 0 0 0 0 0 0 0 0 0 0 0 0 0 0 0 0 0 0 0 0 0 0 0 0 0 0 0 0 0 0 0 0 0 0 0 0 0 0 0 0 0 0 0 0 0 0 0 0 0 0 0 0 0 0 0 0 0 0 0 0 0 0 0 0 0 0 0 0 0 0 0 0 0 0 0 0 0 0 0 0 0 0 0 0 0 0 0 0 0 0 0 0 0 0 0 0 0 0 0 0 0 0 0 0 0 0 0 0 0 0 0 0 0 0 0 0 0 0 0 0 0 0 0 0 0 0 0 0 0 0 0 0 0 0 0 0 0 0 0 0 0 0 0 0 0 0 0 0 0 0 0 0 0 
0 0 0 0 0 0 0 0 0 0 0 0 0 0 0 0 0 0 0 0 0 0 0 0 0 0 0 0 0 0 0 0 0 0 0 0 0 0 0 0 0 0 0 0 0 0 0 0 0 0 0 0 0 0 0 0 0 0 0 0 0 0 0 0 0 0 0 0 0 0 0 0 0 0 0 0 0 0 0 0 0 0 0 130 130 130 130 130 130 131 131 131 130 131 131 131 131 131 131 131 131 131 131 131 131 131 131 131 131 131 131 131 131 132 132 132 132 132 0 0 0 0 132 132 132 132 132 132 132 132 132 132 132 132 132 132 133 133 133 133 133 133 132 132 132 132 132 132 133 133 133 133 133 133 133 133 133 133 133 133 133 133 133 133 133 133 133 0 0 0 0 0 0 0 0 0 0 0 0 0 0 0 0 0 0 0 0 0 0 0 0 0 0 0 0 0 0 0 0 0 0 0 0 0 0 0 0 0 0 0 0 0 0 0 0 0 0 0 0 0 0 0 0 0 0 0 0 0 0 0 0 0 0 0 0 0 0 0 0 0 0 0 0 0 0 0 0 0 0 0 0 0 0 0 0 0 0 0 0 0 0 0 0 0 0 0 0 0 0 0 0 0 0 0 0 0 0 0 0 0 0 0 0 0 0 0 0 0 0 0 0 0 0 0 0 0 0 0 0 0 0 0 0 0 0 0 0 0 0 0 0 0 0 0 0 0 0 0 0 0 0 0 0 0 0 0 0 0 0 0 0 0 0 0 0 0 0 0 0 0 0 0 0 0 0 0 0 0 0 0 0 0 0 0 0 0 0 0 0 0 0 0 0 0 0 0 0 0 0 0 0 0 0 0 0 0 0 0 0 0 0 0 0 0 0 0 0 0 0 0 0 0 0 0 0 0 0 0 0 0 0 0 0 0 0 0 0 0 0 0 0 0 0 0 0 0 0 0 0 0 0 0 0 0 0 0 0 0 0 0 0 0 0 0 0 0 0 0 0 0 0 0 0 0 0 0 0 0 0 0 0 0 0 0 0 0 0 0 0 0 0 0 0 0 0 0 0 0 0 0 0 0 0 0 0 0 0 0 0 0 0 0 0 0 0 0 0 0 0 0 0 0 0 0 0 0 0 0 0 0 0 0 0 
0 0 0 0 0 0 0 0 0 0 0 0 0 0 0 0 0 0 0 0 0 0 0 0 0 0 0 0 0 0 0 0 0 0 0 0 0 0 0 0 0 0 0 0 0 0 0 0 0 0 0 0 0 0 0 0 0 0 0 0 0 0 0 0 0 0 0 0 0 0 0 0 0 0 0 0 0 0 0 0 0 0 0 0 130 130 130 130 130 131 131 131 131 131 131 131 131 131 131 131 131 131 131 131 131 131 131 131 131 131 131 131 131 132 132 132 132 132 132 132 132 132 132 132 132 132 132 132 132 132 132 132 132 132 132 133 133 133 133 133 133 133 132 132 132 132 132 133 133 133 133 133 133 133 133 133 133 133 133 133 133 133 133 133 133 133 133 133 133 133 0 0 0 0 0 0 0 0 0 0 0 0 0 0 0 0 0 0 0 0 0 0 0 0 0 0 0 0 0 0 0 0 0 0 0 0 0 0 0 0 0 0 0 0 0 0 0 0 0 0 0 0 0 0 0 0 0 0 0 0 0 0 0 0 0 0 0 0 0 0 0 0 0 0 0 0 0 0 0 0 0 0 0 0 0 0 0 0 0 0 0 0 0 0 0 0 0 0 0 0 0 0 0 0 0 0 0 0 0 0 0 0 0 0 0 0 0 0 0 0 0 0 0 0 0 0 0 0 0 0 0 0 0 0 0 0 0 0 0 0 0 0 0 0 0 0 0 0 0 0 0 0 0 0 0 0 0 0 0 0 0 0 0 0 0 0 0 0 0 0 0 0 0 0 0 0 0 0 0 0 0 0 0 0 0 0 0 0 0 0 0 0 0 0 0 0 0 0 0 0 0 0 0 0 0 0 0 0 0 0 0 0 0 0 0 0 0 0 0 0 0 0 0 0 0 0 0 0 0 0 0 0 0 0 0 0 0 0 0 0 0 0 0 0 0 0 0 0 0 0 0 0 0 0 0 0 0 0 0 0 0 0 0 0 0 0 0 0 0 0 0 0 0 0 0 0 0 0 0 0 0 0 0 0 0 0 0 0 0 0 0 0 0 0 0 0 0 0 0 0 0 0 0 0 0 0 0 0 0 0 0 0 0 0 0 0 0 0 0 0 0 0 0 0 0 0 0 0 0 0 0 0 0 
0 0 0 0 0 0 0 0 0 0 0 0 0 0 0 0 0 0 0 0 0 0 0 0 0 0 0 0 0 0 0 0 0 0 0 0 0 0 0 0 0 0 0 0 0 0 0 0 0 0 0 0 0 0 0 0 0 0 0 0 0 0 0 0 0 0 0 0 0 0 0 0 0 0 0 0 0 0 0 0 0 0 0 0 0 130 130 130 131 131 131 131 131 131 131 131 131 131 131 131 131 131 131 131 131 131 131 131 131 131 131 131 131 131 132 132 132 132 132 132 132 132 132 132 132 132 132 132 132 132 132 132 132 132 132 133 133 133 133 133 133 133 132 132 132 132 132 133 133 133 133 133 133 133 133 133 133 133 133 133 133 133 133 133 133 133 133 133 133 133 133 133 0 0 0 0 0 0 0 0 0 0 0 0 0 0 0 0 0 0 0 0 0 0 0 0 0 0 0 0 0 0 0 0 0 0 0 0 0 0 0 0 0 0 0 0 0 0 0 0 0 0 0 0 0 0 0 0 0 0 0 0 0 0 0 0 0 0 0 0 0 0 0 0 0 0 0 0 0 0 0 0 0 0 0 0 0 0 0 0 0 0 0 0 0 0 0 0 0 0 0 0 0 0 0 0 0 0 0 0 0 0 0 0 0 0 0 0 0 0 0 0 0 0 0 0 0 0 0 0 0 0 0 0 0 0 0 0 0 0 0 0 0 0 0 0 0 0 0 0 0 0 0 0 0 0 0 0 0 0 0 0 0 0 0 0 0 0 0 0 0 0 0 0 0 0 0 0 0 0 0 0 0 0 0 0 0 0 0 0 0 0 0 0 0 0 0 0 0 0 0 0 0 0 0 0 0 0 0 0 0 0 0 0 0 0 0 0 0 0 0 0 0 0 0 0 0 0 0 0 0 0 0 0 0 0 0 0 0 0 0 0 0 0 0 0 0 0 0 0 0 0 0 0 0 0 0 0 0 0 0 0 0 0 0 0 0 0 0 0 0 0 0 0 0 0 0 0 0 0 0 0 0 0 0 0 0 0 0 0 0 0 0 0 0 0 0 0 0 0 0 0 0 0 0 0 0 0 0 0 0 0 0 0 0 0 0 0 0 0 0 0 0 0 0 0 0 0 0 0 0 0 0 
0 0 0 0 0 0 0 0 0 0 0 0 0 0 0 0 0 0 0 0 0 0 0 0 0 0 0 0 0 0 0 0 0 0 0 0 0 0 0 0 0 0 0 0 0 0 0 0 0 0 0 0 0 0 0 0 0 0 0 0 0 0 0 0 0 0 0 0 0 0 0 0 0 0 0 0 0 0 0 0 0 0 0 130 130 130 130 130 131 131 131 131 131 131 131 131 131 131 131 131 131 131 131 131 131 131 131 131 131 131 131 131 132 131 132 132 132 132 132 132 132 132 132 132 132 132 132 132 132 132 132 132 132 132 132 133 133 133 133 133 133 133 132 132 132 132 132 133 133 133 133 133 133 133 133 133 133 133 133 133 133 133 133 133 133 133 133 133 133 133 133 133 133 133 133 0 0 0 0 0 0 0 0 0 0 0 0 0 0 0 0 0 0 0 0 0 0 0 0 0 0 0 0 0 0 0 0 0 0 0 0 0 0 0 0 0 0 0 0 0 0 0 0 0 0 0 0 0 0 0 0 0 0 0 0 0 0 0 0 0 0 0 0 0 0 0 0 0 0 0 0 0 0 0 0 0 0 0 0 0 0 0 0 0 0 0 0 0 0 0 0 0 0 0 0 0 0 0 0 0 0 0 0 0 0 0 0 0 0 0 0 0 0 0 0 0 0 0 0 0 0 0 0 0 0 0 0 0 0 0 0 0 0 0 0 0 0 0 0 0 0 0 0 0 0 0 0 0 0 0 0 0 0 0 0 0 0 0 0 0 0 0 0 0 0 0 0 0 0 0 0 0 0 0 0 0 0 0 0 0 0 0 0 0 0 0 0 0 0 0 0 0 0 0 0 0 0 0 0 0 0 0 0 0 0 0 0 0 0 0 0 0 0 0 0 0 0 0 0 0 0 0 0 0 0 0 0 0 0 0 0 0 0 0 0 0 0 0 0 0 0 0 0 0 0 0 0 0 0 0 0 0 0 0 0 0 0 0 0 0 0 0 0 0 0 0 0 0 0 0 0 0 0 0 0 0 0 0 0 0 0 0 0 0 0 0 0 0 0 0 0 0 0 0 0 0 0 0 0 0 0 0 0 0 0 0 0 0 0 0 0 0 0 0 0 0 0 0 0 0 0 0 0 
0 0 0 0 0 0 0 0 0 0 0 0 0 0 0 0 0 0 0 0 0 0 0 0 0 0 0 0 0 0 0 0 0 0 0 0 0 0 0 0 0 0 0 0 0 0 0 0 0 0 0 0 0 0 0 0 0 0 0 0 0 0 0 0 0 0 0 0 0 0 0 0 0 0 0 0 0 0 0 0 0 130 130 130 130 130 130 130 131 131 131 131 131 131 131 131 131 131 131 131 131 131 131 131 131 131 131 131 131 131 131 131 132 132 132 132 132 132 132 132 132 132 132 132 132 132 132 132 132 132 132 132 132 132 132 132 133 133 133 133 133 133 132 132 132 132 133 133 133 133 133 133 133 133 133 133 133 133 133 133 133 133 133 133 133 133 133 133 133 133 133 133 133 133 0 0 0 0 0 0 0 0 0 0 0 0 0 0 0 0 0 0 0 0 0 0 0 0 0 0 0 0 0 0 0 0 0 0 0 0 0 0 0 0 0 0 0 0 0 0 0 0 0 0 0 0 0 0 0 0 0 0 0 0 0 0 0 0 0 0 0 0 0 0 0 0 0 0 0 0 0 0 0 0 0 0 0 0 0 0 0 0 0 0 0 0 0 0 0 0 0 0 0 0 0 0 0 0 0 0 0 0 0 0 0 0 0 0 0 0 0 0 0 0 0 0 0 0 0 0 0 0 0 0 0 0 0 0 0 0 0 0 0 0 0 0 0 0 0 0 0 0 0 0 0 0 0 0 0 0 0 0 0 0 0 0 0 0 0 0 0 0 0 0 0 0 0 0 0 0 0 0 0 0 0 0 0 0 0 0 0 0 0 0 0 0 0 0 0 0 0 0 0 0 0 0 0 0 0 0 0 0 0 0 0 0 0 0 0 0 0 0 0 0 0 0 0 0 0 0 0 0 0 0 0 0 0 0 0 0 0 0 0 0 0 0 0 0 0 0 0 0 0 0 0 0 0 0 0 0 0 0 0 0 0 0 0 0 0 0 0 0 0 0 0 0 0 0 0 0 0 0 0 0 0 0 0 0 0 0 0 0 0 0 0 0 0 0 0 0 0 0 0 0 0 0 0 0 0 0 0 0 0 0 0 0 0 0 0 0 0 0 0 0 0 0 0 0 0 0 0 0 0 
0 0 0 0 0 0 0 0 0 0 0 0 0 0 0 0 0 0 0 0 0 0 0 0 0 0 0 0 0 0 0 0 0 0 0 0 0 0 0 0 0 0 0 0 0 0 0 0 0 0 0 0 0 0 0 0 0 0 0 0 0 0 0 0 0 0 0 0 0 0 0 0 0 0 0 0 0 0 130 130 130 130 130 130 130 130 130 130 131 131 131 131 131 131 131 131 131 131 131 131 131 131 131 131 131 131 131 131 131 131 131 131 131 132 132 132 132 132 132 132 132 132 132 132 132 132 132 132 132 132 132 132 132 132 132 132 133 133 133 133 133 133 132 132 132 132 133 133 133 133 133 133 133 133 133 133 133 133 133 133 133 133 133 133 133 133 133 133 133 133 133 133 133 133 133 133 0 0 0 0 0 0 0 0 0 0 0 0 0 0 0 0 0 0 0 0 0 0 0 0 0 0 0 0 0 0 0 0 0 0 0 0 0 0 0 0 0 0 0 0 0 0 0 0 0 0 0 0 0 0 0 0 0 0 0 0 0 0 0 0 0 0 0 0 0 0 0 0 0 0 0 0 0 0 0 0 0 0 0 0 0 0 0 0 0 0 0 0 0 0 0 0 0 0 0 0 0 0 0 0 0 0 0 0 0 0 0 0 0 0 0 0 0 0 0 0 0 0 0 0 0 0 0 0 0 0 0 0 0 0 0 0 0 0 0 0 0 0 0 0 0 0 0 0 0 0 0 0 0 0 0 0 0 0 0 0 0 0 0 0 0 0 0 0 0 0 0 0 0 0 0 0 0 0 0 0 0 0 0 0 0 0 0 0 0 0 0 0 0 0 0 0 0 0 0 0 0 0 0 0 0 0 0 0 0 0 0 0 0 0 0 0 0 0 0 0 0 0 0 0 0 0 0 0 0 0 0 0 0 0 0 0 0 0 0 0 0 0 0 0 0 0 0 0 0 0 0 0 0 0 0 0 0 0 0 0 0 0 0 0 0 0 0 0 0 0 0 0 0 0 0 0 0 0 0 0 0 0 0 0 0 0 0 0 0 0 0 0 0 0 0 0 0 0 0 0 0 0 0 0 0 0 0 0 0 0 0 0 0 0 0 0 0 0 0 0 0 0 0 0 0 0 0 
0 0 0 0 0 0 0 0 0 0 0 0 0 0 0 0 0 0 0 0 0 0 0 0 0 0 0 0 0 0 0 0 0 0 0 0 0 0 0 0 0 0 0 0 0 0 0 0 0 0 0 0 0 0 0 0 0 0 0 0 0 0 0 0 0 0 0 0 0 0 0 0 0 0 0 0 0 0 130 130 130 130 130 130 130 130 130 130 131 131 131 131 131 131 131 131 131 131 131 131 131 131 131 131 131 131 131 131 131 131 131 131 132 132 132 132 132 132 132 132 132 132 132 132 132 132 132 132 132 132 132 132 132 132 132 133 133 133 133 133 133 133 132 132 132 132 133 133 133 133 133 133 133 133 133 133 133 133 133 133 133 133 133 133 133 133 133 133 133 133 133 133 133 133 133 134 134 134 0 0 0 0 0 0 0 0 0 0 0 0 0 0 0 0 0 0 0 0 0 0 0 0 0 0 0 0 0 0 0 0 0 0 0 0 0 0 0 0 0 0 0 0 0 0 0 0 0 0 0 0 0 0 0 0 0 0 0 0 0 0 0 0 0 0 0 0 0 0 0 0 0 0 0 0 0 0 0 0 0 0 0 0 0 0 0 0 0 0 0 0 0 0 0 0 0 0 0 0 0 0 0 0 0 0 0 0 0 0 0 0 0 0 0 0 0 0 0 0 0 0 0 0 0 0 0 0 0 0 0 0 0 0 0 0 0 0 0 0 0 0 0 0 0 0 0 0 0 0 0 0 0 0 0 0 0 0 0 0 0 0 0 0 0 0 0 0 0 0 0 0 0 0 0 0 0 0 0 0 0 0 0 0 0 0 0 0 0 0 0 0 0 0 0 0 0 0 0 0 0 0 0 0 0 0 0 0 0 0 0 0 0 0 0 0 0 0 0 0 0 0 0 0 0 0 0 0 0 0 0 0 0 0 0 0 0 0 0 0 0 0 0 0 0 0 0 0 0 0 0 0 0 0 0 0 0 0 0 0 0 0 0 0 0 0 0 0 0 0 0 0 0 0 0 0 0 0 0 0 0 0 0 0 0 0 0 0 0 0 0 0 0 0 0 0 0 0 0 0 0 0 0 0 0 0 0 0 0 0 0 0 0 0 0 0 0 0 0 0 0 0 0 0 0 
0 0 0 0 0 0 0 0 0 0 0 0 0 0 0 0 0 0 0 0 0 0 0 0 0 0 0 0 0 0 0 0 0 0 0 0 0 0 0 0 0 0 0 0 0 0 0 0 0 0 0 0 0 0 0 0 0 0 0 0 0 0 0 0 0 0 0 0 0 0 0 0 0 0 0 0 0 130 130 130 130 130 130 130 130 130 130 130 131 131 131 131 131 131 131 131 131 131 131 131 131 131 131 131 131 131 131 131 131 131 131 132 132 132 132 132 132 132 132 132 132 132 132 132 132 132 132 132 132 132 132 132 132 132 132 133 133 133 133 133 133 133 132 132 132 133 133 133 133 133 133 133 133 133 133 133 133 133 133 133 133 133 133 133 133 133 133 133 133 133 133 133 133 133 133 134 134 134 134 0 0 0 0 0 0 0 0 0 0 0 0 0 0 0 0 0 0 0 0 0 0 0 0 0 0 0 0 0 0 0 0 0 0 0 0 0 0 0 0 0 0 0 0 0 0 0 0 0 0 0 0 0 0 0 0 0 0 0 0 0 0 0 0 0 0 0 0 0 0 0 0 0 0 0 0 0 0 0 0 0 0 0 0 0 0 0 0 0 0 0 0 0 0 0 0 0 0 0 0 0 0 0 0 0 0 0 0 0 0 0 0 0 0 0 0 0 0 0 0 0 0 0 0 0 0 0 0 0 0 0 0 0 0 0 0 0 0 0 0 0 0 0 0 0 0 0 0 0 0 0 0 0 0 0 0 0 0 0 0 0 0 0 0 0 0 0 0 0 0 0 0 0 0 0 0 0 0 0 0 0 0 0 0 0 0 0 0 0 0 0 0 0 0 0 0 0 0 0 0 0 0 0 0 0 0 0 0 0 0 0 0 0 0 0 0 0 0 0 0 0 0 0 0 0 0 0 0 0 0 0 0 0 0 0 0 0 0 0 0 0 0 0 0 0 0 0 0 0 0 0 0 0 0 0 0 0 0 0 0 0 0 0 0 0 0 0 0 0 0 0 0 0 0 0 0 0 0 0 0 0 0 0 0 0 0 0 0 0 0 0 0 0 0 0 0 0 0 0 0 0 0 0 0 0 0 0 0 0 0 0 0 0 0 0 0 0 0 0 0 0 0 0 0 
0 0 0 0 0 0 0 0 0 0 0 0 0 0 0 0 0 0 0 0 0 0 0 0 0 0 0 0 0 0 0 0 0 0 0 0 0 0 0 0 0 0 0 0 0 0 0 0 0 0 0 0 0 0 0 0 0 0 0 0 0 0 0 0 0 0 0 0 0 0 0 0 0 0 0 0 130 130 130 130 130 130 130 130 130 130 130 130 131 131 131 131 131 131 131 131 131 131 131 131 131 131 131 131 131 131 131 131 131 131 131 132 132 132 132 132 132 132 132 132 132 132 132 132 132 132 132 132 132 132 132 132 132 132 132 133 133 133 133 133 133 133 132 132 132 133 133 133 133 133 133 133 133 133 133 133 133 133 133 133 133 133 133 133 133 133 133 133 133 133 133 133 133 133 134 134 134 134 134 0 0 0 0 0 0 0 0 0 0 0 0 0 0 0 0 0 0 0 0 0 0 0 0 0 0 0 0 0 0 0 0 0 0 0 0 0 0 0 0 0 0 0 0 0 0 0 0 0 0 0 0 0 0 0 0 0 0 0 0 0 0 0 0 0 0 0 0 0 0 0 0 0 0 0 0 0 0 0 0 0 0 0 0 0 0 0 0 0 0 0 0 0 0 0 0 0 0 0 0 0 0 0 0 0 0 0 0 0 0 0 0 0 0 0 0 0 0 0 0 0 0 0 0 0 0 0 0 0 0 0 0 0 0 0 0 0 0 0 0 0 0 0 0 0 0 0 0 0 0 0 0 0 0 0 0 0 0 0 0 0 0 0 0 0 0 0 0 0 0 0 0 0 0 0 0 0 0 0 0 0 0 0 0 0 0 0 0 0 0 0 0 0 0 0 0 0 0 0 0 0 0 0 0 0 0 0 0 0 0 0 0 0 0 0 0 0 0 0 0 0 0 0 0 0 0 0 0 0 0 0 0 0 0 0 0 0 0 0 0 0 0 0 0 0 0 0 0 0 0 0 0 0 0 0 0 0 0 0 0 0 0 0 0 0 0 0 0 0 0 0 0 0 0 0 0 0 0 0 0 0 0 0 0 0 0 0 0 0 0 0 0 0 0 0 0 0 0 0 0 0 0 0 0 0 0 0 0 0 0 0 0 0 0 0 0 0 0 0 0 0 0 0 0 
0 0 0 0 0 0 0 0 0 0 0 0 0 0 0 0 0 0 0 0 0 0 0 0 0 0 0 0 0 0 0 0 0 0 0 0 0 0 0 0 0 0 0 0 0 0 0 0 0 0 0 0 0 0 0 0 0 0 0 0 0 0 0 0 0 0 0 0 0 0 0 0 0 0 130 130 130 130 130 130 130 130 130 130 130 130 130 130 131 131 131 131 131 131 131 131 131 131 131 131 131 131 131 131 131 131 131 131 131 131 131 132 132 132 132 132 132 132 132 132 132 132 132 132 132 132 132 132 132 132 132 132 132 132 132 133 133 133 133 133 133 133 132 132 133 133 133 133 133 133 133 133 133 133 133 133 133 133 133 133 133 133 133 133 133 133 133 133 133 133 133 133 133 133 134 134 134 134 134 134 134 0 0 0 0 0 0 0 0 0 0 0 0 0 0 0 0 0 0 0 0 0 0 0 0 0 0 0 0 0 0 0 0 0 0 0 0 0 0 0 0 0 0 0 0 0 0 0 0 0 0 0 0 0 0 0 0 0 0 0 0 0 0 0 0 0 0 0 0 0 0 0 0 0 0 0 0 0 0 0 0 0 0 0 0 0 0 0 0 0 0 0 0 0 0 0 0 0 0 0 0 0 0 0 0 0 0 0 0 0 0 0 0 0 0 0 0 0 0 0 0 0 0 0 0 0 0 0 0 0 0 0 0 0 0 0 0 0 0 0 0 0 0 0 0 0 0 0 0 0 0 0 0 0 0 0 0 0 0 0 0 0 0 0 0 0 0 0 0 0 0 0 0 0 0 0 0 0 0 0 0 0 0 0 0 0 0 0 0 0 0 0 0 0 0 0 0 0 0 0 0 0 0 0 0 0 0 0 0 0 0 0 0 0 0 0 0 0 0 0 0 0 0 0 0 0 0 0 0 0 0 0 0 0 0 0 0 0 0 0 0 0 0 0 0 0 0 0 0 0 0 0 0 0 0 0 0 0 0 0 0 0 0 0 0 0 0 0 0 0 0 0 0 0 0 0 0 0 0 0 0 0 0 0 0 0 0 0 0 0 0 0 0 0 0 0 0 0 0 0 0 0 0 0 0 0 0 0 0 0 0 0 0 0 0 0 0 0 0 0 0 0 0 
0 0 0 0 0 0 0 0 0 0 0 0 0 0 0 0 0 0 0 0 0 0 0 0 0 0 0 0 0 0 0 0 0 0 0 0 0 0 0 0 0 0 0 0 0 0 0 0 0 0 0 0 0 0 0 0 0 0 0 0 0 0 0 0 0 0 0 0 0 0 0 0 0 130 130 130 130 130 130 130 130 130 130 130 130 130 130 130 131 131 131 131 131 131 131 131 131 131 131 131 131 131 131 131 131 131 131 131 131 131 131 132 132 132 132 132 132 132 132 132 132 132 132 132 132 132 132 132 132 132 132 132 132 132 132 133 133 133 133 133 133 133 132 132 133 133 133 133 133 133 133 133 133 133 133 133 133 133 133 133 133 133 133 133 133 133 133 133 133 133 133 133 133 134 134 134 134 134 134 134 134 134 0 0 0 0 0 0 0 0 0 0 0 0 0 0 0 0 0 0 0 0 0 0 0 0 0 0 0 0 0 0 0 0 0 0 0 0 0 0 0 0 0 0 0 0 0 0 0 0 0 0 0 0 0 0 0 0 0 0 0 0 0 0 0 0 0 0 0 0 0 0 0 0 0 0 0 0 0 0 0 0 0 0 0 0 0 0 0 0 0 0 0 0 0 0 0 0 0 0 0 0 0 0 0 0 0 0 0 0 0 0 0 0 0 0 0 0 0 0 0 0 0 0 0 0 0 0 0 0 0 0 0 0 0 0 0 0 0 0 0 0 0 0 0 0 0 0 0 0 0 0 0 0 0 0 0 0 0 0 0 0 0 0 0 0 0 0 0 0 0 0 0 0 0 0 0 0 0 0 0 0 0 0 0 0 0 0 0 0 0 0 0 0 0 0 0 0 0 0 0 0 0 0 0 0 0 0 0 0 0 0 0 0 0 0 0 0 0 0 0 0 0 0 0 0 0 0 0 0 0 0 0 0 0 0 0 0 0 0 0 0 0 0 0 0 0 0 0 0 0 0 0 0 0 0 0 0 0 0 0 0 0 0 0 0 0 0 0 0 0 0 0 0 0 0 0 0 0 0 0 0 0 0 0 0 0 0 0 0 0 0 0 0 0 0 0 0 0 0 0 0 0 0 0 0 0 0 0 0 0 0 0 0 0 0 0 0 0 0 0 0 0 
0 0 0 0 0 0 0 0 0 0 0 0 0 0 0 0 0 0 0 0 0 0 0 0 0 0 0 0 0 0 0 0 0 0 0 0 0 0 0 0 0 0 0 0 0 0 0 0 0 0 0 0 0 0 0 0 0 0 0 0 0 0 0 0 129 129 129 0 0 0 0 0 130 130 130 130 130 130 130 130 130 130 130 130 130 130 130 130 131 131 131 131 131 131 131 131 131 131 131 131 131 131 131 131 131 131 131 131 131 131 132 132 132 132 132 132 132 132 132 132 132 132 132 132 132 132 132 132 132 132 132 132 132 132 132 133 133 133 133 133 133 133 132 132 132 133 133 133 133 133 133 133 133 133 133 133 133 133 133 133 133 133 133 133 133 133 133 133 133 133 133 133 133 134 134 134 134 134 134 134 134 134 134 0 0 0 0 0 0 0 0 0 0 0 0 0 0 0 0 0 0 0 0 0 0 0 0 0 0 0 0 0 0 0 0 0 0 0 0 0 0 0 0 0 0 0 0 0 0 0 0 0 0 0 0 0 0 0 0 0 0 0 0 0 0 0 0 0 0 0 0 0 0 0 0 0 0 0 0 0 0 0 0 0 0 0 0 0 0 0 0 0 0 0 0 0 0 0 0 0 0 0 0 0 0 0 0 0 0 0 0 0 0 0 0 0 0 0 0 0 0 0 0 0 0 0 0 0 0 0 0 0 0 0 0 0 0 0 0 0 0 0 0 0 0 0 0 0 0 0 0 0 0 0 0 0 0 0 0 0 0 0 0 0 0 0 0 0 0 0 0 0 0 0 0 0 0 0 0 0 0 0 0 0 0 0 0 0 0 0 0 0 0 0 0 0 0 0 0 0 0 0 0 0 0 0 0 0 0 0 0 0 0 0 0 0 0 0 0 0 0 0 0 0 0 0 0 0 0 0 0 0 0 0 0 0 0 0 0 0 0 0 0 0 0 0 0 0 0 0 0 0 0 0 0 0 0 0 0 0 0 0 0 0 0 0 0 0 0 0 0 0 0 0 0 0 0 0 0 0 0 0 0 0 0 0 0 0 0 0 0 0 0 0 0 0 0 0 0 0 0 0 0 0 0 0 0 0 0 0 0 0 0 0 0 0 0 0 0 0 0 0 0 
0 0 0 0 0 0 0 0 0 0 0 0 0 0 0 0 0 0 0 0 0 0 0 0 0 0 0 0 0 0 0 0 0 0 127 127 127 0 0 0 0 0 0 0 0 0 0 0 0 0 0 0 0 0 0 0 0 0 0 0 0 0 129 129 129 129 129 0 129 129 129 130 130 130 130 130 130 130 130 130 130 130 130 130 130 130 130 130 131 131 131 131 131 131 131 131 131 131 131 131 131 131 131 131 131 131 131 131 131 131 132 132 132 132 132 132 132 132 132 132 132 132 132 132 132 132 132 132 132 132 132 132 132 132 132 133 133 133 133 133 133 133 132 132 132 133 133 133 133 133 133 133 133 133 133 133 133 133 133 133 133 133 133 133 133 133 133 133 133 133 133 133 134 134 134 134 134 134 134 134 134 134 134 0 0 0 0 0 0 0 0 0 0 0 0 0 0 0 0 0 0 0 0 0 0 0 0 0 0 0 0 0 0 0 0 0 0 0 0 0 0 0 0 0 0 0 0 0 0 0 0 0 0 0 0 0 0 0 0 0 0 0 0 0 0 0 0 0 0 0 0 0 0 0 0 0 0 0 0 0 0 0 0 0 0 0 0 0 0 0 0 0 0 0 0 0 0 0 0 0 0 0 0 0 0 0 0 0 0 0 0 0 0 0 0 0 0 0 0 0 0 0 0 0 0 0 0 0 0 0 0 0 0 0 0 0 0 0 0 0 0 0 0 0 0 0 0 0 0 0 0 0 0 0 0 0 0 0 0 0 0 0 0 0 0 0 0 0 0 0 0 0 0 0 0 0 0 0 0 0 0 0 0 0 0 0 0 0 0 0 0 0 0 0 0 0 0 0 0 0 0 0 0 0 0 0 0 0 0 0 0 0 0 0 0 0 0 0 0 0 0 0 0 0 0 0 0 0 0 0 0 0 0 0 0 0 0 0 0 0 0 0 0 0 0 0 0 0 0 0 0 0 0 0 0 0 0 0 0 0 0 0 0 0 0 0 0 0 0 0 0 0 0 0 0 0 0 0 0 0 0 0 0 0 0 0 0 0 0 0 0 0 0 0 0 0 0 0 0 0 0 0 0 0 0 0 0 0 0 0 0 0 0 0 0 0 0 0 0 0 0 0 0 
0 0 0 0 0 0 0 0 0 0 0 0 0 0 0 0 0 0 0 0 0 0 0 0 0 0 0 0 0 0 0 0 0 127 127 127 127 127 127 0 0 0 0 0 0 0 0 0 0 0 0 0 0 0 0 0 0 0 0 0 129 129 129 129 129 129 129 129 129 129 129 130 130 130 130 130 130 130 130 130 130 130 130 130 130 130 130 130 131 131 131 131 131 131 131 131 131 131 131 131 131 131 131 131 131 131 131 131 131 131 132 132 132 132 132 132 132 132 132 132 132 132 132 132 132 132 132 132 132 132 132 132 132 132 132 133 133 133 133 133 133 133 132 132 132 133 133 133 133 133 133 133 133 133 133 133 133 133 133 133 133 133 133 133 133 133 133 133 133 133 133 133 134 134 134 134 134 134 134 134 134 134 134 0 0 0 0 0 0 0 0 0 0 0 0 0 0 0 0 0 0 0 0 0 0 0 0 0 0 0 0 0 0 0 0 0 0 0 0 0 0 0 0 0 0 0 0 0 0 0 0 0 0 0 0 0 0 0 0 0 0 0 0 0 0 0 0 0 0 0 0 0 0 0 0 0 0 0 0 0 0 0 0 0 0 0 0 0 0 0 0 0 0 0 0 0 0 0 0 0 0 0 0 0 0 0 0 0 0 0 0 0 0 0 0 0 0 0 0 0 0 0 0 0 0 0 0 0 0 0 0 0 0 0 0 0 0 0 0 0 0 0 0 0 0 0 0 0 0 0 0 0 0 0 0 0 0 0 0 0 0 0 0 0 0 0 0 0 0 0 0 0 0 0 0 0 0 0 0 0 0 0 0 0 0 0 0 0 0 0 0 0 0 0 0 0 0 0 0 0 0 0 0 0 0 0 0 0 0 0 0 0 0 0 0 0 0 0 0 0 0 0 0 0 0 0 0 0 0 0 0 0 0 0 0 0 0 0 0 0 0 0 0 0 0 0 0 0 0 0 0 0 0 0 0 0 0 0 0 0 0 0 0 0 0 0 0 0 0 0 0 0 0 0 0 0 0 0 0 0 0 0 0 0 0 0 0 0 0 0 0 0 0 0 0 0 0 0 0 0 0 0 0 0 0 0 0 0 0 0 0 0 0 0 0 0 0 0 0 0 0 0 0 
0 0 0 0 0 0 0 0 0 0 0 0 0 0 0 0 0 0 0 0 0 0 0 0 0 0 0 0 0 0 0 0 127 127 127 127 127 127 127 0 0 0 0 0 0 0 0 0 0 0 0 0 0 0 0 0 0 129 129 129 129 129 129 129 129 129 129 129 129 129 129 130 130 130 130 130 130 130 130 130 130 130 130 130 130 130 130 130 131 131 131 131 131 131 131 131 131 131 131 131 131 131 131 131 131 131 131 131 131 131 132 132 132 132 132 132 132 132 132 132 132 132 132 132 132 132 132 132 132 132 132 132 132 132 132 133 133 133 133 133 133 133 132 132 133 133 133 133 133 133 133 133 133 133 133 133 133 133 133 133 133 133 133 133 133 133 133 133 133 133 133 134 134 134 134 134 134 134 134 134 134 134 134 134 0 0 0 0 0 0 0 0 0 0 0 0 0 0 0 0 0 0 0 0 0 0 0 0 0 0 0 0 0 0 0 0 0 0 0 0 0 0 0 0 0 0 0 0 0 0 0 0 0 0 0 0 0 0 0 0 0 0 0 0 0 0 0 0 0 0 0 0 0 0 0 0 0 0 0 0 0 0 0 0 0 0 0 0 0 0 0 0 0 0 0 0 0 0 0 0 0 0 0 0 0 0 0 0 0 0 0 0 0 0 0 0 0 0 0 0 0 0 0 0 0 0 0 0 0 0 0 0 0 0 0 0 0 0 0 0 0 0 0 0 0 0 0 0 0 0 0 0 0 0 0 0 0 0 0 0 0 0 0 0 0 0 0 0 0 0 0 0 0 0 0 0 0 0 0 0 0 0 0 0 0 0 0 0 0 0 0 0 0 0 0 0 0 0 0 0 0 0 0 0 0 0 0 0 0 0 0 0 0 0 0 0 0 0 0 0 0 0 0 0 0 0 0 0 0 0 0 0 0 0 0 0 0 0 0 0 0 0 0 0 0 0 0 0 0 0 0 0 0 0 0 0 0 0 0 0 0 0 0 0 0 0 0 0 0 0 0 0 0 0 0 0 0 0 0 0 0 0 0 0 0 0 0 0 0 0 0 0 0 0 0 0 0 0 0 0 0 0 0 0 0 0 0 0 0 0 0 0 0 0 0 0 0 0 0 0 0 0 0 
0 0 0 0 0 0 0 0 0 0 0 0 0 0 0 0 0 0 0 0 0 0 0 0 0 0 0 0 0 0 0 127 127 127 127 127 127 127 127 0 0 0 0 0 0 0 0 0 0 0 0 0 0 0 0 0 129 129 129 129 129 129 129 129 129 129 129 129 129 129 129 130 130 130 130 130 130 130 130 130 130 130 130 130 130 130 130 130 131 131 131 131 131 131 131 131 131 131 131 131 131 131 131 131 131 131 131 131 131 131 132 132 132 132 132 132 132 132 132 132 132 132 132 132 132 132 132 132 132 132 132 132 132 132 132 132 133 133 133 133 133 133 132 133 133 133 133 133 133 133 133 133 133 133 133 133 133 133 133 133 133 133 133 133 133 133 133 133 133 133 133 134 134 134 134 134 134 134 134 134 134 134 134 134 134 0 0 0 0 0 0 0 0 0 0 0 0 0 0 0 0 0 0 0 0 0 0 0 0 0 0 0 0 0 0 0 0 0 0 0 0 0 0 0 0 0 0 0 0 0 0 0 0 0 0 0 0 0 0 0 0 0 0 0 0 0 0 0 0 0 0 0 0 0 0 0 0 0 0 0 0 0 0 0 0 0 0 0 0 0 0 0 0 0 0 0 0 0 0 0 0 0 0 0 0 0 0 0 0 0 0 0 0 0 0 0 0 0 0 0 0 0 0 0 0 0 0 0 0 0 0 0 0 0 0 0 0 0 0 0 0 0 0 0 0 0 0 0 0 0 0 0 0 0 0 0 0 0 0 0 0 0 0 0 0 0 0 0 0 0 0 0 0 0 0 0 0 0 0 0 0 0 0 0 0 0 0 0 0 0 0 0 0 0 0 0 0 0 0 0 0 0 0 0 0 0 0 0 0 0 0 0 0 0 0 0 0 0 0 0 0 0 0 0 0 0 0 0 0 0 0 0 0 0 0 0 0 0 0 0 0 0 0 0 0 0 0 0 0 0 0 0 0 0 0 0 0 0 0 0 0 0 0 0 0 0 0 0 0 0 0 0 0 0 0 0 0 0 0 0 0 0 0 0 0 0 0 0 0 0 0 0 0 0 0 0 0 0 0 0 0 0 0 0 0 0 0 0 0 0 0 0 0 0 0 0 0 0 0 0 0 0 0 
0 0 0 0 0 0 0 0 0 0 0 0 0 0 0 0 0 0 0 0 0 0 0 0 0 0 0 0 0 0 127 127 127 127 127 127 127 127 127 127 0 0 0 0 0 0 0 0 0 0 0 0 0 0 0 0 0 129 129 129 129 129 129 129 129 129 129 129 129 129 129 130 130 130 130 130 130 130 130 130 130 130 130 130 130 130 130 130 131 131 131 131 131 131 131 131 131 131 131 131 131 131 131 131 131 131 131 131 131 131 132 132 132 132 132 132 132 132 132 132 132 132 132 132 132 132 132 132 132 132 132 132 132 133 133 133 133 133 133 133 133 133 133 133 133 133 133 133 133 133 133 133 133 133 133 133 133 133 133 133 133 133 133 133 133 133 133 133 133 133 134 134 134 134 134 134 134 134 134 134 134 134 134 134 0 0 0 0 0 0 0 0 0 0 0 0 0 0 0 0 0 0 0 0 0 0 0 0 0 0 0 0 0 0 0 0 0 0 0 0 0 0 0 0 0 0 0 0 0 0 0 0 0 0 0 0 0 0 0 0 0 0 0 0 0 0 0 0 0 0 0 0 0 0 0 0 0 0 0 0 0 0 0 0 0 0 0 0 0 0 0 0 0 0 0 0 0 0 0 0 0 0 0 0 0 0 0 0 0 0 0 0 0 0 0 0 0 0 0 0 0 0 0 0 0 0 0 0 0 0 0 0 0 0 0 0 0 0 0 0 0 0 0 0 0 0 0 0 0 0 0 0 0 0 0 0 0 0 0 0 0 0 0 0 0 0 0 0 0 0 0 0 0 0 0 0 0 0 0 0 0 0 0 0 0 0 0 0 0 0 0 0 0 0 0 0 0 0 0 0 0 0 0 0 0 0 0 0 0 0 0 0 0 0 0 0 0 0 0 0 0 0 0 0 0 0 0 0 0 0 0 0 0 0 0 0 0 0 0 0 0 0 0 0 0 0 0 0 0 0 0 0 0 0 0 0 0 0 0 0 0 0 0 0 0 0 0 0 0 0 0 0 0 0 0 0 0 0 0 0 0 0 0 0 0 0 0 0 0 0 0 0 0 0 0 0 0 0 0 0 0 0 0 0 0 0 0 0 0 0 0 0 0 0 0 0 0 0 0 0 0 0 0 
0 0 0 0 0 0 0 0 0 0 0 0 0 0 0 0 0 0 0 0 0 0 0 0 0 0 0 0 0 0 127 127 127 127 127 127 127 127 127 127 127 127 0 0 0 0 128 128 128 128 0 0 128 128 129 129 0 0 129 129 129 129 129 129 129 129 129 129 129 129 129 130 130 130 130 130 130 130 130 130 130 130 130 130 130 130 130 130 131 131 131 131 131 131 131 131 131 131 131 131 131 131 131 131 131 131 131 131 131 131 132 132 132 132 132 132 132 132 132 132 132 132 132 132 132 132 132 132 132 132 132 132 133 133 133 133 133 133 133 133 133 133 133 133 133 133 133 133 133 133 133 133 133 133 133 133 133 133 133 133 133 133 133 133 133 133 133 133 133 134 134 134 134 134 134 134 134 134 134 134 134 134 134 134 134 0 0 0 0 0 0 0 0 0 0 0 0 0 0 0 0 0 0 0 0 0 0 0 0 0 0 0 0 0 0 0 0 0 0 0 0 0 0 0 0 0 0 0 0 0 0 0 0 0 0 0 0 0 0 0 0 0 0 0 0 0 0 0 0 0 0 0 0 0 0 0 0 0 0 0 0 0 0 0 0 0 0 0 0 0 0 0 0 0 0 0 0 0 0 0 0 0 0 0 0 0 0 0 0 0 0 0 0 0 0 0 0 0 0 0 0 0 0 0 0 0 0 0 0 0 0 0 0 0 0 0 0 0 0 0 0 0 0 0 0 0 0 0 0 0 0 0 0 0 0 0 0 0 0 0 0 0 0 0 0 0 0 0 0 0 0 0 0 0 0 0 0 0 0 0 0 0 0 0 0 0 0 0 0 0 0 0 0 0 0 0 0 0 0 0 0 0 0 0 0 0 0 0 0 0 0 0 0 0 0 0 0 0 0 0 0 0 0 0 0 0 0 0 0 0 0 0 0 0 0 0 0 0 0 0 0 0 0 0 0 0 0 0 0 0 0 0 0 0 0 0 0 0 0 0 0 0 0 0 0 0 0 0 0 0 0 0 0 0 0 0 0 0 0 0 0 0 0 0 0 0 0 0 0 0 0 0 0 0 0 0 0 0 0 0 0 0 0 0 0 0 0 0 0 0 0 0 0 0 0 0 0 0 0 0 0 0 0 
0 0 0 0 0 0 0 0 0 0 0 0 0 0 0 0 0 0 0 0 0 0 0 0 0 0 0 0 0 0 0 127 127 127 127 127 127 127 127 127 127 127 128 128 128 128 128 128 128 128 128 128 128 128 129 129 129 129 129 129 129 129 129 129 129 129 129 129 129 129 129 130 130 130 130 130 130 130 130 130 130 130 130 130 130 130 130 130 131 131 131 131 131 131 131 131 131 131 131 131 131 131 131 131 131 131 131 131 131 131 132 132 132 132 132 132 132 132 132 132 132 132 132 132 132 132 132 132 132 132 132 133 133 133 133 133 133 133 133 133 133 133 133 133 133 133 133 133 133 133 133 133 133 133 133 133 133 133 133 133 133 133 133 133 133 133 133 133 134 134 134 134 134 134 134 134 134 134 134 134 134 134 134 134 134 134 0 0 0 0 0 0 0 0 0 0 0 0 0 0 0 0 0 0 0 0 0 0 0 0 0 0 0 0 0 0 0 0 0 0 0 0 0 0 0 0 0 0 0 0 0 0 0 0 0 0 0 0 0 0 0 0 0 0 0 0 0 0 0 0 0 0 0 0 0 0 0 0 0 0 0 0 0 0 0 0 0 0 0 0 0 0 0 0 0 0 0 0 0 0 0 0 0 0 0 0 0 0 0 0 0 0 0 0 0 0 0 0 0 0 0 0 0 0 0 0 0 0 0 0 0 0 0 0 0 0 0 0 0 0 0 0 0 0 0 0 0 0 0 0 0 0 0 0 0 0 0 0 0 0 0 0 0 0 0 0 0 0 0 0 0 0 0 0 0 0 0 0 0 0 0 0 0 0 0 0 0 0 0 0 0 0 0 0 0 0 0 0 0 0 0 0 0 0 0 0 0 0 0 0 0 0 0 0 0 0 0 0 0 0 0 0 0 0 0 0 0 0 0 0 0 0 0 0 0 0 0 0 0 0 0 0 0 0 0 0 0 0 0 0 0 0 0 0 0 0 0 0 0 0 0 0 0 0 0 0 0 0 0 0 0 0 0 0 0 0 0 0 0 0 0 0 0 0 0 0 0 0 0 0 0 0 0 0 0 0 0 0 0 0 0 0 0 0 0 0 0 0 0 0 0 0 0 0 0 0 0 0 0 0 0 0 0 
0 0 0 0 0 0 0 0 0 0 0 0 0 0 0 0 0 0 0 0 0 0 0 0 0 0 0 0 0 0 0 127 127 127 127 127 127 127 127 127 127 127 128 128 128 128 128 128 128 128 128 128 128 128 128 129 129 129 129 129 129 129 129 129 129 129 129 129 129 129 130 130 130 130 130 130 130 130 130 130 130 130 130 130 130 130 130 130 131 131 131 131 131 131 131 131 131 131 131 131 131 131 131 131 131 131 131 131 131 131 132 132 132 132 132 132 132 132 132 132 132 132 132 132 132 132 132 132 132 132 133 133 133 133 133 133 133 133 133 133 133 133 132 133 133 133 133 133 133 133 133 133 133 133 133 133 133 133 133 133 133 133 133 133 133 133 134 134 134 134 134 134 134 134 134 134 134 134 134 134 134 134 134 134 134 134 134 134 0 0 0 0 0 0 0 0 0 0 0 0 0 0 0 0 0 0 0 0 0 0 0 0 0 0 0 0 0 0 0 0 0 0 0 0 0 0 0 0 0 0 0 0 0 0 0 0 0 0 0 0 0 0 0 0 0 0 0 0 0 0 0 0 0 0 0 0 0 0 0 0 0 0 0 0 0 0 0 0 0 0 0 0 0 0 0 0 0 0 0 0 0 0 0 0 0 0 0 0 0 0 0 0 0 0 0 0 0 0 0 0 0 0 0 0 0 0 0 0 0 0 0 0 0 0 0 0 0 0 0 0 0 0 0 0 0 0 0 0 0 0 0 0 0 0 0 0 0 0 0 0 0 0 0 0 0 0 0 0 0 0 0 0 0 0 0 0 0 0 0 0 0 0 0 0 0 0 0 0 0 0 0 0 0 0 0 0 0 0 0 0 0 0 0 0 0 0 0 0 0 0 0 0 0 0 0 0 0 0 0 0 0 0 0 0 0 0 0 0 0 0 0 0 0 0 0 0 0 0 0 0 0 0 0 0 0 0 0 0 0 0 0 0 0 0 0 0 0 0 0 0 0 0 0 0 0 0 0 0 0 0 0 0 0 0 0 0 0 0 0 0 0 0 0 0 0 0 0 0 0 0 0 0 0 0 0 0 0 0 0 0 0 0 0 0 0 0 0 0 0 0 0 0 0 0 0 0 0 0 0 0 0 0 0 
0 0 0 0 0 0 0 0 0 0 0 0 0 0 0 0 0 0 0 0 0 0 0 0 0 0 0 0 0 0 0 127 127 127 127 127 127 127 127 127 127 127 128 128 128 128 128 128 128 128 128 128 128 128 128 129 129 129 129 129 129 129 129 129 129 129 129 129 129 129 130 130 130 130 130 130 130 130 130 130 130 130 130 130 130 130 130 130 131 131 131 131 131 131 131 131 131 131 131 131 131 131 131 131 131 131 131 131 131 131 132 132 132 132 132 132 132 132 132 132 132 132 132 132 132 132 132 132 132 132 133 133 133 133 133 133 133 133 133 133 133 133 132 133 133 133 133 133 133 133 133 133 133 133 133 133 133 133 133 133 133 133 133 133 133 133 134 134 134 134 134 134 134 134 134 134 134 134 134 134 134 134 134 134 134 134 134 134 134 134 0 0 0 0 0 0 0 0 0 0 0 0 0 0 0 0 0 0 0 0 0 0 0 0 0 0 0 0 0 0 0 0 0 0 0 0 0 0 0 0 0 0 0 0 0 0 0 0 0 0 0 0 0 0 0 0 0 0 0 0 0 0 0 0 0 0 0 0 0 0 0 0 0 0 0 0 0 0 0 0 0 0 0 0 0 0 0 0 0 0 0 0 0 0 0 0 0 0 0 0 0 0 0 0 0 0 0 0 0 0 0 0 0 0 0 0 0 0 0 0 0 0 0 0 0 0 0 0 0 0 0 0 0 0 0 0 0 0 0 0 0 0 0 0 0 0 0 0 0 0 0 0 0 0 0 0 0 0 0 0 0 0 0 0 0 0 0 0 0 0 0 0 0 0 0 0 0 0 0 0 0 0 0 0 0 0 0 0 0 0 0 0 0 0 0 0 0 0 0 0 0 0 0 0 0 0 0 0 0 0 0 0 0 0 0 0 0 0 0 0 0 0 0 0 0 0 0 0 0 0 0 0 0 0 0 0 0 0 0 0 0 0 0 0 0 0 0 0 0 0 0 0 0 0 0 0 0 0 0 0 0 0 0 0 0 0 0 0 0 0 0 0 0 0 0 0 0 0 0 0 0 0 0 0 0 0 0 0 0 0 0 0 0 0 0 0 0 0 0 0 0 0 0 0 0 0 0 0 0 0 0 0 0 
0 0 0 0 0 0 0 0 0 0 0 0 0 0 0 0 0 0 0 0 0 0 0 0 126 126 126 126 126 126 127 127 127 127 127 127 127 127 127 127 127 127 128 128 128 128 128 128 128 128 128 128 128 128 128 129 129 129 129 129 129 129 129 129 129 129 129 129 129 129 130 130 130 130 130 130 130 130 130 130 130 130 130 130 130 130 130 130 131 131 131 131 131 131 131 131 131 131 131 131 131 131 131 131 131 131 131 131 131 131 132 132 132 132 132 132 132 132 132 132 132 132 132 132 132 132 132 132 132 132 133 133 133 133 133 133 133 133 133 133 133 133 133 133 133 133 133 133 133 133 133 133 133 133 133 133 133 133 133 133 133 133 133 133 133 134 134 134 134 134 134 134 134 134 134 134 134 134 134 134 134 134 134 134 134 134 134 134 134 134 134 134 136 136 136 136 136 136 0 0 0 0 0 0 0 0 0 0 0 0 0 0 0 0 0 0 0 0 0 0 0 0 0 0 0 0 0 0 0 0 0 0 0 0 0 0 0 0 0 0 0 0 0 0 0 0 0 0 0 0 0 0 0 0 0 0 0 0 0 0 0 0 0 0 0 0 0 0 0 0 0 0 0 0 0 0 0 0 0 0 0 0 0 0 0 0 0 0 0 0 0 0 0 0 0 0 0 0 0 0 0 0 0 0 0 0 0 0 0 0 0 0 0 0 0 0 0 0 0 0 0 0 0 0 0 0 0 0 0 0 0 0 0 0 0 0 0 0 0 0 0 0 0 0 0 0 0 0 0 0 0 0 0 0 0 0 0 0 0 0 0 0 0 0 0 0 0 0 0 0 0 0 0 0 0 0 0 0 0 0 0 0 0 0 0 0 0 0 0 0 0 0 0 0 0 0 0 0 0 0 0 0 0 0 0 0 0 0 0 0 0 0 0 0 0 0 0 0 0 0 0 0 0 0 0 0 0 0 0 0 0 0 0 0 0 0 0 0 0 0 0 0 0 0 0 0 0 0 0 0 0 0 0 0 0 0 0 0 0 0 0 0 0 0 0 0 0 0 0 0 0 0 0 0 0 0 0 0 0 0 0 0 0 0 0 0 0 0 0 0 0 0 0 0 0 0 0 0 0 0 0 0 0 
0 0 0 0 0 0 0 0 0 0 0 0 0 0 0 0 0 0 0 0 0 0 126 126 126 126 126 126 126 126 127 127 127 127 127 127 127 127 127 127 127 127 128 128 128 128 128 128 128 128 128 128 128 128 128 129 129 129 129 129 129 129 129 129 129 129 129 129 129 129 130 130 130 130 130 130 130 130 130 130 130 130 130 130 130 130 130 130 131 131 131 131 131 131 131 131 131 131 131 131 131 131 131 131 131 131 131 131 131 131 132 132 132 132 132 132 132 132 132 132 132 132 132 132 132 132 132 132 132 132 133 133 133 133 133 133 133 133 133 133 133 133 133 133 132 133 133 133 133 133 133 133 133 133 133 133 133 133 133 133 133 133 133 133 133 134 134 134 134 134 134 134 134 134 134 134 134 134 134 134 134 134 134 134 134 134 134 134 134 134 134 134 136 136 136 136 136 136 136 136 0 0 0 0 0 0 0 0 0 0 0 0 0 0 0 0 0 0 0 0 0 0 0 0 0 0 0 0 0 0 0 0 0 0 0 0 0 0 0 0 0 0 0 0 0 0 0 0 0 0 0 0 0 0 0 0 0 0 0 0 0 0 0 0 0 0 0 0 0 0 0 0 0 0 0 0 0 0 0 0 0 0 0 0 0 0 0 0 0 0 0 0 0 0 0 0 0 0 0 0 0 0 0 0 0 0 0 0 0 0 0 0 0 0 0 0 0 0 0 0 0 0 0 0 0 0 0 0 0 0 0 0 0 0 0 0 0 0 0 0 0 0 0 0 0 0 0 0 0 0 0 0 0 0 0 0 0 0 0 0 0 0 0 0 0 0 0 0 0 0 0 0 0 0 0 0 0 0 0 0 0 0 0 0 0 0 0 0 0 0 0 0 0 0 0 0 0 0 0 0 0 0 0 0 0 0 0 0 0 0 0 0 0 0 0 0 0 0 0 0 0 0 0 0 0 0 0 0 0 0 0 0 0 0 0 0 0 0 0 0 0 0 0 0 0 0 0 0 0 0 0 0 0 0 0 0 0 0 0 0 0 0 0 0 0 0 0 0 0 0 0 0 0 0 0 0 0 0 0 0 0 0 0 0 0 0 0 0 0 0 0 0 0 0 0 0 0 0 0 0 0 0 0 
0 0 0 0 0 0 0 0 0 0 0 0 0 0 0 0 0 0 0 0 0 0 126 126 126 126 126 126 126 126 127 127 127 127 127 127 127 127 127 127 127 127 128 128 128 128 128 128 128 128 128 128 128 128 129 129 129 129 129 129 129 129 129 129 129 129 129 129 129 129 130 130 130 130 130 130 130 130 130 130 130 130 130 130 130 130 130 130 131 131 131 131 131 131 131 131 131 131 131 131 131 131 131 131 131 131 131 131 131 131 131 132 132 132 132 132 132 132 132 132 132 132 132 132 132 132 132 132 132 132 133 133 133 133 133 133 133 133 133 133 133 133 133 133 133 133 133 133 133 133 133 133 133 133 133 133 133 133 133 133 133 133 133 133 133 134 134 134 134 134 134 134 134 134 134 134 134 134 134 134 134 134 134 134 134 134 134 134 134 134 134 134 136 136 136 136 136 136 136 136 0 0 0 0 0 0 0 0 0 0 0 0 0 0 0 0 0 0 0 0 0 0 0 0 0 0 0 0 0 0 0 0 0 0 0 0 0 0 0 0 0 0 0 0 0 0 0 0 0 0 0 0 0 0 0 0 0 0 0 0 0 0 0 0 0 0 0 0 0 0 0 0 0 0 0 0 0 0 0 0 0 0 0 0 0 0 0 0 0 0 0 0 0 0 0 0 0 0 0 0 0 0 0 0 0 0 0 0 0 0 0 0 0 0 0 0 0 0 0 0 0 0 0 0 0 0 0 0 0 0 0 0 0 0 0 0 0 0 0 0 0 0 0 0 0 0 0 0 0 0 0 0 0 0 0 0 0 0 0 0 0 0 0 0 0 0 0 0 0 0 0 0 0 0 0 0 0 0 0 0 0 0 0 0 0 0 0 0 0 0 0 0 0 0 0 0 0 0 0 0 0 0 0 0 0 0 0 0 0 0 0 0 0 0 0 0 0 0 0 0 0 0 0 0 0 0 0 0 0 0 0 0 0 0 0 0 0 0 0 0 0 0 0 0 0 0 0 0 0 0 0 0 0 0 0 0 0 0 0 0 0 0 0 0 0 0 0 0 0 0 0 0 0 0 0 0 0 0 0 0 0 0 0 0 0 0 0 0 0 0 0 0 0 0 0 0 0 0 0 0 0 0 0 
0 0 0 0 0 0 0 0 0 0 0 0 0 0 0 0 0 0 0 0 0 0 126 126 126 126 126 126 126 126 127 127 127 127 127 127 127 127 127 127 127 127 128 128 128 128 128 128 128 128 128 128 128 128 129 129 129 129 129 129 129 129 129 129 129 129 129 129 129 129 130 130 130 130 130 130 130 130 130 130 130 130 130 130 130 130 130 130 131 131 131 131 131 131 131 131 131 131 131 131 131 131 131 131 131 131 131 131 131 132 132 132 132 132 132 132 132 132 132 132 132 132 132 132 132 132 132 132 132 132 133 133 133 133 133 133 133 133 133 133 133 133 133 133 133 133 133 133 133 133 133 133 133 133 133 133 133 133 133 133 133 133 133 133 133 134 134 134 134 134 134 134 134 134 134 134 134 134 134 134 134 134 134 134 134 134 134 134 134 134 134 134 136 136 136 136 136 136 136 136 136 0 0 0 0 0 0 0 0 0 0 0 0 0 0 0 0 0 0 0 0 0 0 0 0 0 0 0 0 0 0 0 0 0 0 0 0 0 0 0 0 0 0 0 0 0 0 0 0 0 0 0 0 0 0 0 0 0 0 0 0 0 0 0 0 0 0 0 0 0 0 0 0 0 0 0 0 0 0 0 0 0 0 0 0 0 0 0 0 0 0 0 0 0 0 0 0 0 0 0 0 0 0 0 0 0 0 0 0 0 0 0 0 0 0 0 0 0 0 0 0 0 0 0 0 0 0 0 0 0 0 0 0 0 0 0 0 0 0 0 0 0 0 0 0 0 0 0 0 0 0 0 0 0 0 0 0 0 0 0 0 0 0 0 0 0 0 0 0 0 0 0 0 0 0 0 0 0 0 0 0 0 0 0 0 0 0 0 0 0 0 0 0 0 0 0 0 0 0 0 0 0 0 0 0 0 0 0 0 0 0 0 0 0 0 0 0 0 0 0 0 0 0 0 0 0 0 0 0 0 0 0 0 0 0 0 0 0 0 0 0 0 0 0 0 0 0 0 0 0 0 0 0 0 0 0 0 0 0 0 0 0 0 0 0 0 0 0 0 0 0 0 0 0 0 0 0 0 0 0 0 0 0 0 0 0 0 0 0 0 0 0 0 0 0 0 0 0 0 0 0 0 0 
0 0 0 0 0 0 0 0 0 0 125 125 125 125 125 0 0 0 0 126 126 0 0 126 126 126 126 126 126 126 127 127 127 127 127 127 127 127 127 127 127 127 128 128 128 128 128 128 128 128 128 128 128 128 129 129 129 129 129 129 129 129 129 129 129 129 129 129 129 129 130 130 130 130 130 130 130 130 130 130 130 130 130 130 130 130 130 130 131 131 131 131 131 131 131 131 131 131 131 131 131 131 131 131 131 131 131 131 131 132 132 132 132 132 132 132 132 132 132 132 132 132 132 132 132 132 132 132 133 133 133 133 133 133 133 133 133 133 133 133 133 133 133 133 133 133 133 133 133 133 133 133 133 133 133 133 133 133 133 133 133 133 133 133 133 134 134 134 134 134 134 134 134 134 134 134 134 134 134 134 134 134 134 134 134 134 134 134 134 134 134 134 136 136 136 136 136 136 136 136 136 0 0 0 0 0 0 0 0 0 0 0 0 0 0 0 0 0 0 0 0 0 0 0 0 0 0 0 0 0 0 0 0 0 0 0 0 0 0 0 0 0 0 0 0 0 0 0 0 0 0 0 0 0 0 0 0 0 0 0 0 0 0 0 0 0 0 0 0 0 0 0 0 0 0 0 0 0 0 0 0 0 0 0 0 0 0 0 0 0 0 0 0 0 0 0 0 0 0 0 0 0 0 0 0 0 0 0 0 0 0 0 0 0 0 0 0 0 0 0 0 0 0 0 0 0 0 0 0 0 0 0 0 0 0 0 0 0 0 0 0 0 0 0 0 0 0 0 0 0 0 0 0 0 0 0 0 0 0 0 0 0 0 0 0 0 0 0 0 0 0 0 0 0 0 0 0 0 0 0 0 0 0 0 0 0 0 0 0 0 0 0 0 0 0 0 0 0 0 0 0 0 0 0 0 0 0 0 0 0 0 0 0 0 0 0 0 0 0 0 0 0 0 0 0 0 0 0 0 0 0 0 0 0 0 0 0 0 0 0 0 0 0 0 0 0 0 0 0 0 0 0 0 0 0 0 0 0 0 0 0 0 0 0 0 0 0 0 0 0 0 0 0 0 0 0 0 0 0 0 0 0 0 0 0 0 0 0 0 0 0 0 0 0 0 0 0 0 0 0 0 0 0 
0 0 0 0 0 0 0 0 125 125 125 125 125 125 125 126 126 126 126 126 126 126 126 126 126 126 126 126 126 127 127 127 127 127 127 127 127 127 127 127 127 127 128 128 128 128 128 128 128 128 128 128 128 128 129 129 129 129 129 129 129 129 129 129 129 129 129 129 129 129 129 130 130 130 130 130 130 130 130 130 130 130 130 130 130 130 130 130 131 131 131 131 131 131 131 131 131 131 131 131 131 131 131 131 131 131 131 131 131 132 132 132 132 132 132 132 132 132 132 132 132 132 132 132 132 132 132 132 133 133 133 133 133 133 133 133 133 133 133 133 133 133 133 133 133 133 133 133 133 133 133 133 133 133 133 133 133 133 133 133 133 133 133 133 134 134 134 134 134 134 134 134 134 134 134 134 134 134 134 134 134 134 134 134 134 134 134 134 134 134 134 134 136 136 136 136 136 136 136 136 136 136 0 0 0 0 0 0 0 0 0 0 0 0 0 0 0 0 0 0 0 0 0 0 0 0 0 0 0 0 0 0 0 0 0 0 0 0 0 0 0 0 0 0 0 0 0 0 0 0 0 0 0 0 0 0 0 0 0 0 0 0 0 0 0 0 0 0 0 0 0 0 0 0 0 0 0 0 0 0 0 0 0 0 0 0 0 0 0 0 0 0 0 0 0 0 0 0 0 0 0 0 0 0 0 0 0 0 0 0 0 0 0 0 0 0 0 0 0 0 0 0 0 0 0 0 0 0 0 0 0 0 0 0 0 0 0 0 0 0 0 0 0 0 0 0 0 0 0 0 0 0 0 0 0 0 0 0 0 0 0 0 0 0 0 0 0 0 0 0 0 0 0 0 0 0 0 0 0 0 0 0 0 0 0 0 0 0 0 0 0 0 0 0 0 0 0 0 0 0 0 0 0 0 0 0 0 0 0 0 0 0 0 0 0 0 0 0 0 0 0 0 0 0 0 0 0 0 0 0 0 0 0 0 0 0 0 0 0 0 0 0 0 0 0 0 0 0 0 0 0 0 0 0 0 0 0 0 0 0 0 0 0 0 0 0 0 0 0 0 0 0 0 0 0 0 0 0 0 0 0 0 0 0 0 0 0 0 0 0 0 0 0 0 0 0 0 0 0 0 0 0 0 
125 0 0 0 0 0 125 125 125 125 125 125 125 125 125 126 126 126 126 126 126 126 126 126 126 126 126 126 126 127 127 127 127 127 127 127 127 127 127 127 127 127 128 128 128 128 128 128 128 128 128 128 128 128 129 129 129 129 129 129 129 129 129 129 129 129 129 129 129 129 129 130 130 130 130 130 130 130 130 130 130 130 130 130 130 130 130 131 131 131 131 131 131 131 131 131 131 131 131 131 131 131 131 131 131 131 131 131 131 132 132 132 132 132 132 132 132 132 132 132 132 132 132 132 132 132 132 132 133 133 133 133 133 133 133 133 133 133 133 133 133 133 133 133 133 133 133 133 133 133 133 133 133 133 133 133 133 133 133 133 133 133 133 133 134 134 134 134 134 134 134 134 134 134 134 134 134 134 134 134 134 134 134 134 134 134 134 134 134 134 134 134 136 136 136 136 136 136 136 136 136 136 0 0 0 0 0 0 0 0 0 0 0 0 0 0 0 0 0 0 0 0 0 0 0 0 0 0 0 0 0 0 0 0 0 0 0 0 0 0 0 0 0 0 0 0 0 0 0 0 0 0 0 0 0 0 0 0 0 0 0 0 0 0 0 0 0 0 0 0 0 0 0 0 0 0 0 0 0 0 0 0 0 0 0 0 0 0 0 0 0 0 0 0 0 0 0 0 0 0 0 0 0 0 0 0 0 0 0 0 0 0 0 0 0 0 0 0 0 0 0 0 0 0 0 0 0 0 0 0 0 0 0 0 0 0 0 0 0 0 0 0 0 0 0 0 0 0 0 0 0 0 0 0 0 0 0 0 0 0 0 0 0 0 0 0 0 0 0 0 0 0 0 0 0 0 0 0 0 0 0 0 0 0 0 0 0 0 0 0 0 0 0 0 0 0 0 0 0 0 0 0 0 0 0 0 0 0 0 0 0 0 0 0 0 0 0 0 0 0 0 0 0 0 0 0 0 0 0 0 0 0 0 0 0 0 0 0 0 0 0 0 0 0 0 0 0 0 0 0 0 0 0 0 0 0 0 0 0 0 0 0 0 0 0 0 0 0 0 0 0 0 0 0 0 0 0 0 0 0 0 0 0 0 0 0 0 0 0 0 0 0 0 0 0 0 0 0 0 0 0 0 0 
0 125 125 125 125 125 125 125 125 125 125 125 125 125 126 126 126 126 126 126 126 126 126 126 126 126 126 126 126 127 127 127 127 127 127 127 127 127 127 127 127 127 128 128 128 128 128 128 128 128 128 128 128 128 129 129 129 129 129 129 129 129 129 129 129 129 129 129 129 129 130 130 130 130 130 130 130 130 130 130 130 130 130 130 130 130 130 130 131 131 131 131 131 131 131 131 131 131 131 131 131 131 131 131 131 131 131 131 131 132 132 132 132 132 132 132 132 132 132 132 132 132 132 132 132 132 132 132 133 133 133 133 133 133 133 133 133 133 133 133 133 133 133 133 133 133 133 133 133 133 133 133 133 133 133 133 133 133 133 133 133 133 133 133 133 134 134 134 134 134 134 134 134 134 134 134 134 134 134 134 134 134 134 134 134 134 134 134 134 134 134 134 136 136 136 136 136 136 136 136 136 136 136 0 0 0 0 0 136 137 137 0 0 0 0 0 0 0 0 0 0 0 0 0 0 0 0 0 0 0 0 0 0 0 0 0 0 0 0 0 0 0 0 0 0 0 0 0 0 0 0 0 0 0 0 0 0 0 0 0 0 0 0 0 0 0 0 0 0 0 0 0 0 0 0 0 0 0 0 0 0 0 0 0 0 0 0 0 0 0 0 0 0 0 0 0 0 0 0 0 0 0 0 0 0 0 0 0 0 0 0 0 0 0 0 0 0 0 0 0 0 0 0 0 0 0 0 0 0 0 0 0 0 0 0 0 0 0 0 0 0 0 0 0 0 0 0 0 0 0 0 0 0 0 0 0 0 0 0 0 0 0 0 0 0 0 0 0 0 0 0 0 0 0 0 0 0 0 0 0 0 0 0 0 0 0 0 0 0 0 0 0 0 0 0 0 0 0 0 0 0 0 0 0 0 0 0 0 0 0 0 0 0 0 0 0 0 0 0 0 0 0 0 0 0 0 0 0 0 0 0 0 0 0 0 0 0 0 0 0 0 0 0 0 0 0 0 0 0 0 0 0 0 0 0 0 0 0 0 0 0 0 0 0 0 0 0 0 0 0 0 0 0 0 0 0 0 0 0 0 0 0 0 0 0 0 0 0 0 0 0 0 0 0 0 0 0 0 0 0 0 0 0 
0 125 125 125 125 125 125 125 125 125 125 125 125 125 125 126 126 126 126 126 126 126 126 126 126 126 126 126 126 127 127 127 127 127 127 127 127 127 127 127 127 127 128 128 128 128 128 128 128 128 128 128 128 128 129 129 129 129 129 129 129 129 129 129 129 129 129 129 129 129 130 130 130 130 130 130 130 130 130 130 130 130 130 130 130 130 130 130 131 131 131 131 131 131 131 131 131 131 131 131 131 131 131 131 131 131 131 131 131 132 132 132 132 132 132 132 132 132 132 132 132 132 132 132 132 132 132 132 132 133 133 133 133 133 133 133 133 133 133 133 133 133 133 133 133 133 133 133 133 133 133 133 133 133 133 133 133 133 133 133 133 133 133 133 134 134 134 134 134 134 134 134 134 134 134 134 134 134 134 134 134 134 134 134 134 134 134 134 134 134 134 134 136 136 136 136 136 136 136 136 136 136 136 136 0 0 136 136 137 137 137 0 0 0 0 0 0 0 0 0 0 0 0 0 0 0 0 0 0 0 0 0 0 0 0 0 0 0 0 0 0 0 0 0 0 0 0 0 0 0 0 0 0 0 0 0 0 0 0 0 0 0 0 0 0 0 0 0 0 0 0 0 0 0 0 0 0 0 0 0 0 0 0 0 0 0 0 0 0 0 0 0 0 0 0 0 0 0 0 0 0 0 0 0 0 0 0 0 0 0 0 0 0 0 0 0 0 0 0 0 0 0 0 0 0 0 0 0 0 0 0 0 0 0 0 0 0 0 0 0 0 0 0 0 0 0 0 0 0 0 0 0 0 0 0 0 0 0 0 0 0 0 0 0 0 0 0 0 0 0 0 0 0 0 0 0 0 0 0 0 0 0 0 0 0 0 0 0 0 0 0 0 0 0 0 0 0 0 0 0 0 0 0 0 0 0 0 0 0 0 0 0 0 0 0 0 0 0 0 0 0 0 0 0 0 0 0 0 0 0 0 0 0 0 0 0 0 0 0 0 0 0 0 0 0 0 0 0 0 0 0 0 0 0 0 0 0 0 0 0 0 0 0 0 0 0 0 0 0 0 0 0 0 0 0 0 0 0 0 0 0 0 0 0 0 0 0 0 0 0 0 0 0 0 0 0 0 0 0 0 0 0 0 
0 125 125 125 125 125 125 125 125 125 125 125 125 125 125 126 126 126 126 126 126 126 126 126 126 126 126 126 126 127 127 127 127 127 127 127 127 127 127 127 127 127 128 128 128 128 128 128 128 128 128 128 128 128 129 129 129 129 129 129 129 129 129 129 129 129 129 129 129 129 129 130 130 130 130 130 130 130 130 130 130 130 130 130 130 130 130 130 131 131 131 131 131 131 131 131 131 131 131 131 131 131 131 131 131 131 131 131 132 132 132 132 132 132 132 132 132 132 132 132 132 132 132 132 132 132 132 132 132 133 133 133 133 133 133 133 133 133 133 133 133 133 133 133 133 133 133 133 133 133 133 133 133 133 133 133 133 133 133 133 133 133 133 134 134 134 134 134 134 134 134 134 134 134 134 134 134 134 134 134 134 134 134 134 134 134 134 134 134 134 134 134 136 136 136 136 136 136 136 136 136 136 136 136 136 136 137 137 137 137 137 0 0 0 0 0 0 0 0 0 0 0 0 0 0 0 0 0 0 0 0 0 0 0 0 0 0 0 0 0 0 0 0 0 0 0 0 0 0 0 0 0 0 0 0 0 0 0 0 0 0 0 0 0 0 0 0 0 0 0 0 0 0 0 0 0 0 0 0 0 0 0 0 0 0 0 0 0 0 0 0 0 0 0 0 0 0 0 0 0 0 0 0 0 0 0 0 0 0 0 0 0 0 0 0 0 0 0 0 0 0 0 0 0 0 0 0 0 0 0 0 0 0 0 0 0 0 0 0 0 0 0 0 0 0 0 0 0 0 0 0 0 0 0 0 0 0 0 0 0 0 0 0 0 0 0 0 0 0 0 0 0 0 0 0 0 0 0 0 0 0 0 0 0 0 0 0 0 0 0 0 0 0 0 0 0 0 0 0 0 0 0 0 0 0 0 0 0 0 0 0 0 0 0 0 0 0 0 0 0 0 0 0 0 0 0 0 0 0 0 0 0 0 0 0 0 0 0 0 0 0 0 0 0 0 0 0 0 0 0 0 0 0 0 0 0 0 0 0 0 0 0 0 0 0 0 0 0 0 0 0 0 0 0 0 0 0 0 0 0 0 0 0 0 0 0 0 0 0 0 0 0 0 0 0 0 0 0 0 0 0 0 0 
0 0 125 125 125 125 125 125 125 125 125 125 125 125 125 126 126 126 126 126 126 126 126 126 126 126 126 126 126 127 127 127 127 127 127 127 127 127 127 127 127 127 128 128 128 128 128 128 128 128 128 128 128 128 128 129 129 129 129 129 129 129 129 129 129 129 129 129 129 129 129 130 130 130 130 130 130 130 130 130 130 130 130 130 130 130 130 130 131 131 131 131 131 131 131 131 131 131 131 131 131 131 131 131 131 131 131 131 132 132 132 132 132 132 132 132 132 132 132 132 132 132 132 132 132 132 132 132 132 133 133 133 133 133 133 133 133 133 133 133 133 133 133 133 133 133 133 133 133 133 133 133 133 133 133 133 133 133 133 133 133 133 134 134 134 134 134 134 134 134 134 134 134 134 134 134 134 134 134 134 134 134 134 134 134 134 134 134 134 134 134 134 136 136 136 136 136 136 136 136 136 136 136 136 136 136 137 137 137 137 137 0 0 0 0 0 0 0 0 0 0 0 0 0 0 0 0 0 0 0 0 0 0 0 0 0 0 0 0 0 0 0 0 0 0 0 0 0 0 0 0 0 0 0 0 0 0 0 0 0 0 0 0 0 0 0 0 0 0 0 0 0 0 0 0 0 0 0 0 0 0 0 0 0 0 0 0 0 0 0 0 0 0 0 0 0 0 0 0 0 0 0 0 0 0 0 0 0 0 0 0 0 0 0 0 0 0 0 0 0 0 0 0 0 0 0 0 0 0 0 0 0 0 0 0 0 0 0 0 0 0 0 0 0 0 0 0 0 0 0 0 0 0 0 0 0 0 0 0 0 0 0 0 0 0 0 0 0 0 0 0 0 0 0 0 0 0 0 0 0 0 0 0 0 0 0 0 0 0 0 0 0 0 0 0 0 0 0 0 0 0 0 0 0 0 0 0 0 0 0 0 0 0 0 0 0 0 0 0 0 0 0 0 0 0 0 0 0 0 0 0 0 0 0 0 0 0 0 0 0 0 0 0 0 0 0 0 0 0 0 0 0 0 0 0 0 0 0 0 0 0 0 0 0 0 0 0 0 0 0 0 0 0 0 0 0 0 0 0 0 0 0 0 0 0 0 0 0 0 0 0 0 0 0 0 0 0 0 0 0 0 0 0 
0 0 125 125 125 125 125 125 125 125 125 125 125 125 125 126 126 126 126 126 126 126 126 126 126 126 126 126 126 126 127 127 127 127 127 127 127 127 127 127 127 127 128 128 128 128 128 128 128 128 128 128 128 128 128 129 129 129 129 129 129 129 129 129 129 129 129 129 129 129 129 130 130 130 130 130 130 130 130 130 130 130 130 130 130 130 130 130 131 131 131 131 131 131 131 131 131 131 131 131 131 131 131 131 131 131 131 131 132 132 132 132 132 132 132 132 132 132 132 132 132 132 132 132 132 132 132 132 133 133 133 133 133 133 133 133 133 133 133 133 133 133 133 133 133 133 133 133 133 133 133 133 133 133 133 133 133 133 133 133 133 134 134 134 134 134 134 134 134 134 134 134 134 134 134 134 134 134 134 134 134 134 134 134 134 134 134 134 134 134 134 135 136 136 136 136 136 136 136 136 136 136 136 136 137 137 137 137 137 137 137 137 0 0 0 0 0 0 0 0 0 0 0 0 0 0 0 0 0 0 0 0 0 0 0 0 0 0 0 0 0 0 0 0 0 0 0 0 0 0 0 0 0 0 0 0 0 0 0 0 0 0 0 0 0 0 0 0 0 0 0 0 0 0 0 0 0 0 0 0 0 0 0 0 0 0 0 0 0 0 0 0 0 0 0 0 0 0 0 0 0 0 0 0 0 0 0 0 0 0 0 0 0 0 0 0 0 0 0 0 0 0 0 0 0 0 0 0 0 0 0 0 0 0 0 0 0 0 0 0 0 0 0 0 0 0 0 0 0 0 0 0 0 0 0 0 0 0 0 0 0 0 0 0 0 0 0 0 0 0 0 0 0 0 0 0 0 0 0 0 0 0 0 0 0 0 0 0 0 0 0 0 0 0 0 0 0 0 0 0 0 0 0 0 0 0 0 0 0 0 0 0 0 0 0 0 0 0 0 0 0 0 0 0 0 0 0 0 0 0 0 0 0 0 0 0 0 0 0 0 0 0 0 0 0 0 0 0 0 0 0 0 0 0 0 0 0 0 0 0 0 0 0 0 0 0 0 0 0 0 0 0 0 0 0 0 0 0 0 0 0 0 0 0 0 0 0 0 0 0 0 0 0 0 0 0 0 0 0 0 0 0 0 
0 0 0 0 125 125 125 125 125 125 125 125 125 125 125 126 126 126 126 126 126 126 126 126 126 126 126 126 126 126 127 127 127 127 127 127 127 127 127 127 127 127 128 128 128 128 128 128 128 128 128 128 128 128 128 129 129 129 129 129 129 129 129 129 129 129 129 129 129 129 129 130 130 130 130 130 130 130 130 130 130 130 130 130 130 130 130 130 131 131 131 131 131 131 131 131 131 131 131 131 131 131 131 131 131 131 131 131 132 132 132 132 132 132 132 132 132 132 132 132 132 132 132 132 132 132 132 132 133 133 133 133 133 133 133 133 133 133 133 133 133 133 133 133 133 133 133 133 133 133 133 133 133 133 133 133 133 133 133 133 134 134 134 134 134 134 134 134 134 134 134 134 134 134 134 134 134 134 134 134 134 134 134 134 134 134 134 134 134 134 135 135 136 136 136 136 136 136 136 136 136 136 136 137 137 137 137 137 137 137 137 137 137 137 137 137 0 0 0 0 0 0 0 0 0 0 0 0 0 0 0 0 0 0 0 0 0 0 0 0 0 0 0 0 0 0 0 0 0 0 0 0 0 0 0 0 0 0 0 0 0 0 0 0 0 0 0 0 0 0 0 0 0 0 0 0 0 0 0 0 0 0 0 0 0 0 0 0 0 0 0 0 0 0 0 0 0 0 0 0 0 0 0 0 0 0 0 0 0 0 0 0 0 0 0 0 0 0 0 0 0 0 0 0 0 0 0 0 0 0 0 0 0 0 0 0 0 0 0 0 0 0 0 0 0 0 0 0 0 0 0 0 0 0 0 0 0 0 0 0 0 0 0 0 0 0 0 0 0 0 0 0 0 0 0 0 0 0 0 0 0 0 0 0 0 0 0 0 0 0 0 0 0 0 0 0 0 0 0 0 0 0 0 0 0 0 0 0 0 0 0 0 0 0 0 0 0 0 0 0 0 0 0 0 0 0 0 0 0 0 0 0 0 0 0 0 0 0 0 0 0 0 0 0 0 0 0 0 0 0 0 0 0 0 0 0 0 0 0 0 0 0 0 0 0 0 0 0 0 0 0 0 0 0 0 0 0 0 0 0 0 0 0 0 0 0 0 0 0 0 0 0 0 0 0 0 0 0 0 0 0 0 0 
0 0 0 0 0 125 125 125 125 125 125 125 125 125 125 126 126 126 126 126 126 126 126 126 126 126 126 126 126 126 127 127 127 127 127 127 127 127 127 127 127 127 128 128 128 128 128 128 128 128 128 128 128 128 128 129 129 129 129 129 129 129 129 129 129 129 129 129 129 129 129 130 130 130 130 130 130 130 130 130 130 130 130 130 130 130 130 130 131 131 131 131 131 131 131 131 131 131 131 131 131 131 131 131 131 131 131 131 132 132 132 132 132 132 132 132 132 132 132 132 132 132 132 132 132 132 132 132 133 133 133 133 133 133 133 133 133 133 133 133 133 133 133 133 133 133 133 133 133 133 133 133 133 133 133 133 133 133 133 134 134 134 134 134 134 134 134 134 134 134 134 134 134 134 134 134 134 134 134 134 134 134 134 134 134 134 134 134 134 135 135 135 136 136 136 136 136 136 136 136 136 136 137 137 137 137 137 137 137 137 137 137 137 137 137 137 137 0 0 0 0 0 0 0 0 0 0 0 0 0 0 0 0 0 0 0 0 0 0 0 0 0 0 0 0 0 0 0 0 0 0 0 0 0 0 0 0 0 0 0 0 0 0 0 0 0 0 0 0 0 0 0 0 0 0 0 0 0 0 0 0 0 0 0 0 0 0 0 0 0 0 0 0 0 0 0 0 0 0 0 0 0 0 0 0 0 0 0 0 0 0 0 0 0 0 0 0 0 0 0 0 0 0 0 0 0 0 0 0 0 0 0 0 0 0 0 0 0 0 0 0 0 0 0 0 0 0 0 0 0 0 0 0 0 0 0 0 0 0 0 0 0 0 0 0 0 0 0 0 0 0 0 0 0 0 0 0 0 0 0 0 0 0 0 0 0 0 0 0 0 0 0 0 0 0 0 0 0 0 0 0 0 0 0 0 0 0 0 0 0 0 0 0 0 0 0 0 0 0 0 0 0 0 0 0 0 0 0 0 0 0 0 0 0 0 0 0 0 0 0 0 0 0 0 0 0 0 0 0 0 0 0 0 0 0 0 0 0 0 0 0 0 0 0 0 0 0 0 0 0 0 0 0 0 0 0 0 0 0 0 0 0 0 0 0 0 0 0 0 0 0 0 0 0 0 0 0 0 0 0 0 0 0 
0 0 0 0 0 125 125 125 125 125 125 125 125 125 125 126 126 126 126 126 126 126 126 126 126 126 126 126 126 126 127 127 127 127 127 127 127 127 127 127 127 127 128 128 128 128 128 128 128 128 128 128 128 128 128 128 129 129 129 129 129 129 129 129 129 129 129 129 129 129 130 130 130 130 130 130 130 130 130 130 130 130 130 130 130 130 130 130 131 131 131 131 131 131 131 131 131 131 131 131 131 131 131 131 131 131 131 131 132 132 132 132 132 132 132 132 132 132 132 132 132 132 132 132 132 132 132 132 133 133 133 133 133 133 133 133 133 133 133 133 133 133 133 133 133 133 133 133 133 133 133 133 133 133 133 133 133 133 133 134 134 134 134 134 134 134 134 134 134 134 134 134 134 134 134 134 134 134 134 134 134 134 134 134 134 134 134 134 135 135 135 135 136 136 136 136 136 136 136 136 136 136 137 137 137 137 137 137 137 137 137 137 137 137 137 137 137 137 0 0 0 0 0 0 0 0 0 0 0 0 0 0 0 0 0 0 0 0 0 0 0 0 0 0 0 0 0 0 0 0 0 0 0 0 0 0 0 0 0 0 0 0 0 0 0 0 0 0 0 0 0 0 0 0 0 0 0 0 0 0 0 0 0 0 0 0 0 0 0 0 0 0 0 0 0 0 0 0 0 0 0 0 0 0 0 0 0 0 0 0 0 0 0 0 0 0 0 0 0 0 0 0 0 0 0 0 0 0 0 0 0 0 0 0 0 0 0 0 0 0 0 0 0 0 0 0 0 0 0 0 0 0 0 0 0 0 0 0 0 0 0 0 0 0 0 0 0 0 0 0 0 0 0 0 0 0 0 0 0 0 0 0 0 0 0 0 0 0 0 0 0 0 0 0 0 0 0 0 0 0 0 0 0 0 0 0 0 0 0 0 0 0 0 0 0 0 0 0 0 0 0 0 0 0 0 0 0 0 0 0 0 0 0 0 0 0 0 0 0 0 0 0 0 0 0 0 0 0 0 0 0 0 0 0 0 0 0 0 0 0 0 0 0 0 0 0 0 0 0 0 0 0 0 0 0 0 0 0 0 0 0 0 0 0 0 0 0 0 0 0 0 0 0 0 0 0 0 0 0 0 0 0 0 
0 0 0 0 0 125 125 125 125 125 125 125 125 125 125 126 126 126 126 126 126 126 126 126 126 126 126 126 126 126 127 127 127 127 127 127 127 127 127 127 127 127 128 128 128 128 128 128 128 128 128 128 128 128 128 128 129 129 129 129 129 129 129 129 129 129 129 129 129 129 129 130 130 130 130 130 130 130 130 130 130 130 130 130 130 130 130 130 131 131 131 131 131 131 131 131 131 131 131 131 131 131 131 131 131 131 131 131 132 132 132 132 132 132 132 132 132 132 132 132 132 132 132 132 132 132 132 132 133 133 133 133 133 133 133 133 133 133 133 133 133 133 133 133 133 133 133 133 133 133 133 133 133 133 133 133 133 133 134 134 134 134 134 134 134 134 134 134 134 134 134 134 134 134 134 134 134 134 134 134 134 134 134 134 134 134 135 135 135 135 135 135 136 136 136 136 136 136 136 136 136 136 137 137 137 137 137 137 137 137 137 137 137 137 137 137 137 137 137 137 0 0 0 0 0 0 0 0 0 0 0 0 0 0 0 0 0 0 0 0 0 0 0 0 0 0 0 0 0 0 0 0 0 0 0 0 0 0 0 0 0 0 0 0 0 0 0 0 0 0 0 0 0 0 0 0 0 0 0 0 0 0 0 0 0 0 0 0 0 0 0 0 0 0 0 0 0 0 0 0 0 0 0 0 0 0 0 0 0 0 0 0 0 0 0 0 0 0 0 0 0 0 0 0 0 0 0 0 0 0 0 0 0 0 0 0 0 0 0 0 0 0 0 0 0 0 0 0 0 0 0 0 0 0 0 0 0 0 0 0 0 0 0 0 0 0 0 0 0 0 0 0 0 0 0 0 0 0 0 0 0 0 0 0 0 0 0 0 0 0 0 0 0 0 0 0 0 0 0 0 0 0 0 0 0 0 0 0 0 0 0 0 0 0 0 0 0 0 0 0 0 0 0 0 0 0 0 0 0 0 0 0 0 0 0 0 0 0 0 0 0 0 0 0 0 0 0 0 0 0 0 0 0 0 0 0 0 0 0 0 0 0 0 0 0 0 0 0 0 0 0 0 0 0 0 0 0 0 0 0 0 0 0 0 0 0 0 0 0 0 0 0 0 0 0 0 0 0 0 0 0 0 0 
0 0 0 0 0 124 124 124 124 124 124 124 124 124 124 124 124 124 124 125 125 125 125 125 125 125 125 125 125 125 125 125 125 125 125 125 126 126 126 126 126 126 127 127 128 128 128 128 128 128 128 128 128 128 128 128 128 128 128 128 129 129 129 129 129 129 129 129 129 129 129 129 129 129 129 129 129 130 130 130 130 130 130 130 130 130 130 130 130 130 130 130 130 130 131 131 131 131 131 131 131 131 131 131 131 131 131 131 131 131 131 132 132 132 132 132 132 132 132 132 132 132 132 132 132 132 132 132 132 132 133 133 133 133 133 133 133 133 133 133 133 133 132 133 132 133 133 133 133 133 133 133 133 133 133 133 133 133 133 133 133 133 133 133 133 133 133 134 134 134 134 134 134 134 134 134 134 134 134 134 134 134 134 134 134 134 134 134 134 134 134 134 136 136 136 136 136 136 136 136 136 136 136 136 136 136 136 136 136 136 136 136 136 136 136 136 136 136 136 136 136 0 0 0 0 0 0 0 0 0 0 0 0 0 0 0 0 0 0 0 0 0 0 0 0 0 0 0 0 0 0 0 0 0 0 0 0 0 0 0 0 0 0 0 0 0 0 0 0 0 0 0 0 0 0 0 0 0 0 0 0 0 0 0 0 0 0 0 0 0 0 0 0 0 0 0 0 0 0 0 0 0 0 0 0 0 0 0 0 0 0 0 0 0 0 0 0 0 0 0 0 0 0 0 0 0 0 0 0 0 0 0 0 0 0 0 0 0 0 0 0 0 0 0 0 0 0 0 0 0 0 0 0 0 0 0 0 0 0 0 0 0 0 0 0 0 0 0 0 0 0 0 0 0 0 0 0 0 0 0 0 0 0 0 0 0 0 0 0 0 0 0 0 0 0 0 0 0 0 0 0 0 0 0 0 0 0 0 0 0 0 0 0 0 0 0 0 0 0 0 0 0 0 0 0 0 0 0 0 0 0 0 0 0 0 0 0 0 0 0 0 0 0 0 0 0 0 0 0 0 0 0 0 0 0 0 0 0 0 0 0 0 0 0 0 0 0 0 0 0 0 0 0 0 0 0 0 0 0 0 0 0 0 0 0 0 0 0 0 0 0 0 0 0 0 0 0 0 0 0 0 0 0 
0 0 0 0 124 124 124 124 124 124 124 124 124 124 124 124 124 124 124 125 125 125 125 125 125 125 125 125 125 125 125 125 125 125 125 126 126 126 126 126 126 126 127 127 128 128 128 128 128 128 128 128 128 128 128 128 128 128 128 128 129 129 129 129 129 129 129 129 129 129 129 129 129 129 129 129 129 130 130 130 130 130 130 130 130 130 130 130 130 130 130 130 130 130 131 131 131 131 131 131 131 131 131 131 131 131 131 131 131 131 131 132 132 132 132 132 132 132 132 132 132 132 132 132 132 132 132 132 132 132 133 133 133 133 133 133 133 133 133 133 133 133 132 133 133 133 133 133 133 133 133 133 133 133 133 133 133 133 133 133 133 133 133 133 133 133 133 134 134 134 134 134 134 134 134 134 134 134 134 134 134 134 134 134 134 134 134 134 134 134 134 134 136 136 136 136 136 136 136 136 136 136 136 136 136 136 136 136 136 136 136 136 136 136 136 136 136 136 136 136 136 0 0 0 0 0 0 0 0 0 0 0 0 0 0 0 0 0 0 0 0 0 0 0 0 0 0 0 0 0 0 0 0 0 0 0 0 0 0 0 0 0 0 0 0 0 0 0 0 0 0 0 0 0 0 0 0 0 0 0 0 0 0 0 0 0 0 0 0 0 0 0 0 0 0 0 0 0 0 0 0 0 0 0 0 0 0 0 0 0 0 0 0 0 0 0 0 0 0 0 0 0 0 0 0 0 0 0 0 0 0 0 0 0 0 0 0 0 0 0 0 0 0 0 0 0 0 0 0 0 0 0 0 0 0 0 0 0 0 0 0 0 0 0 0 0 0 0 0 0 0 0 0 0 0 0 0 0 0 0 0 0 0 0 0 0 0 0 0 0 0 0 0 0 0 0 0 0 0 0 0 0 0 0 0 0 0 0 0 0 0 0 0 0 0 0 0 0 0 0 0 0 0 0 0 0 0 0 0 0 0 0 0 0 0 0 0 0 0 0 0 0 0 0 0 0 0 0 0 0 0 0 0 0 0 0 0 0 0 0 0 0 0 0 0 0 0 0 0 0 0 0 0 0 0 0 0 0 0 0 0 0 0 0 0 0 0 0 0 0 0 0 0 0 0 0 0 0 0 0 0 0 0 
0 0 0 0 124 124 124 124 124 124 124 124 124 124 124 124 124 124 125 125 125 125 125 125 125 125 125 125 125 125 125 125 125 125 125 126 126 126 126 126 126 126 127 127 128 128 128 128 128 128 128 128 128 128 128 128 128 128 128 128 129 129 129 129 129 129 129 129 129 129 129 129 129 129 129 129 129 130 130 130 130 130 130 130 130 130 130 130 130 130 130 130 130 130 131 131 131 131 131 131 131 131 131 131 131 131 131 131 131 131 131 132 132 132 132 132 132 132 132 132 132 132 132 132 132 132 132 132 132 132 133 133 133 133 133 133 133 133 133 133 133 133 133 133 133 133 133 133 133 133 133 133 133 133 133 133 133 133 133 133 133 133 133 133 133 133 134 134 134 134 134 134 134 134 134 134 134 134 134 134 134 134 134 134 134 134 134 134 134 134 134 134 136 136 136 136 136 136 136 136 136 136 136 136 136 136 136 136 136 136 136 136 136 136 136 136 136 136 136 136 0 0 0 0 0 0 0 0 0 0 0 0 0 0 0 0 0 0 0 0 0 0 0 0 0 0 0 0 0 0 0 0 0 0 0 0 0 0 0 0 0 0 0 0 0 0 0 0 0 0 0 0 0 0 0 0 0 0 0 0 0 0 0 0 0 0 0 0 0 0 0 0 0 0 0 0 0 0 0 0 0 0 0 0 0 0 0 0 0 0 0 0 0 0 0 0 0 0 0 0 0 0 0 0 0 0 0 0 0 0 0 0 0 0 0 0 0 0 0 0 0 0 0 0 0 0 0 0 0 0 0 0 0 0 0 0 0 0 0 0 0 0 0 0 0 0 0 0 0 0 0 0 0 0 0 0 0 0 0 0 0 0 0 0 0 0 0 0 0 0 0 0 0 0 0 0 0 0 0 0 0 0 0 0 0 0 0 0 0 0 0 0 0 0 0 0 0 0 0 0 0 0 0 0 0 0 0 0 0 0 0 0 0 0 0 0 0 0 0 0 0 0 0 0 0 0 0 0 0 0 0 0 0 0 0 0 0 0 0 0 0 0 0 0 0 0 0 0 0 0 0 0 0 0 0 0 0 0 0 0 0 0 0 0 0 0 0 0 0 0 0 0 0 0 0 0 0 0 0 0 0 0 0 
0 0 0 0 124 124 124 124 124 124 124 124 124 124 124 124 124 124 125 125 125 125 125 125 125 125 125 125 125 125 125 125 125 125 125 126 126 126 126 126 126 126 127 127 128 128 128 128 128 128 128 128 128 128 128 128 128 128 128 128 129 129 129 129 129 129 129 129 129 129 129 129 129 129 129 129 129 130 130 130 130 130 130 130 130 130 130 130 130 130 130 130 130 130 131 131 131 131 131 131 131 131 131 131 131 131 131 131 131 131 131 132 132 132 132 132 132 132 132 132 132 132 132 132 132 132 132 132 132 133 133 133 133 133 133 133 133 133 133 133 133 133 133 133 133 133 133 133 133 133 133 133 133 133 133 133 133 133 133 133 133 133 133 133 133 134 134 134 134 134 134 134 134 134 134 134 134 134 134 134 134 134 134 134 134 134 134 134 134 134 134 134 136 136 136 136 136 136 136 136 136 136 136 136 136 136 136 136 136 136 136 136 136 136 136 136 136 136 136 136 136 0 0 0 0 0 0 0 0 0 0 0 0 0 0 0 0 0 0 0 0 0 0 0 0 0 0 0 0 0 0 0 0 0 0 0 0 0 0 0 0 0 0 0 0 0 0 0 0 0 0 0 0 0 0 0 0 0 0 0 0 0 0 0 0 0 0 0 0 0 0 0 0 0 0 0 0 0 0 0 0 0 0 0 0 0 0 0 0 0 0 0 0 0 0 0 0 0 0 0 0 0 0 0 0 0 0 0 0 0 0 0 0 0 0 0 0 0 0 0 0 0 0 0 0 0 0 0 0 0 0 0 0 0 0 0 0 0 0 0 0 0 0 0 0 0 0 0 0 0 0 0 0 0 0 0 0 0 0 0 0 0 0 0 0 0 0 0 0 0 0 0 0 0 0 0 0 0 0 0 0 0 0 0 0 0 0 0 0 0 0 0 0 0 0 0 0 0 0 0 0 0 0 0 0 0 0 0 0 0 0 0 0 0 0 0 0 0 0 0 0 0 0 0 0 0 0 0 0 0 0 0 0 0 0 0 0 0 0 0 0 0 0 0 0 0 0 0 0 0 0 0 0 0 0 0 0 0 0 0 0 0 0 0 0 0 0 0 0 0 0 0 0 0 0 0 0 0 0 0 0 0 0 
0 0 0 0 124 124 124 124 124 124 124 124 124 124 124 124 124 124 125 125 125 125 125 125 125 125 125 125 125 125 125 125 125 125 126 126 126 126 126 126 126 126 127 127 128 128 128 128 128 128 128 128 128 128 128 128 128 128 128 128 129 129 129 129 129 129 129 129 129 129 129 129 129 129 129 129 129 130 130 130 130 130 130 130 130 130 130 130 130 130 130 130 130 130 130 131 131 131 131 131 131 131 131 131 131 131 131 131 131 131 131 132 132 132 132 132 132 132 132 132 132 132 132 132 132 132 132 132 132 133 133 133 133 133 133 133 133 133 133 133 133 133 133 133 133 133 133 133 133 133 133 133 133 133 133 133 133 133 133 133 133 133 133 133 134 134 134 134 134 134 134 134 134 134 134 134 134 134 134 134 134 134 134 134 134 134 134 134 134 134 134 134 136 136 136 136 136 136 136 136 136 136 136 136 136 136 136 136 136 136 136 136 136 136 136 136 136 136 136 137 137 0 0 137 0 0 0 0 0 0 0 0 0 0 0 0 0 0 0 0 0 0 0 0 0 0 0 0 0 0 0 0 0 0 0 0 0 0 0 0 0 0 0 0 0 0 0 0 0 0 0 0 0 0 0 0 0 0 0 0 0 0 0 0 0 0 0 0 0 0 0 0 0 0 0 0 0 0 0 0 0 0 0 0 0 0 0 0 0 0 0 0 0 0 0 0 0 0 0 0 0 0 0 0 0 0 0 0 0 0 0 0 0 0 0 0 0 0 0 0 0 0 0 0 0 0 0 0 0 0 0 0 0 0 0 0 0 0 0 0 0 0 0 0 0 0 0 0 0 0 0 0 0 0 0 0 0 0 0 0 0 0 0 0 0 0 0 0 0 0 0 0 0 0 0 0 0 0 0 0 0 0 0 0 0 0 0 0 0 0 0 0 0 0 0 0 0 0 0 0 0 0 0 0 0 0 0 0 0 0 0 0 0 0 0 0 0 0 0 0 0 0 0 0 0 0 0 0 0 0 0 0 0 0 0 0 0 0 0 0 0 0 0 0 0 0 0 0 0 0 0 0 0 0 0 0 0 0 0 0 0 0 0 0 0 0 0 0 0 0 0 0 0 0 0 0 0 0 0 0 0 0 0 
0 0 0 0 0 124 124 124 124 124 124 124 124 124 124 124 124 125 125 125 125 125 125 125 125 125 125 125 125 125 125 125 125 125 125 126 126 126 126 126 126 126 127 127 128 128 128 128 128 128 128 128 128 128 128 128 128 128 128 128 128 129 129 129 129 129 129 129 129 129 129 129 129 129 129 129 129 130 130 130 130 130 130 130 130 130 130 130 130 130 130 130 130 130 130 131 131 131 131 131 131 131 131 131 131 131 131 131 131 131 132 132 132 132 132 132 132 132 132 132 132 132 132 132 132 132 132 132 132 133 133 133 133 133 133 133 133 133 133 133 133 133 133 133 133 133 133 133 133 133 133 133 133 133 133 133 133 133 133 133 133 133 133 133 133 134 134 134 134 134 134 134 134 134 134 134 134 134 134 134 134 134 134 134 134 134 134 134 134 134 134 134 136 136 136 136 136 136 136 136 136 136 136 136 136 136 136 136 136 136 136 136 136 136 136 136 136 137 137 137 137 137 137 137 0 0 0 0 0 0 0 0 0 0 0 0 0 0 0 0 0 0 0 0 0 0 0 0 0 0 0 0 0 0 0 0 0 0 0 0 0 0 0 0 0 0 0 0 0 0 0 0 0 0 0 0 0 0 0 0 0 0 0 0 0 0 0 0 0 0 0 0 0 0 0 0 0 0 0 0 0 0 0 0 0 0 0 0 0 0 0 0 0 0 0 0 0 0 0 0 0 0 0 0 0 0 0 0 0 0 0 0 0 0 0 0 0 0 0 0 0 0 0 0 0 0 0 0 0 0 0 0 0 0 0 0 0 0 0 0 0 0 0 0 0 0 0 0 0 0 0 0 0 0 0 0 0 0 0 0 0 0 0 0 0 0 0 0 0 0 0 0 0 0 0 0 0 0 0 0 0 0 0 0 0 0 0 0 0 0 0 0 0 0 0 0 0 0 0 0 0 0 0 0 0 0 0 0 0 0 0 0 0 0 0 0 0 0 0 0 0 0 0 0 0 0 0 0 0 0 0 0 0 0 0 0 0 0 0 0 0 0 0 0 0 0 0 0 0 0 0 0 0 0 0 0 0 0 0 0 0 0 0 0 0 0 0 0 0 0 0 0 0 0 0 0 0 0 0 0 0 0 0 
0 0 0 0 0 0 0 0 124 124 124 124 124 124 124 124 124 125 125 125 125 125 125 125 125 125 125 125 125 125 125 125 125 125 125 126 126 126 126 126 126 126 127 127 128 128 128 128 128 128 128 128 128 128 128 128 128 128 128 128 128 129 129 129 129 129 129 129 129 129 129 129 129 129 129 129 129 130 130 130 130 130 130 130 130 130 130 130 130 130 130 130 130 130 130 131 131 131 131 131 131 131 131 131 131 131 131 131 131 131 132 132 132 132 132 132 132 132 132 132 132 132 132 132 132 132 132 132 132 133 133 133 133 133 133 133 133 133 133 133 133 133 133 133 133 133 133 133 133 133 133 133 133 133 133 133 133 133 133 133 133 133 133 133 134 134 134 134 134 134 134 134 134 134 134 134 134 134 134 134 134 134 134 134 134 134 134 134 134 134 134 135 136 136 136 136 136 136 136 136 136 136 136 136 136 136 136 136 136 136 136 136 136 136 136 137 137 137 137 137 137 137 137 137 137 0 0 0 0 0 0 0 0 0 0 0 137 137 137 0 0 0 0 0 0 0 0 0 0 0 0 0 0 0 0 0 0 0 0 0 0 0 0 0 0 0 0 0 0 0 0 0 0 0 0 0 0 0 0 0 0 0 0 0 0 0 0 0 0 0 0 0 0 0 0 0 0 0 0 0 0 0 0 0 0 0 0 0 0 0 0 0 0 0 0 0 0 0 0 0 0 0 0 0 0 0 0 0 0 0 0 0 0 0 0 0 0 0 0 0 0 0 0 0 0 0 0 0 0 0 0 0 0 0 0 0 0 0 0 0 0 0 0 0 0 0 0 0 0 0 0 0 0 0 0 0 0 0 0 0 0 0 0 0 0 0 0 0 0 0 0 0 0 0 0 0 0 0 0 0 0 0 0 0 0 0 0 0 0 0 0 0 0 0 0 0 0 0 0 0 0 0 0 0 0 0 0 0 0 0 0 0 0 0 0 0 0 0 0 0 0 0 0 0 0 0 0 0 0 0 0 0 0 0 0 0 0 0 0 0 0 0 0 0 0 0 0 0 0 0 0 0 0 0 0 0 0 0 0 0 0 0 0 0 0 0 0 0 0 0 0 0 0 0 0 0 0 0 0 0 0 0 0 
0 0 0 0 0 0 0 0 0 124 124 124 124 124 124 124 124 125 125 125 125 125 125 125 125 125 125 125 125 125 125 125 125 125 125 126 126 126 126 126 126 126 127 127 127 128 128 128 128 128 128 128 128 128 128 128 128 128 128 128 128 129 129 129 129 129 129 129 129 129 129 129 129 129 129 129 129 130 130 130 130 130 130 130 130 130 130 130 130 130 130 130 130 130 130 131 131 131 131 131 131 131 131 131 131 131 131 131 131 131 132 132 132 132 132 132 132 132 132 132 132 132 132 132 132 132 132 132 132 133 133 133 133 133 133 133 133 133 133 133 133 133 133 133 133 133 133 133 133 133 133 133 133 133 133 133 133 133 133 133 133 133 133 134 134 134 134 134 134 134 134 134 134 134 134 134 134 134 134 134 134 134 134 134 134 134 134 134 134 134 135 135 136 136 136 136 136 136 136 136 136 136 136 136 136 136 136 136 136 136 136 136 136 136 137 137 137 137 137 137 137 137 137 137 137 0 0 0 0 0 0 0 0 0 0 137 137 137 137 137 137 0 0 0 0 0 0 0 0 0 0 0 0 0 0 0 0 0 0 0 0 0 0 0 0 0 0 0 0 0 0 0 0 0 0 0 0 0 0 0 0 0 0 0 0 0 0 0 0 0 0 0 0 0 0 0 0 0 0 0 0 0 0 0 0 0 0 0 0 0 0 0 0 0 0 0 0 0 0 0 0 0 0 0 0 0 0 0 0 0 0 0 0 0 0 0 0 0 0 0 0 0 0 0 0 0 0 0 0 0 0 0 0 0 0 0 0 0 0 0 0 0 0 0 0 0 0 0 0 0 0 0 0 0 0 0 0 0 0 0 0 0 0 0 0 0 0 0 0 0 0 0 0 0 0 0 0 0 0 0 0 0 0 0 0 0 0 0 0 0 0 0 0 0 0 0 0 0 0 0 0 0 0 0 0 0 0 0 0 0 0 0 0 0 0 0 0 0 0 0 0 0 0 0 0 0 0 0 0 0 0 0 0 0 0 0 0 0 0 0 0 0 0 0 0 0 0 0 0 0 0 0 0 0 0 0 0 0 0 0 0 0 0 0 0 0 0 0 0 0 0 0 0 0 0 0 0 0 0 0 0 0 0 
0 0 0 0 0 0 0 0 0 124 124 124 124 124 124 124 124 125 125 125 125 125 125 125 125 125 125 125 125 125 125 125 125 125 126 126 126 126 126 126 126 126 127 127 127 128 128 128 128 128 128 128 128 128 128 128 128 128 128 128 128 128 128 129 129 129 129 129 129 129 129 129 129 129 129 129 129 130 130 130 130 130 130 130 130 130 130 130 130 130 130 130 130 130 130 131 131 131 131 131 131 131 131 131 131 131 131 131 131 131 132 132 132 132 132 132 132 132 132 132 132 132 132 132 132 132 132 132 132 133 133 133 133 133 133 133 133 133 133 133 133 133 133 133 133 133 133 133 133 133 133 133 133 133 133 133 133 133 133 133 133 133 133 134 134 134 134 134 134 134 134 134 134 134 134 134 134 134 134 134 134 134 134 134 134 134 134 134 134 135 135 135 136 136 136 136 136 136 136 136 136 136 136 136 136 136 136 136 136 136 136 136 137 137 137 137 137 137 137 137 137 137 137 137 137 0 0 0 0 0 0 0 0 0 0 137 137 137 137 137 0 0 0 0 0 0 0 0 0 0 0 0 0 0 0 0 0 0 0 0 0 0 0 0 0 0 0 0 0 0 0 0 0 0 0 0 0 0 0 0 0 0 0 0 0 0 0 0 0 0 0 0 0 0 0 0 0 0 0 0 0 0 0 0 0 0 0 0 0 0 0 0 0 0 0 0 0 0 0 0 0 0 0 0 0 0 0 0 0 0 0 0 0 0 0 0 0 0 0 0 0 0 0 0 0 0 0 0 0 0 0 0 0 0 0 0 0 0 0 0 0 0 0 0 0 0 0 0 0 0 0 0 0 0 0 0 0 0 0 0 0 0 0 0 0 0 0 0 0 0 0 0 0 0 0 0 0 0 0 0 0 0 0 0 0 0 0 0 0 0 0 0 0 0 0 0 0 0 0 0 0 0 0 0 0 0 0 0 0 0 0 0 0 0 0 0 0 0 0 0 0 0 0 0 0 0 0 0 0 0 0 0 0 0 0 0 0 0 0 0 0 0 0 0 0 0 0 0 0 0 0 0 0 0 0 0 0 0 0 0 0 0 0 0 0 0 0 0 0 0 0 0 0 0 0 0 0 0 0 0 0 0 0 
0 0 0 0 0 0 0 0 0 124 124 124 124 124 124 124 124 125 125 125 125 125 125 125 125 125 125 125 125 125 125 125 125 125 126 126 126 126 126 126 126 126 127 127 127 128 128 128 128 128 128 128 128 128 128 128 128 128 128 128 128 128 128 129 129 129 129 129 129 129 129 129 129 129 129 129 130 130 130 130 130 130 130 130 130 130 130 130 130 130 130 130 130 130 130 131 131 131 131 131 131 131 131 131 131 131 131 131 131 131 132 132 132 132 132 132 132 132 132 132 132 132 132 132 132 132 132 132 133 133 133 133 133 133 133 133 133 133 133 133 133 133 133 133 133 133 133 133 133 133 133 133 133 133 133 133 133 133 133 133 133 133 134 134 134 134 134 134 134 134 134 134 134 134 134 134 134 134 134 134 134 134 134 134 134 134 134 134 135 135 135 135 136 136 136 136 136 136 136 136 136 136 136 136 136 136 136 136 136 136 136 137 137 137 137 137 137 137 137 137 137 137 137 137 137 137 0 0 0 137 137 137 137 137 137 137 137 137 137 137 0 0 0 0 0 0 0 0 0 0 0 0 0 0 0 0 0 0 0 0 0 0 0 0 0 0 0 0 0 0 0 0 0 0 0 0 0 0 0 0 0 0 0 0 0 0 0 0 0 0 0 0 0 0 0 0 0 0 0 0 0 0 0 0 0 0 0 0 0 0 0 0 0 0 0 0 0 0 0 0 0 0 0 0 0 0 0 0 0 0 0 0 0 0 0 0 0 0 0 0 0 0 0 0 0 0 0 0 0 0 0 0 0 0 0 0 0 0 0 0 0 0 0 0 0 0 0 0 0 0 0 0 0 0 0 0 0 0 0 0 0 0 0 0 0 0 0 0 0 0 0 0 0 0 0 0 0 0 0 0 0 0 0 0 0 0 0 0 0 0 0 0 0 0 0 0 0 0 0 0 0 0 0 0 0 0 0 0 0 0 0 0 0 0 0 0 0 0 0 0 0 0 0 0 0 0 0 0 0 0 0 0 0 0 0 0 0 0 0 0 0 0 0 0 0 0 0 0 0 0 0 0 0 0 0 0 0 0 0 0 0 0 0 0 0 0 0 0 0 0 0 0 0 0 0 0 0 0 0 0 0 0 0 
0 0 0 0 0 0 0 0 0 0 124 124 124 124 124 124 125 125 125 125 125 125 125 125 125 125 125 125 125 125 125 125 125 125 126 126 126 126 126 126 126 126 127 127 127 128 128 128 128 128 128 128 128 128 128 128 128 128 128 128 128 128 128 129 129 129 129 129 129 129 129 129 129 129 129 129 130 130 130 130 130 130 130 130 130 130 130 130 130 130 130 130 130 130 130 130 131 131 131 131 131 131 131 131 131 131 131 131 131 131 132 132 132 132 132 132 132 132 132 132 132 132 132 132 132 132 132 132 133 133 133 133 133 133 133 133 133 133 133 133 133 133 133 133 133 133 133 133 133 133 133 133 133 133 133 133 133 133 133 133 133 134 134 134 134 134 134 134 134 134 134 134 134 134 134 134 134 134 134 134 134 134 134 134 134 134 134 135 135 135 135 135 136 136 136 136 136 136 136 136 136 136 136 136 136 136 136 136 136 137 137 137 137 137 137 137 137 137 137 137 137 137 137 137 137 137 137 137 137 137 137 137 137 137 137 137 137 137 137 0 0 0 0 0 0 0 0 0 0 0 0 0 0 0 0 0 0 0 0 0 0 0 0 0 0 0 0 0 0 0 0 0 0 0 0 0 0 0 0 0 0 0 0 0 0 0 0 0 0 0 0 0 0 0 0 0 0 0 0 0 0 0 0 0 0 0 0 0 0 0 0 0 0 0 0 0 0 0 0 0 0 0 0 0 0 0 0 0 0 0 0 0 0 0 0 0 0 0 0 0 0 0 0 0 0 0 0 0 0 0 0 0 0 0 0 0 0 0 0 0 0 0 0 0 0 0 0 0 0 0 0 0 0 0 0 0 0 0 0 0 0 0 0 0 0 0 0 0 0 0 0 0 0 0 0 0 0 0 0 0 0 0 0 0 0 0 0 0 0 0 0 0 0 0 0 0 0 0 0 0 0 0 0 0 0 0 0 0 0 0 0 0 0 0 0 0 0 0 0 0 0 0 0 0 0 0 0 0 0 0 0 0 0 0 0 0 0 0 0 0 0 0 0 0 0 0 0 0 0 0 0 0 0 0 0 0 0 0 0 0 0 0 0 0 0 0 0 0 0 0 0 0 0 0 0 0 0 0 0 0 0 0 0 
0 0 0 0 0 0 0 0 0 0 124 124 124 124 124 124 125 125 125 125 125 125 125 125 125 125 125 125 125 125 125 125 125 125 126 126 126 126 126 126 126 126 127 127 127 128 128 128 128 128 128 128 128 128 128 128 128 128 128 128 128 128 128 128 129 129 129 129 129 129 129 129 129 129 129 129 129 130 130 130 130 130 130 130 130 130 130 130 130 130 130 130 130 130 130 130 131 131 131 131 131 131 131 131 131 131 131 131 131 131 132 132 132 132 132 132 132 132 132 132 132 132 132 132 132 132 132 132 133 133 133 133 133 133 133 133 133 133 133 133 133 133 133 133 133 133 133 133 133 133 133 133 133 133 133 133 133 133 133 133 134 134 134 134 134 134 134 134 134 134 134 134 134 134 134 134 134 134 134 134 134 134 134 134 134 135 135 135 135 135 135 135 136 136 136 136 136 136 136 136 136 136 136 136 136 136 136 136 137 137 137 137 137 137 137 137 137 137 137 137 137 137 137 137 137 137 137 137 137 137 137 137 137 137 137 137 137 137 0 0 0 0 0 0 0 0 0 0 0 0 0 0 0 0 0 0 0 0 0 0 0 0 0 0 0 0 0 0 0 0 0 0 0 0 0 0 0 0 0 0 0 0 0 0 0 0 0 0 0 0 0 0 0 0 0 0 0 0 0 0 0 0 0 0 0 0 0 0 0 0 0 0 0 0 0 0 0 0 0 0 0 0 0 0 0 0 0 0 0 0 0 0 0 0 0 0 0 0 0 0 0 0 0 0 0 0 0 0 0 0 0 0 0 0 0 0 0 0 0 0 0 0 0 0 0 0 0 0 0 0 0 0 0 0 0 0 0 0 0 0 0 0 0 0 0 0 0 0 0 0 0 0 0 0 0 0 0 0 0 0 0 0 0 0 0 0 0 0 0 0 0 0 0 0 0 0 0 0 0 0 0 0 0 0 0 0 0 0 0 0 0 0 0 0 0 0 0 0 0 0 0 0 0 0 0 0 0 0 0 0 0 0 0 0 0 0 0 0 0 0 0 0 0 0 0 0 0 0 0 0 0 0 0 0 0 0 0 0 0 0 0 0 0 0 0 0 0 0 0 0 0 0 0 0 0 0 0 0 0 0 0 0 0 
0 0 0 0 0 0 0 0 0 0 124 124 124 124 124 124 124 125 125 125 125 125 125 125 125 125 125 125 125 125 125 125 125 126 126 126 126 126 126 126 126 126 127 127 127 127 128 128 128 128 128 128 128 128 128 128 128 128 128 128 128 128 129 129 129 129 129 129 129 129 129 129 129 129 129 129 129 130 130 130 130 130 130 130 130 130 130 130 130 130 130 130 130 130 130 130 131 131 131 131 131 131 131 131 131 131 131 131 131 131 132 132 132 132 132 132 132 132 132 132 132 132 132 132 132 132 132 133 133 133 133 133 133 133 133 133 133 133 133 133 133 133 133 133 133 133 133 133 133 133 133 133 133 133 133 133 133 133 133 133 134 134 134 134 134 134 134 134 134 134 134 134 134 134 134 134 134 134 134 134 134 134 134 134 135 135 135 135 135 135 135 135 136 136 136 136 136 136 136 136 136 136 136 136 136 136 137 137 137 137 137 137 137 137 137 137 137 137 137 137 137 137 137 137 137 137 137 137 137 137 137 137 137 137 137 137 137 137 0 0 0 0 0 0 0 0 0 0 0 0 0 0 0 0 0 0 0 0 0 0 0 0 0 0 0 0 0 0 0 0 0 0 0 0 0 0 0 0 0 0 0 0 0 0 0 0 0 0 0 0 0 0 0 0 0 0 0 0 0 0 0 0 0 0 0 0 0 0 0 0 0 0 0 0 0 0 0 0 0 0 0 0 0 0 0 0 0 0 0 0 0 0 0 0 0 0 0 0 0 0 0 0 0 0 0 0 0 0 0 0 0 0 0 0 0 0 0 0 0 0 0 0 0 0 0 0 0 0 0 0 0 0 0 0 0 0 0 0 0 0 0 0 0 0 0 0 0 0 0 0 0 0 0 0 0 0 0 0 0 0 0 0 0 0 0 0 0 0 0 0 0 0 0 0 0 0 0 0 0 0 0 0 0 0 0 0 0 0 0 0 0 0 0 0 0 0 0 0 0 0 0 0 0 0 0 0 0 0 0 0 0 0 0 0 0 0 0 0 0 0 0 0 0 0 0 0 0 0 0 0 0 0 0 0 0 0 0 0 0 0 0 0 0 0 0 0 0 0 0 0 0 0 0 0 0 0 0 0 0 0 0 0 0 
0 0 0 0 0 0 0 0 0 0 124 124 124 124 124 124 124 125 125 125 125 125 125 125 125 125 125 125 125 125 125 125 125 126 126 126 126 126 126 126 126 126 127 127 127 127 128 128 128 128 128 128 128 128 128 128 128 128 128 128 128 128 129 129 129 129 129 129 129 129 129 129 129 129 129 129 129 130 130 130 130 130 130 130 130 130 130 130 130 130 130 130 130 130 130 130 131 131 131 131 131 131 131 131 131 131 131 131 131 131 132 132 132 132 132 132 132 132 132 132 132 132 132 132 132 132 132 133 133 133 133 133 133 133 133 133 133 133 133 133 133 133 133 133 133 133 133 133 133 133 133 133 133 133 133 133 133 133 133 134 134 134 134 134 134 134 134 134 134 134 134 134 134 134 134 134 134 134 134 134 134 134 134 135 135 135 135 135 135 135 135 135 136 136 136 136 136 136 136 136 136 136 136 136 136 137 137 137 137 137 137 137 137 137 137 137 137 137 137 137 137 137 137 137 137 137 137 137 137 137 137 137 137 137 137 137 137 137 0 0 0 0 0 0 0 0 0 0 0 0 0 0 0 0 0 0 0 0 0 0 0 0 0 0 0 0 0 0 0 0 0 0 0 0 0 0 0 0 0 0 0 0 0 0 0 0 0 0 0 0 0 0 0 0 0 0 0 0 0 0 0 0 0 0 0 0 0 0 0 0 0 0 0 0 0 0 0 0 0 0 0 0 0 0 0 0 0 0 0 0 0 0 0 0 0 0 0 0 0 0 0 0 0 0 0 0 0 0 0 0 0 0 0 0 0 0 0 0 0 0 0 0 0 0 0 0 0 0 0 0 0 0 0 0 0 0 0 0 0 0 0 0 0 0 0 0 0 0 0 0 0 0 0 0 0 0 0 0 0 0 0 0 0 0 0 0 0 0 0 0 0 0 0 0 0 0 0 0 0 0 0 0 0 0 0 0 0 0 0 0 0 0 0 0 0 0 0 0 0 0 0 0 0 0 0 0 0 0 0 0 0 0 0 0 0 0 0 0 0 0 0 0 0 0 0 0 0 0 0 0 0 0 0 0 0 0 0 0 0 0 0 0 0 0 0 0 0 0 0 0 0 0 0 0 0 0 0 0 0 0 0 0 0 
0 0 0 0 0 0 0 0 0 0 0 124 124 124 124 124 124 125 125 125 125 125 125 125 125 125 125 125 125 125 125 125 125 125 126 126 126 126 126 126 126 126 127 127 127 127 128 128 128 128 128 128 128 128 128 128 128 128 128 128 128 128 129 129 129 129 129 129 129 129 129 129 129 129 129 129 129 129 130 130 130 130 130 130 130 130 130 130 130 130 130 130 130 130 130 131 131 131 131 131 131 131 131 131 131 131 131 131 131 131 132 132 132 132 132 132 132 132 132 132 132 132 132 132 132 132 132 133 133 133 133 133 133 133 133 133 133 133 133 133 133 133 133 133 133 133 133 133 133 133 133 133 133 133 133 133 133 133 134 134 134 134 134 134 134 134 134 134 134 134 134 134 134 134 134 134 134 134 134 134 134 134 135 135 135 135 135 135 135 135 135 135 136 136 136 136 136 136 136 136 136 136 136 136 137 137 137 137 137 137 137 137 137 137 137 137 137 137 137 137 137 137 137 137 137 137 137 137 137 137 137 137 137 137 137 137 137 137 0 0 0 0 0 0 0 0 0 0 0 0 0 0 0 0 0 0 0 0 0 0 0 0 0 0 0 0 0 0 0 0 0 0 0 0 0 0 0 0 0 0 0 0 0 0 0 0 0 0 0 0 0 0 0 0 0 0 0 0 0 0 0 0 0 0 0 0 0 0 0 0 0 0 0 0 0 0 0 0 0 0 0 0 0 0 0 0 0 0 0 0 0 0 0 0 0 0 0 0 0 0 0 0 0 0 0 0 0 0 0 0 0 0 0 0 0 0 0 0 0 0 0 0 0 0 0 0 0 0 0 0 0 0 0 0 0 0 0 0 0 0 0 0 0 0 0 0 0 0 0 0 0 0 0 0 0 0 0 0 0 0 0 0 0 0 0 0 0 0 0 0 0 0 0 0 0 0 0 0 0 0 0 0 0 0 0 0 0 0 0 0 0 0 0 0 0 0 0 0 0 0 0 0 0 0 0 0 0 0 0 0 0 0 0 0 0 0 0 0 0 0 0 0 0 0 0 0 0 0 0 0 0 0 0 0 0 0 0 0 0 0 0 0 0 0 0 0 0 0 0 0 0 0 0 0 0 0 0 0 0 0 0 0 0 
0 0 0 0 0 0 0 0 0 0 0 124 124 124 124 124 125 125 125 125 125 125 125 125 125 125 125 125 125 125 125 125 125 125 126 126 126 126 126 126 126 126 127 127 127 127 127 128 128 128 128 128 128 128 128 128 128 128 128 128 128 128 128 129 129 129 129 129 129 129 129 129 129 129 129 129 129 129 130 130 130 130 130 130 130 130 130 130 130 130 130 130 130 130 131 131 131 131 131 131 131 131 131 131 131 131 131 131 131 131 132 132 132 132 132 132 132 132 132 132 132 132 132 132 132 132 132 133 133 133 133 133 133 133 133 133 133 133 133 133 133 133 133 133 133 133 133 133 133 133 133 133 133 133 133 133 133 133 134 134 134 134 134 134 134 134 134 134 134 134 134 134 134 134 134 134 134 134 134 134 134 135 135 135 135 135 135 135 135 135 135 135 136 136 136 136 136 136 136 136 136 136 137 137 137 137 137 137 137 137 137 137 137 137 137 137 137 137 137 137 137 137 137 137 137 137 137 137 137 137 137 137 137 137 137 137 137 137 0 0 0 0 0 0 0 0 0 0 0 0 0 0 0 0 0 0 0 0 0 0 0 0 0 0 0 0 0 0 0 0 0 0 0 0 0 0 0 0 0 0 0 0 0 0 0 0 0 0 0 0 0 0 0 0 0 0 0 0 0 0 0 0 0 0 0 0 0 0 0 0 0 0 0 0 0 0 0 0 0 0 0 0 0 0 0 0 0 0 0 0 0 0 0 0 0 0 0 0 0 0 0 0 0 0 0 0 0 0 0 0 0 0 0 0 0 0 0 0 0 0 0 0 0 0 0 0 0 0 0 0 0 0 0 0 0 0 0 0 0 0 0 0 0 0 0 0 0 0 0 0 0 0 0 0 0 0 0 0 0 0 0 0 0 0 0 0 0 0 0 0 0 0 0 0 0 0 0 0 0 0 0 0 0 0 0 0 0 0 0 0 0 0 0 0 0 0 0 0 0 0 0 0 0 0 0 0 0 0 0 0 0 0 0 0 0 0 0 0 0 0 0 0 0 0 0 0 0 0 0 0 0 0 0 0 0 0 0 0 0 0 0 0 0 0 0 0 0 0 0 0 0 0 0 0 0 0 0 0 0 0 0 0 0 
0 0 0 0 0 0 0 0 0 0 0 0 124 124 124 124 124 125 125 125 125 125 125 125 125 125 125 125 125 125 125 125 125 125 126 126 126 126 126 126 126 126 127 127 127 127 127 128 128 128 128 128 128 128 128 128 128 128 128 128 128 128 128 129 129 129 129 129 129 129 129 129 129 129 129 129 129 129 130 130 130 130 130 130 130 130 130 130 130 130 130 130 130 131 131 131 131 131 131 131 131 131 131 131 131 131 131 131 131 131 132 132 132 132 132 132 132 132 132 132 132 132 132 132 132 132 132 133 133 133 133 133 133 133 133 133 133 133 133 133 133 133 133 133 133 133 133 133 133 133 133 133 133 133 133 133 133 134 134 134 134 134 134 134 134 134 134 134 134 134 134 134 134 134 134 134 134 134 134 134 135 135 135 135 135 135 135 135 135 135 135 135 136 136 136 136 136 136 136 136 136 137 137 137 137 137 137 137 137 137 137 137 137 137 137 137 137 137 137 137 137 137 137 137 137 137 137 137 137 137 137 137 137 137 137 137 137 137 0 0 0 0 0 0 0 0 0 0 0 0 0 0 0 0 0 0 0 0 0 0 0 0 0 0 0 0 0 0 0 0 0 0 0 0 0 0 0 0 0 0 0 0 0 0 0 0 0 0 0 0 0 0 0 0 0 0 0 0 0 0 0 0 0 0 0 0 0 0 0 0 0 0 0 0 0 0 0 0 0 0 0 0 0 0 0 0 0 0 0 0 0 0 0 0 0 0 0 0 0 0 0 0 0 0 0 0 0 0 0 0 0 0 0 0 0 0 0 0 0 0 0 0 0 0 0 0 0 0 0 0 0 0 0 0 0 0 0 0 0 0 0 0 0 0 0 0 0 0 0 0 0 0 0 0 0 0 0 0 0 0 0 0 0 0 0 0 0 0 0 0 0 0 0 0 0 0 0 0 0 0 0 0 0 0 0 0 0 0 0 0 0 0 0 0 0 0 0 0 0 0 0 0 0 0 0 0 0 0 0 0 0 0 0 0 0 0 0 0 0 0 0 0 0 0 0 0 0 0 0 0 0 0 0 0 0 0 0 0 0 0 0 0 0 0 0 0 0 0 0 0 0 0 0 0 0 0 0 0 0 0 0 0 0 
0 0 0 0 0 0 0 0 0 0 0 0 0 0 124 124 124 125 125 125 125 125 125 125 125 125 125 125 125 125 125 125 125 125 126 126 126 126 126 126 126 126 127 127 127 127 127 128 128 128 128 128 128 128 128 128 128 128 128 128 128 128 128 129 129 129 129 129 129 129 129 129 129 129 129 129 129 129 129 130 130 130 130 130 130 130 130 130 130 130 130 130 130 131 131 131 131 131 131 131 131 131 131 131 131 131 131 131 131 131 132 132 132 132 132 132 132 132 132 132 132 132 132 132 132 132 132 133 133 133 133 133 133 133 133 133 133 133 133 133 133 133 133 133 133 133 133 133 133 133 133 133 133 133 133 133 134 134 134 134 134 134 134 134 134 134 134 134 134 134 134 134 134 134 134 134 134 134 134 135 135 135 135 135 135 135 135 135 135 135 135 135 136 136 136 136 136 136 136 136 137 137 137 137 137 137 137 137 137 137 137 137 137 137 137 137 137 137 137 137 137 137 137 137 137 137 137 137 137 137 137 137 137 137 137 137 137 137 0 0 0 0 0 0 0 0 0 0 0 0 0 0 0 0 0 0 0 0 0 0 0 0 0 0 0 0 0 0 0 0 0 0 0 0 0 0 0 0 0 0 0 0 0 0 0 0 0 0 0 0 0 0 0 0 0 0 0 0 0 0 0 0 0 0 0 0 0 0 0 0 0 0 0 0 0 0 0 0 0 0 0 0 0 0 0 0 0 0 0 0 0 0 0 0 0 0 0 0 0 0 0 0 0 0 0 0 0 0 0 0 0 0 0 0 0 0 0 0 0 0 0 0 0 0 0 0 0 0 0 0 0 0 0 0 0 0 0 0 0 0 0 0 0 0 0 0 0 0 0 0 0 0 0 0 0 0 0 0 0 0 0 0 0 0 0 0 0 0 0 0 0 0 0 0 0 0 0 0 0 0 0 0 0 0 0 0 0 0 0 0 0 0 0 0 0 0 0 0 0 0 0 0 0 0 0 0 0 0 0 0 0 0 0 0 0 0 0 0 0 0 0 0 0 0 0 0 0 0 0 0 0 0 0 0 0 0 0 0 0 0 0 0 0 0 0 0 0 0 0 0 0 0 0 0 0 0 0 0 0 0 0 0 0 
0 0 0 0 0 0 0 0 0 0 0 0 0 0 0 0 0 125 125 125 125 125 125 125 125 125 125 125 125 125 125 125 125 125 126 126 126 126 126 126 126 126 127 127 127 127 127 127 128 128 128 128 128 128 128 128 128 128 128 128 128 128 128 129 129 129 129 129 129 129 129 129 129 129 129 129 129 129 129 129 130 130 130 130 130 130 130 130 130 130 130 130 130 130 131 131 131 131 131 131 131 131 131 131 131 131 131 131 131 131 132 132 132 132 132 132 132 132 132 132 132 132 132 132 132 132 132 133 133 133 133 133 133 133 133 133 133 133 133 133 133 133 133 133 133 133 133 133 133 133 133 133 133 133 133 133 134 134 134 134 134 134 134 134 134 134 134 134 134 134 134 134 134 134 134 134 134 134 135 135 135 135 135 135 135 135 135 135 135 135 135 135 136 136 136 136 136 136 137 137 137 137 137 137 137 137 137 137 137 137 137 137 137 137 137 137 137 137 137 137 137 137 137 137 137 137 137 137 137 137 137 137 137 137 137 137 137 137 0 0 0 0 0 0 0 0 0 0 0 0 0 0 0 0 0 0 0 0 0 0 0 0 0 0 0 0 0 0 0 0 0 0 0 0 0 0 0 0 0 0 0 0 0 0 0 0 0 0 0 0 0 0 0 0 0 0 0 0 0 0 0 0 0 0 0 0 0 0 0 0 0 0 0 0 0 0 0 0 0 0 0 0 0 0 0 0 0 0 0 0 0 0 0 0 0 0 0 0 0 0 0 0 0 0 0 0 0 0 0 0 0 0 0 0 0 0 0 0 0 0 0 0 0 0 0 0 0 0 0 0 0 0 0 0 0 0 0 0 0 0 0 0 0 0 0 0 0 0 0 0 0 0 0 0 0 0 0 0 0 0 0 0 0 0 0 0 0 0 0 0 0 0 0 0 0 0 0 0 0 0 0 0 0 0 0 0 0 0 0 0 0 0 0 0 0 0 0 0 0 0 0 0 0 0 0 0 0 0 0 0 0 0 0 0 0 0 0 0 0 0 0 0 0 0 0 0 0 0 0 0 0 0 0 0 0 0 0 0 0 0 0 0 0 0 0 0 0 0 0 0 0 0 0 0 0 0 0 0 0 0 0 0 0 
0 0 0 0 0 0 0 0 0 0 0 0 0 0 0 0 0 0 125 125 125 125 125 125 125 125 125 125 125 125 125 125 125 125 126 126 126 126 126 126 126 126 127 127 127 127 127 127 128 128 128 128 128 128 128 128 128 128 128 128 128 128 128 128 129 129 129 129 129 129 129 129 129 129 129 129 129 129 129 129 130 130 130 130 130 130 130 130 130 130 130 130 130 130 131 131 131 131 131 131 131 131 131 131 131 131 131 131 131 131 132 132 132 132 132 132 132 132 132 132 132 132 132 132 132 132 133 133 133 133 133 133 133 133 133 133 133 133 133 133 133 133 133 133 133 133 133 133 133 133 133 133 133 133 133 134 134 134 134 134 134 134 134 134 134 134 134 134 134 134 134 134 134 134 134 134 134 135 135 135 135 135 135 135 135 135 135 135 135 135 135 135 136 136 136 136 136 137 137 137 137 137 137 137 137 137 137 137 137 137 137 137 137 137 137 137 137 137 137 137 137 137 137 137 137 137 137 137 137 137 137 137 137 137 137 137 137 137 0 0 0 0 0 0 0 0 0 0 0 0 0 0 0 0 0 0 0 0 0 0 0 0 0 0 0 0 0 0 0 0 0 0 0 0 0 0 0 0 0 0 0 0 0 0 0 0 0 0 0 0 0 0 0 0 0 0 0 0 0 0 0 0 0 0 0 0 0 0 0 0 0 0 0 0 0 0 0 0 0 0 0 0 0 0 0 0 0 0 0 0 0 0 0 0 0 0 0 0 0 0 0 0 0 0 0 0 0 0 0 0 0 0 0 0 0 0 0 0 0 0 0 0 0 0 0 0 0 0 0 0 0 0 0 0 0 0 0 0 0 0 0 0 0 0 0 0 0 0 0 0 0 0 0 0 0 0 0 0 0 0 0 0 0 0 0 0 0 0 0 0 0 0 0 0 0 0 0 0 0 0 0 0 0 0 0 0 0 0 0 0 0 0 0 0 0 0 0 0 0 0 0 0 0 0 0 0 0 0 0 0 0 0 0 0 0 0 0 0 0 0 0 0 0 0 0 0 0 0 0 0 0 0 0 0 0 0 0 0 0 0 0 0 0 0 0 0 0 0 0 0 0 0 0 0 0 0 0 0 0 0 0 0 0 
0 0 0 0 0 0 0 0 0 0 0 0 0 0 0 0 0 0 125 125 125 125 125 125 125 125 125 125 125 125 125 125 125 125 126 126 126 126 126 126 126 126 127 127 127 127 127 127 127 128 128 128 128 128 128 128 128 128 128 128 128 128 128 128 129 129 129 129 129 129 129 129 129 129 129 129 129 129 129 129 130 130 130 130 130 130 130 130 130 130 130 130 130 130 130 131 131 131 131 131 131 131 131 131 131 131 131 131 131 131 132 132 132 132 132 132 132 132 132 132 132 132 132 132 132 132 133 133 133 133 133 133 133 133 133 133 133 133 133 133 133 133 133 133 133 133 133 133 133 133 133 133 133 133 133 134 134 134 134 134 134 134 134 134 134 134 134 134 134 134 134 134 134 134 134 134 135 135 135 135 135 135 135 135 135 135 135 135 135 135 135 135 136 136 136 136 137 137 137 137 137 137 137 137 137 137 137 137 137 137 137 137 137 137 137 137 137 137 137 137 137 137 137 137 137 137 137 137 137 137 137 137 137 137 137 137 137 138 0 0 0 0 0 0 0 0 0 0 0 0 0 0 0 0 0 0 0 0 0 0 0 0 0 0 0 0 0 0 0 0 0 0 0 0 0 0 0 0 0 0 0 0 0 0 0 0 0 0 0 0 0 0 0 0 0 0 0 0 0 0 0 0 0 0 0 0 0 0 0 0 0 0 0 0 0 0 0 0 0 0 0 0 0 0 0 0 0 0 0 0 0 0 0 0 0 0 0 0 0 0 0 0 0 0 0 0 0 0 0 0 0 0 0 0 0 0 0 0 0 0 0 0 0 0 0 0 0 0 0 0 0 0 0 0 0 0 0 0 0 0 0 0 0 0 0 0 0 0 0 0 0 0 0 0 0 0 0 0 0 0 0 0 0 0 0 0 0 0 0 0 0 0 0 0 0 0 0 0 0 0 0 0 0 0 0 0 0 0 0 0 0 0 0 0 0 0 0 0 0 0 0 0 0 0 0 0 0 0 0 0 0 0 0 0 0 0 0 0 0 0 0 0 0 0 0 0 0 0 0 0 0 0 0 0 0 0 0 0 0 0 0 0 0 0 0 0 0 0 0 0 0 0 0 0 0 0 0 0 0 0 0 0 0 
0 0 0 0 0 0 0 0 0 0 0 0 0 0 0 0 0 124 125 125 125 125 125 125 125 125 125 125 125 125 125 125 125 125 125 126 126 126 126 126 126 126 127 127 127 127 127 127 127 128 128 128 128 128 128 128 128 128 128 128 128 128 128 128 129 129 129 129 129 129 129 129 129 129 129 129 129 129 129 129 129 130 130 130 130 130 130 130 130 130 130 130 130 130 130 131 131 131 131 131 131 131 131 131 131 131 131 131 131 131 132 132 132 132 132 132 132 132 132 132 132 132 132 132 132 132 133 133 133 133 133 133 133 133 133 133 133 133 133 133 133 133 133 133 133 133 133 133 133 133 133 133 133 133 134 134 134 134 134 134 134 134 134 134 134 134 134 134 134 134 134 134 134 134 134 134 135 135 135 135 135 135 135 135 135 135 135 135 135 135 135 135 136 136 136 137 137 137 137 137 137 137 137 137 137 137 137 137 137 137 137 137 137 137 137 137 137 137 137 137 137 137 137 137 137 137 137 137 137 137 137 137 138 138 138 138 138 138 0 0 0 0 0 0 0 0 0 0 0 0 0 0 0 0 0 0 0 0 0 0 0 0 0 0 0 0 0 0 0 0 0 0 0 0 0 0 0 0 0 0 0 0 0 0 0 0 0 0 0 0 0 0 0 0 0 0 0 0 0 0 0 0 0 0 0 0 0 0 0 0 0 0 0 0 0 0 0 0 0 0 0 0 0 0 0 0 0 0 0 0 0 0 0 0 0 0 0 0 0 0 0 0 0 0 0 0 0 0 0 0 0 0 0 0 0 0 0 0 0 0 0 0 0 0 0 0 0 0 0 0 0 0 0 0 0 0 0 0 0 0 0 0 0 0 0 0 0 0 0 0 0 0 0 0 0 0 0 0 0 0 0 0 0 0 0 0 0 0 0 0 0 0 0 0 0 0 0 0 0 0 0 0 0 0 0 0 0 0 0 0 0 0 0 0 0 0 0 0 0 0 0 0 0 0 0 0 0 0 0 0 0 0 0 0 0 0 0 0 0 0 0 0 0 0 0 0 0 0 0 0 0 0 0 0 0 0 0 0 0 0 0 0 0 0 0 0 0 0 0 0 0 0 0 0 0 0 0 0 0 0 0 0 0 
0 0 0 0 0 0 0 0 0 0 0 0 0 0 0 124 124 124 125 125 125 125 125 125 125 125 125 125 125 125 125 125 125 125 125 126 126 126 126 126 126 126 127 127 127 127 127 127 127 127 128 128 128 128 128 128 128 128 128 128 128 128 128 128 128 129 129 129 129 129 129 129 129 129 129 129 129 129 129 129 129 130 130 130 130 130 130 130 130 130 130 130 130 130 130 131 131 131 131 131 131 131 131 131 131 131 131 131 131 131 132 132 132 132 132 132 132 132 132 132 132 132 132 132 132 132 133 133 133 133 133 133 133 133 133 133 133 133 133 133 133 133 133 133 133 133 133 133 133 133 133 133 133 134 134 134 134 134 134 134 134 134 134 134 134 134 134 134 134 134 134 134 134 134 135 135 135 135 135 135 135 135 135 135 135 135 135 135 135 135 135 135 136 136 137 137 137 137 137 137 137 137 137 137 137 137 137 137 137 137 137 137 137 137 137 137 137 137 137 137 137 137 137 137 137 137 137 137 137 138 138 138 138 138 138 138 138 0 0 0 0 0 0 0 0 0 0 0 0 0 0 0 0 0 0 0 0 0 0 0 0 0 0 0 0 0 0 0 0 0 0 0 0 0 0 0 0 0 0 0 0 0 0 0 0 0 0 0 0 0 0 0 0 0 0 0 0 0 0 0 0 0 0 0 0 0 0 0 0 0 0 0 0 0 0 0 0 0 0 0 0 0 0 0 0 0 0 0 0 0 0 0 0 0 0 0 0 0 0 0 0 0 0 0 0 0 0 0 0 0 0 0 0 0 0 0 0 0 0 0 0 0 0 0 0 0 0 0 0 0 0 0 0 0 0 0 0 0 0 0 0 0 0 0 0 0 0 0 0 0 0 0 0 0 0 0 0 0 0 0 0 0 0 0 0 0 0 0 0 0 0 0 0 0 0 0 0 0 0 0 0 0 0 0 0 0 0 0 0 0 0 0 0 0 0 0 0 0 0 0 0 0 0 0 0 0 0 0 0 0 0 0 0 0 0 0 0 0 0 0 0 0 0 0 0 0 0 0 0 0 0 0 0 0 0 0 0 0 0 0 0 0 0 0 0 0 0 0 0 0 0 0 0 0 0 0 0 0 0 0 0 0 0 
0 0 0 0 0 0 0 0 0 0 0 0 0 0 124 124 124 124 124 125 125 125 125 125 125 125 125 125 125 125 125 125 125 125 125 126 126 126 126 126 126 126 127 127 127 127 127 127 127 127 128 128 128 128 128 128 128 128 128 128 128 128 128 128 128 129 129 129 129 129 129 129 129 129 129 129 129 129 129 129 129 130 130 130 130 130 130 130 130 130 130 130 130 130 130 131 131 131 131 131 131 131 131 131 131 131 131 131 131 131 132 132 132 132 132 132 132 132 132 132 132 132 132 132 132 132 133 133 133 133 133 133 133 133 133 133 133 133 133 133 133 133 133 133 133 133 133 133 133 133 133 133 133 134 134 134 134 134 134 134 134 134 134 134 134 134 134 134 134 134 134 134 134 134 135 135 135 135 135 135 135 135 135 135 135 135 135 135 135 135 135 135 137 137 137 137 137 137 137 137 137 137 137 137 137 137 137 137 137 137 137 137 137 137 137 137 137 137 137 137 137 137 137 137 137 137 137 137 138 138 138 138 138 138 138 138 0 0 0 0 0 0 0 0 0 0 0 0 0 0 0 0 0 0 0 0 0 0 0 0 0 0 0 0 0 0 0 0 0 0 0 0 0 0 0 0 0 0 0 0 0 0 0 0 0 0 0 0 0 0 0 0 0 0 0 0 0 0 0 0 0 0 0 0 0 0 0 0 0 0 0 0 0 0 0 0 0 0 0 0 0 0 0 0 0 0 0 0 0 0 0 0 0 0 0 0 0 0 0 0 0 0 0 0 0 0 0 0 0 0 0 0 0 0 0 0 0 0 0 0 0 0 0 0 0 0 0 0 0 0 0 0 0 0 0 0 0 0 0 0 0 0 0 0 0 0 0 0 0 0 0 0 0 0 0 0 0 0 0 0 0 0 0 0 0 0 0 0 0 0 0 0 0 0 0 0 0 0 0 0 0 0 0 0 0 0 0 0 0 0 0 0 0 0 0 0 0 0 0 0 0 0 0 0 0 0 0 0 0 0 0 0 0 0 0 0 0 0 0 0 0 0 0 0 0 0 0 0 0 0 0 0 0 0 0 0 0 0 0 0 0 0 0 0 0 0 0 0 0 0 0 0 0 0 0 0 0 0 0 0 0 0 0 
0 0 0 0 0 0 0 0 0 0 0 0 0 0 124 124 124 124 124 125 125 125 125 125 125 125 125 125 125 125 125 125 125 125 125 126 126 126 126 126 126 126 127 127 127 127 127 127 127 127 127 128 128 128 128 128 128 128 128 128 128 128 128 128 128 129 129 129 129 129 129 129 129 129 129 129 129 129 129 129 130 130 130 130 130 130 130 130 130 130 130 130 130 130 130 131 131 131 131 131 131 131 131 131 131 131 131 131 131 131 132 132 132 132 132 132 132 132 132 132 132 132 132 132 132 132 133 133 133 133 133 133 133 133 133 133 133 133 133 133 133 133 133 133 133 133 133 133 133 133 133 133 133 134 134 134 134 134 134 134 134 134 134 134 134 134 134 134 134 134 134 134 134 135 135 135 135 135 135 135 135 135 135 135 135 135 135 135 135 135 135 135 137 137 137 137 137 137 137 137 137 137 137 137 137 137 137 137 137 137 137 137 137 137 137 137 137 137 137 137 137 137 137 137 137 137 137 138 138 138 138 138 138 138 138 138 0 0 0 0 0 0 0 0 0 0 0 0 0 0 0 0 0 0 0 0 0 0 0 0 0 0 0 0 0 0 0 0 0 0 0 0 0 0 0 0 0 0 0 0 0 0 0 0 0 0 0 0 0 0 0 0 0 0 0 0 0 0 0 0 0 0 0 0 0 0 0 0 0 0 0 0 0 0 0 0 0 0 0 0 0 0 0 0 0 0 0 0 0 0 0 0 0 0 0 0 0 0 0 0 0 0 0 0 0 0 0 0 0 0 0 0 0 0 0 0 0 0 0 0 0 0 0 0 0 0 0 0 0 0 0 0 0 0 0 0 0 0 0 0 0 0 0 0 0 0 0 0 0 0 0 0 0 0 0 0 0 0 0 0 0 0 0 0 0 0 0 0 0 0 0 0 0 0 0 0 0 0 0 0 0 0 0 0 0 0 0 0 0 0 0 0 0 0 0 0 0 0 0 0 0 0 0 0 0 0 0 0 0 0 0 0 0 0 0 0 0 0 0 0 0 0 0 0 0 0 0 0 0 0 0 0 0 0 0 0 0 0 0 0 0 0 0 0 0 0 0 0 0 0 0 0 0 0 0 0 0 0 0 0 0 0 0 
0 0 0 0 0 0 0 0 0 0 0 124 124 124 124 124 124 124 124 124 125 125 125 125 125 125 125 125 125 125 125 125 125 125 125 125 126 126 126 126 126 126 127 127 127 127 127 127 127 127 127 128 128 128 128 128 128 128 128 128 128 128 128 128 128 128 129 129 129 129 129 129 129 129 129 129 129 129 129 129 130 130 130 130 130 130 130 130 130 130 130 130 130 130 130 130 131 131 131 131 131 131 131 131 131 131 131 131 131 131 132 132 132 132 132 132 132 132 132 132 132 132 132 132 132 132 133 133 133 133 133 133 133 133 133 133 133 133 133 133 133 133 133 133 133 133 133 133 133 133 133 133 134 134 134 134 134 134 134 134 134 134 134 134 134 134 134 134 134 134 134 134 135 135 135 135 135 135 135 135 135 135 135 135 135 135 135 135 135 135 135 135 137 137 137 137 137 137 137 137 137 137 137 137 137 137 137 137 137 137 137 137 137 137 137 137 137 137 137 137 137 137 137 137 137 138 138 138 138 138 138 138 138 138 138 0 0 0 0 0 0 0 0 0 0 0 0 0 0 0 0 0 0 0 0 0 0 0 0 0 0 0 0 0 0 0 0 0 0 0 0 0 0 0 0 0 0 0 0 0 0 0 0 0 0 0 0 0 0 0 0 0 0 0 0 0 0 0 0 0 0 0 0 0 0 0 0 0 0 0 0 0 0 0 0 0 0 0 0 0 0 0 0 0 0 0 0 0 0 0 0 0 0 0 0 0 0 0 0 0 0 0 0 0 0 0 0 0 0 0 0 0 0 0 0 0 0 0 0 0 0 0 0 0 0 0 0 0 0 0 0 0 0 0 0 0 0 0 0 0 0 0 0 0 0 0 0 0 0 0 0 0 0 0 0 0 0 0 0 0 0 0 0 0 0 0 0 0 0 0 0 0 0 0 0 0 0 0 0 0 0 0 0 0 0 0 0 0 0 0 0 0 0 0 0 0 0 0 0 0 0 0 0 0 0 0 0 0 0 0 0 0 0 0 0 0 0 0 0 0 0 0 0 0 0 0 0 0 0 0 0 0 0 0 0 0 0 0 0 0 0 0 0 0 0 0 0 0 0 0 0 0 0 0 0 0 0 0 0 0 0 0 0 
0 0 0 0 0 0 0 0 0 0 0 124 124 124 124 124 124 124 124 124 125 125 125 125 125 125 125 125 125 125 125 125 125 125 125 125 126 126 126 126 126 126 127 127 127 127 127 127 127 127 127 127 128 128 128 128 128 128 128 128 128 128 128 128 128 128 129 129 129 129 129 129 129 129 129 129 129 129 129 129 129 130 130 130 130 130 130 130 130 130 130 130 130 130 130 130 131 131 131 131 131 131 131 131 131 131 131 131 131 131 132 132 132 132 132 132 132 132 132 132 132 132 132 132 132 133 133 133 133 133 133 133 133 133 133 133 133 133 133 133 133 133 133 133 133 133 133 133 133 133 133 134 134 134 134 134 134 134 134 134 134 134 134 134 134 134 134 134 134 134 134 135 135 135 135 135 135 135 135 135 135 135 135 135 135 135 135 135 135 135 135 135 137 137 137 137 137 137 137 137 137 137 137 137 137 137 137 137 137 137 137 137 137 137 137 137 137 137 137 137 137 137 137 138 138 138 138 138 138 138 138 138 138 138 0 0 0 0 0 0 0 0 0 0 0 0 0 0 0 0 0 0 0 0 0 0 0 0 0 0 0 0 0 0 0 0 0 0 0 0 0 0 0 0 0 0 0 0 0 0 0 0 0 0 0 0 0 0 0 0 0 0 0 0 0 0 0 0 0 0 0 0 0 0 0 0 0 0 0 0 0 0 0 0 0 0 0 0 0 0 0 0 0 0 0 0 0 0 0 0 0 0 0 0 0 0 0 0 0 0 0 0 0 0 0 0 0 0 0 0 0 0 0 0 0 0 0 0 0 0 0 0 0 0 0 0 0 0 0 0 0 0 0 0 0 0 0 0 0 0 0 0 0 0 0 0 0 0 0 0 0 0 0 0 0 0 0 0 0 0 0 0 0 0 0 0 0 0 0 0 0 0 0 0 0 0 0 0 0 0 0 0 0 0 0 0 0 0 0 0 0 0 0 0 0 0 0 0 0 0 0 0 0 0 0 0 0 0 0 0 0 0 0 0 0 0 0 0 0 0 0 0 0 0 0 0 0 0 0 0 0 0 0 0 0 0 0 0 0 0 0 0 0 0 0 0 0 0 0 0 0 0 0 0 0 0 0 0 0 0 0 0 0 
0 0 0 0 0 0 0 0 0 0 0 124 124 124 124 124 124 124 124 124 124 125 125 125 125 125 125 125 125 125 125 125 125 125 125 125 125 126 126 126 126 126 127 127 127 127 127 127 127 127 127 127 128 128 128 128 128 128 128 128 128 128 128 128 128 128 128 129 129 129 129 129 129 129 129 129 129 129 129 129 129 130 130 130 130 130 130 130 130 130 130 130 130 130 130 130 131 131 131 131 131 131 131 131 131 131 131 131 131 131 132 132 132 132 132 132 132 132 132 132 132 132 132 132 132 133 133 133 133 133 133 133 133 133 133 133 133 133 133 133 133 133 133 133 133 133 133 133 133 133 133 134 134 134 134 134 134 134 134 134 134 134 134 134 134 134 134 134 134 134 135 135 135 135 135 135 135 135 135 135 135 135 135 135 135 135 135 135 135 135 135 135 137 137 137 137 137 137 137 137 137 137 137 137 137 137 137 137 137 137 137 137 137 137 137 137 137 137 137 137 137 138 138 138 138 138 138 138 138 138 138 138 138 138 0 0 0 0 0 0 0 0 0 0 0 0 0 0 0 0 0 0 0 0 0 0 0 0 0 0 0 0 0 0 0 0 0 0 0 0 0 0 0 0 0 0 0 0 0 0 0 0 0 0 0 0 0 0 0 0 0 0 0 0 0 0 0 0 0 0 0 0 0 0 0 0 0 0 0 0 0 0 0 0 0 0 0 0 0 0 0 0 0 0 0 0 0 0 0 0 0 0 0 0 0 0 0 0 0 0 0 0 0 0 0 0 0 0 0 0 0 0 0 0 0 0 0 0 0 0 0 0 0 0 0 0 0 0 0 0 0 0 0 0 0 0 0 0 0 0 0 0 0 0 0 0 0 0 0 0 0 0 0 0 0 0 0 0 0 0 0 0 0 0 0 0 0 0 0 0 0 0 0 0 0 0 0 0 0 0 0 0 0 0 0 0 0 0 0 0 0 0 0 0 0 0 0 0 0 0 0 0 0 0 0 0 0 0 0 0 0 0 0 0 0 0 0 0 0 0 0 0 0 0 0 0 0 0 0 0 0 0 0 0 0 0 0 0 0 0 0 0 0 0 0 0 0 0 0 0 0 0 0 0 0 0 0 0 0 0 0 0 0 
0 0 0 0 0 0 0 0 0 0 0 0 124 124 124 124 124 124 124 124 124 125 125 125 125 125 125 125 125 125 125 125 125 125 125 125 125 125 126 126 126 126 127 127 127 127 127 127 127 127 127 127 127 128 128 128 128 128 128 128 128 128 128 128 128 128 128 129 129 129 129 129 129 129 129 129 129 129 129 129 129 130 130 130 130 130 130 130 130 130 130 130 130 130 130 130 130 131 131 131 131 131 131 131 131 131 131 131 131 131 132 132 132 132 132 132 132 132 132 132 132 132 132 132 132 133 133 133 133 133 133 133 133 133 133 133 133 133 133 133 133 134 133 133 133 133 133 133 133 133 134 134 134 134 134 134 134 134 134 134 134 134 134 134 134 134 134 134 134 134 135 135 135 135 135 135 135 135 135 135 135 135 135 135 135 135 135 135 135 135 135 135 137 137 137 137 137 137 137 137 137 137 137 137 137 137 137 137 137 137 137 137 137 137 137 137 137 137 137 138 138 138 138 138 138 138 138 138 138 138 138 138 138 138 0 0 0 0 0 0 0 0 0 0 0 0 0 0 0 0 0 0 0 0 0 0 0 0 0 0 0 0 0 0 0 0 0 0 0 0 0 0 0 0 0 0 0 0 0 0 0 0 0 0 0 0 0 0 0 0 0 0 0 0 0 0 0 0 0 0 0 0 0 0 0 0 0 0 0 0 0 0 0 0 0 0 0 0 0 0 0 0 0 0 0 0 0 0 0 0 0 0 0 0 0 0 0 0 0 0 0 0 0 0 0 0 0 0 0 0 0 0 0 0 0 0 0 0 0 0 0 0 0 0 0 0 0 0 0 0 0 0 0 0 0 0 0 0 0 0 0 0 0 0 0 0 0 0 0 0 0 0 0 0 0 0 0 0 0 0 0 0 0 0 0 0 0 0 0 0 0 0 0 0 0 0 0 0 0 0 0 0 0 0 0 0 0 0 0 0 0 0 0 0 0 0 0 0 0 0 0 0 0 0 0 0 0 0 0 0 0 0 0 0 0 0 0 0 0 0 0 0 0 0 0 0 0 0 0 0 0 0 0 0 0 0 0 0 0 0 0 0 0 0 0 0 0 0 0 0 0 0 0 0 0 0 0 0 0 0 0 0 0 
0 0 0 0 0 0 0 0 0 0 124 124 124 124 124 124 124 124 124 124 124 125 125 125 125 125 125 125 125 125 125 125 125 125 125 125 125 125 126 126 126 126 127 127 127 127 127 127 127 127 127 127 127 128 128 128 128 128 128 128 128 128 128 128 128 128 128 128 129 129 129 129 129 129 129 129 129 129 129 129 129 129 130 130 130 130 130 130 130 130 130 130 130 130 130 130 130 131 131 131 131 131 131 131 131 131 131 131 131 131 132 132 132 132 132 132 132 132 132 132 132 132 132 132 132 133 133 133 133 133 133 133 133 133 133 133 133 133 133 133 133 134 133 133 133 133 133 133 133 133 134 134 134 134 134 134 134 134 134 134 134 134 134 134 134 134 134 134 134 135 135 135 135 135 135 135 135 135 135 135 135 135 135 135 135 135 135 135 135 135 135 135 137 137 137 137 137 137 137 137 137 137 137 137 137 137 137 137 137 137 137 137 137 137 137 137 137 138 138 138 138 138 138 138 138 138 138 138 138 138 138 138 138 138 138 0 0 0 0 0 0 0 0 0 0 0 0 0 0 0 0 0 0 0 0 0 0 0 0 0 0 0 0 0 0 0 0 0 0 0 0 0 0 0 0 0 0 0 0 0 0 0 0 0 0 0 0 0 0 0 0 0 0 0 0 0 0 0 0 0 0 0 0 0 0 0 0 0 0 0 0 0 0 0 0 0 0 0 0 0 0 0 0 0 0 0 0 0 0 0 0 0 0 0 0 0 0 0 0 0 0 0 0 0 0 0 0 0 0 0 0 0 0 0 0 0 0 0 0 0 0 0 0 0 0 0 0 0 0 0 0 0 0 0 0 0 0 0 0 0 0 0 0 0 0 0 0 0 0 0 0 0 0 0 0 0 0 0 0 0 0 0 0 0 0 0 0 0 0 0 0 0 0 0 0 0 0 0 0 0 0 0 0 0 0 0 0 0 0 0 0 0 0 0 0 0 0 0 0 0 0 0 0 0 0 0 0 0 0 0 0 0 0 0 0 0 0 0 0 0 0 0 0 0 0 0 0 0 0 0 0 0 0 0 0 0 0 0 0 0 0 0 0 0 0 0 0 0 0 0 0 0 0 0 0 0 0 0 0 0 0 0 0 
0 0 0 0 0 0 0 0 0 124 124 124 124 124 124 124 124 124 124 124 124 124 124 125 125 125 125 125 125 125 125 125 125 125 125 125 125 125 125 126 126 126 127 127 127 127 127 127 127 127 127 127 127 127 128 128 128 128 128 128 128 128 128 128 128 128 128 128 129 129 129 129 129 129 129 129 129 129 129 129 129 129 130 130 130 130 130 130 130 130 130 130 130 130 130 130 130 131 131 131 131 131 131 131 131 131 131 131 131 131 132 132 132 132 132 132 132 132 132 132 132 132 132 132 132 133 133 133 133 133 133 133 133 133 133 133 133 133 133 133 133 134 133 133 133 133 133 133 133 134 134 134 134 134 134 134 134 134 134 134 134 134 134 134 134 134 134 134 135 135 135 135 135 135 135 135 135 135 135 135 135 135 135 135 135 135 135 135 135 135 135 135 137 137 137 137 137 137 137 137 137 137 137 137 137 137 137 137 137 137 137 137 137 137 137 138 138 138 138 138 138 138 138 138 138 138 138 138 138 138 138 138 138 138 138 138 138 138 0 0 0 0 0 0 0 0 0 0 0 0 0 0 0 0 0 0 0 0 0 0 0 0 0 0 0 0 0 0 0 0 0 0 0 0 0 0 0 0 0 0 0 0 0 0 0 0 0 0 0 0 0 0 0 0 0 0 0 0 0 0 0 0 0 0 0 0 0 0 0 0 0 0 0 0 0 0 0 0 0 0 0 0 0 0 0 0 0 0 0 0 0 0 0 0 0 0 0 0 0 0 0 0 0 0 0 0 0 0 0 0 0 0 0 0 0 0 0 0 0 0 0 0 0 0 0 0 0 0 0 0 0 0 0 0 0 0 0 0 0 0 0 0 0 0 0 0 0 0 0 0 0 0 0 0 0 0 0 0 0 0 0 0 0 0 0 0 0 0 0 0 0 0 0 0 0 0 0 0 0 0 0 0 0 0 0 0 0 0 0 0 0 0 0 0 0 0 0 0 0 0 0 0 0 0 0 0 0 0 0 0 0 0 0 0 0 0 0 0 0 0 0 0 0 0 0 0 0 0 0 0 0 0 0 0 0 0 0 0 0 0 0 0 0 0 0 0 0 0 0 0 0 0 0 0 0 0 0 0 0 0 0 0 0 
0 0 0 0 0 0 0 0 0 124 124 124 124 124 124 124 124 124 124 124 124 124 124 125 125 125 125 125 125 125 125 125 125 125 125 125 125 125 125 126 126 126 127 127 127 127 127 127 127 127 127 127 127 127 128 128 128 128 128 128 128 128 128 128 128 128 128 128 129 129 129 129 129 129 129 129 129 129 129 129 129 129 130 130 130 130 130 130 130 130 130 130 130 130 130 130 131 131 131 131 131 131 131 131 131 131 131 131 131 131 131 132 132 132 132 132 132 132 132 132 132 132 132 132 132 133 133 133 133 133 133 133 133 133 133 133 133 133 133 133 133 134 133 133 133 133 133 133 133 134 134 134 134 134 134 134 134 134 134 134 134 134 134 134 134 134 134 134 135 135 135 135 135 135 135 135 135 135 135 135 135 135 135 135 135 135 135 135 135 135 135 136 137 137 137 137 137 137 137 137 137 137 137 137 137 137 137 137 137 137 137 137 137 137 138 138 138 138 138 138 138 138 138 138 138 138 138 138 138 138 138 138 138 138 138 138 138 138 138 0 0 0 0 0 0 0 0 0 0 0 0 0 0 0 0 0 0 0 0 0 0 0 0 0 0 0 0 0 0 0 0 0 0 0 0 0 0 0 0 0 0 0 0 0 0 0 0 0 0 0 0 0 0 0 0 0 0 0 0 0 0 0 0 0 0 0 0 0 0 0 0 0 0 0 0 0 0 0 0 0 0 0 0 0 0 0 0 0 0 0 0 0 0 0 0 0 0 0 0 0 0 0 0 0 0 0 0 0 0 0 0 0 0 0 0 0 0 0 0 0 0 0 0 0 0 0 0 0 0 0 0 0 0 0 0 0 0 0 0 0 0 0 0 0 0 0 0 0 0 0 0 0 0 0 0 0 0 0 0 0 0 0 0 0 0 0 0 0 0 0 0 0 0 0 0 0 0 0 0 0 0 0 0 0 0 0 0 0 0 0 0 0 0 0 0 0 0 0 0 0 0 0 0 0 0 0 0 0 0 0 0 0 0 0 0 0 0 0 0 0 0 0 0 0 0 0 0 0 0 0 0 0 0 0 0 0 0 0 0 0 0 0 0 0 0 0 0 0 0 0 0 0 0 0 0 0 0 0 0 0 0 0 0 
0 0 0 0 0 0 0 0 0 124 124 124 124 124 124 124 124 124 124 124 124 124 124 124 124 125 125 125 125 125 125 125 125 125 125 125 125 125 125 125 126 126 127 127 127 127 127 127 127 127 127 127 127 127 127 128 128 128 128 128 128 128 128 128 128 128 128 128 128 129 129 129 129 129 129 129 129 129 129 129 129 129 130 130 130 130 130 130 130 130 130 130 130 130 130 130 130 131 131 131 131 131 131 131 131 131 131 131 131 131 131 132 132 132 132 132 132 132 132 132 132 132 132 132 132 133 133 133 133 133 133 133 133 133 133 133 133 133 133 133 134 134 133 133 133 133 133 133 134 134 134 134 134 134 134 134 134 134 134 134 134 134 134 134 134 134 134 135 135 135 135 135 135 135 135 135 135 135 135 135 135 135 135 135 135 135 135 135 135 135 136 136 137 137 137 137 137 137 137 137 137 137 137 137 137 137 137 137 137 137 137 137 138 138 138 138 138 138 138 138 138 138 138 138 138 138 138 138 138 138 138 138 138 138 138 138 138 138 138 138 0 0 0 0 0 0 0 0 0 0 0 0 0 0 0 0 0 0 0 0 0 0 0 0 0 0 0 0 0 0 0 0 0 0 0 0 0 0 0 0 0 0 0 0 0 0 0 0 0 0 0 0 0 0 0 0 0 0 0 0 0 0 0 0 0 0 0 0 0 0 0 0 0 0 0 0 0 0 0 0 0 0 0 0 0 0 0 0 0 0 0 0 0 0 0 0 0 0 0 0 0 0 0 0 0 0 0 0 0 0 0 0 0 0 0 0 0 0 0 0 0 0 0 0 0 0 0 0 0 0 0 0 0 0 0 0 0 0 0 0 0 0 0 0 0 0 0 0 0 0 0 0 0 0 0 0 0 0 0 0 0 0 0 0 0 0 0 0 0 0 0 0 0 0 0 0 0 0 0 0 0 0 0 0 0 0 0 0 0 0 0 0 0 0 0 0 0 0 0 0 0 0 0 0 0 0 0 0 0 0 0 0 0 0 0 0 0 0 0 0 0 0 0 0 0 0 0 0 0 0 0 0 0 0 0 0 0 0 0 0 0 0 0 0 0 0 0 0 0 0 0 0 0 0 0 0 0 0 0 0 0 0 0 
0 0 0 0 0 0 0 0 0 0 0 0 124 124 124 124 124 124 124 124 124 124 124 0 0 125 125 125 125 125 125 125 125 125 125 125 125 125 125 125 126 126 127 127 127 127 127 127 127 127 127 127 127 127 127 127 128 128 128 128 128 128 128 128 128 128 128 128 128 129 129 129 129 129 129 129 129 129 129 129 129 129 129 130 130 130 130 130 130 130 130 130 130 130 130 130 130 131 131 131 131 131 131 131 131 131 131 131 131 131 131 132 132 132 132 132 132 132 132 132 132 132 132 132 132 133 133 133 133 133 133 133 133 133 133 133 133 133 133 133 134 134 133 133 133 133 133 133 134 134 134 134 134 134 134 134 134 134 134 134 134 134 134 134 134 134 135 135 135 135 135 135 135 135 135 135 135 135 135 135 135 135 135 135 135 135 135 135 135 136 136 136 137 137 137 137 137 137 137 137 137 137 137 137 137 137 137 137 137 137 137 138 138 138 138 138 138 138 138 138 138 138 138 138 138 138 138 138 138 138 138 138 138 138 138 138 138 138 138 138 138 0 0 0 0 0 0 0 0 0 0 0 0 0 0 0 0 0 0 0 0 0 0 0 0 0 0 0 0 0 0 0 0 0 0 0 0 0 0 0 0 0 0 0 0 0 0 0 0 0 0 0 0 0 0 0 0 0 0 0 0 0 0 0 0 0 0 0 0 0 0 0 0 0 0 0 0 0 0 0 0 0 0 0 0 0 0 0 0 0 0 0 0 0 0 0 0 0 0 0 0 0 0 0 0 0 0 0 0 0 0 0 0 0 0 0 0 0 0 0 0 0 0 0 0 0 0 0 0 0 0 0 0 0 0 0 0 0 0 0 0 0 0 0 0 0 0 0 0 0 0 0 0 0 0 0 0 0 0 0 0 0 0 0 0 0 0 0 0 0 0 0 0 0 0 0 0 0 0 0 0 0 0 0 0 0 0 0 0 0 0 0 0 0 0 0 0 0 0 0 0 0 0 0 0 0 0 0 0 0 0 0 0 0 0 0 0 0 0 0 0 0 0 0 0 0 0 0 0 0 0 0 0 0 0 0 0 0 0 0 0 0 0 0 0 0 0 0 0 0 0 0 0 0 0 0 0 0 0 0 0 0 0 
0 0 0 0 0 0 0 0 0 0 0 0 0 124 124 124 124 124 124 124 124 124 0 0 0 0 124 124 125 125 125 125 125 125 125 125 125 125 125 125 126 126 127 127 127 127 127 127 127 127 127 127 127 127 127 127 128 128 128 128 128 128 128 128 128 128 128 128 128 128 129 129 129 129 129 129 129 129 129 129 129 129 129 130 130 130 130 130 130 130 130 130 130 130 130 130 130 131 131 131 131 131 131 131 131 131 131 131 131 131 131 132 132 132 132 132 132 132 132 132 132 132 132 132 132 133 133 133 133 133 133 133 133 133 133 133 133 133 133 133 134 134 133 133 133 133 133 134 134 134 134 134 134 134 134 134 134 134 134 134 134 134 134 134 134 135 135 135 135 135 135 135 135 135 135 135 135 135 135 135 135 135 135 135 135 135 135 135 136 136 136 136 137 137 137 137 137 137 137 137 137 137 137 137 137 137 137 137 137 138 138 138 138 138 138 138 138 138 138 138 138 138 138 138 138 138 138 138 138 138 138 138 138 138 138 138 138 138 138 138 138 0 0 0 0 0 0 0 0 0 0 0 0 0 0 0 0 0 0 0 0 0 0 0 0 0 0 0 0 0 0 0 0 0 0 0 0 0 0 0 0 0 0 0 0 0 0 0 0 0 0 0 0 0 0 0 0 0 0 0 0 0 0 0 0 0 0 0 0 0 0 0 0 0 0 0 0 0 0 0 0 0 0 0 0 0 0 0 0 0 0 0 0 0 0 0 0 0 0 0 0 0 0 0 0 0 0 0 0 0 0 0 0 0 0 0 0 0 0 0 0 0 0 0 0 0 0 0 0 0 0 0 0 0 0 0 0 0 0 0 0 0 0 0 0 0 0 0 0 0 0 0 0 0 0 0 0 0 0 0 0 0 0 0 0 0 0 0 0 0 0 0 0 0 0 0 0 0 0 0 0 0 0 0 0 0 0 0 0 0 0 0 0 0 0 0 0 0 0 0 0 0 0 0 0 0 0 0 0 0 0 0 0 0 0 0 0 0 0 0 0 0 0 0 0 0 0 0 0 0 0 0 0 0 0 0 0 0 0 0 0 0 0 0 0 0 0 0 0 0 0 0 0 0 0 0 0 0 0 0 0 0 0 
0 0 0 0 0 0 0 0 0 0 0 0 0 0 0 124 124 124 124 124 0 0 0 0 0 0 124 124 124 124 125 125 125 125 125 125 125 125 125 125 125 126 126 127 127 127 127 127 127 127 127 127 127 127 127 127 127 128 128 128 128 128 128 128 128 128 128 128 128 128 129 129 129 129 129 129 129 129 129 129 129 129 129 130 130 130 130 130 130 130 130 130 130 130 130 130 130 131 131 131 131 131 131 131 131 131 131 131 131 131 131 132 132 132 132 132 132 132 132 132 132 132 132 132 133 133 133 133 133 133 133 133 133 133 133 133 133 133 133 133 134 134 133 133 133 133 133 133 134 134 134 134 134 134 134 134 134 134 134 134 134 134 134 134 134 135 135 135 135 135 135 135 135 135 135 135 135 135 135 135 135 135 135 135 135 135 135 136 136 136 136 136 137 137 137 137 137 137 137 137 137 137 137 137 137 137 137 137 138 138 138 138 138 138 138 138 138 138 138 138 138 138 138 138 138 138 138 138 138 138 138 138 138 138 138 138 138 138 138 138 138 138 0 0 0 0 0 0 0 0 0 0 0 0 0 0 0 0 0 0 0 0 0 0 0 0 0 0 0 0 0 0 0 0 0 0 0 0 0 0 0 0 0 0 0 0 0 0 0 0 0 0 0 0 0 0 0 0 0 0 0 0 0 0 0 0 0 0 0 0 0 0 0 0 0 0 0 0 0 0 0 0 0 0 0 0 0 0 0 0 0 0 0 0 0 0 0 0 0 0 0 0 0 0 0 0 0 0 0 0 0 0 0 0 0 0 0 0 0 0 0 0 0 0 0 0 0 0 0 0 0 0 0 0 0 0 0 0 0 0 0 0 0 0 0 0 0 0 0 0 0 0 0 0 0 0 0 0 0 0 0 0 0 0 0 0 0 0 0 0 0 0 0 0 0 0 0 0 0 0 0 0 0 0 0 0 0 0 0 0 0 0 0 0 0 0 0 0 0 0 0 0 0 0 0 0 0 0 0 0 0 0 0 0 0 0 0 0 0 0 0 0 0 0 0 0 0 0 0 0 0 0 0 0 0 0 0 0 0 0 0 0 0 0 0 0 0 0 0 0 0 0 0 0 0 0 0 0 0 0 0 0 0 
0 0 0 0 0 0 0 0 0 0 0 0 0 0 0 0 0 0 0 0 0 0 0 0 0 0 0 0 0 0 0 125 125 125 125 125 125 125 125 125 125 126 126 126 127 127 127 127 127 127 127 127 127 127 127 127 127 128 128 128 128 128 128 128 128 128 128 128 128 128 128 129 129 129 129 129 129 129 129 129 129 129 129 129 130 130 130 130 130 130 130 130 130 130 130 130 130 130 131 131 131 131 131 131 131 131 131 131 131 131 131 132 132 132 132 132 132 132 132 132 132 132 132 132 133 133 133 133 133 133 133 133 133 133 133 133 133 133 133 134 134 134 133 133 133 133 133 134 134 134 134 134 134 134 134 134 134 134 134 134 134 134 134 134 134 135 135 135 135 135 135 135 135 135 135 135 135 135 135 135 135 135 135 135 135 135 136 136 136 136 136 136 137 137 137 137 137 137 137 137 137 137 137 137 137 137 138 138 138 138 138 138 138 138 138 138 138 138 138 138 138 138 138 138 138 138 138 138 138 138 138 138 138 138 138 138 138 138 138 138 138 0 0 0 0 0 0 0 0 0 0 0 0 0 0 0 0 0 0 0 0 0 0 0 0 0 0 0 0 0 0 0 0 0 0 0 0 0 0 0 0 0 0 0 0 0 0 0 0 0 0 0 0 0 0 0 0 0 0 0 0 0 0 0 0 0 0 0 0 0 0 0 0 0 0 0 0 0 0 0 0 0 0 0 0 0 0 0 0 0 0 0 0 0 0 0 0 0 0 0 0 0 0 0 0 0 0 0 0 0 0 0 0 0 0 0 0 0 0 0 0 0 0 0 0 0 0 0 0 0 0 0 0 0 0 0 0 0 0 0 0 0 0 0 0 0 0 0 0 0 0 0 0 0 0 0 0 0 0 0 0 0 0 0 0 0 0 0 0 0 0 0 0 0 0 0 0 0 0 0 0 0 0 0 0 0 0 0 0 0 0 0 0 0 0 0 0 0 0 0 0 0 0 0 0 0 0 0 0 0 0 0 0 0 0 0 0 0 0 0 0 0 0 0 0 0 0 0 0 0 0 0 0 0 0 0 0 0 0 0 0 0 0 0 0 0 0 0 0 0 0 0 0 0 0 0 0 0 0 0 0 0 0 
0 0 0 0 0 0 0 0 0 0 0 0 0 0 0 0 0 0 0 0 0 0 0 0 0 0 0 0 0 0 0 0 0 125 125 125 125 125 125 125 125 125 126 126 126 127 127 127 127 127 127 127 127 127 127 127 127 127 128 128 128 128 128 128 128 128 128 128 128 128 128 129 129 129 129 129 129 129 129 129 129 129 129 129 130 130 130 130 130 130 130 130 130 130 130 130 130 130 131 131 131 131 131 131 131 131 131 131 131 131 131 132 132 132 132 132 132 132 132 132 132 132 132 132 133 133 133 133 133 133 133 133 133 133 133 133 133 133 133 134 134 134 133 133 133 133 134 134 134 134 134 134 134 134 134 134 134 134 134 134 134 134 134 134 135 135 135 135 135 135 135 135 135 135 135 135 135 135 135 135 135 135 135 135 135 136 136 136 136 136 136 136 137 137 137 137 137 137 137 137 137 137 137 137 137 138 138 138 138 138 138 138 138 138 138 138 138 138 138 138 138 138 138 138 138 138 138 138 138 138 138 138 138 138 138 138 138 138 138 138 0 0 0 0 0 0 0 0 0 0 0 0 0 0 0 0 0 0 0 0 0 0 0 0 0 0 0 0 0 0 0 0 0 0 0 0 0 0 0 0 0 0 0 0 0 0 0 0 0 0 0 0 0 0 0 0 0 0 0 0 0 0 0 0 0 0 0 0 0 0 0 0 0 0 0 0 0 0 0 0 0 0 0 0 0 0 0 0 0 0 0 0 0 0 0 0 0 0 0 0 0 0 0 0 0 0 0 0 0 0 0 0 0 0 0 0 0 0 0 0 0 0 0 0 0 0 0 0 0 0 0 0 0 0 0 0 0 0 0 0 0 0 0 0 0 0 0 0 0 0 0 0 0 0 0 0 0 0 0 0 0 0 0 0 0 0 0 0 0 0 0 0 0 0 0 0 0 0 0 0 0 0 0 0 0 0 0 0 0 0 0 0 0 0 0 0 0 0 0 0 0 0 0 0 0 0 0 0 0 0 0 0 0 0 0 0 0 0 0 0 0 0 0 0 0 0 0 0 0 0 0 0 0 0 0 0 0 0 0 0 0 0 0 0 0 0 0 0 0 0 0 0 0 0 0 0 0 0 0 0 0 0 0 
0 0 0 0 0 0 0 0 0 0 0 0 0 0 0 0 0 0 0 0 0 0 0 0 0 0 0 0 0 0 0 0 0 0 125 125 125 125 125 125 125 125 126 126 126 126 127 127 127 127 127 127 127 127 127 127 127 127 127 128 128 128 128 128 128 128 128 128 128 128 128 128 129 129 129 129 129 129 129 129 129 129 129 129 130 130 130 130 130 130 130 130 130 130 130 130 130 130 131 131 131 131 131 131 131 131 131 131 131 131 131 132 132 132 132 132 132 132 132 132 132 132 132 132 133 133 133 133 133 133 133 133 133 133 133 133 133 133 133 134 134 134 133 133 133 134 133 134 134 134 134 134 134 134 134 134 134 134 134 134 134 134 134 134 135 135 135 135 135 135 135 135 135 135 135 135 135 135 135 135 135 135 135 135 136 136 136 136 136 136 136 136 137 137 137 137 137 137 137 137 137 137 137 138 138 138 138 138 138 138 138 138 138 138 138 138 138 138 138 138 138 138 138 138 138 138 138 138 138 138 138 138 138 138 138 138 138 138 0 0 0 0 0 0 0 0 0 0 0 0 0 0 0 0 0 0 0 0 0 0 0 0 0 0 0 0 0 0 0 0 0 0 0 0 0 0 0 0 0 0 0 0 0 0 0 0 0 0 0 0 0 0 0 0 0 0 0 0 0 0 0 0 0 0 0 0 0 0 0 0 0 0 0 0 0 0 0 0 0 0 0 0 0 0 0 0 0 0 0 0 0 0 0 0 0 0 0 0 0 0 0 0 0 0 0 0 0 0 0 0 0 0 0 0 0 0 0 0 0 0 0 0 0 0 0 0 0 0 0 0 0 0 0 0 0 0 0 0 0 0 0 0 0 0 0 0 0 0 0 0 0 0 0 0 0 0 0 0 0 0 0 0 0 0 0 0 0 0 0 0 0 0 0 0 0 0 0 0 0 0 0 0 0 0 0 0 0 0 0 0 0 0 0 0 0 0 0 0 0 0 0 0 0 0 0 0 0 0 0 0 0 0 0 0 0 0 0 0 0 0 0 0 0 0 0 0 0 0 0 0 0 0 0 0 0 0 0 0 0 0 0 0 0 0 0 0 0 0 0 0 0 0 0 0 0 0 0 0 0 0 0 0 0 
0 0 0 0 0 0 0 0 0 0 0 0 0 0 0 0 0 0 0 0 0 0 0 0 0 0 0 0 0 0 0 0 0 0 125 125 125 125 125 125 125 125 126 126 126 126 127 127 127 127 127 127 127 127 127 127 127 127 127 128 128 128 128 128 128 128 128 128 128 128 128 128 129 129 129 129 129 129 129 129 129 129 129 129 129 130 130 130 130 130 130 130 130 130 130 130 130 130 131 131 131 131 131 131 131 131 131 131 131 131 131 132 132 132 132 132 132 132 132 132 132 132 132 132 133 133 133 133 133 133 133 133 133 133 133 133 133 133 133 134 134 134 133 133 133 134 134 134 134 134 134 134 134 134 134 134 134 134 134 134 134 134 134 135 135 135 135 135 135 135 135 135 135 135 135 135 135 135 135 135 135 135 135 136 136 136 136 136 136 136 136 136 137 137 137 137 137 137 137 137 137 137 138 138 138 138 138 138 138 138 138 138 138 138 138 138 138 138 138 138 138 138 138 138 138 138 138 138 138 138 138 138 138 138 138 138 0 0 0 0 0 0 0 0 0 0 0 0 0 0 0 0 0 0 0 0 0 0 0 0 0 0 0 0 0 0 0 0 0 0 0 0 0 0 0 0 0 0 0 0 0 0 0 0 0 0 0 0 0 0 0 0 0 0 0 0 0 0 0 0 0 0 0 0 0 0 0 0 0 0 0 0 0 0 0 0 0 0 0 0 0 0 0 0 0 0 0 0 0 0 0 0 0 0 0 0 0 0 0 0 0 0 0 0 0 0 0 0 0 0 0 0 0 0 0 0 0 0 0 0 0 0 0 0 0 0 0 0 0 0 0 0 0 0 0 0 0 0 0 0 0 0 0 0 0 0 0 0 0 0 0 0 0 0 0 0 0 0 0 0 0 0 0 0 0 0 0 0 0 0 0 0 0 0 0 0 0 0 0 0 0 0 0 0 0 0 0 0 0 0 0 0 0 0 0 0 0 0 0 0 0 0 0 0 0 0 0 0 0 0 0 0 0 0 0 0 0 0 0 0 0 0 0 0 0 0 0 0 0 0 0 0 0 0 0 0 0 0 0 0 0 0 0 0 0 0 0 0 0 0 0 0 0 0 0 0 0 0 0 0 0 0 0 
0 0 0 0 0 0 0 0 0 0 0 0 0 0 0 0 0 0 0 0 0 0 0 0 0 0 0 0 0 0 0 0 0 0 125 125 125 125 125 125 125 125 126 126 126 126 126 127 127 127 127 127 127 127 127 127 127 127 127 127 128 128 128 128 128 128 128 128 128 128 128 128 128 129 129 129 129 129 129 129 129 129 129 129 129 130 130 130 130 130 130 130 130 130 130 130 130 130 131 131 131 131 131 131 131 131 131 131 131 131 131 132 132 132 132 132 132 132 132 132 132 132 132 132 133 133 133 133 133 133 133 133 133 133 133 133 133 133 134 134 134 134 133 133 133 134 134 134 134 134 134 134 134 134 134 134 134 134 134 134 134 134 135 135 135 135 135 135 135 135 135 135 135 135 135 135 135 135 135 135 135 135 136 136 136 136 136 136 136 136 136 136 137 137 137 137 137 137 137 137 137 138 138 138 138 138 138 138 138 138 138 138 138 138 138 138 138 138 138 138 138 138 138 138 138 138 138 138 138 138 138 138 138 138 139 0 0 0 0 0 0 0 0 0 0 0 0 0 0 0 0 0 0 0 0 0 0 0 0 0 0 0 0 0 0 0 0 0 0 0 0 0 0 0 0 0 0 0 0 0 0 0 0 0 0 0 0 0 0 0 0 0 0 0 0 0 0 0 0 0 0 0 0 0 0 0 0 0 0 0 0 0 0 0 0 0 0 0 0 0 0 0 0 0 0 0 0 0 0 0 0 0 0 0 0 0 0 0 0 0 0 0 0 0 0 0 0 0 0 0 0 0 0 0 0 0 0 0 0 0 0 0 0 0 0 0 0 0 0 0 0 0 0 0 0 0 0 0 0 0 0 0 0 0 0 0 0 0 0 0 0 0 0 0 0 0 0 0 0 0 0 0 0 0 0 0 0 0 0 0 0 0 0 0 0 0 0 0 0 0 0 0 0 0 0 0 0 0 0 0 0 0 0 0 0 0 0 0 0 0 0 0 0 0 0 0 0 0 0 0 0 0 0 0 0 0 0 0 0 0 0 0 0 0 0 0 0 0 0 0 0 0 0 0 0 0 0 0 0 0 0 0 0 0 0 0 0 0 0 0 0 0 0 0 0 0 0 0 0 0 0 0 0 
0 0 0 0 0 0 0 0 0 0 0 0 0 0 0 0 0 0 0 0 0 124 124 124 124 124 0 0 0 0 0 124 125 125 125 125 125 125 125 125 125 125 126 126 126 126 126 126 127 127 127 127 127 127 127 127 127 127 127 127 127 128 128 128 128 128 128 128 128 128 128 128 128 129 129 129 129 129 129 129 129 129 129 129 129 130 130 130 130 130 130 130 130 130 130 130 130 130 130 131 131 131 131 131 131 131 131 131 131 131 131 132 132 132 132 132 132 132 132 132 132 132 132 132 133 133 133 133 133 133 133 133 133 133 133 133 133 133 134 134 134 134 133 133 134 134 134 134 134 134 134 134 134 134 134 134 134 134 134 134 134 134 135 135 135 135 135 135 135 135 135 135 135 135 135 135 135 135 135 135 135 136 136 136 136 136 136 136 136 136 136 136 137 137 137 137 137 137 137 137 138 138 138 138 138 138 138 138 138 138 138 138 138 138 138 138 138 138 138 138 138 138 138 138 138 138 138 138 138 138 138 138 139 139 139 0 0 0 0 0 0 0 0 0 0 0 0 0 0 0 0 0 0 0 0 0 0 0 0 0 0 0 0 0 0 0 0 0 0 0 0 0 0 0 0 0 0 0 0 0 0 0 0 0 0 0 0 0 0 0 0 0 0 0 0 0 0 0 0 0 0 0 0 0 0 0 0 0 0 0 0 0 0 0 0 0 0 0 0 0 0 0 0 0 0 0 0 0 0 0 0 0 0 0 0 0 0 0 0 0 0 0 0 0 0 0 0 0 0 0 0 0 0 0 0 0 0 0 0 0 0 0 0 0 0 0 0 0 0 0 0 0 0 0 0 0 0 0 0 0 0 0 0 0 0 0 0 0 0 0 0 0 0 0 0 0 0 0 0 0 0 0 0 0 0 0 0 0 0 0 0 0 0 0 0 0 0 0 0 0 0 0 0 0 0 0 0 0 0 0 0 0 0 0 0 0 0 0 0 0 0 0 0 0 0 0 0 0 0 0 0 0 0 0 0 0 0 0 0 0 0 0 0 0 0 0 0 0 0 0 0 0 0 0 0 0 0 0 0 0 0 0 0 0 0 0 0 0 0 0 0 0 0 0 0 0 0 0 0 0 0 0 0 
0 0 0 0 0 0 0 0 0 0 0 0 0 0 0 0 0 0 0 0 0 124 124 124 124 124 124 124 124 124 124 124 124 125 125 125 125 125 125 125 125 125 126 126 126 126 126 126 126 127 127 127 127 127 127 127 127 127 127 127 127 128 128 128 128 128 128 128 128 128 128 128 128 128 129 129 129 129 129 129 129 129 129 129 129 129 130 130 130 130 130 130 130 130 130 130 130 130 130 131 131 131 131 131 131 131 131 131 131 131 131 132 132 132 132 132 132 132 132 132 132 132 132 132 133 133 133 133 133 133 133 133 133 133 133 133 133 133 134 134 134 134 133 133 134 134 134 134 134 134 134 134 134 134 134 134 134 134 134 134 134 135 135 135 135 135 135 135 135 135 135 135 135 135 135 135 135 135 135 135 136 136 136 136 136 136 136 136 136 136 136 136 137 137 137 137 137 137 137 138 138 138 138 138 138 138 138 138 138 138 138 138 138 138 138 138 138 138 138 138 138 138 138 138 138 138 138 138 138 138 139 139 139 139 139 139 139 139 139 139 139 139 0 0 0 0 0 0 0 0 0 0 0 0 0 0 0 0 0 0 0 0 0 0 0 0 0 0 0 0 0 0 0 0 0 0 0 0 0 0 0 0 0 0 0 0 0 0 0 0 0 0 0 0 0 0 0 0 0 0 0 0 0 0 0 0 0 0 0 0 0 0 0 0 0 0 0 0 0 0 0 0 0 0 0 0 0 0 0 0 0 0 0 0 0 0 0 0 0 0 0 0 0 0 0 0 0 0 0 0 0 0 0 0 0 0 0 0 0 0 0 0 0 0 0 0 0 0 0 0 0 0 0 0 0 0 0 0 0 0 0 0 0 0 0 0 0 0 0 0 0 0 0 0 0 0 0 0 0 0 0 0 0 0 0 0 0 0 0 0 0 0 0 0 0 0 0 0 0 0 0 0 0 0 0 0 0 0 0 0 0 0 0 0 0 0 0 0 0 0 0 0 0 0 0 0 0 0 0 0 0 0 0 0 0 0 0 0 0 0 0 0 0 0 0 0 0 0 0 0 0 0 0 0 0 0 0 0 0 0 0 0 0 0 0 0 0 0 0 0 0 0 0 0 0 0 0 0 0 0 0 0 0 
0 0 0 0 0 0 0 0 0 0 0 0 0 0 0 0 0 0 0 0 0 124 124 124 124 124 124 124 124 124 124 124 124 125 125 125 125 125 125 125 125 125 126 126 126 126 126 126 126 127 127 127 127 127 127 127 127 127 127 127 127 127 128 128 128 128 128 128 128 128 128 128 128 128 129 129 129 129 129 129 129 129 129 129 129 129 130 130 130 130 130 130 130 130 130 130 130 130 130 131 131 131 131 131 131 131 131 131 131 131 131 132 132 132 132 132 132 132 132 132 132 132 132 132 133 133 133 133 133 133 133 133 133 133 133 133 133 133 134 134 134 134 133 134 134 134 134 134 134 134 134 134 134 134 134 134 134 134 134 134 134 135 135 135 135 135 135 135 135 135 135 135 135 135 135 135 135 135 135 136 136 136 136 136 136 136 136 136 136 136 136 136 137 137 137 137 137 138 138 138 138 138 138 138 138 138 138 138 138 138 138 138 138 138 138 138 138 138 138 138 138 138 138 138 138 138 138 139 139 139 139 139 139 139 139 139 139 139 139 139 139 139 139 139 0 0 0 0 0 0 0 0 0 0 0 0 0 0 0 0 0 0 0 0 0 0 0 0 0 0 0 0 0 0 0 0 0 0 0 0 0 0 0 0 0 0 0 0 0 0 0 0 0 0 0 0 0 0 0 0 0 0 0 0 0 0 0 0 0 0 0 0 0 0 0 0 0 0 0 0 0 0 0 0 0 0 0 0 0 0 0 0 0 0 0 0 0 0 0 0 0 0 0 0 0 0 0 0 0 0 0 0 0 0 0 0 0 0 0 0 0 0 0 0 0 0 0 0 0 0 0 0 0 0 0 0 0 0 0 0 0 0 0 0 0 0 0 0 0 0 0 0 0 0 0 0 0 0 0 0 0 0 0 0 0 0 0 0 0 0 0 0 0 0 0 0 0 0 0 0 0 0 0 0 0 0 0 0 0 0 0 0 0 0 0 0 0 0 0 0 0 0 0 0 0 0 0 0 0 0 0 0 0 0 0 0 0 0 0 0 0 0 0 0 0 0 0 0 0 0 0 0 0 0 0 0 0 0 0 0 0 0 0 0 0 0 0 0 0 0 0 0 0 0 0 0 0 0 0 0 0 0 0 
0 0 0 0 0 0 0 0 0 0 0 0 0 0 0 0 0 0 0 0 0 124 124 124 124 124 124 124 124 124 124 124 124 124 125 125 125 125 125 125 125 125 126 126 126 126 126 126 126 126 127 127 127 127 127 127 127 127 127 127 127 127 127 128 128 128 128 128 128 128 128 128 128 128 128 129 129 129 129 129 129 129 129 129 129 129 129 130 130 130 130 130 130 130 130 130 130 130 130 130 131 131 131 131 131 131 131 131 131 131 131 131 132 132 132 132 132 132 132 132 132 132 132 132 133 133 133 133 133 133 133 133 133 133 133 133 133 133 134 134 134 134 133 134 134 134 134 134 134 134 134 134 134 134 134 134 134 134 134 134 135 135 135 135 135 135 135 135 135 135 135 135 135 135 135 135 135 135 135 136 136 136 136 136 136 136 136 136 136 136 136 136 137 137 137 137 138 138 138 138 138 138 138 138 138 138 138 138 138 138 138 138 138 138 138 138 138 138 138 138 138 138 138 138 138 139 139 139 139 139 139 139 139 139 139 139 139 139 139 139 139 139 139 139 139 139 0 0 0 0 0 0 0 0 0 0 0 0 0 0 0 0 0 0 0 0 0 0 0 0 0 0 0 0 0 0 0 0 0 0 0 0 0 0 0 0 0 0 0 0 0 0 0 0 0 0 0 0 0 0 0 0 0 0 0 0 0 0 0 0 0 0 0 0 0 0 0 0 0 0 0 0 0 0 0 0 0 0 0 0 0 0 0 0 0 0 0 0 0 0 0 0 0 0 0 0 0 0 0 0 0 0 0 0 0 0 0 0 0 0 0 0 0 0 0 0 0 0 0 0 0 0 0 0 0 0 0 0 0 0 0 0 0 0 0 0 0 0 0 0 0 0 0 0 0 0 0 0 0 0 0 0 0 0 0 0 0 0 0 0 0 0 0 0 0 0 0 0 0 0 0 0 0 0 0 0 0 0 0 0 0 0 0 0 0 0 0 0 0 0 0 0 0 0 0 0 0 0 0 0 0 0 0 0 0 0 0 0 0 0 0 0 0 0 0 0 0 0 0 0 0 0 0 0 0 0 0 0 0 0 0 0 0 0 0 0 0 0 0 0 0 0 0 0 0 0 0 0 0 0 0 0 0 
0 0 0 0 0 0 0 0 0 0 0 0 0 0 0 0 0 0 0 0 123 124 124 124 124 124 124 124 124 124 124 124 124 124 125 125 125 125 125 125 125 125 126 126 126 126 126 126 126 126 126 127 127 127 127 127 127 127 127 127 127 127 127 128 128 128 128 128 128 128 128 128 128 128 128 129 129 129 129 129 129 129 129 129 129 129 129 130 130 130 130 130 130 130 130 130 130 130 130 130 131 131 131 131 131 131 131 131 131 131 131 131 132 132 132 132 132 132 132 132 132 132 132 132 133 133 133 133 133 133 133 133 133 133 133 133 133 133 134 134 134 134 133 134 134 134 134 134 134 134 134 134 134 134 134 134 134 134 134 135 135 135 135 135 135 135 135 135 135 135 135 135 135 135 135 135 135 135 136 136 136 136 136 136 136 136 136 136 136 136 136 136 137 137 137 138 138 138 138 138 138 138 138 138 138 138 138 138 138 138 138 138 138 138 138 138 138 138 138 138 138 138 138 139 139 139 139 139 139 139 139 139 139 139 139 139 139 139 139 139 139 139 139 139 139 139 139 0 0 0 0 0 0 0 0 0 0 0 0 0 0 0 0 0 0 0 0 0 0 0 0 0 0 0 0 0 0 0 0 0 0 0 0 0 0 0 0 0 0 0 0 0 0 0 0 0 0 0 0 0 0 0 0 0 0 0 0 0 0 0 0 0 0 0 0 0 0 0 0 0 0 0 0 0 0 0 0 0 0 0 0 0 0 0 0 0 0 0 0 0 0 0 0 0 0 0 0 0 0 0 0 0 0 0 0 0 0 0 0 0 0 0 0 0 0 0 0 0 0 0 0 0 0 0 0 0 0 0 0 0 0 0 0 0 0 0 0 0 0 0 0 0 0 0 0 0 0 0 0 0 0 0 0 0 0 0 0 0 0 0 0 0 0 0 0 0 0 0 0 0 0 0 0 0 0 0 0 0 0 0 0 0 0 0 0 0 0 0 0 0 0 0 0 0 0 0 0 0 0 0 0 0 0 0 0 0 0 0 0 0 0 0 0 0 0 0 0 0 0 0 0 0 0 0 0 0 0 0 0 0 0 0 0 0 0 0 0 0 0 0 0 0 0 0 0 0 0 0 0 0 0 0 0 
0 0 0 0 0 0 0 0 0 0 0 0 0 0 0 0 0 0 0 0 0 123 124 124 124 124 124 124 124 124 124 124 124 124 124 125 125 125 125 125 125 125 126 126 126 126 126 126 126 126 126 126 127 127 127 127 127 127 127 127 127 127 127 127 128 128 128 128 128 128 128 128 128 128 128 128 129 129 129 129 129 129 129 129 129 129 129 130 130 130 130 130 130 130 130 130 130 130 130 130 131 131 131 131 131 131 131 131 131 131 131 131 132 132 132 132 132 132 132 132 132 132 132 132 133 133 133 133 133 133 133 133 133 133 133 133 133 133 134 134 134 134 134 134 134 134 134 134 134 134 134 134 134 134 134 134 134 134 135 135 135 135 135 135 135 135 135 135 135 135 135 135 135 135 135 135 135 136 136 136 136 136 136 136 136 136 136 136 136 136 136 136 137 137 138 138 138 138 138 138 138 138 138 138 138 138 138 138 138 138 138 138 138 138 138 138 138 138 138 138 138 139 139 139 139 139 139 139 139 139 139 139 139 139 139 139 139 139 139 139 139 139 139 139 139 139 139 139 0 0 0 0 0 0 0 0 0 0 0 0 0 0 0 0 0 0 0 0 0 0 0 0 0 0 0 0 0 0 0 0 0 0 0 0 0 0 0 0 0 0 0 0 0 0 0 0 0 0 0 0 0 0 0 0 0 0 0 0 0 0 0 0 0 0 0 0 0 0 0 0 0 0 0 0 0 0 0 0 0 0 0 0 0 0 0 0 0 0 0 0 0 0 0 0 0 0 0 0 0 0 0 0 0 0 0 0 0 0 0 0 0 0 0 0 0 0 0 0 0 0 0 0 0 0 0 0 0 0 0 0 0 0 0 0 0 0 0 0 0 0 0 0 0 0 0 0 0 0 0 0 0 0 0 0 0 0 0 0 0 0 0 0 0 0 0 0 0 0 0 0 0 0 0 0 0 0 0 0 0 0 0 0 0 0 0 0 0 0 0 0 0 0 0 0 0 0 0 0 0 0 0 0 0 0 0 0 0 0 0 0 0 0 0 0 0 0 0 0 0 0 0 0 0 0 0 0 0 0 0 0 0 0 0 0 0 0 0 0 0 0 0 0 0 0 0 0 0 0 0 0 0 0 0 
0 0 0 0 0 0 0 0 0 0 0 0 0 0 0 0 0 0 0 0 0 0 123 123 124 124 124 124 124 124 124 124 124 124 124 124 125 125 125 125 125 125 126 126 126 126 126 126 126 126 126 126 126 127 127 127 127 127 127 127 127 127 127 127 128 128 128 128 128 128 128 128 128 128 128 128 129 129 129 129 129 129 129 129 129 129 129 129 130 130 130 130 130 130 130 130 130 130 130 130 131 131 131 131 131 131 131 131 131 131 131 131 132 132 132 132 132 132 132 132 132 132 132 132 133 133 133 133 133 133 133 133 133 133 133 133 133 134 134 134 134 134 134 134 134 134 134 134 134 134 134 134 134 134 134 134 134 134 135 135 135 135 135 135 135 135 135 135 135 135 135 135 135 135 135 135 135 136 136 136 136 136 136 136 136 136 136 136 136 136 136 136 137 138 138 138 138 138 138 138 138 138 138 138 138 138 138 138 138 138 138 138 138 138 138 138 138 138 138 138 139 139 139 139 139 139 139 139 139 139 139 139 139 139 139 139 139 139 139 139 139 139 139 139 139 139 139 0 0 0 0 0 0 0 0 0 0 0 0 0 0 0 0 0 0 0 0 0 0 0 0 0 0 0 0 0 0 0 0 0 0 0 0 0 0 0 0 0 0 0 0 0 0 0 0 0 0 0 0 0 0 0 0 0 0 0 0 0 0 0 0 0 0 0 0 0 0 0 0 0 0 0 0 0 0 0 0 0 0 0 0 0 0 0 0 0 0 0 0 0 0 0 0 0 0 0 0 0 0 0 0 0 0 0 0 0 0 0 0 0 0 0 0 0 0 0 0 0 0 0 0 0 0 0 0 0 0 0 0 0 0 0 0 0 0 0 0 0 0 0 0 0 0 0 0 0 0 0 0 0 0 0 0 0 0 0 0 0 0 0 0 0 0 0 0 0 0 0 0 0 0 0 0 0 0 0 0 0 0 0 0 0 0 0 0 0 0 0 0 0 0 0 0 0 0 0 0 0 0 0 0 0 0 0 0 0 0 0 0 0 0 0 0 0 0 0 0 0 0 0 0 0 0 0 0 0 0 0 0 0 0 0 0 0 0 0 0 0 0 0 0 0 0 0 0 0 0 0 0 0 0 0 0 
0 0 0 0 0 0 0 0 0 0 0 0 0 0 0 0 0 0 0 0 0 0 0 0 123 124 124 124 124 124 124 124 124 124 124 124 124 125 125 125 125 125 126 126 126 126 126 126 126 126 126 126 126 126 127 127 127 127 127 127 127 127 127 127 127 128 128 128 128 128 128 128 128 128 128 128 128 129 129 129 129 129 129 129 129 129 129 129 130 130 130 130 130 130 130 130 130 130 130 130 130 131 131 131 131 131 131 131 131 131 131 131 132 132 132 132 132 132 132 132 132 132 132 132 133 133 133 133 133 133 133 133 133 133 133 133 133 134 134 134 134 134 134 134 134 134 134 134 134 134 134 134 134 134 134 134 134 134 135 135 135 135 135 135 135 135 135 135 135 135 135 135 135 135 135 136 136 136 136 136 136 136 136 136 136 136 136 136 136 136 136 136 138 138 138 138 138 138 138 138 138 138 138 138 138 138 138 138 138 138 138 138 138 138 138 138 138 138 139 139 139 139 139 139 139 139 139 139 139 139 139 139 139 139 139 139 139 139 139 139 139 139 139 139 139 139 0 0 0 0 0 0 0 0 0 0 0 0 0 0 0 0 0 0 0 0 0 0 0 0 0 0 0 0 0 0 0 0 0 0 0 0 0 0 0 0 0 0 0 0 0 0 0 0 0 0 0 0 0 0 0 0 0 0 0 0 0 0 0 0 0 0 0 0 0 0 0 0 0 0 0 0 0 0 0 0 0 0 0 0 0 0 0 0 0 0 0 0 0 0 0 0 0 0 0 0 0 0 0 0 0 0 0 0 0 0 0 0 0 0 0 0 0 0 0 0 0 0 0 0 0 0 0 0 0 0 0 0 0 0 0 0 0 0 0 0 0 0 0 0 0 0 0 0 0 0 0 0 0 0 0 0 0 0 0 0 0 0 0 0 0 0 0 0 0 0 0 0 0 0 0 0 0 0 0 0 0 0 0 0 0 0 0 0 0 0 0 0 0 0 0 0 0 0 0 0 0 0 0 0 0 0 0 0 0 0 0 0 0 0 0 0 0 0 0 0 0 0 0 0 0 0 0 0 0 0 0 0 0 0 0 0 0 0 0 0 0 0 0 0 0 0 0 0 0 0 0 0 0 0 0 0 0 
0 0 0 0 0 0 0 0 0 0 0 0 0 0 0 0 0 0 0 0 0 0 0 0 0 124 124 124 124 124 124 124 124 124 124 124 124 124 125 125 125 125 125 126 126 126 126 126 126 126 126 126 126 126 126 127 127 127 127 127 127 127 127 127 127 127 128 128 128 128 128 128 128 128 128 128 128 129 129 129 129 129 129 129 129 129 129 129 129 130 130 130 130 130 130 130 130 130 130 130 130 131 131 131 131 131 131 131 131 131 131 131 132 132 132 132 132 132 132 132 132 132 132 132 133 133 133 133 133 133 133 133 133 133 133 133 133 134 134 134 134 134 134 134 134 134 134 134 134 134 134 134 134 134 134 134 134 134 135 135 135 135 135 135 135 135 135 135 135 135 135 135 135 135 136 136 136 136 136 136 136 136 136 136 136 136 136 136 136 136 136 136 138 138 138 138 138 138 138 138 138 138 138 138 138 138 138 138 138 138 138 138 138 138 138 138 139 139 139 139 139 139 139 139 139 139 139 139 139 139 139 139 139 139 139 139 139 139 139 139 139 139 139 139 139 139 139 139 139 0 0 0 0 0 0 0 0 0 0 0 0 0 0 0 0 0 0 0 0 0 0 0 0 0 0 0 0 0 0 0 0 0 0 0 0 0 0 0 0 0 0 0 0 0 0 0 0 0 0 0 0 0 0 0 0 0 0 0 0 0 0 0 0 0 0 0 0 0 0 0 0 0 0 0 0 0 0 0 0 0 0 0 0 0 0 0 0 0 0 0 0 0 0 0 0 0 0 0 0 0 0 0 0 0 0 0 0 0 0 0 0 0 0 0 0 0 0 0 0 0 0 0 0 0 0 0 0 0 0 0 0 0 0 0 0 0 0 0 0 0 0 0 0 0 0 0 0 0 0 0 0 0 0 0 0 0 0 0 0 0 0 0 0 0 0 0 0 0 0 0 0 0 0 0 0 0 0 0 0 0 0 0 0 0 0 0 0 0 0 0 0 0 0 0 0 0 0 0 0 0 0 0 0 0 0 0 0 0 0 0 0 0 0 0 0 0 0 0 0 0 0 0 0 0 0 0 0 0 0 0 0 0 0 0 0 0 0 0 0 0 0 0 0 0 0 0 0 0 0 0 0 0 0 
0 0 0 0 0 0 0 0 0 0 0 0 0 0 0 0 0 0 0 0 0 0 0 0 0 0 124 124 124 124 124 124 124 124 124 124 124 124 124 125 125 125 125 125 125 125 125 125 125 125 125 125 126 126 126 126 126 126 126 126 126 126 126 126 127 127 127 127 127 127 127 127 127 127 127 127 128 128 128 128 128 128 128 128 128 128 128 129 129 129 129 129 130 130 130 130 130 130 130 130 130 131 131 131 131 131 131 131 131 131 131 131 132 132 132 132 132 132 132 132 132 132 132 132 133 133 133 133 133 133 133 133 133 133 133 133 133 134 134 134 134 134 133 133 133 133 134 134 134 134 134 134 134 134 134 134 134 134 134 134 134 134 135 135 135 135 135 135 135 135 135 135 135 135 135 135 135 135 135 135 136 136 136 136 136 136 136 136 136 136 136 136 138 138 138 138 138 138 138 138 138 138 138 138 138 138 138 138 138 138 138 138 138 138 138 138 138 139 139 139 139 139 139 139 139 139 139 139 139 139 139 139 139 139 139 139 139 139 139 139 139 139 139 139 139 139 139 139 139 139 139 139 139 0 0 0 0 0 0 0 0 0 0 0 0 0 0 0 0 0 0 0 0 0 0 0 0 0 0 0 0 0 0 0 0 0 0 0 0 0 0 0 0 0 0 0 0 0 0 0 0 0 0 0 0 0 0 0 0 0 0 0 0 0 0 0 0 0 0 0 0 0 0 0 0 0 0 0 0 0 0 0 0 0 0 0 0 0 0 0 0 0 0 0 0 0 0 0 0 0 0 0 0 0 0 0 0 0 0 0 0 0 0 0 0 0 0 0 0 0 0 0 0 0 0 0 0 0 0 0 0 0 0 0 0 0 0 0 0 0 0 0 0 0 0 0 0 0 0 0 0 0 0 0 0 0 0 0 0 0 0 0 0 0 0 0 0 0 0 0 0 0 0 0 0 0 0 0 0 0 0 0 0 0 0 0 0 0 0 0 0 0 0 0 0 0 0 0 0 0 0 0 0 0 0 0 0 0 0 0 0 0 0 0 0 0 0 0 0 0 0 0 0 0 0 0 0 0 0 0 0 0 0 0 0 0 0 0 0 0 0 0 0 0 0 0 0 0 0 0 0 0 0 
0 0 0 0 0 0 0 0 0 0 0 0 0 0 0 0 0 0 0 0 0 0 0 0 0 123 123 124 124 124 124 124 124 124 124 124 124 124 124 124 125 125 125 125 125 125 125 125 125 125 125 125 125 126 126 126 126 126 126 126 126 126 126 126 127 127 127 127 127 127 127 127 127 127 127 127 128 128 128 128 128 128 128 128 128 128 128 129 129 129 129 129 130 130 130 130 130 130 130 130 130 131 131 131 131 131 131 131 131 131 131 131 132 132 132 132 132 132 132 132 132 132 132 132 133 133 133 133 133 133 133 133 133 133 133 133 133 134 134 134 134 134 133 133 133 133 134 134 134 134 134 134 134 134 134 134 134 134 134 134 134 134 135 135 135 135 135 135 135 135 135 135 135 135 135 135 135 135 135 136 136 136 136 136 136 136 136 136 136 136 136 136 138 138 138 138 138 138 138 138 138 138 138 138 138 138 138 138 138 138 138 138 138 138 138 139 139 139 139 139 139 139 139 139 139 139 139 139 139 139 139 139 139 139 139 139 139 139 139 139 139 139 139 139 139 139 139 139 139 139 139 139 139 0 0 0 0 0 0 0 0 0 0 0 0 0 0 0 0 0 0 0 0 0 0 0 0 0 0 0 0 0 0 0 0 0 0 0 0 0 0 0 0 0 0 0 0 0 0 0 0 0 0 0 0 0 0 0 0 0 0 0 0 0 0 0 0 0 0 0 0 0 0 0 0 0 0 0 0 0 0 0 0 0 0 0 0 0 0 0 0 0 0 0 0 0 0 0 0 0 0 0 0 0 0 0 0 0 0 0 0 0 0 0 0 0 0 0 0 0 0 0 0 0 0 0 0 0 0 0 0 0 0 0 0 0 0 0 0 0 0 0 0 0 0 0 0 0 0 0 0 0 0 0 0 0 0 0 0 0 0 0 0 0 0 0 0 0 0 0 0 0 0 0 0 0 0 0 0 0 0 0 0 0 0 0 0 0 0 0 0 0 0 0 0 0 0 0 0 0 0 0 0 0 0 0 0 0 0 0 0 0 0 0 0 0 0 0 0 0 0 0 0 0 0 0 0 0 0 0 0 0 0 0 0 0 0 0 0 0 0 0 0 0 0 0 0 0 0 0 0 0 0 
0 0 0 0 0 0 0 0 0 0 0 0 0 0 0 0 0 0 0 123 123 123 123 123 123 123 123 123 124 124 124 124 124 124 124 124 124 124 124 124 124 125 125 125 125 125 125 125 125 125 125 125 125 125 126 126 126 126 126 126 126 126 126 126 126 127 127 127 127 127 127 127 127 127 127 127 128 128 128 128 128 128 128 128 128 128 128 129 129 129 129 129 130 130 130 130 130 130 130 130 130 131 131 131 131 131 131 131 131 131 131 131 132 132 132 132 132 132 132 132 132 132 132 132 133 133 133 133 133 133 133 133 133 133 133 133 134 134 134 134 134 134 133 133 133 134 134 134 134 134 134 134 134 134 134 134 134 134 134 134 134 134 135 135 135 135 135 135 135 135 135 135 135 135 135 135 135 135 136 136 136 136 136 136 136 136 136 136 136 136 136 136 138 138 138 138 138 138 138 138 138 138 138 138 138 138 138 138 138 138 138 138 138 138 139 139 139 139 139 139 139 139 139 139 139 139 139 139 139 139 139 139 139 139 139 139 139 139 139 139 139 139 139 139 139 139 139 139 139 139 139 139 139 139 0 0 0 0 0 0 0 0 0 0 0 0 0 0 0 0 0 0 0 0 0 0 0 0 0 0 0 0 0 0 0 0 0 0 0 0 0 0 0 0 0 0 0 0 0 0 0 0 0 0 0 0 0 0 0 0 0 0 0 0 0 0 0 0 0 0 0 0 0 0 0 0 0 0 0 0 0 0 0 0 0 0 0 0 0 0 0 0 0 0 0 0 0 0 0 0 0 0 0 0 0 0 0 0 0 0 0 0 0 0 0 0 0 0 0 0 0 0 0 0 0 0 0 0 0 0 0 0 0 0 0 0 0 0 0 0 0 0 0 0 0 0 0 0 0 0 0 0 0 0 0 0 0 0 0 0 0 0 0 0 0 0 0 0 0 0 0 0 0 0 0 0 0 0 0 0 0 0 0 0 0 0 0 0 0 0 0 0 0 0 0 0 0 0 0 0 0 0 0 0 0 0 0 0 0 0 0 0 0 0 0 0 0 0 0 0 0 0 0 0 0 0 0 0 0 0 0 0 0 0 0 0 0 0 0 0 0 0 0 0 0 0 0 0 0 0 0 0 0 
0 0 0 0 0 0 0 0 0 0 0 0 0 0 0 0 0 0 123 123 123 123 123 123 123 123 123 123 123 124 124 124 124 124 124 124 124 124 124 124 124 125 124 125 125 125 125 125 125 125 125 125 125 125 126 126 126 126 126 126 126 126 126 126 126 127 127 127 127 127 127 127 127 127 127 127 127 128 128 128 128 128 128 128 128 128 128 128 129 129 129 129 130 130 130 130 130 130 130 130 130 130 131 131 131 131 131 131 131 131 131 131 132 132 132 132 132 132 132 132 132 132 132 132 133 133 133 133 133 133 133 133 133 133 133 133 134 134 134 134 134 134 133 133 133 134 134 134 134 134 134 134 134 134 134 134 134 134 134 134 134 135 135 135 135 135 135 135 135 135 135 135 135 135 135 135 135 135 135 136 136 136 136 136 136 136 136 136 136 136 136 136 138 138 138 138 138 138 138 138 138 138 138 138 138 138 138 138 138 138 138 138 139 139 139 139 139 139 139 139 139 139 139 139 139 139 139 139 139 139 139 139 139 139 139 139 139 139 139 139 139 139 139 139 139 139 139 139 139 139 139 139 139 139 0 0 0 0 0 0 0 0 0 0 0 0 0 0 0 0 0 0 0 0 0 0 0 0 0 0 0 0 0 0 0 0 0 0 0 0 0 0 0 0 0 0 0 0 0 0 0 0 0 0 0 0 0 0 0 0 0 0 0 0 0 0 0 0 0 0 0 0 0 0 0 0 0 0 0 0 0 0 0 0 0 0 0 0 0 0 0 0 0 0 0 0 0 0 0 0 0 0 0 0 0 0 0 0 0 0 0 0 0 0 0 0 0 0 0 0 0 0 0 0 0 0 0 0 0 0 0 0 0 0 0 0 0 0 0 0 0 0 0 0 0 0 0 0 0 0 0 0 0 0 0 0 0 0 0 0 0 0 0 0 0 0 0 0 0 0 0 0 0 0 0 0 0 0 0 0 0 0 0 0 0 0 0 0 0 0 0 0 0 0 0 0 0 0 0 0 0 0 0 0 0 0 0 0 0 0 0 0 0 0 0 0 0 0 0 0 0 0 0 0 0 0 0 0 0 0 0 0 0 0 0 0 0 0 0 0 0 0 0 0 0 0 0 0 0 0 0 0 0 
0 0 0 0 0 0 0 0 0 0 0 0 0 0 0 0 0 0 122 123 123 123 123 123 123 123 123 123 123 123 124 124 124 124 124 124 124 124 124 124 124 124 124 124 125 125 125 125 125 125 125 125 125 125 125 126 126 126 126 126 126 126 126 126 126 126 127 127 127 127 127 127 127 127 127 127 127 128 128 128 128 128 128 128 128 128 128 128 129 129 129 129 130 130 130 130 130 130 130 130 130 130 131 131 131 131 131 131 131 131 131 131 132 132 132 132 132 132 132 132 132 132 132 133 133 133 133 133 133 133 133 133 133 133 133 133 134 134 134 134 134 134 133 133 133 134 134 134 134 134 134 134 134 134 134 134 134 134 134 134 135 135 135 135 135 135 135 135 135 135 135 135 135 135 135 135 135 135 136 136 136 136 136 136 136 136 136 136 136 136 136 136 138 138 138 138 138 138 138 138 138 138 138 138 138 138 138 138 138 138 138 139 139 139 139 139 139 139 139 139 139 139 139 139 139 139 139 139 139 139 139 139 139 139 139 139 139 139 139 139 139 139 139 139 139 139 139 139 139 139 139 139 139 139 139 139 0 0 0 0 0 0 0 0 0 0 0 0 0 0 0 0 0 0 0 0 0 0 0 0 0 0 0 0 0 0 0 0 0 0 0 0 0 0 0 0 0 0 0 0 0 0 0 0 0 0 0 0 0 0 0 0 0 0 0 0 0 0 0 0 0 0 0 0 0 0 0 0 0 0 0 0 0 0 0 0 0 0 0 0 0 0 0 0 0 0 0 0 0 0 0 0 0 0 0 0 0 0 0 0 0 0 0 0 0 0 0 0 0 0 0 0 0 0 0 0 0 0 0 0 0 0 0 0 0 0 0 0 0 0 0 0 0 0 0 0 0 0 0 0 0 0 0 0 0 0 0 0 0 0 0 0 0 0 0 0 0 0 0 0 0 0 0 0 0 0 0 0 0 0 0 0 0 0 0 0 0 0 0 0 0 0 0 0 0 0 0 0 0 0 0 0 0 0 0 0 0 0 0 0 0 0 0 0 0 0 0 0 0 0 0 0 0 0 0 0 0 0 0 0 0 0 0 0 0 0 0 0 0 0 0 0 0 0 0 0 0 0 0 0 0 0 0 
0 0 0 0 0 0 0 0 0 0 0 0 0 0 0 0 0 0 0 122 123 123 123 123 123 123 123 123 123 123 123 123 124 124 124 124 124 124 124 124 124 124 124 124 125 125 125 125 125 125 125 125 125 125 125 125 126 126 126 126 126 126 126 126 126 126 127 127 127 127 127 127 127 127 127 127 127 128 128 128 128 128 128 128 128 128 128 128 129 129 129 129 130 130 130 130 130 130 130 130 130 130 131 131 131 131 131 131 131 131 131 131 131 132 132 132 132 132 132 132 132 132 132 133 133 133 133 133 133 133 133 133 133 133 133 133 134 134 134 134 134 134 133 133 134 134 134 134 134 134 134 134 134 134 134 134 134 134 134 134 135 135 135 135 135 135 135 135 135 135 135 135 135 135 135 135 135 136 136 136 136 136 136 136 136 136 136 136 136 136 136 136 138 138 138 138 138 138 138 138 138 138 138 138 138 138 138 138 138 139 139 139 139 139 139 139 139 139 139 139 139 139 139 139 139 139 139 139 139 139 139 139 139 139 139 139 139 139 139 139 139 139 139 139 139 139 139 139 139 139 139 139 139 139 139 139 139 0 0 0 0 0 0 0 0 0 0 0 0 0 0 0 0 0 0 0 0 0 0 0 0 0 0 0 0 0 0 0 0 0 0 0 0 0 0 0 0 0 0 0 0 0 0 0 0 0 0 0 0 0 0 0 0 0 0 0 0 0 0 0 0 0 0 0 0 0 0 0 0 0 0 0 0 0 0 0 0 0 0 0 0 0 0 0 0 0 0 0 0 0 0 0 0 0 0 0 0 0 0 0 0 0 0 0 0 0 0 0 0 0 0 0 0 0 0 0 0 0 0 0 0 0 0 0 0 0 0 0 0 0 0 0 0 0 0 0 0 0 0 0 0 0 0 0 0 0 0 0 0 0 0 0 0 0 0 0 0 0 0 0 0 0 0 0 0 0 0 0 0 0 0 0 0 0 0 0 0 0 0 0 0 0 0 0 0 0 0 0 0 0 0 0 0 0 0 0 0 0 0 0 0 0 0 0 0 0 0 0 0 0 0 0 0 0 0 0 0 0 0 0 0 0 0 0 0 0 0 0 0 0 0 0 0 0 0 0 0 0 0 0 0 0 0 
0 0 0 0 0 0 0 0 0 0 0 0 0 0 0 0 0 0 0 0 0 122 123 123 123 123 123 123 123 123 123 123 123 124 124 124 124 124 124 124 124 124 124 124 124 125 125 125 125 125 125 125 125 125 125 125 126 126 126 126 126 126 126 126 126 126 126 127 127 127 127 127 127 127 127 127 127 127 128 128 128 128 128 128 128 128 128 128 129 129 129 129 130 130 130 130 130 130 130 130 130 130 131 131 131 131 131 131 131 131 131 131 131 132 132 132 132 132 132 132 132 132 132 133 133 133 133 133 133 133 133 133 133 133 133 133 134 134 134 134 134 134 133 133 134 134 134 134 134 134 134 134 134 134 134 134 134 134 134 135 135 135 135 135 135 135 135 135 135 135 135 135 135 135 135 135 136 136 136 136 136 136 136 136 136 136 136 136 136 136 136 136 138 138 138 138 138 138 138 138 138 138 138 138 138 138 138 138 139 139 139 139 139 139 139 139 139 139 139 139 139 139 139 139 139 139 139 139 139 139 139 139 139 139 139 139 139 139 139 139 139 139 139 139 139 139 139 139 139 139 139 139 139 139 139 139 139 139 139 0 0 0 0 0 0 0 0 0 0 0 0 0 0 0 0 0 0 0 0 0 0 0 0 0 0 0 0 0 0 0 0 0 0 0 0 0 0 0 0 0 0 0 0 0 0 0 0 0 0 0 0 0 0 0 0 0 0 0 0 0 0 0 0 0 0 0 0 0 0 0 0 0 0 0 0 0 0 0 0 0 0 0 0 0 0 0 0 0 0 0 0 0 0 0 0 0 0 0 0 0 0 0 0 0 0 0 0 0 0 0 0 0 0 0 0 0 0 0 0 0 0 0 0 0 0 0 0 0 0 0 0 0 0 0 0 0 0 0 0 0 0 0 0 0 0 0 0 0 0 0 0 0 0 0 0 0 0 0 0 0 0 0 0 0 0 0 0 0 0 0 0 0 0 0 0 0 0 0 0 0 0 0 0 0 0 0 0 0 0 0 0 0 0 0 0 0 0 0 0 0 0 0 0 0 0 0 0 0 0 0 0 0 0 0 0 0 0 0 0 0 0 0 0 0 0 0 0 0 0 0 0 0 0 0 0 0 0 0 0 0 0 0 0 
0 0 0 0 0 0 0 0 0 0 0 0 0 0 0 0 0 0 0 0 0 0 0 122 123 123 123 123 123 123 123 123 123 124 124 124 124 124 124 124 124 124 124 124 124 124 125 125 125 125 125 125 125 125 125 125 125 126 126 126 126 126 126 126 126 126 126 127 127 127 127 127 127 127 127 127 127 127 128 128 128 128 128 128 128 128 128 128 128 129 129 129 130 130 130 130 130 130 130 130 130 130 130 131 131 131 131 131 131 131 131 131 131 132 132 132 132 132 132 132 132 132 132 133 133 133 133 133 133 133 133 133 133 133 133 133 134 134 134 134 134 134 133 133 134 134 134 134 134 134 134 134 134 134 134 134 134 134 134 135 135 135 135 135 135 135 135 135 135 135 135 135 135 135 135 136 136 136 136 136 136 136 136 136 136 136 136 136 136 136 136 136 138 138 138 138 138 138 138 138 138 138 138 138 138 138 139 139 139 139 139 139 139 139 139 139 139 139 139 139 139 139 139 139 139 139 139 139 139 139 139 139 139 139 139 139 139 139 139 139 139 139 139 139 139 139 139 139 139 139 139 139 139 139 139 139 139 139 139 139 0 0 0 0 0 0 0 0 0 0 0 0 0 0 0 0 0 0 0 0 0 0 0 0 0 0 0 0 0 0 0 0 0 0 0 0 0 0 0 0 0 0 0 0 0 0 0 0 0 0 0 0 0 0 0 0 0 0 0 0 0 0 0 0 0 0 0 0 0 0 0 0 0 0 0 0 0 0 0 0 0 0 0 0 0 0 0 0 0 0 0 0 0 0 0 0 0 0 0 0 0 0 0 0 0 0 0 0 0 0 0 0 0 0 0 0 0 0 0 0 0 0 0 0 0 0 0 0 0 0 0 0 0 0 0 0 0 0 0 0 0 0 0 0 0 0 0 0 0 0 0 0 0 0 0 0 0 0 0 0 0 0 0 0 0 0 0 0 0 0 0 0 0 0 0 0 0 0 0 0 0 0 0 0 0 0 0 0 0 0 0 0 0 0 0 0 0 0 0 0 0 0 0 0 0 0 0 0 0 0 0 0 0 0 0 0 0 0 0 0 0 0 0 0 0 0 0 0 0 0 0 0 0 0 0 0 0 0 0 0 0 0 0 
0 0 0 0 0 0 0 0 0 0 0 0 0 0 0 0 0 0 0 0 0 0 0 0 122 123 123 123 123 123 123 123 123 123 123 124 124 124 124 124 124 124 124 124 124 124 124 125 125 125 125 125 125 125 125 125 125 126 126 126 126 126 126 126 126 126 126 126 127 127 127 127 127 127 127 127 127 127 128 128 128 128 128 128 128 128 128 128 128 129 129 129 129 130 130 130 130 130 130 130 130 130 130 131 131 131 131 131 131 131 131 131 131 132 132 132 132 132 132 132 132 132 132 133 133 133 133 133 133 133 133 133 133 133 133 133 134 134 134 134 134 134 133 133 134 134 134 134 134 134 134 134 134 134 134 134 134 134 134 135 135 135 135 135 135 135 135 135 135 135 135 135 135 135 135 136 136 136 136 136 136 136 136 136 136 136 136 136 136 136 136 136 138 138 138 138 138 138 138 138 138 138 138 138 138 139 139 139 139 139 139 139 139 139 139 139 139 139 139 139 139 139 139 139 139 139 139 139 139 139 139 139 139 139 139 139 139 139 139 140 140 140 139 139 139 139 139 139 139 139 139 139 139 139 139 139 139 139 139 139 139 0 0 0 0 0 0 0 0 0 0 0 0 0 0 0 0 0 0 0 0 0 0 0 0 0 0 0 0 0 0 0 0 0 0 0 0 0 0 0 0 0 0 0 0 0 0 0 0 0 0 0 0 0 0 0 0 0 0 0 0 0 0 0 0 0 0 0 0 0 0 0 0 0 0 0 0 0 0 0 0 0 0 0 0 0 0 0 0 0 0 0 0 0 0 0 0 0 0 0 0 0 0 0 0 0 0 0 0 0 0 0 0 0 0 0 0 0 0 0 0 0 0 0 0 0 0 0 0 0 0 0 0 0 0 0 0 0 0 0 0 0 0 0 0 0 0 0 0 0 0 0 0 0 0 0 0 0 0 0 0 0 0 0 0 0 0 0 0 0 0 0 0 0 0 0 0 0 0 0 0 0 0 0 0 0 0 0 0 0 0 0 0 0 0 0 0 0 0 0 0 0 0 0 0 0 0 0 0 0 0 0 0 0 0 0 0 0 0 0 0 0 0 0 0 0 0 0 0 0 0 0 0 0 0 0 0 0 0 0 0 0 0 
0 0 0 0 0 0 0 0 0 0 0 0 0 0 0 0 0 0 0 0 0 0 0 0 0 0 0 0 0 0 0 0 0 123 123 123 124 124 124 124 124 124 124 124 124 124 124 124 125 125 125 125 125 125 125 125 125 125 126 126 126 126 126 126 126 126 126 126 126 127 127 127 127 127 127 127 127 127 127 128 128 128 128 128 128 128 128 128 128 129 129 129 129 130 130 130 130 130 130 130 130 130 130 131 131 131 131 131 131 131 131 131 131 132 132 132 132 132 132 132 132 132 132 133 133 133 133 133 133 133 133 133 133 133 133 133 134 134 134 134 134 134 133 134 134 134 134 134 134 134 134 134 134 134 134 134 134 134 135 135 135 135 135 135 135 135 135 135 135 135 135 135 135 135 136 136 136 136 136 136 136 136 136 136 136 136 136 136 136 136 136 136 138 138 138 138 138 138 138 138 138 138 138 138 139 139 139 139 139 139 139 139 139 139 139 139 139 139 139 139 139 139 139 139 139 139 139 139 139 139 139 139 139 139 139 139 140 140 140 140 140 140 139 139 139 139 139 139 139 139 139 139 139 139 139 139 139 139 139 139 139 139 139 0 0 0 0 0 0 0 0 0 0 0 0 0 0 0 0 0 0 0 0 0 0 0 0 0 0 0 0 0 0 0 0 0 0 0 0 0 0 0 0 0 0 0 0 0 0 0 0 0 0 0 0 0 0 0 0 0 0 0 0 0 0 0 0 0 0 0 0 0 0 0 0 0 0 0 0 0 0 0 0 0 0 0 0 0 0 0 0 0 0 0 0 0 0 0 0 0 0 0 0 0 0 0 0 0 0 0 0 0 0 0 0 0 0 0 0 0 0 0 0 0 0 0 0 0 0 0 0 0 0 0 0 0 0 0 0 0 0 0 0 0 0 0 0 0 0 0 0 0 0 0 0 0 0 0 0 0 0 0 0 0 0 0 0 0 0 0 0 0 0 0 0 0 0 0 0 0 0 0 0 0 0 0 0 0 0 0 0 0 0 0 0 0 0 0 0 0 0 0 0 0 0 0 0 0 0 0 0 0 0 0 0 0 0 0 0 0 0 0 0 0 0 0 0 0 0 0 0 0 0 0 0 0 0 0 0 0 0 0 0 
0 0 0 0 0 0 0 0 0 0 0 0 0 0 0 0 0 0 0 0 0 0 0 0 0 0 0 0 0 0 0 0 0 0 123 123 124 124 124 124 124 124 124 124 124 124 124 124 124 125 125 125 125 125 125 125 125 125 125 126 126 126 126 126 126 126 126 126 126 127 127 127 127 127 127 127 127 127 127 128 128 128 128 128 128 128 128 128 128 129 129 129 129 130 130 130 130 130 130 130 130 130 130 131 131 131 131 131 131 131 131 131 131 132 132 132 132 132 132 132 132 132 132 132 133 133 133 133 133 133 133 133 133 133 133 133 134 134 134 134 134 134 133 134 134 134 134 134 134 134 134 134 134 134 134 134 134 134 135 135 135 135 135 135 135 135 135 135 135 135 135 135 135 136 136 136 136 136 136 136 136 136 136 136 136 136 136 136 136 136 136 136 138 138 138 138 138 138 138 138 138 138 138 139 139 139 139 139 139 139 139 139 139 139 139 139 139 139 139 139 139 139 139 139 139 139 139 139 139 139 139 139 139 139 140 140 140 140 140 140 140 140 139 139 139 139 139 139 139 139 139 139 139 139 139 139 139 139 139 139 139 139 139 140 0 0 0 0 140 140 0 0 0 0 0 0 0 0 0 0 0 0 0 0 0 0 0 0 0 0 0 0 0 0 0 0 0 0 0 0 0 0 0 0 0 0 0 0 0 0 0 0 0 0 0 0 0 0 0 0 0 0 0 0 0 0 0 0 0 0 0 0 0 0 0 0 0 0 0 0 0 0 0 0 0 0 0 0 0 0 0 0 0 0 0 0 0 0 0 0 0 0 0 0 0 0 0 0 0 0 0 0 0 0 0 0 0 0 0 0 0 0 0 0 0 0 0 0 0 0 0 0 0 0 0 0 0 0 0 0 0 0 0 0 0 0 0 0 0 0 0 0 0 0 0 0 0 0 0 0 0 0 0 0 0 0 0 0 0 0 0 0 0 0 0 0 0 0 0 0 0 0 0 0 0 0 0 0 0 0 0 0 0 0 0 0 0 0 0 0 0 0 0 0 0 0 0 0 0 0 0 0 0 0 0 0 0 0 0 0 0 0 0 0 0 0 0 0 0 0 0 0 0 0 0 0 0 0 0 0 0 0 0 
0 0 0 0 0 0 0 0 0 0 0 0 0 0 0 0 0 0 0 0 0 0 0 0 0 0 0 0 0 0 0 0 0 0 123 123 123 124 124 124 124 124 124 124 124 124 124 124 124 124 125 125 125 125 125 125 125 125 125 126 126 126 126 126 126 126 126 126 126 127 127 127 127 127 127 127 127 127 127 127 128 128 128 128 128 128 128 128 128 128 129 129 129 129 130 130 130 130 130 130 130 130 130 130 131 131 131 131 131 131 131 131 131 132 132 132 132 132 132 132 132 132 132 132 133 133 133 133 133 133 133 133 133 133 133 133 134 134 134 134 134 134 133 134 134 134 134 134 134 134 134 134 134 134 134 134 134 134 135 135 135 135 135 135 135 135 135 135 135 135 135 135 136 136 136 136 136 136 136 136 136 136 136 136 136 136 136 136 136 136 137 137 138 138 138 138 138 138 138 138 138 138 139 139 139 139 139 139 139 139 139 139 139 139 139 139 139 139 139 139 139 139 139 139 139 139 139 139 139 139 139 140 140 140 140 140 140 140 140 140 140 140 139 139 139 139 139 139 139 139 139 139 139 139 139 139 139 139 140 140 140 140 140 140 140 140 140 140 140 0 0 0 0 0 0 0 0 0 0 0 0 140 140 140 0 0 0 0 0 0 0 0 0 0 0 0 0 0 0 0 0 0 0 0 0 0 0 0 0 0 0 0 0 0 0 0 0 0 0 0 0 0 0 0 0 0 0 0 0 0 0 0 0 0 0 0 0 0 0 0 0 0 0 0 0 0 0 0 0 0 0 0 0 0 0 0 0 0 0 0 0 0 0 0 0 0 0 0 0 0 0 0 0 0 0 0 0 0 0 0 0 0 0 0 0 0 0 0 0 0 0 0 0 0 0 0 0 0 0 0 0 0 0 0 0 0 0 0 0 0 0 0 0 0 0 0 0 0 0 0 0 0 0 0 0 0 0 0 0 0 0 0 0 0 0 0 0 0 0 0 0 0 0 0 0 0 0 0 0 0 0 0 0 0 0 0 0 0 0 0 0 0 0 0 0 0 0 0 0 0 0 0 0 0 0 0 0 0 0 0 0 0 0 0 0 0 0 0 0 0 0 0 0 0 0 0 0 0 0 0 0 0 0 
0 0 0 0 0 0 0 0 0 0 0 0 0 0 0 0 0 0 0 0 0 0 0 0 0 0 0 0 0 0 0 0 0 0 123 123 123 123 124 124 124 124 124 124 124 124 124 124 124 124 125 125 125 125 125 125 125 125 125 125 126 126 126 126 126 126 126 126 126 126 127 127 127 127 127 127 127 127 127 127 128 128 128 128 128 128 128 128 128 128 129 129 129 129 130 130 130 130 130 130 130 130 130 130 131 131 131 131 131 131 131 131 131 131 132 132 132 132 132 132 132 132 132 132 132 133 133 133 133 133 133 133 133 133 133 133 134 134 134 134 134 134 133 134 134 134 134 134 134 134 134 134 134 134 134 134 134 135 135 135 135 135 135 135 135 135 135 135 135 135 135 135 136 136 136 136 136 136 136 136 136 136 136 136 136 136 136 136 136 137 137 137 138 138 138 138 138 138 138 138 139 139 139 139 139 139 139 139 139 139 139 139 139 139 139 139 139 139 139 139 139 139 139 139 139 139 139 139 139 140 140 140 140 140 140 140 140 140 140 140 140 140 139 139 139 139 139 139 139 139 139 139 140 140 140 140 140 140 140 140 140 140 140 140 140 140 140 140 140 140 140 140 0 0 0 0 0 0 0 0 140 140 140 140 0 0 0 0 0 0 0 0 0 0 0 0 0 0 0 0 0 0 0 0 0 0 0 0 0 0 0 0 0 0 0 0 0 0 0 0 0 0 0 0 0 0 0 0 0 0 0 0 0 0 0 0 0 0 0 0 0 0 0 0 0 0 0 0 0 0 0 0 0 0 0 0 0 0 0 0 0 0 0 0 0 0 0 0 0 0 0 0 0 0 0 0 0 0 0 0 0 0 0 0 0 0 0 0 0 0 0 0 0 0 0 0 0 0 0 0 0 0 0 0 0 0 0 0 0 0 0 0 0 0 0 0 0 0 0 0 0 0 0 0 0 0 0 0 0 0 0 0 0 0 0 0 0 0 0 0 0 0 0 0 0 0 0 0 0 0 0 0 0 0 0 0 0 0 0 0 0 0 0 0 0 0 0 0 0 0 0 0 0 0 0 0 0 0 0 0 0 0 0 0 0 0 0 0 0 0 0 0 0 0 0 0 0 0 0 0 0 0 0 
0 0 0 0 0 0 0 0 0 0 0 0 0 0 0 0 0 0 0 0 0 0 0 0 0 0 0 0 0 0 0 0 0 0 123 123 123 123 123 124 124 124 124 124 124 124 124 124 124 124 124 125 125 125 125 125 125 125 125 125 126 126 126 126 126 126 126 126 126 126 126 127 127 127 127 127 127 127 127 127 128 128 128 128 128 128 128 128 128 128 129 129 129 129 129 130 130 130 130 130 130 130 130 130 131 131 131 131 131 131 131 131 131 131 132 132 132 132 132 132 132 132 132 132 132 133 133 133 133 133 133 133 133 133 133 134 134 134 134 134 134 134 133 134 134 134 134 134 134 134 134 134 134 134 134 134 134 134 135 135 135 135 135 135 135 135 135 135 135 135 135 135 136 136 136 136 136 136 136 136 136 136 136 136 136 136 136 136 136 137 137 137 138 138 138 138 138 138 138 138 139 139 139 139 139 139 139 139 139 139 139 139 139 139 139 139 139 139 139 139 139 139 139 139 139 139 140 140 140 140 140 140 140 140 140 140 140 140 140 140 140 140 139 139 139 139 139 139 139 140 140 140 140 140 140 140 140 140 140 140 140 140 140 140 140 140 140 140 140 140 140 140 140 0 0 0 0 140 140 140 140 140 140 140 0 0 0 0 0 0 0 0 0 0 0 0 0 0 0 0 0 0 0 0 0 0 0 0 0 0 0 0 0 0 0 0 0 0 0 0 0 0 0 0 0 0 0 0 0 0 0 0 0 0 0 0 0 0 0 0 0 0 0 0 0 0 0 0 0 0 0 0 0 0 0 0 0 0 0 0 0 0 0 0 0 0 0 0 0 0 0 0 0 0 0 0 0 0 0 0 0 0 0 0 0 0 0 0 0 0 0 0 0 0 0 0 0 0 0 0 0 0 0 0 0 0 0 0 0 0 0 0 0 0 0 0 0 0 0 0 0 0 0 0 0 0 0 0 0 0 0 0 0 0 0 0 0 0 0 0 0 0 0 0 0 0 0 0 0 0 0 0 0 0 0 0 0 0 0 0 0 0 0 0 0 0 0 0 0 0 0 0 0 0 0 0 0 0 0 0 0 0 0 0 0 0 0 0 0 0 0 0 0 0 0 0 0 0 0 0 0 0 0 
0 0 0 0 0 0 0 0 0 0 0 0 0 0 0 0 0 0 0 0 0 0 0 0 0 0 0 0 0 0 0 0 0 0 0 123 123 123 123 123 123 124 124 124 124 124 124 124 124 124 124 124 125 125 125 125 125 125 125 125 125 126 126 126 126 126 126 126 126 126 126 127 127 127 127 127 127 127 127 127 127 128 128 128 128 128 128 128 128 128 128 129 129 129 129 130 130 130 130 130 130 130 130 130 130 131 131 131 131 131 131 131 131 131 132 132 132 132 132 132 132 132 132 132 132 133 133 133 133 133 133 133 133 133 133 133 134 134 134 134 134 134 133 134 134 134 134 134 134 134 134 134 134 134 134 134 134 134 134 134 135 135 135 135 135 135 135 135 135 135 135 135 135 136 136 136 136 136 136 136 136 136 136 136 136 136 136 136 137 137 137 137 138 138 138 138 138 138 139 139 139 139 139 139 139 139 139 139 139 139 139 139 139 139 139 139 139 139 139 139 139 139 139 139 140 140 140 140 140 140 140 140 140 140 140 140 140 140 140 140 140 140 139 139 139 140 140 140 140 140 140 140 140 140 140 140 140 140 140 140 140 140 140 140 140 140 140 140 140 140 140 140 140 140 140 140 140 140 140 140 140 140 140 140 140 0 0 0 0 0 0 0 0 0 0 0 0 0 0 0 0 0 0 0 0 0 0 0 0 0 0 0 0 0 0 0 0 0 0 0 0 0 0 0 0 0 0 0 0 0 0 0 0 0 0 0 0 0 0 0 0 0 0 0 0 0 0 0 0 0 0 0 0 0 0 0 0 0 0 0 0 0 0 0 0 0 0 0 0 0 0 0 0 0 0 0 0 0 0 0 0 0 0 0 0 0 0 0 0 0 0 0 0 0 0 0 0 0 0 0 0 0 0 0 0 0 0 0 0 0 0 0 0 0 0 0 0 0 0 0 0 0 0 0 0 0 0 0 0 0 0 0 0 0 0 0 0 0 0 0 0 0 0 0 0 0 0 0 0 0 0 0 0 0 0 0 0 0 0 0 0 0 0 0 0 0 0 0 0 0 0 0 0 0 0 0 0 0 0 0 0 0 0 0 0 0 0 0 0 0 0 0 0 0 0 0 0 0 0 0 0 0 0 
0 0 0 0 0 0 0 0 0 0 0 0 0 0 0 0 0 0 0 0 0 0 0 0 0 0 0 0 0 0 0 0 0 0 0 0 0 123 123 123 123 123 123 124 124 124 124 124 124 124 124 124 125 125 125 125 125 125 125 125 125 125 126 126 126 126 126 126 126 126 126 126 127 127 127 127 127 127 127 127 127 128 128 128 128 128 128 128 128 128 128 129 129 129 129 129 130 130 130 130 130 130 130 130 130 131 131 131 131 131 131 131 131 131 132 132 132 132 132 132 132 132 132 132 132 133 133 133 133 133 133 133 133 133 133 133 134 134 134 134 134 134 133 134 134 134 134 134 134 134 134 134 134 134 134 134 134 134 134 135 135 135 135 135 135 135 135 135 135 135 135 135 135 135 136 136 136 136 136 136 136 136 136 136 136 136 136 137 137 137 137 137 138 138 138 138 138 138 139 139 139 139 139 139 139 139 139 139 139 139 139 139 139 139 139 139 139 139 139 139 139 139 139 140 140 140 140 140 140 140 140 140 140 140 140 140 140 140 140 140 140 140 140 140 140 140 140 140 140 140 140 140 140 140 140 140 140 140 140 140 140 140 140 140 140 140 140 140 140 140 140 140 140 140 140 140 140 140 140 140 140 140 140 140 140 0 0 0 0 0 0 0 0 0 0 0 0 0 0 0 0 0 0 0 0 0 0 0 0 0 0 0 0 0 0 0 0 0 0 0 0 0 0 0 0 0 0 0 0 0 0 0 0 0 0 0 0 0 0 0 0 0 0 0 0 0 0 0 0 0 0 0 0 0 0 0 0 0 0 0 0 0 0 0 0 0 0 0 0 0 0 0 0 0 0 0 0 0 0 0 0 0 0 0 0 0 0 0 0 0 0 0 0 0 0 0 0 0 0 0 0 0 0 0 0 0 0 0 0 0 0 0 0 0 0 0 0 0 0 0 0 0 0 0 0 0 0 0 0 0 0 0 0 0 0 0 0 0 0 0 0 0 0 0 0 0 0 0 0 0 0 0 0 0 0 0 0 0 0 0 0 0 0 0 0 0 0 0 0 0 0 0 0 0 0 0 0 0 0 0 0 0 0 0 0 0 0 0 0 0 0 0 0 0 0 0 0 0 0 0 0 0 0 
0 0 0 0 0 0 0 0 0 0 0 0 0 0 0 0 0 0 0 0 0 0 0 0 0 0 0 0 0 0 0 0 0 0 0 0 0 0 0 0 123 123 123 123 124 124 124 124 124 124 124 124 124 125 125 125 125 125 125 125 125 125 125 126 126 126 126 126 126 126 126 126 127 127 127 127 127 127 127 127 127 127 128 128 128 128 128 128 128 128 128 128 129 129 129 129 130 130 130 130 130 130 130 130 130 131 131 131 131 131 131 131 131 131 131 132 132 132 132 132 132 132 132 132 132 133 133 133 133 133 133 133 133 133 133 133 133 134 134 134 134 134 133 134 134 134 134 134 134 134 134 134 134 134 134 134 134 134 135 135 135 135 135 135 135 135 135 135 135 135 135 135 135 135 135 136 136 136 136 136 136 136 136 136 136 136 137 137 137 137 137 137 138 138 138 138 138 139 139 139 139 139 139 139 139 139 139 139 139 139 139 139 139 139 139 139 139 139 139 139 139 140 140 140 140 140 140 140 140 140 140 140 140 140 140 140 140 140 140 140 140 140 140 140 140 140 140 140 140 140 140 140 140 140 140 140 140 140 140 140 140 140 140 140 140 140 140 140 140 140 140 140 140 140 140 140 140 140 140 140 140 140 140 140 140 140 0 0 0 0 0 0 0 0 0 0 0 0 0 0 0 0 0 0 0 0 0 0 0 0 0 0 0 0 0 0 0 0 0 0 0 0 0 0 0 0 0 0 0 0 0 0 0 0 0 0 0 0 0 0 0 0 0 0 0 0 0 0 0 0 0 0 0 0 0 0 0 0 0 0 0 0 0 0 0 0 0 0 0 0 0 0 0 0 0 0 0 0 0 0 0 0 0 0 0 0 0 0 0 0 0 0 0 0 0 0 0 0 0 0 0 0 0 0 0 0 0 0 0 0 0 0 0 0 0 0 0 0 0 0 0 0 0 0 0 0 0 0 0 0 0 0 0 0 0 0 0 0 0 0 0 0 0 0 0 0 0 0 0 0 0 0 0 0 0 0 0 0 0 0 0 0 0 0 0 0 0 0 0 0 0 0 0 0 0 0 0 0 0 0 0 0 0 0 0 0 0 0 0 0 0 0 0 0 0 0 0 0 0 0 0 0 0 
0 0 0 0 0 0 0 0 0 0 0 0 0 0 0 0 0 0 0 0 0 0 0 0 0 0 0 0 0 0 0 0 0 0 0 0 0 0 0 0 0 0 0 123 123 124 124 124 124 124 124 124 124 124 125 125 125 125 125 125 125 125 125 125 126 126 126 126 126 126 126 126 126 127 127 127 127 127 127 127 127 127 128 128 128 128 128 128 128 128 128 128 129 129 129 129 130 130 130 130 130 130 130 130 130 130 131 131 131 131 131 131 131 131 131 132 132 132 132 132 132 132 132 132 132 132 133 133 133 133 133 133 133 133 133 133 134 134 134 134 134 134 133 134 134 134 134 134 134 134 134 134 134 134 134 134 134 134 135 135 135 135 135 135 135 135 135 135 136 136 136 136 136 136 135 136 136 136 136 136 136 136 136 136 136 136 137 137 137 137 137 137 138 138 138 138 139 139 139 139 139 139 139 139 139 139 139 139 139 139 139 139 139 139 139 139 139 139 139 140 140 140 140 140 140 140 140 140 140 140 140 140 140 140 140 140 140 140 140 140 140 140 140 140 140 140 140 140 140 140 140 140 140 140 140 140 140 140 140 140 140 140 140 140 140 140 140 140 140 140 140 140 140 140 140 140 140 140 140 140 140 140 140 140 140 140 140 0 0 0 0 0 0 0 0 0 0 0 0 0 0 0 0 0 0 0 0 0 0 0 0 0 0 0 0 0 0 0 0 0 0 0 0 0 0 0 0 0 0 0 0 0 0 0 0 0 0 0 0 0 0 0 0 0 0 0 0 0 0 0 0 0 0 0 0 0 0 0 0 0 0 0 0 0 0 0 0 0 0 0 0 0 0 0 0 0 0 0 0 0 0 0 0 0 0 0 0 0 0 0 0 0 0 0 0 0 0 0 0 0 0 0 0 0 0 0 0 0 0 0 0 0 0 0 0 0 0 0 0 0 0 0 0 0 0 0 0 0 0 0 0 0 0 0 0 0 0 0 0 0 0 0 0 0 0 0 0 0 0 0 0 0 0 0 0 0 0 0 0 0 0 0 0 0 0 0 0 0 0 0 0 0 0 0 0 0 0 0 0 0 0 0 0 0 0 0 0 0 0 0 0 0 0 0 0 0 0 0 0 0 0 0 0 
0 0 0 0 0 0 0 0 0 0 0 0 0 0 0 0 0 0 0 0 0 0 0 0 0 0 0 0 0 0 0 0 0 0 0 0 0 0 0 0 0 0 0 0 0 0 123 124 124 124 124 124 124 124 124 125 125 125 125 125 125 125 125 125 126 126 126 126 126 126 126 126 126 127 127 127 127 127 127 127 127 127 127 128 128 128 128 128 128 128 128 128 129 129 129 129 129 130 130 130 130 130 130 130 130 130 131 131 131 131 131 131 131 131 131 132 132 132 132 132 132 132 132 132 132 132 133 133 133 133 133 133 133 133 133 133 134 134 134 134 134 134 133 134 134 134 134 134 134 134 134 134 134 134 134 134 134 135 135 135 135 135 135 135 135 135 135 136 136 136 136 136 136 136 136 136 136 136 136 136 136 136 136 136 136 137 137 137 137 137 137 137 138 138 138 139 139 139 139 139 139 139 139 139 139 139 139 139 139 139 139 139 139 139 139 139 139 139 140 140 140 140 140 140 140 140 140 140 140 140 140 140 140 140 140 140 140 140 140 140 140 140 140 140 140 140 140 140 140 140 140 140 140 140 140 140 140 140 140 140 140 140 140 140 140 140 140 140 140 140 140 140 140 140 140 140 140 140 140 140 140 140 140 140 140 140 140 0 0 0 0 0 0 0 0 0 0 0 0 0 0 0 0 0 0 0 0 0 0 0 0 0 0 0 0 0 0 0 0 0 0 0 0 0 0 0 0 0 0 0 0 0 0 0 0 0 0 0 0 0 0 0 0 0 0 0 0 0 0 0 0 0 0 0 0 0 0 0 0 0 0 0 0 0 0 0 0 0 0 0 0 0 0 0 0 0 0 0 0 0 0 0 0 0 0 0 0 0 0 0 0 0 0 0 0 0 0 0 0 0 0 0 0 0 0 0 0 0 0 0 0 0 0 0 0 0 0 0 0 0 0 0 0 0 0 0 0 0 0 0 0 0 0 0 0 0 0 0 0 0 0 0 0 0 0 0 0 0 0 0 0 0 0 0 0 0 0 0 0 0 0 0 0 0 0 0 0 0 0 0 0 0 0 0 0 0 0 0 0 0 0 0 0 0 0 0 0 0 0 0 0 0 0 0 0 0 0 0 0 0 0 0 0 
0 0 0 0 0 0 0 0 0 0 0 0 0 0 0 0 0 0 0 0 0 0 0 0 0 0 0 0 0 0 0 0 0 0 0 0 0 0 0 0 0 0 0 0 0 0 0 0 0 124 124 124 124 124 124 124 124 125 125 125 125 125 125 125 125 126 126 126 126 126 126 126 126 126 127 127 127 127 127 127 127 127 127 127 128 128 128 128 128 128 128 128 129 129 129 129 129 130 130 130 130 130 130 130 130 130 131 131 131 131 131 131 131 131 131 131 132 132 132 132 132 132 132 132 132 132 132 132 133 133 133 133 133 133 133 133 133 134 134 134 134 134 133 134 134 134 134 134 134 134 134 134 134 134 134 134 135 135 135 135 135 135 135 135 135 135 135 136 136 136 136 136 136 136 136 136 136 136 136 136 136 136 136 136 137 137 137 137 137 137 137 137 138 138 138 139 139 139 139 139 139 139 139 139 139 139 139 139 139 139 139 139 139 139 139 139 139 140 140 140 140 140 140 140 140 140 140 140 140 140 140 140 140 140 140 140 140 140 140 140 140 140 140 140 140 140 140 140 140 140 140 140 140 140 140 140 140 140 140 140 140 140 140 140 140 140 140 140 140 140 140 140 140 140 140 140 140 140 140 140 140 140 140 140 140 140 140 140 0 0 0 0 0 0 0 0 0 0 0 0 0 0 0 0 0 0 0 0 0 0 0 0 0 0 0 0 0 0 0 0 0 0 0 0 0 0 0 0 0 0 0 0 0 0 0 0 0 0 0 0 0 0 0 0 0 0 0 0 0 0 0 0 0 0 0 0 0 0 0 0 0 0 0 0 0 0 0 0 0 0 0 0 0 0 0 0 0 0 0 0 0 0 0 0 0 0 0 0 0 0 0 0 0 0 0 0 0 0 0 0 0 0 0 0 0 0 0 0 0 0 0 0 0 0 0 0 0 0 0 0 0 0 0 0 0 0 0 0 0 0 0 0 0 0 0 0 0 0 0 0 0 0 0 0 0 0 0 0 0 0 0 0 0 0 0 0 0 0 0 0 0 0 0 0 0 0 0 0 0 0 0 0 0 0 0 0 0 0 0 0 0 0 0 0 0 0 0 0 0 0 0 0 0 0 0 0 0 0 0 0 0 0 0 
0 0 0 0 0 0 0 0 0 0 0 0 0 0 0 0 0 0 0 0 0 0 0 0 0 0 0 0 0 0 0 0 0 0 0 0 0 0 0 0 0 0 0 0 0 0 0 0 0 0 0 0 124 124 124 124 124 124 125 125 125 125 125 125 125 125 126 126 126 126 126 126 126 126 126 127 127 127 127 127 127 127 127 127 127 128 128 128 128 128 128 128 129 129 129 129 129 129 130 130 130 130 130 130 130 130 130 131 131 131 131 131 131 131 131 131 132 132 132 132 132 132 132 132 132 132 132 132 132 133 133 133 133 133 133 133 133 134 134 134 134 134 133 134 134 134 134 134 134 134 134 134 134 134 134 135 135 135 135 135 135 135 135 135 135 135 135 135 136 136 136 136 136 136 136 136 136 136 136 136 136 136 136 137 137 137 137 137 137 137 137 137 138 138 139 139 139 139 139 139 139 139 139 139 139 139 139 139 139 139 139 139 139 139 139 139 140 140 140 140 140 140 140 140 140 140 140 140 140 140 140 140 140 140 140 140 140 140 140 140 140 140 140 140 140 140 140 140 140 140 140 140 140 140 140 140 140 140 140 140 140 140 140 140 140 140 140 140 140 140 140 140 140 140 140 140 140 140 140 140 140 140 140 140 140 140 140 140 140 140 140 0 0 0 0 0 0 0 0 0 0 0 0 0 0 0 0 0 0 0 0 0 0 0 0 0 0 0 0 0 0 0 0 0 0 0 0 0 0 0 0 0 0 0 0 0 0 0 0 0 0 0 0 0 0 0 0 0 0 0 0 0 0 0 0 0 0 0 0 0 0 0 0 0 0 0 0 0 0 0 0 0 0 0 0 0 0 0 0 0 0 0 0 0 0 0 0 0 0 0 0 0 0 0 0 0 0 0 0 0 0 0 0 0 0 0 0 0 0 0 0 0 0 0 0 0 0 0 0 0 0 0 0 0 0 0 0 0 0 0 0 0 0 0 0 0 0 0 0 0 0 0 0 0 0 0 0 0 0 0 0 0 0 0 0 0 0 0 0 0 0 0 0 0 0 0 0 0 0 0 0 0 0 0 0 0 0 0 0 0 0 0 0 0 0 0 0 0 0 0 0 0 0 0 0 0 0 0 0 0 0 0 0 
0 0 0 0 0 0 0 0 0 0 0 0 0 0 0 0 0 0 0 0 0 0 0 0 0 0 0 0 0 0 0 0 0 0 0 0 0 0 0 0 0 0 0 0 0 0 0 0 0 0 0 0 0 0 0 0 124 124 124 124 125 125 125 125 125 125 125 125 126 126 126 126 126 126 126 126 126 126 127 127 127 127 127 127 127 127 128 128 128 128 128 128 129 129 129 129 129 129 129 130 130 130 130 130 130 130 130 130 131 131 131 131 131 131 131 131 132 132 132 132 132 132 132 132 132 132 132 132 132 132 133 133 133 133 133 133 133 134 134 134 134 134 133 134 134 134 134 134 134 134 134 134 134 134 135 135 135 135 135 135 135 135 135 135 135 135 135 135 135 136 136 136 136 136 136 136 136 136 136 136 136 136 137 137 137 137 137 137 137 137 137 137 138 139 139 139 139 139 139 139 139 139 139 139 139 139 139 139 139 139 139 139 139 139 140 140 140 140 140 140 140 140 140 140 140 140 140 140 140 140 140 140 140 140 140 140 140 140 140 140 140 140 140 140 140 140 140 140 140 140 140 140 140 140 140 140 140 140 140 140 140 140 140 140 140 140 140 140 140 140 140 140 140 140 140 140 140 140 140 140 140 140 140 140 140 140 140 140 140 140 140 140 140 0 0 0 140 140 140 140 140 0 0 0 0 0 0 0 0 0 0 0 0 0 0 0 0 0 0 0 0 0 0 0 0 0 0 0 0 0 0 0 0 0 0 0 0 0 0 0 0 0 0 0 0 0 0 0 0 0 0 0 0 0 0 0 0 0 0 0 0 0 0 0 0 0 0 0 0 0 0 0 0 0 0 0 0 0 0 0 0 0 0 0 0 0 0 0 0 0 0 0 0 0 0 0 0 0 0 0 0 0 0 0 0 0 0 0 0 0 0 0 0 0 0 0 0 0 0 0 0 0 0 0 0 0 0 0 0 0 0 0 0 0 0 0 0 0 0 0 0 0 0 0 0 0 0 0 0 0 0 0 0 0 0 0 0 0 0 0 0 0 0 0 0 0 0 0 0 0 0 0 0 0 0 0 0 0 0 0 0 0 0 0 0 0 0 0 0 0 0 0 0 0 0 0 0 0 0 0 0 0 0 
0 0 0 0 0 0 0 0 0 0 0 0 0 0 0 0 0 0 0 0 0 0 0 0 0 0 0 0 0 0 0 0 0 0 0 0 0 0 0 0 0 0 0 0 0 0 0 0 0 0 0 0 0 0 0 0 0 0 0 0 0 0 0 0 0 0 0 0 0 0 0 0 0 126 126 126 126 126 127 127 127 127 127 127 127 127 127 128 128 128 128 128 129 129 129 129 129 129 129 129 129 130 130 130 130 130 130 130 130 131 131 131 131 131 131 131 131 131 131 132 132 132 132 132 132 132 132 132 132 132 132 133 133 133 133 133 133 134 134 134 134 134 133 134 134 134 134 134 134 134 134 134 134 134 135 135 135 135 135 135 135 135 135 135 135 135 135 135 135 136 136 136 136 136 136 136 136 136 136 136 136 136 137 137 137 137 137 137 137 137 137 137 139 139 139 139 139 139 139 139 139 139 139 139 139 139 139 139 139 139 139 139 140 140 140 140 140 140 140 140 140 140 140 140 140 140 140 140 140 140 140 140 140 140 140 140 140 140 140 140 140 140 140 140 140 140 140 140 140 140 140 140 140 140 140 140 140 140 140 140 140 140 140 140 140 140 140 140 140 140 140 140 140 140 140 140 140 140 140 140 140 140 140 140 140 140 140 140 140 140 140 140 140 140 140 140 140 140 140 140 140 140 140 140 0 0 0 0 0 0 0 0 0 0 0 0 0 0 0 0 0 0 0 0 0 0 0 0 0 0 0 0 0 0 0 0 0 0 0 0 0 0 0 0 0 0 0 0 0 0 0 0 0 0 0 0 0 0 0 0 0 0 0 0 0 0 0 0 0 0 0 0 0 0 0 0 0 0 0 0 0 0 0 0 0 0 0 0 0 0 0 0 0 0 0 0 0 0 0 0 0 0 0 0 0 0 0 0 0 0 0 0 0 0 0 0 0 0 0 0 0 0 0 0 0 0 0 0 0 0 0 0 0 0 0 0 0 0 0 0 0 0 0 0 0 0 0 0 0 0 0 0 0 0 0 0 0 0 0 0 0 0 0 0 0 0 0 0 0 0 0 0 0 0 0 0 0 0 0 0 0 0 0 0 0 0 0 0 0 0 0 0 0 0 0 0 0 0 0 0 0 0 0 
0 0 0 0 0 0 0 0 0 0 0 0 0 0 0 0 0 0 0 0 0 0 0 0 0 0 0 0 0 0 0 0 0 0 0 0 0 0 0 0 0 0 0 0 0 0 0 0 0 0 0 0 0 0 0 0 0 0 0 0 0 0 0 0 0 0 0 0 0 0 0 0 0 126 126 126 126 126 127 127 127 127 127 127 127 127 127 127 128 128 128 128 128 129 129 129 129 129 129 129 129 129 129 130 130 130 130 130 130 130 131 131 131 131 131 131 131 131 131 131 131 131 132 132 132 132 132 132 132 133 133 133 133 133 133 133 133 134 134 134 134 134 133 134 134 134 134 134 134 134 134 134 134 134 135 135 135 135 135 135 135 135 135 135 135 135 135 135 135 135 136 136 136 136 136 136 136 136 136 136 136 136 137 137 137 137 137 137 137 137 137 137 139 139 139 139 139 139 139 139 139 139 139 139 139 139 139 139 139 139 139 140 140 140 140 140 140 140 140 140 140 140 140 140 140 140 140 140 140 140 140 140 140 140 140 140 140 140 140 140 140 140 140 140 140 140 140 140 140 140 140 140 140 140 140 140 140 140 140 140 140 140 140 140 140 140 140 140 140 140 140 140 140 140 140 140 140 140 140 140 140 140 140 140 140 140 140 140 140 140 140 140 140 140 140 140 140 140 140 140 140 140 140 140 140 140 140 140 0 0 140 0 0 0 0 0 0 0 0 0 0 0 0 0 0 0 0 0 0 0 0 0 0 0 0 0 0 0 0 0 0 0 0 0 0 0 0 0 0 0 0 0 0 0 0 0 0 0 0 0 0 0 0 0 0 0 0 0 0 0 0 0 0 0 0 0 0 0 0 0 0 0 0 0 0 0 0 0 0 0 0 0 0 0 0 0 0 0 0 0 0 0 0 0 0 0 0 0 0 0 0 0 0 0 0 0 0 0 0 0 0 0 0 0 0 0 0 0 0 0 0 0 0 0 0 0 0 0 0 0 0 0 0 0 0 0 0 0 0 0 0 0 0 0 0 0 0 0 0 0 0 0 0 0 0 0 0 0 0 0 0 0 0 0 0 0 0 0 0 0 0 0 0 0 0 0 0 0 0 0 0 0 0 0 0 0 0 0 0 0 0 0 0 
0 0 0 0 0 0 0 0 0 0 0 0 0 0 0 0 0 0 0 0 0 0 0 0 0 0 0 0 0 0 0 0 0 0 0 0 0 0 0 0 0 0 0 0 0 0 0 0 0 0 0 0 0 0 0 0 0 0 0 0 0 0 0 0 0 0 0 0 0 0 0 0 0 0 126 126 126 126 127 127 127 127 127 127 127 127 127 128 128 128 128 128 128 128 128 129 129 129 129 129 129 129 129 129 129 130 130 130 130 130 130 130 130 130 131 131 131 131 131 131 131 131 132 132 132 132 132 132 132 133 133 132 133 133 133 133 133 134 134 134 134 134 133 134 134 134 134 134 134 134 134 134 134 134 135 135 135 135 135 135 135 135 135 135 135 135 135 135 135 135 136 136 136 136 136 136 136 136 136 136 136 137 137 137 137 137 137 137 137 137 137 137 139 139 139 139 139 139 139 139 139 139 139 139 139 139 139 139 139 139 140 140 140 140 140 140 140 140 140 140 140 140 140 140 140 140 140 140 140 140 140 140 140 140 140 140 140 140 140 140 140 140 140 140 140 140 140 140 140 140 140 140 140 140 140 140 140 140 140 140 140 140 140 140 140 140 140 140 140 140 140 140 140 140 140 140 140 140 140 140 140 140 140 140 140 140 140 140 140 140 140 140 140 140 140 140 140 140 140 140 140 140 140 140 140 140 140 140 140 140 140 140 140 140 0 0 0 0 0 0 0 0 0 0 0 0 0 0 0 0 0 0 0 0 0 0 0 0 0 0 0 0 0 0 0 0 0 0 0 0 0 0 0 0 0 0 0 0 0 0 0 0 0 0 0 0 0 0 0 0 0 0 0 0 0 0 0 0 0 0 0 0 0 0 0 0 0 0 0 0 0 0 0 0 0 0 0 0 0 0 0 0 0 0 0 0 0 0 0 0 0 0 0 0 0 0 0 0 0 0 0 0 0 0 0 0 0 0 0 0 0 0 0 0 0 0 0 0 0 0 0 0 0 0 0 0 0 0 0 0 0 0 0 0 0 0 0 0 0 0 0 0 0 0 0 0 0 0 0 0 0 0 0 0 0 0 0 0 0 0 0 0 0 0 0 0 0 0 0 0 0 0 0 0 0 0 0 0 0 0 0 0 0 
0 0 0 0 0 0 0 0 0 0 0 0 0 0 0 0 0 0 0 0 0 0 0 0 0 0 0 0 0 0 0 0 0 0 0 0 0 0 0 0 0 0 0 0 0 0 0 0 0 0 0 0 0 0 0 0 124 124 124 124 0 0 0 0 0 0 0 0 0 0 0 0 0 0 0 126 126 126 126 127 127 127 127 127 127 127 127 127 128 128 128 128 128 128 128 128 129 129 129 129 129 129 129 129 129 129 130 130 130 130 130 130 130 131 131 131 131 131 131 131 132 131 132 132 132 132 132 132 132 133 133 133 133 133 133 133 133 133 134 134 134 134 133 134 134 134 134 134 134 134 134 134 134 134 135 135 135 135 135 135 135 135 135 135 135 135 135 136 136 136 136 136 136 136 136 136 136 136 136 136 136 137 137 137 137 137 137 137 137 137 137 137 139 139 139 139 139 139 139 139 139 139 139 139 139 139 139 139 140 140 140 140 140 140 140 140 140 140 140 140 140 140 140 140 140 140 140 140 140 140 140 140 140 140 140 140 140 140 140 140 140 140 140 140 140 140 140 140 140 140 140 140 140 140 140 140 140 140 140 140 140 140 140 140 140 140 140 140 140 140 140 140 140 140 140 140 140 140 140 140 140 140 140 140 140 140 141 141 141 141 141 141 140 140 140 140 140 140 140 140 140 140 140 140 140 140 140 140 140 140 140 140 140 140 0 0 0 0 0 0 0 0 0 0 0 0 0 0 0 0 0 0 0 0 0 0 0 0 0 0 0 0 0 0 0 0 0 0 0 0 0 0 0 0 0 0 0 0 0 0 0 0 0 0 0 0 0 0 0 0 0 0 0 0 0 0 0 0 0 0 0 0 0 0 0 0 0 0 0 0 0 0 0 0 0 0 0 0 0 0 0 0 0 0 0 0 0 0 0 0 0 0 0 0 0 0 0 0 0 0 0 0 0 0 0 0 0 0 0 0 0 0 0 0 0 0 0 0 0 0 0 0 0 0 0 0 0 0 0 0 0 0 0 0 0 0 0 0 0 0 0 0 0 0 0 0 0 0 0 0 0 0 0 0 0 0 0 0 0 0 0 0 0 0 0 0 0 0 0 0 0 0 0 0 0 0 0 0 0 0 0 0 0 
0 0 0 0 0 0 0 0 0 0 0 0 0 0 0 0 0 0 0 0 0 0 0 0 0 0 0 0 0 0 0 0 0 0 0 0 0 0 0 0 0 0 123 123 123 123 0 0 0 0 0 0 0 0 0 0 0 124 124 124 124 0 0 0 0 0 0 0 0 0 0 0 0 0 0 0 126 126 126 126 127 127 127 127 127 127 127 127 127 128 127 128 128 128 128 128 129 129 129 129 129 129 129 130 129 129 130 130 130 130 130 130 130 131 131 131 131 131 131 131 131 131 131 132 132 132 132 132 132 132 133 132 133 133 133 133 133 133 133 134 134 134 133 134 134 134 134 134 134 134 134 134 134 134 135 135 135 135 135 135 135 135 135 135 135 135 135 136 136 136 136 136 136 136 136 136 136 136 136 136 137 137 137 137 137 137 137 137 137 137 137 137 139 139 139 139 139 139 139 139 139 139 139 139 139 139 139 140 140 140 140 140 140 140 140 140 140 140 140 140 140 140 140 140 140 140 140 140 140 140 140 140 140 140 140 140 140 140 140 140 140 141 140 140 140 140 140 140 140 140 140 140 140 140 140 140 140 140 140 140 140 140 140 140 140 140 140 140 140 140 140 140 141 141 141 141 141 141 141 141 141 141 141 141 141 141 141 141 141 141 141 141 140 140 140 140 140 140 140 140 140 140 140 140 140 140 140 140 140 140 140 140 140 140 140 140 140 140 0 0 0 0 0 0 0 0 0 0 0 0 0 0 0 0 0 0 0 0 0 0 0 0 0 0 0 0 0 0 0 0 0 0 0 0 0 0 0 0 0 0 0 0 0 0 0 0 0 0 0 0 0 0 0 0 0 0 0 0 0 0 0 0 0 0 0 0 0 0 0 0 0 0 0 0 0 0 0 0 0 0 0 0 0 0 0 0 0 0 0 0 0 0 0 0 0 0 0 0 0 0 0 0 0 0 0 0 0 0 0 0 0 0 0 0 0 0 0 0 0 0 0 0 0 0 0 0 0 0 0 0 0 0 0 0 0 0 0 0 0 0 0 0 0 0 0 0 0 0 0 0 0 0 0 0 0 0 0 0 0 0 0 0 0 0 0 0 0 0 0 0 0 0 0 0 0 0 0 0 0 0 0 0 0 
0 0 0 0 0 0 0 0 0 0 0 0 0 0 0 0 0 0 0 0 0 0 0 0 0 0 0 0 0 0 0 0 0 0 0 0 0 0 0 0 0 0 0 122 123 123 123 123 0 0 0 0 0 0 0 0 124 124 124 124 124 125 0 0 0 0 0 0 0 0 0 0 0 126 126 126 126 126 126 126 127 127 127 127 127 127 127 127 127 128 127 128 128 128 129 129 129 129 129 129 129 130 130 130 130 130 130 130 130 130 130 130 130 131 131 131 131 131 131 131 132 132 131 132 132 132 132 132 132 132 132 133 133 133 133 133 133 133 133 133 134 134 133 133 134 134 134 134 134 134 134 134 134 134 135 135 135 135 135 135 135 135 135 135 135 135 135 135 136 136 136 136 136 136 136 136 136 136 136 137 137 137 137 137 137 137 137 137 137 137 137 137 139 139 139 139 139 139 139 139 139 139 139 139 139 139 140 140 140 140 140 140 140 140 140 140 140 140 140 140 140 140 140 140 140 140 140 140 140 140 140 141 141 140 141 141 141 141 141 141 141 141 140 140 140 140 140 140 140 140 140 140 140 140 140 140 140 140 140 140 140 140 140 140 140 141 141 141 141 141 141 141 141 141 141 141 141 141 141 141 141 141 141 141 141 141 141 141 141 141 141 141 140 140 140 140 140 140 140 140 140 140 140 140 140 140 140 140 140 140 140 140 140 140 140 140 140 140 140 140 0 0 0 0 0 0 0 0 0 0 0 0 0 0 0 0 0 0 0 0 0 0 0 0 0 0 0 0 0 0 0 0 0 0 0 0 0 0 0 0 0 0 0 0 0 0 0 0 0 0 0 0 0 0 0 0 0 0 0 0 0 0 0 0 0 0 0 0 0 0 0 0 0 0 0 0 0 0 0 0 0 0 0 0 0 0 0 0 0 0 0 0 0 0 0 0 0 0 0 0 0 0 0 0 0 0 0 0 0 0 0 0 0 0 0 0 0 0 0 0 0 0 0 0 0 0 0 0 0 0 0 0 0 0 0 0 0 0 0 0 0 0 0 0 0 0 0 0 0 0 0 0 0 0 0 0 0 0 0 0 0 0 0 0 0 0 0 0 0 0 0 0 0 0 0 0 0 0 0 0 0 0 0 
0 0 0 0 0 0 0 0 0 0 0 0 0 0 0 0 0 0 0 0 0 0 0 0 0 0 0 0 0 0 0 0 0 0 0 0 0 0 0 0 0 0 0 0 0 123 123 123 123 123 0 123 0 0 0 0 0 124 124 124 124 125 0 0 125 0 0 0 0 0 0 0 0 0 126 126 126 126 126 126 127 127 127 127 127 127 127 127 127 127 128 127 128 128 129 129 129 129 129 129 129 130 130 129 130 130 130 130 130 130 130 130 130 131 131 131 131 131 131 131 132 132 131 132 132 132 132 132 132 132 133 133 133 133 133 133 133 133 133 133 133 133 133 133 133 133 134 134 134 134 134 134 134 134 134 134 135 135 135 135 135 135 135 135 135 135 135 135 135 136 136 136 136 136 136 136 136 136 137 137 137 137 137 137 137 137 137 137 137 137 137 137 139 139 139 139 139 139 139 139 139 139 139 139 140 140 140 140 140 140 140 140 140 140 140 140 140 140 140 140 140 140 140 140 140 140 140 140 140 141 141 141 141 141 141 141 141 141 141 141 141 141 140 140 140 140 140 140 140 140 140 140 140 140 140 140 140 140 140 141 141 141 141 141 141 141 141 141 141 141 141 141 141 141 141 141 141 141 141 141 141 141 141 141 141 141 141 141 141 141 141 141 140 140 140 140 140 140 140 140 140 140 140 140 140 140 140 140 140 140 140 140 140 140 140 140 140 140 140 140 140 0 0 0 0 0 0 0 0 0 0 0 0 0 0 0 0 0 0 0 0 0 0 0 0 0 0 0 0 0 0 0 0 0 0 0 0 0 0 0 0 0 0 0 0 0 0 0 0 0 0 0 0 0 0 0 0 0 0 0 0 0 0 0 0 0 0 0 0 0 0 0 0 0 0 0 0 0 0 0 0 0 0 0 0 0 0 0 0 0 0 0 0 0 0 0 0 0 0 0 0 0 0 0 0 0 0 0 0 0 0 0 0 0 0 0 0 0 0 0 0 0 0 0 0 0 0 0 0 0 0 0 0 0 0 0 0 0 0 0 0 0 0 0 0 0 0 0 0 0 0 0 0 0 0 0 0 0 0 0 0 0 0 0 0 0 0 0 0 0 0 0 0 0 0 0 0 0 0 0 0 0 0 
0 0 0 0 0 0 0 0 0 0 0 0 0 0 0 0 0 0 0 0 0 0 0 0 0 0 0 0 0 0 0 0 0 0 0 0 0 0 0 0 0 0 0 0 0 122 122 123 123 123 123 123 123 123 124 124 124 124 124 124 124 124 125 125 125 125 0 125 125 0 0 0 0 0 126 126 126 126 126 126 127 127 127 127 127 127 127 127 128 127 128 128 128 128 129 129 128 129 129 129 129 129 129 130 130 130 130 130 130 130 130 130 130 131 131 131 131 131 131 131 132 131 131 132 132 132 132 132 132 132 132 133 133 133 133 133 133 133 133 133 133 133 133 133 133 133 133 133 134 134 134 134 134 134 134 134 134 134 134 135 135 135 135 135 135 135 135 135 135 135 136 136 136 136 136 136 136 137 137 137 137 137 137 137 137 137 137 137 137 137 137 138 139 139 139 139 139 139 139 139 139 139 139 140 140 140 140 140 140 140 140 140 140 140 140 140 140 140 140 140 140 140 140 140 140 140 140 141 141 141 141 141 141 141 141 141 141 141 141 141 141 141 140 140 140 140 140 140 140 140 140 140 140 140 140 140 141 141 141 141 141 141 141 141 141 141 141 141 141 141 141 141 141 141 141 141 141 141 141 141 141 141 141 141 141 141 141 141 141 141 141 141 140 140 140 140 140 140 140 140 140 140 140 140 140 140 140 140 140 140 140 140 140 140 140 140 140 140 140 140 140 140 140 140 0 0 0 0 0 0 0 0 0 0 0 0 0 0 0 0 0 0 0 0 0 0 0 0 0 0 0 0 0 0 0 0 0 0 0 0 0 0 0 0 0 0 0 0 0 0 0 0 0 0 0 0 0 0 0 0 0 0 0 0 0 0 0 0 0 0 0 0 0 0 0 0 0 0 0 0 0 0 0 0 0 0 0 0 0 0 0 0 0 0 0 0 0 0 0 0 0 0 0 0 0 0 0 0 0 0 0 0 0 0 0 0 0 0 0 0 0 0 0 0 0 0 0 0 0 0 0 0 0 0 0 0 0 0 0 0 0 0 0 0 0 0 0 0 0 0 0 0 0 0 0 0 0 0 0 0 0 0 0 0 0 0 0 0 0 0 0 0 0 0 0 0 0 0 0 0 0 0 0 
0 0 0 0 0 0 0 0 0 0 0 0 0 0 0 0 0 0 0 0 0 0 0 0 0 0 0 0 0 0 0 0 0 0 0 0 0 0 0 0 0 0 0 0 122 122 122 122 123 123 123 123 123 123 123 123 123 124 124 124 124 124 124 124 124 125 125 125 125 125 125 125 126 126 126 126 126 126 126 126 127 127 127 127 127 127 127 127 128 128 128 128 128 128 128 128 128 128 129 129 129 129 129 129 130 130 130 130 130 130 131 131 131 131 131 131 131 131 131 132 132 132 132 132 132 132 133 133 132 133 133 133 133 133 133 133 133 133 133 134 134 134 133 133 133 133 134 134 134 134 134 134 134 134 134 134 135 135 135 135 135 135 135 135 136 136 135 135 135 135 135 136 136 136 136 136 136 137 137 137 137 137 137 137 137 137 137 137 137 137 138 138 139 139 139 139 139 139 139 139 139 139 140 140 140 140 140 140 140 140 140 140 140 140 140 140 140 140 140 140 140 140 140 140 140 141 141 141 141 141 141 141 141 141 141 141 141 141 141 141 141 141 140 140 140 140 140 140 140 140 140 140 140 140 140 141 141 141 141 141 141 141 141 141 141 141 141 141 141 141 141 141 141 141 141 141 141 141 141 141 141 141 141 141 141 141 141 141 141 141 141 141 140 140 140 140 140 140 140 140 140 140 140 140 140 140 140 140 140 140 140 140 140 140 140 140 140 140 140 140 140 140 140 140 141 0 0 0 0 0 0 0 0 0 0 0 0 0 0 0 0 0 0 0 0 0 0 0 0 0 0 0 0 0 0 0 0 0 0 0 0 0 0 0 0 0 0 0 0 0 0 0 0 0 0 0 0 0 0 0 0 0 0 0 0 0 0 0 0 0 0 0 0 0 0 0 0 0 0 0 0 0 0 0 0 0 0 0 0 0 0 0 0 0 0 0 0 0 0 0 0 0 0 0 0 0 0 0 0 0 0 0 0 0 0 0 0 0 0 0 0 0 0 0 0 0 0 0 0 0 0 0 0 0 0 0 0 0 0 0 0 0 0 0 0 0 0 0 0 0 0 0 0 0 0 0 0 0 0 0 0 0 0 0 0 0 0 0 0 0 0 0 0 0 0 0 0 0 0 0 0 0 0 
0 0 0 0 0 0 0 0 0 0 0 0 0 0 0 0 0 0 0 0 0 0 0 0 0 0 0 0 0 0 0 0 0 0 0 0 0 0 0 0 0 0 0 122 122 122 122 122 122 123 123 123 123 123 123 123 123 123 123 124 124 124 124 124 124 125 125 125 125 125 125 125 125 125 126 126 126 126 126 126 126 127 127 127 127 127 127 127 127 128 128 128 128 128 128 128 129 129 129 129 129 129 129 129 130 130 130 131 131 131 131 131 131 131 131 131 131 131 132 132 132 132 132 132 132 133 133 133 133 133 133 133 133 133 133 133 134 134 134 134 134 134 133 133 133 133 134 134 134 134 134 134 134 134 135 135 135 135 135 135 135 135 135 135 135 135 136 136 136 136 136 136 136 136 136 136 137 137 137 137 137 137 137 137 137 137 137 137 137 137 138 138 139 139 139 139 139 139 139 139 139 140 140 140 140 140 140 140 140 140 140 140 140 140 140 140 140 140 140 140 140 140 140 141 141 141 141 141 141 141 141 141 141 141 141 141 141 141 141 141 141 141 140 140 140 140 140 140 140 140 140 140 140 140 141 141 141 141 141 141 141 141 141 141 141 141 141 141 141 141 141 141 141 141 141 141 141 141 141 141 141 141 141 141 141 141 141 141 141 141 141 141 141 140 140 140 140 140 140 140 140 140 140 140 140 140 140 140 140 140 140 140 140 140 140 140 140 140 140 140 140 140 140 140 140 0 0 0 0 0 0 0 0 0 0 0 0 0 0 0 0 0 0 0 0 0 0 0 0 0 0 0 0 0 0 0 0 0 0 0 0 0 0 0 0 0 0 0 0 0 0 0 0 0 0 0 0 0 0 0 0 0 0 0 0 0 0 0 0 0 0 0 0 0 0 0 0 0 0 0 0 0 0 0 0 0 0 0 0 0 0 0 0 0 0 0 0 0 0 0 0 0 0 0 0 0 0 0 0 0 0 0 0 0 0 0 0 0 0 0 0 0 0 0 0 0 0 0 0 0 0 0 0 0 0 0 0 0 0 0 0 0 0 0 0 0 0 0 0 0 0 0 0 0 0 0 0 0 0 0 0 0 0 0 0 0 0 0 0 0 0 0 0 0 0 0 0 0 0 0 0 0 0 
0 0 0 0 0 0 0 0 0 0 0 0 0 0 0 0 0 0 0 0 0 0 0 0 0 0 0 0 0 0 0 0 0 0 0 0 0 0 0 0 0 122 122 122 122 122 122 122 122 122 123 123 123 123 123 123 123 123 123 124 124 124 124 124 124 125 125 125 125 125 125 125 125 125 125 125 126 126 126 126 126 126 127 127 127 127 127 127 127 128 128 128 128 128 128 128 129 129 129 129 129 129 130 129 130 130 130 130 130 130 131 131 131 131 130 131 131 131 131 131 132 132 132 132 132 132 132 132 133 133 133 133 133 133 133 133 133 134 134 134 134 134 133 133 134 134 134 134 134 134 134 134 134 134 134 135 135 135 135 135 135 135 135 135 135 135 135 136 136 136 136 136 136 136 136 136 137 137 137 137 137 137 137 137 137 137 137 137 137 138 138 138 139 139 139 139 139 139 139 139 139 140 140 140 140 140 140 140 140 140 140 140 140 140 140 140 140 140 140 140 140 140 141 141 141 141 141 141 141 141 141 141 141 141 141 141 141 141 141 141 141 141 141 141 141 141 140 140 140 140 140 140 140 140 141 141 141 141 141 141 141 141 141 141 141 141 141 141 141 141 141 141 141 141 141 141 141 141 141 141 141 141 141 141 141 141 141 141 141 141 141 141 141 141 141 141 141 141 140 140 140 140 140 140 140 140 141 140 140 140 140 140 140 140 140 140 140 140 140 140 140 140 140 140 140 0 0 0 0 0 0 0 0 0 0 0 0 0 0 0 0 0 0 0 0 0 0 0 0 0 0 0 0 0 0 0 0 0 0 0 0 0 0 0 0 0 0 0 0 0 0 0 0 0 0 0 0 0 0 0 0 0 0 0 0 0 0 0 0 0 0 0 0 0 0 0 0 0 0 0 0 0 0 0 0 0 0 0 0 0 0 0 0 0 0 0 0 0 0 0 0 0 0 0 0 0 0 0 0 0 0 0 0 0 0 0 0 0 0 0 0 0 0 0 0 0 0 0 0 0 0 0 0 0 0 0 0 0 0 0 0 0 0 0 0 0 0 0 0 0 0 0 0 0 0 0 0 0 0 0 0 0 0 0 0 0 0 0 0 0 0 0 0 0 0 0 0 0 0 0 0 0 0 
0 0 0 0 0 0 0 0 0 0 0 0 0 0 0 0 0 0 0 0 0 0 0 0 0 0 0 0 0 0 0 0 121 121 121 121 0 0 0 0 121 122 122 122 122 122 122 122 122 122 123 123 123 123 123 123 123 123 124 124 124 124 124 124 124 124 124 125 125 125 125 125 125 125 125 125 126 126 126 126 126 126 126 127 127 127 127 127 127 128 128 128 128 128 128 129 129 129 129 129 129 130 130 130 130 130 130 130 130 130 130 130 131 131 131 130 130 131 131 131 131 131 132 132 132 132 132 132 132 132 132 133 133 133 133 133 133 133 134 134 134 134 133 133 134 134 134 134 134 134 134 134 134 134 135 135 135 135 135 135 135 135 135 135 135 135 136 136 136 136 136 136 136 136 136 136 136 137 137 137 137 137 137 137 137 137 137 137 138 138 138 138 139 139 139 139 139 139 139 139 140 140 140 140 140 140 140 140 140 140 140 140 140 140 140 140 140 140 140 140 140 140 141 141 141 141 141 141 141 141 141 141 141 141 141 141 141 141 141 141 141 141 141 141 141 141 141 141 141 140 140 140 140 141 141 141 141 141 141 141 141 141 141 141 141 141 141 141 141 141 141 141 141 141 141 141 141 141 141 141 141 141 141 141 141 141 141 141 141 141 141 141 141 141 141 141 141 141 140 140 140 140 140 140 140 141 141 141 140 140 141 141 141 140 140 140 140 140 140 140 140 140 140 140 140 0 0 0 0 0 0 0 0 0 0 0 0 0 0 0 0 0 0 0 0 0 0 0 0 0 0 0 0 0 0 0 0 0 0 0 0 0 0 0 0 0 0 0 0 0 0 0 0 0 0 0 0 0 0 0 0 0 0 0 0 0 0 0 0 0 0 0 0 0 0 0 0 0 0 0 0 0 0 0 0 0 0 0 0 0 0 0 0 0 0 0 0 0 0 0 0 0 0 0 0 0 0 0 0 0 0 0 0 0 0 0 0 0 0 0 0 0 0 0 0 0 0 0 0 0 0 0 0 0 0 0 0 0 0 0 0 0 0 0 0 0 0 0 0 0 0 0 0 0 0 0 0 0 0 0 0 0 0 0 0 0 0 0 0 0 0 0 0 0 0 0 0 0 0 0 0 0 0 
0 0 0 0 0 0 0 0 0 0 0 0 0 0 0 0 0 0 0 0 0 0 0 0 0 0 0 0 0 0 0 0 120 120 121 121 121 121 121 121 121 121 121 122 122 122 122 122 122 122 122 122 123 123 123 123 123 123 123 124 124 124 124 124 124 124 124 124 124 125 125 125 125 125 125 125 125 126 126 126 126 126 126 126 127 127 127 127 127 127 127 127 128 128 128 128 128 128 129 129 129 129 129 129 129 129 129 130 130 130 130 130 130 131 131 130 130 131 131 131 131 132 131 132 132 132 132 132 132 132 132 132 133 133 133 133 133 133 133 134 134 134 133 133 134 134 134 134 134 134 134 134 134 134 135 135 135 135 135 135 135 135 135 135 136 136 136 136 136 136 136 136 136 136 136 136 136 137 137 137 137 137 137 137 137 137 137 138 138 138 138 138 139 139 139 139 139 139 140 140 140 140 140 140 140 140 140 140 140 140 140 140 140 140 140 140 140 140 140 140 141 141 141 141 141 141 141 141 141 141 141 141 141 141 141 141 141 141 141 141 141 141 141 141 141 141 141 141 141 141 141 140 140 141 141 141 141 141 141 141 141 141 141 141 141 141 141 141 141 141 141 141 141 141 141 141 141 141 141 141 141 141 141 141 141 141 141 141 141 141 141 141 141 141 141 141 141 141 140 140 140 140 141 141 141 140 140 140 141 140 141 141 141 141 140 140 140 140 140 140 141 141 0 0 0 0 0 0 0 0 0 0 0 0 0 0 0 0 0 0 0 0 0 0 0 0 0 0 0 0 0 0 0 0 0 0 0 0 0 0 0 0 0 0 0 0 0 0 0 0 0 0 0 0 0 0 0 0 0 0 0 0 0 0 0 0 0 0 0 0 0 0 0 0 0 0 0 0 0 0 0 0 0 0 0 0 0 0 0 0 0 0 0 0 0 0 0 0 0 0 0 0 0 0 0 0 0 0 0 0 0 0 0 0 0 0 0 0 0 0 0 0 0 0 0 0 0 0 0 0 0 0 0 0 0 0 0 0 0 0 0 0 0 0 0 0 0 0 0 0 0 0 0 0 0 0 0 0 0 0 0 0 0 0 0 0 0 0 0 0 0 0 0 0 0 0 0 0 0 0 0 0 0 
0 0 0 0 0 0 0 0 0 0 0 0 0 0 0 0 0 0 0 0 0 0 0 0 0 0 0 0 0 0 0 120 120 120 120 121 121 121 121 121 121 121 121 121 122 122 122 122 122 122 122 122 122 123 123 123 123 123 123 123 123 124 124 124 124 124 124 124 124 124 125 125 125 125 125 125 125 125 126 126 126 126 126 126 126 126 127 127 127 127 127 127 128 128 128 128 128 128 128 128 129 129 129 129 129 129 129 130 129 130 130 130 130 130 130 130 130 131 131 131 131 131 132 132 132 132 132 132 132 132 132 133 133 133 133 133 133 133 134 134 134 134 133 133 134 134 134 134 134 134 134 134 134 135 135 135 135 135 135 135 135 135 135 136 136 136 136 136 136 136 136 136 136 136 136 136 136 137 137 137 137 137 137 137 137 137 138 138 138 138 138 138 139 139 139 139 139 140 140 140 140 140 140 140 140 140 140 140 140 140 140 140 140 140 140 140 140 140 141 141 141 141 141 141 141 141 141 141 141 141 141 141 141 141 141 141 141 141 141 141 141 141 141 141 141 141 141 141 141 141 141 141 141 141 141 141 141 141 141 141 141 141 141 141 141 141 141 141 141 141 141 141 141 141 141 141 141 141 141 141 141 141 141 141 141 141 141 141 141 141 141 141 141 141 141 141 141 141 140 140 141 141 141 141 140 140 140 140 141 140 140 141 141 140 141 141 141 141 141 0 0 0 0 0 0 0 0 0 0 0 0 0 0 0 0 0 0 0 0 0 0 0 0 0 0 0 0 0 0 0 0 0 0 0 0 0 0 0 0 0 0 0 0 0 0 0 0 0 0 0 0 0 0 0 0 0 0 0 0 0 0 0 0 0 0 0 0 0 0 0 0 0 0 0 0 0 0 0 0 0 0 0 0 0 0 0 0 0 0 0 0 0 0 0 0 0 0 0 0 0 0 0 0 0 0 0 0 0 0 0 0 0 0 0 0 0 0 0 0 0 0 0 0 0 0 0 0 0 0 0 0 0 0 0 0 0 0 0 0 0 0 0 0 0 0 0 0 0 0 0 0 0 0 0 0 0 0 0 0 0 0 0 0 0 0 0 0 0 0 0 0 0 0 0 0 0 0 0 0 0 0 0 0 
0 0 0 0 0 0 0 0 0 0 0 0 0 0 0 0 0 0 0 0 0 0 0 0 0 0 0 0 0 0 0 0 120 120 120 121 121 121 121 121 121 121 121 121 121 122 122 122 122 122 122 122 122 122 123 123 123 123 123 123 123 123 124 124 124 124 124 124 124 124 125 125 125 125 125 125 125 126 126 126 126 126 126 126 126 126 127 127 127 127 127 127 127 128 128 128 128 128 128 128 128 129 129 129 129 129 129 129 130 130 130 130 130 130 130 131 131 131 131 131 131 131 132 132 132 132 132 132 132 132 132 133 133 133 133 133 133 133 134 134 134 134 133 134 134 134 134 134 134 134 134 134 134 135 135 135 135 135 135 135 135 135 135 136 136 136 136 136 136 136 136 136 136 136 137 137 136 136 137 137 137 137 137 137 137 137 138 138 138 138 138 138 139 139 139 139 140 140 140 140 140 140 140 140 140 140 140 140 140 140 140 140 140 140 140 140 141 141 141 141 141 141 141 141 141 141 141 141 141 141 141 141 141 141 141 141 141 141 141 141 141 141 141 141 141 141 141 141 141 141 141 141 141 141 141 141 141 141 141 141 141 141 141 141 141 141 141 141 141 141 141 141 141 141 141 141 141 141 141 141 141 141 141 141 141 141 141 141 141 141 141 141 141 141 141 141 141 141 141 140 141 140 141 140 140 140 140 141 141 141 141 141 141 140 141 141 141 141 141 0 0 0 0 0 0 0 0 0 0 0 0 0 0 0 0 0 0 0 0 0 0 0 0 0 0 0 0 0 0 0 0 0 0 0 0 0 0 0 0 0 0 0 0 0 0 0 0 0 0 0 0 0 0 0 0 0 0 0 0 0 0 0 0 0 0 0 0 0 0 0 0 0 0 0 0 0 0 0 0 0 0 0 0 0 0 0 0 0 0 0 0 0 0 0 0 0 0 0 0 0 0 0 0 0 0 0 0 0 0 0 0 0 0 0 0 0 0 0 0 0 0 0 0 0 0 0 0 0 0 0 0 0 0 0 0 0 0 0 0 0 0 0 0 0 0 0 0 0 0 0 0 0 0 0 0 0 0 0 0 0 0 0 0 0 0 0 0 0 0 0 0 0 0 0 0 0 0 0 0 0 0 0 0 
0 0 0 0 0 0 0 0 0 0 0 0 0 0 0 0 0 0 0 0 0 0 0 0 0 0 0 0 0 0 0 0 0 120 120 120 121 121 121 121 121 121 121 121 121 121 122 122 122 122 122 122 122 122 122 123 123 123 123 123 123 123 123 124 124 124 124 124 124 124 125 125 125 125 125 125 125 125 126 126 126 126 126 126 126 126 127 127 127 127 127 127 128 128 128 128 128 128 128 128 128 129 129 129 129 129 129 129 130 130 130 130 130 130 130 131 131 131 131 131 131 131 131 132 132 132 132 132 132 132 133 133 133 133 133 133 133 133 134 134 134 134 133 134 134 134 134 134 134 134 134 134 135 135 135 135 135 135 135 135 135 135 135 136 136 136 136 136 136 136 136 136 136 136 137 137 137 137 137 137 137 137 137 137 137 137 138 138 138 138 138 138 139 139 139 139 140 140 140 140 140 140 140 140 140 140 140 140 140 140 140 140 140 141 141 141 141 141 141 141 141 141 141 141 141 141 141 141 141 141 141 141 141 141 141 141 141 141 141 141 141 141 141 141 141 141 141 141 141 141 141 141 141 141 141 141 141 141 141 141 141 141 141 141 141 141 141 141 141 141 141 141 141 141 141 141 141 141 141 141 141 141 141 141 141 141 141 141 141 141 141 141 141 141 141 141 141 141 141 141 141 141 141 141 140 141 141 141 141 141 141 141 141 141 141 141 140 141 141 0 0 0 0 0 0 0 0 0 0 0 0 0 0 0 0 0 0 0 0 0 0 0 0 0 0 0 0 0 0 0 0 0 0 0 0 0 0 0 0 0 0 0 0 0 0 0 0 0 0 0 0 0 0 0 0 0 0 0 0 0 0 0 0 0 0 0 0 0 0 0 0 0 0 0 0 0 0 0 0 0 0 0 0 0 0 0 0 0 0 0 0 0 0 0 0 0 0 0 0 0 0 0 0 0 0 0 0 0 0 0 0 0 0 0 0 0 0 0 0 0 0 0 0 0 0 0 0 0 0 0 0 0 0 0 0 0 0 0 0 0 0 0 0 0 0 0 0 0 0 0 0 0 0 0 0 0 0 0 0 0 0 0 0 0 0 0 0 0 0 0 0 0 0 0 0 0 0 0 0 0 0 0 0 
0 0 0 0 0 0 0 0 0 0 0 0 0 0 0 0 0 0 0 0 0 0 0 0 0 0 0 0 0 0 0 0 0 120 120 120 120 121 121 121 121 121 121 121 121 121 122 122 122 122 122 122 122 122 122 123 123 123 123 123 123 123 123 124 124 124 124 124 124 124 125 125 125 125 125 125 125 125 126 126 126 126 126 126 126 126 127 127 127 127 127 127 128 128 128 128 128 128 128 128 128 129 129 129 129 129 129 129 129 130 130 130 130 130 130 131 131 131 131 131 131 131 131 132 132 132 132 132 132 132 133 133 133 133 133 133 133 133 134 134 134 134 133 133 134 134 134 134 134 134 134 134 135 135 135 135 135 135 135 135 135 135 135 136 136 136 136 136 136 136 136 136 136 137 137 137 137 137 137 137 137 137 137 137 137 138 138 138 138 138 138 138 139 139 139 140 140 140 140 140 140 140 140 140 140 140 140 140 140 140 140 140 141 141 141 141 141 141 141 141 141 141 141 141 141 141 141 141 141 141 141 141 141 141 141 141 141 141 141 141 141 142 141 141 141 141 141 141 141 141 141 141 141 141 141 141 141 141 141 141 141 141 141 141 141 141 141 141 141 141 141 141 141 141 141 141 141 141 141 141 141 141 141 141 141 141 141 141 141 141 141 141 141 141 141 141 141 141 141 141 141 141 141 141 141 141 141 141 141 141 141 141 141 141 141 141 141 141 141 141 0 0 0 0 0 0 0 0 0 0 0 0 0 0 0 0 0 0 0 0 0 0 0 0 0 0 0 0 0 0 0 0 0 0 0 0 0 0 0 0 0 0 0 0 0 0 0 0 0 0 0 0 0 0 0 0 0 0 0 0 0 0 0 0 0 0 0 0 0 0 0 0 0 0 0 0 0 0 0 0 0 0 0 0 0 0 0 0 0 0 0 0 0 0 0 0 0 0 0 0 0 0 0 0 0 0 0 0 0 0 0 0 0 0 0 0 0 0 0 0 0 0 0 0 0 0 0 0 0 0 0 0 0 0 0 0 0 0 0 0 0 0 0 0 0 0 0 0 0 0 0 0 0 0 0 0 0 0 0 0 0 0 0 0 0 0 0 0 0 0 0 0 0 0 0 0 0 0 0 0 0 0 0 
0 0 0 0 0 0 0 0 0 0 0 0 0 0 0 0 0 0 0 0 0 0 0 0 0 0 0 0 0 0 0 0 0 0 120 120 120 120 121 121 121 121 121 121 121 121 121 122 122 122 122 122 122 122 122 123 123 123 123 123 123 123 123 124 124 124 124 124 124 124 124 125 125 125 125 125 125 125 126 126 126 126 126 126 126 126 127 127 127 127 127 127 127 128 128 128 128 128 128 128 129 129 129 129 129 129 129 129 129 130 130 130 130 130 130 130 131 131 131 131 131 131 131 132 132 132 132 132 132 132 133 133 133 133 133 133 133 133 134 134 134 134 133 133 134 134 134 134 134 134 134 134 134 135 135 135 135 135 135 135 135 135 136 136 136 136 136 136 136 136 136 136 136 137 137 137 137 137 137 137 137 137 137 137 138 138 138 138 138 138 138 138 139 139 140 140 140 140 140 140 140 140 140 140 140 140 140 140 140 140 140 141 141 141 141 141 141 141 141 141 141 141 141 141 141 141 141 141 141 141 141 141 141 141 141 141 141 141 142 142 142 142 141 141 141 141 141 141 141 141 141 141 141 141 141 141 141 141 141 141 141 141 141 141 141 141 141 141 141 141 141 141 141 141 141 141 141 141 141 141 141 141 141 141 141 141 141 141 141 141 141 141 141 141 141 141 141 141 141 141 141 141 141 141 141 141 141 141 141 141 141 141 141 141 141 141 141 141 141 0 0 0 0 0 0 0 0 0 0 0 0 0 0 0 0 0 0 0 0 0 0 0 0 0 0 0 0 0 0 0 0 0 0 0 0 0 0 0 0 0 0 0 0 0 0 0 0 0 0 0 0 0 0 0 0 0 0 0 0 0 0 0 0 0 0 0 0 0 0 0 0 0 0 0 0 0 0 0 0 0 0 0 0 0 0 0 0 0 0 0 0 0 0 0 0 0 0 0 0 0 0 0 0 0 0 0 0 0 0 0 0 0 0 0 0 0 0 0 0 0 0 0 0 0 0 0 0 0 0 0 0 0 0 0 0 0 0 0 0 0 0 0 0 0 0 0 0 0 0 0 0 0 0 0 0 0 0 0 0 0 0 0 0 0 0 0 0 0 0 0 0 0 0 0 0 0 0 0 0 0 0 0 0 
0 0 0 0 0 0 0 0 0 0 0 0 0 0 0 0 0 0 0 0 0 0 0 0 0 0 0 0 0 0 0 0 0 0 0 120 120 120 120 121 121 121 121 121 121 121 121 121 122 122 122 122 122 122 122 122 123 123 123 123 123 123 123 123 124 124 124 124 124 124 124 125 125 125 125 125 125 125 125 126 126 126 126 126 126 126 126 127 127 127 127 127 127 128 128 128 128 128 128 128 128 129 129 129 129 129 129 129 129 130 130 130 130 130 130 130 131 131 131 131 131 131 131 132 132 132 132 132 132 132 132 133 133 133 133 133 133 133 134 134 134 134 133 133 134 134 134 134 134 134 134 134 134 135 135 135 135 135 135 135 135 135 136 136 136 136 136 136 136 136 136 136 137 137 137 137 137 137 137 137 137 137 137 137 138 138 138 138 138 138 138 138 139 140 140 140 140 140 140 140 140 140 140 140 140 140 140 140 140 141 141 141 141 141 141 141 141 141 141 141 141 141 141 141 141 141 141 141 141 141 141 141 141 141 141 141 142 142 142 142 142 142 141 141 141 141 141 141 141 141 141 141 141 141 141 141 141 141 141 141 141 141 141 141 141 141 141 141 141 141 141 141 141 141 141 141 141 141 141 141 141 141 141 141 141 141 141 141 141 141 141 141 141 141 141 141 141 141 141 141 141 141 141 141 141 141 141 141 141 141 141 141 141 141 141 141 141 141 0 0 0 0 0 0 0 0 0 0 0 0 0 0 0 0 0 0 0 0 0 0 0 0 0 0 0 0 0 0 0 0 0 0 0 0 0 0 0 0 0 0 0 0 0 0 0 0 0 0 0 0 0 0 0 0 0 0 0 0 0 0 0 0 0 0 0 0 0 0 0 0 0 0 0 0 0 0 0 0 0 0 0 0 0 0 0 0 0 0 0 0 0 0 0 0 0 0 0 0 0 0 0 0 0 0 0 0 0 0 0 0 0 0 0 0 0 0 0 0 0 0 0 0 0 0 0 0 0 0 0 0 0 0 0 0 0 0 0 0 0 0 0 0 0 0 0 0 0 0 0 0 0 0 0 0 0 0 0 0 0 0 0 0 0 0 0 0 0 0 0 0 0 0 0 0 0 0 0 0 0 0 0 0 0 
0 0 0 0 0 0 0 0 0 0 0 0 0 0 0 0 0 0 0 0 0 0 0 0 0 0 0 0 0 0 0 0 0 0 120 120 120 120 120 120 121 121 121 121 121 121 121 121 121 122 122 122 122 122 122 122 123 123 123 123 123 123 123 123 124 124 124 124 124 124 124 124 125 125 125 125 125 125 125 126 126 126 126 126 126 126 126 126 127 127 127 127 127 127 128 128 128 128 128 128 128 129 129 129 129 129 129 129 129 130 130 130 130 130 130 130 131 131 131 131 131 131 131 132 132 132 132 132 132 132 132 133 133 133 133 133 133 133 133 134 134 134 133 133 134 134 134 134 134 134 134 134 135 135 135 135 135 135 135 135 135 135 136 136 136 136 136 136 136 136 136 137 137 137 137 137 137 137 137 137 137 137 137 137 138 138 138 138 138 138 138 138 140 140 140 140 140 140 140 140 140 140 140 140 140 140 140 140 141 141 141 141 141 141 141 141 141 141 141 141 141 141 141 141 141 141 141 141 141 141 141 141 141 141 141 142 142 142 142 142 142 142 141 141 141 141 141 141 141 141 141 141 141 141 141 141 141 141 141 141 141 141 141 141 141 141 141 141 141 141 141 141 141 141 141 141 141 141 141 141 141 141 141 141 141 141 141 141 141 141 141 141 141 141 141 141 141 141 141 141 141 141 141 141 141 141 141 141 141 141 141 141 141 141 141 141 141 0 0 0 0 0 0 0 0 0 0 0 0 0 0 0 0 0 0 0 0 0 0 0 0 0 0 0 0 0 0 0 0 0 0 0 0 0 0 0 0 0 0 0 0 0 0 0 0 0 0 0 0 0 0 0 0 0 0 0 0 0 0 0 0 0 0 0 0 0 0 0 0 0 0 0 0 0 0 0 0 0 0 0 0 0 0 0 0 0 0 0 0 0 0 0 0 0 0 0 0 0 0 0 0 0 0 0 0 0 0 0 0 0 0 0 0 0 0 0 0 0 0 0 0 0 0 0 0 0 0 0 0 0 0 0 0 0 0 0 0 0 0 0 0 0 0 0 0 0 0 0 0 0 0 0 0 0 0 0 0 0 0 0 0 0 0 0 0 0 0 0 0 0 0 0 0 0 0 0 0 0 0 0 0 0 0 
0 0 0 0 0 0 0 0 0 0 0 0 0 0 0 0 0 0 0 0 0 0 0 0 0 0 0 0 0 0 0 0 0 0 120 120 120 120 120 120 120 121 121 121 121 121 121 121 121 121 122 122 122 122 122 122 122 123 123 123 123 123 123 123 123 124 124 124 124 124 124 124 125 125 125 125 125 125 125 125 126 126 126 126 126 126 126 126 127 127 127 127 127 127 128 128 128 128 128 128 128 128 129 129 129 129 129 129 129 130 130 130 130 130 130 130 131 131 131 131 131 131 131 132 132 132 132 132 132 132 132 133 133 133 133 133 133 133 133 134 134 134 133 133 134 134 134 134 134 134 134 134 135 135 135 135 135 135 135 135 135 135 136 136 136 136 136 136 136 136 136 137 137 137 137 137 137 137 137 137 137 137 137 137 138 138 138 138 138 138 138 138 140 140 140 140 140 140 140 140 140 140 140 140 140 140 140 141 141 141 141 141 141 141 141 141 141 141 141 141 141 141 141 141 141 141 141 141 141 141 141 141 141 141 142 142 142 142 142 142 142 142 141 141 141 141 141 141 141 141 141 141 141 141 141 141 141 141 141 141 141 141 141 141 141 141 141 141 141 141 141 141 141 141 141 141 141 141 141 141 141 141 141 141 141 141 141 141 141 141 141 141 141 141 141 141 141 141 141 141 141 141 141 141 141 141 141 141 141 141 141 141 141 141 141 141 141 0 0 0 0 0 0 0 0 0 0 0 0 0 0 0 0 0 0 0 0 0 0 0 0 0 0 0 0 0 0 0 0 0 0 0 0 0 0 0 0 0 0 0 0 0 0 0 0 0 0 0 0 0 0 0 0 0 0 0 0 0 0 0 0 0 0 0 0 0 0 0 0 0 0 0 0 0 0 0 0 0 0 0 0 0 0 0 0 0 0 0 0 0 0 0 0 0 0 0 0 0 0 0 0 0 0 0 0 0 0 0 0 0 0 0 0 0 0 0 0 0 0 0 0 0 0 0 0 0 0 0 0 0 0 0 0 0 0 0 0 0 0 0 0 0 0 0 0 0 0 0 0 0 0 0 0 0 0 0 0 0 0 0 0 0 0 0 0 0 0 0 0 0 0 0 0 0 0 0 0 0 0 0 0 0 0 
0 0 0 0 0 0 0 0 0 0 0 0 0 0 0 0 0 0 0 0 0 0 0 0 0 0 0 0 0 0 0 0 0 0 119 120 120 120 120 120 120 120 120 121 121 121 121 121 121 121 122 122 122 122 122 122 122 122 123 123 123 123 123 123 123 124 124 124 124 124 124 124 124 125 125 125 125 125 125 125 125 126 126 126 126 126 126 126 126 127 127 127 127 127 127 128 128 128 128 128 128 128 129 129 129 129 129 129 129 130 130 130 130 130 130 130 130 131 131 131 131 131 131 132 132 132 132 132 132 132 132 133 133 133 133 133 133 133 133 134 134 134 133 133 134 134 134 134 134 134 134 134 134 135 135 135 135 135 135 135 135 135 136 136 136 136 136 136 136 136 136 137 137 137 137 137 137 137 137 137 137 138 138 138 138 138 138 138 138 138 138 138 140 140 140 140 140 140 140 140 140 140 140 140 140 140 141 141 141 141 141 141 141 141 141 141 141 141 141 141 141 141 141 141 141 141 141 141 141 141 141 141 141 142 142 142 142 142 142 142 142 142 141 141 141 141 141 141 141 141 141 141 141 141 141 141 141 141 141 141 141 141 141 141 141 141 141 141 141 141 141 141 141 141 141 141 141 141 141 141 141 141 141 141 141 141 141 141 141 141 141 141 141 141 141 141 141 141 141 141 141 141 141 141 141 141 141 141 141 141 141 141 141 141 141 141 0 0 0 0 0 0 0 0 0 0 0 0 0 0 0 0 0 0 0 0 0 0 0 0 0 0 0 0 0 0 0 0 0 0 0 0 0 0 0 0 0 0 0 0 0 0 0 0 0 0 0 0 0 0 0 0 0 0 0 0 0 0 0 0 0 0 0 0 0 0 0 0 0 0 0 0 0 0 0 0 0 0 0 0 0 0 0 0 0 0 0 0 0 0 0 0 0 0 0 0 0 0 0 0 0 0 0 0 0 0 0 0 0 0 0 0 0 0 0 0 0 0 0 0 0 0 0 0 0 0 0 0 0 0 0 0 0 0 0 0 0 0 0 0 0 0 0 0 0 0 0 0 0 0 0 0 0 0 0 0 0 0 0 0 0 0 0 0 0 0 0 0 0 0 0 0 0 0 0 0 0 0 0 0 0 0 0 
0 0 0 0 0 0 0 0 0 0 0 0 0 0 0 0 0 0 0 0 0 0 0 0 0 0 0 0 0 0 0 0 0 0 119 119 120 120 120 120 120 120 120 120 121 121 121 121 121 121 121 122 122 122 122 122 122 122 123 123 123 123 123 123 123 123 124 124 124 124 124 124 124 125 125 125 125 125 125 125 125 126 126 126 126 126 126 126 126 127 127 127 127 127 127 128 128 128 128 128 128 128 129 129 129 129 129 129 129 129 130 130 130 130 130 130 130 131 131 131 131 131 131 131 132 132 132 132 132 132 132 133 133 133 133 133 133 133 133 134 134 134 133 133 134 134 134 134 134 134 134 134 134 135 135 135 135 135 135 135 135 136 136 136 136 136 136 136 136 136 137 137 137 137 137 137 137 137 137 137 138 138 138 138 138 138 138 138 138 138 138 138 140 140 140 140 140 140 140 140 140 140 140 140 141 141 141 141 141 141 141 141 141 141 141 141 141 141 141 141 141 141 141 141 141 141 141 141 141 141 141 141 141 142 142 142 142 142 142 142 142 142 141 141 141 141 141 141 141 141 141 141 141 141 141 141 141 141 141 141 141 141 141 141 141 141 141 141 141 141 141 141 141 141 141 141 141 141 141 141 141 141 141 141 141 141 141 141 142 142 142 141 141 141 141 141 141 141 141 141 141 141 141 141 141 141 141 141 141 141 141 141 141 141 141 141 0 0 0 0 0 0 0 0 0 0 0 0 0 0 0 0 0 0 0 0 0 0 0 0 0 0 0 0 0 0 0 0 0 0 0 0 0 0 0 0 0 0 0 0 0 0 0 0 0 0 0 0 0 0 0 0 0 0 0 0 0 0 0 0 0 0 0 0 0 0 0 0 0 0 0 0 0 0 0 0 0 0 0 0 0 0 0 0 0 0 0 0 0 0 0 0 0 0 0 0 0 0 0 0 0 0 0 0 0 0 0 0 0 0 0 0 0 0 0 0 0 0 0 0 0 0 0 0 0 0 0 0 0 0 0 0 0 0 0 0 0 0 0 0 0 0 0 0 0 0 0 0 0 0 0 0 0 0 0 0 0 0 0 0 0 0 0 0 0 0 0 0 0 0 0 0 0 0 0 0 0 0 0 0 0 0 0 
0 0 0 0 0 0 0 0 0 0 0 0 0 0 0 0 0 0 0 0 0 0 0 0 0 0 0 0 0 0 0 0 0 119 119 119 120 120 120 120 120 120 120 120 120 121 121 121 121 121 121 121 122 122 122 122 122 122 122 123 123 123 123 123 123 123 123 124 124 124 124 124 124 124 125 125 125 125 125 125 125 126 126 126 126 126 126 126 126 126 127 127 127 127 127 128 128 128 128 128 128 128 128 129 129 129 129 129 129 129 130 130 130 130 130 130 130 131 131 131 131 131 131 131 132 132 132 132 132 132 132 132 133 133 133 133 133 133 133 134 134 134 133 133 134 134 134 134 134 134 134 134 134 135 135 135 135 135 135 135 135 136 136 136 136 136 136 136 136 136 137 137 137 137 137 137 137 137 137 137 138 138 138 138 138 138 138 138 138 138 138 138 140 140 140 140 140 140 140 140 140 140 140 141 141 141 141 141 141 141 141 141 141 141 141 141 141 141 141 141 141 141 141 141 141 141 141 141 141 141 141 142 142 142 142 142 142 142 142 142 142 142 141 141 141 141 141 141 141 141 141 142 142 142 141 141 141 141 141 141 141 141 141 141 141 141 141 141 141 141 141 141 141 141 141 141 141 141 141 141 141 141 142 142 142 142 142 142 142 142 142 142 141 141 141 141 141 141 141 141 141 141 141 141 141 141 141 141 141 141 141 141 141 141 141 0 0 0 0 0 0 0 0 0 0 0 0 0 0 0 0 0 0 0 0 0 0 0 0 0 0 0 0 0 0 0 0 0 0 0 0 0 0 0 0 0 0 0 0 0 0 0 0 0 0 0 0 0 0 0 0 0 0 0 0 0 0 0 0 0 0 0 0 0 0 0 0 0 0 0 0 0 0 0 0 0 0 0 0 0 0 0 0 0 0 0 0 0 0 0 0 0 0 0 0 0 0 0 0 0 0 0 0 0 0 0 0 0 0 0 0 0 0 0 0 0 0 0 0 0 0 0 0 0 0 0 0 0 0 0 0 0 0 0 0 0 0 0 0 0 0 0 0 0 0 0 0 0 0 0 0 0 0 0 0 0 0 0 0 0 0 0 0 0 0 0 0 0 0 0 0 0 0 0 0 0 0 0 0 0 0 0 0 
0 0 0 0 0 0 0 0 0 0 0 0 0 0 0 0 0 0 0 0 0 0 0 0 0 0 0 0 0 0 0 0 0 0 119 119 119 120 120 120 120 120 120 120 120 120 121 121 121 121 121 121 121 122 122 122 122 122 122 122 123 123 123 123 123 123 123 124 124 124 124 124 124 124 124 125 125 125 125 125 125 125 126 126 126 126 126 126 126 126 127 127 127 127 127 127 128 128 128 128 128 128 128 129 129 129 129 129 129 129 130 130 130 130 130 130 130 131 131 131 131 131 131 131 132 132 132 132 132 132 132 132 133 133 133 133 133 133 133 134 134 134 133 133 134 134 134 134 134 134 134 134 134 135 135 135 135 135 135 135 135 136 136 136 136 136 136 136 136 136 137 137 137 137 137 137 137 137 137 137 138 138 138 138 138 138 138 138 138 138 138 139 140 140 140 140 140 140 140 140 140 140 141 141 141 141 141 141 141 141 141 141 141 141 141 141 141 141 141 141 141 141 141 141 141 141 141 141 142 142 142 142 142 142 142 142 142 142 142 142 142 142 141 141 141 141 141 142 142 142 142 142 142 142 142 142 142 141 141 141 141 141 141 141 141 141 141 141 141 141 141 141 141 141 141 141 141 142 142 142 142 142 142 142 142 142 142 142 142 142 142 142 141 141 141 141 141 141 141 141 141 141 141 141 141 141 141 141 141 141 0 0 0 0 0 0 0 0 0 0 0 0 0 0 0 0 0 0 0 0 0 0 0 0 0 0 0 0 0 0 0 0 0 0 0 0 0 0 0 0 0 0 0 0 0 0 0 0 0 0 0 0 0 0 0 0 0 0 0 0 0 0 0 0 0 0 0 0 0 0 0 0 0 0 0 0 0 0 0 0 0 0 0 0 0 0 0 0 0 0 0 0 0 0 0 0 0 0 0 0 0 0 0 0 0 0 0 0 0 0 0 0 0 0 0 0 0 0 0 0 0 0 0 0 0 0 0 0 0 0 0 0 0 0 0 0 0 0 0 0 0 0 0 0 0 0 0 0 0 0 0 0 0 0 0 0 0 0 0 0 0 0 0 0 0 0 0 0 0 0 0 0 0 0 0 0 0 0 0 0 0 0 0 0 0 0 0 0 0 0 0 0 0 
0 0 0 0 0 0 0 0 0 0 0 0 0 0 0 0 0 0 0 0 0 0 0 0 0 0 0 0 0 0 0 0 0 0 119 119 119 119 120 120 120 120 120 120 120 120 121 121 121 121 121 121 121 121 122 122 122 122 122 122 122 123 123 123 123 123 123 123 124 124 124 124 124 124 124 125 125 125 125 125 125 125 125 126 126 126 126 126 126 126 127 127 127 127 127 127 128 128 128 128 128 128 128 129 129 129 129 129 129 129 129 130 130 130 130 130 130 130 131 131 131 131 131 131 131 132 132 132 132 132 132 132 133 133 133 133 133 133 133 133 134 134 133 133 133 134 134 134 134 134 134 134 134 135 135 135 135 135 135 135 135 136 136 136 136 136 136 136 136 136 137 137 137 137 137 137 137 137 137 138 138 138 138 138 138 138 138 138 138 138 139 139 140 140 140 140 140 140 140 140 140 141 141 141 141 141 141 141 141 141 141 141 141 141 141 141 141 141 141 141 141 141 141 142 142 142 142 142 142 142 142 142 142 142 142 142 142 142 142 142 142 142 141 141 142 142 142 142 142 142 142 142 142 142 142 142 142 142 142 142 142 142 142 142 141 141 141 141 141 141 141 141 141 141 142 142 142 142 142 142 142 142 142 142 142 142 142 142 142 142 142 142 141 141 141 141 141 141 141 141 141 141 141 141 141 0 0 0 0 0 0 0 0 0 0 0 0 0 0 0 0 0 0 0 0 0 0 0 0 0 0 0 0 0 0 0 0 0 0 0 0 0 0 0 0 0 0 0 0 0 0 0 0 0 0 0 0 0 0 0 0 0 0 0 0 0 0 0 0 0 0 0 0 0 0 0 0 0 0 0 0 0 0 0 0 0 0 0 0 0 0 0 0 0 0 0 0 0 0 0 0 0 0 0 0 0 0 0 0 0 0 0 0 0 0 0 0 0 0 0 0 0 0 0 0 0 0 0 0 0 0 0 0 0 0 0 0 0 0 0 0 0 0 0 0 0 0 0 0 0 0 0 0 0 0 0 0 0 0 0 0 0 0 0 0 0 0 0 0 0 0 0 0 0 0 0 0 0 0 0 0 0 0 0 0 0 0 0 0 0 0 0 0 0 0 0 0 0 0 0 0 0 0 
0 0 0 0 0 0 0 0 0 0 0 0 0 0 0 0 0 0 0 0 0 0 0 0 0 0 0 0 0 0 0 0 0 0 119 119 119 119 119 120 120 120 120 120 120 120 120 121 121 121 121 121 121 121 121 122 122 122 122 122 122 123 123 123 123 123 123 123 123 124 124 124 124 124 124 124 125 125 125 125 125 125 125 126 126 126 126 126 126 126 127 127 127 127 127 127 128 128 128 128 128 128 128 128 129 129 129 129 129 129 129 130 130 130 130 130 130 130 131 131 131 131 131 131 131 132 132 132 132 132 132 132 132 133 133 133 133 133 133 133 134 134 133 133 134 134 134 134 134 134 134 134 134 135 135 135 135 135 135 135 135 136 136 136 136 136 136 136 136 137 137 137 137 137 137 137 137 137 137 138 138 138 138 138 138 138 138 138 138 139 139 139 140 140 140 140 140 140 140 140 141 141 141 141 141 141 141 141 141 141 141 141 141 141 141 141 141 141 141 141 141 142 142 142 142 142 142 142 142 142 142 142 142 142 142 142 142 142 142 142 142 142 142 142 142 142 142 142 142 142 142 142 142 142 142 142 142 142 142 142 142 142 142 142 142 142 142 142 142 142 142 142 142 142 142 142 142 142 142 142 142 142 142 142 142 142 142 142 142 142 142 142 141 141 141 141 141 141 141 141 141 141 141 141 141 141 0 0 0 0 0 0 0 0 0 0 0 0 0 0 0 0 0 0 0 0 0 0 0 0 0 0 0 0 0 0 0 0 0 0 0 0 0 0 0 0 0 0 0 0 0 0 0 0 0 0 0 0 0 0 0 0 0 0 0 0 0 0 0 0 0 0 0 0 0 0 0 0 0 0 0 0 0 0 0 0 0 0 0 0 0 0 0 0 0 0 0 0 0 0 0 0 0 0 0 0 0 0 0 0 0 0 0 0 0 0 0 0 0 0 0 0 0 0 0 0 0 0 0 0 0 0 0 0 0 0 0 0 0 0 0 0 0 0 0 0 0 0 0 0 0 0 0 0 0 0 0 0 0 0 0 0 0 0 0 0 0 0 0 0 0 0 0 0 0 0 0 0 0 0 0 0 0 0 0 0 0 0 0 0 0 0 0 0 0 0 0 0 0 0 0 0 0 
0 0 0 0 0 0 0 0 0 0 0 0 0 0 0 0 0 0 0 0 0 0 0 0 0 0 0 0 0 0 0 0 0 0 119 119 119 119 119 119 120 120 120 120 120 120 120 120 121 121 121 121 121 121 121 122 122 122 122 122 122 122 123 123 123 123 123 123 123 124 124 124 124 124 124 124 125 125 125 125 125 125 125 126 126 126 126 126 126 126 126 127 127 127 127 127 127 128 128 128 128 128 128 128 129 129 129 129 129 129 129 130 130 130 130 130 130 130 131 131 131 131 131 131 131 131 132 132 132 132 132 132 132 133 133 133 133 133 133 133 134 134 133 133 133 134 134 134 134 134 134 134 134 135 135 135 135 135 135 135 135 136 136 136 136 136 136 136 136 137 137 137 137 137 137 137 137 137 137 138 138 138 138 138 138 138 138 138 139 139 139 139 140 140 140 140 140 140 140 141 141 141 141 141 141 141 141 141 141 141 141 141 141 141 141 141 141 141 141 142 142 142 142 142 142 142 142 142 142 142 142 142 142 142 142 142 142 142 142 142 142 142 142 142 142 142 142 142 142 142 142 142 142 142 142 142 142 142 142 142 142 142 142 142 142 142 142 142 142 142 142 142 142 142 142 142 142 142 142 142 142 142 142 142 142 142 142 142 142 142 142 142 141 141 142 142 141 141 141 141 141 141 141 141 141 141 141 141 0 0 0 0 0 0 0 0 0 0 0 0 0 0 0 0 0 0 0 0 0 0 0 0 0 0 0 0 0 0 0 0 0 0 0 0 0 0 0 0 0 0 0 0 0 0 0 0 0 0 0 0 0 0 0 0 0 0 0 0 0 0 0 0 0 0 0 0 0 0 0 0 0 0 0 0 0 0 0 0 0 0 0 0 0 0 0 0 0 0 0 0 0 0 0 0 0 0 0 0 0 0 0 0 0 0 0 0 0 0 0 0 0 0 0 0 0 0 0 0 0 0 0 0 0 0 0 0 0 0 0 0 0 0 0 0 0 0 0 0 0 0 0 0 0 0 0 0 0 0 0 0 0 0 0 0 0 0 0 0 0 0 0 0 0 0 0 0 0 0 0 0 0 0 0 0 0 0 0 0 0 0 0 0 0 0 0 0 0 0 0 0 0 0 0 
0 0 0 0 0 0 0 0 0 0 0 0 0 0 0 0 0 0 0 0 0 0 0 0 0 0 0 0 0 0 0 0 0 119 119 119 119 119 119 119 119 120 120 120 120 120 120 120 120 120 121 121 121 121 121 121 121 122 122 122 122 122 122 122 123 123 123 123 123 123 123 124 124 124 124 124 124 124 125 125 125 125 125 125 125 126 126 126 126 126 126 126 127 127 127 127 127 127 128 128 128 128 128 128 128 128 129 129 129 129 129 129 129 130 130 130 130 130 130 130 131 131 131 131 131 131 131 131 132 132 132 132 132 132 133 133 133 133 133 133 133 133 133 134 134 134 134 134 134 134 134 135 135 135 135 135 135 135 136 136 136 136 136 136 136 136 136 137 137 137 137 137 137 137 137 138 138 138 138 138 138 138 138 138 138 139 139 139 139 139 139 139 140 140 140 140 140 140 140 140 141 141 141 141 141 141 141 141 141 141 141 141 141 141 141 141 141 141 141 141 141 142 142 142 142 142 142 142 142 142 142 142 142 142 142 142 142 142 142 142 142 142 141 141 141 141 142 142 142 142 142 142 142 142 142 141 141 141 142 142 142 142 142 142 142 142 142 142 142 142 142 142 141 141 141 141 141 141 141 141 141 141 142 142 142 142 141 141 141 141 142 141 141 141 141 141 141 141 141 141 141 141 141 141 141 141 141 141 141 141 141 0 0 0 0 0 0 0 0 0 0 0 0 0 0 0 0 0 0 0 0 0 0 0 0 0 0 0 0 0 0 0 0 0 0 0 0 0 0 0 0 0 0 0 0 0 0 0 0 0 0 0 0 0 0 0 0 0 0 0 0 0 0 0 0 0 0 0 0 0 0 0 0 0 0 0 0 0 0 0 0 0 0 0 0 0 0 0 0 0 0 0 0 0 0 0 0 0 0 0 0 0 0 0 0 0 0 0 0 0 0 0 0 0 0 0 0 0 0 0 0 0 0 0 0 0 0 0 0 0 0 0 0 0 0 0 0 0 0 0 0 0 0 0 0 0 0 0 0 0 0 0 0 0 0 0 0 0 0 0 0 0 0 0 0 0 0 0 0 0 0 0 0 0 0 0 0 0 0 0 0 0 0 0 0 0 0 0 0 0 0 0 0 
0 0 0 0 0 0 0 0 0 0 0 0 0 0 0 0 0 0 0 0 0 0 0 0 0 0 0 0 0 0 0 118 118 118 119 119 119 119 119 119 119 120 119 120 120 120 120 120 120 120 121 121 121 121 121 121 121 122 122 122 122 122 122 122 123 123 123 123 123 123 123 124 124 124 124 124 124 124 125 125 125 125 125 125 125 126 126 126 126 126 126 126 127 127 127 127 127 127 127 128 128 128 128 128 128 128 129 129 129 129 129 129 129 130 130 130 130 130 130 130 131 131 131 131 131 131 131 131 132 132 132 132 132 132 132 133 133 133 133 133 133 133 133 134 134 134 134 134 134 134 134 135 135 135 135 135 135 135 136 136 136 136 136 136 136 136 137 137 137 137 137 137 137 137 137 138 138 138 138 138 138 138 138 138 139 139 139 139 139 139 139 139 140 140 140 140 140 140 140 141 141 141 141 141 141 141 141 141 141 141 141 141 141 141 141 141 141 141 141 142 142 142 142 142 142 142 142 142 142 142 142 142 142 142 142 142 142 142 142 142 142 142 141 141 141 142 142 142 142 142 142 142 142 142 142 142 142 142 142 142 142 142 142 142 142 142 142 142 142 142 142 142 142 142 141 141 141 141 141 141 142 142 142 142 142 142 142 142 142 142 142 142 141 141 141 141 141 141 141 141 141 141 141 141 141 141 141 141 141 141 141 0 0 0 0 0 0 0 0 0 0 0 0 0 0 0 0 0 0 0 0 0 0 0 0 0 0 0 0 0 0 0 0 0 0 0 0 0 0 0 0 0 0 0 0 0 0 0 0 0 0 0 0 0 0 0 0 0 0 0 0 0 0 0 0 0 0 0 0 0 0 0 0 0 0 0 0 0 0 0 0 0 0 0 0 0 0 0 0 0 0 0 0 0 0 0 0 0 0 0 0 0 0 0 0 0 0 0 0 0 0 0 0 0 0 0 0 0 0 0 0 0 0 0 0 0 0 0 0 0 0 0 0 0 0 0 0 0 0 0 0 0 0 0 0 0 0 0 0 0 0 0 0 0 0 0 0 0 0 0 0 0 0 0 0 0 0 0 0 0 0 0 0 0 0 0 0 0 0 0 0 0 0 0 0 0 0 0 0 0 0 0 0 
0 0 0 0 0 0 0 0 0 0 0 0 0 0 0 0 0 0 0 0 0 0 0 0 0 0 0 0 118 118 118 118 118 118 118 119 119 119 0 119 119 119 119 119 120 120 120 120 120 120 120 121 121 121 121 121 121 121 122 122 122 122 122 122 122 123 123 123 123 123 123 123 124 124 124 124 124 124 124 125 125 125 125 125 125 125 126 126 126 126 126 126 127 127 127 127 127 127 127 127 128 128 128 128 128 128 129 129 129 129 129 129 129 130 130 130 130 130 130 130 131 131 131 131 131 131 131 131 132 132 132 132 132 132 132 133 133 133 133 133 133 133 133 134 134 134 134 134 134 134 134 135 135 135 135 135 135 135 135 136 136 136 136 136 136 136 137 137 137 137 137 137 137 137 138 138 138 138 138 138 138 138 138 138 139 139 139 139 139 139 139 139 140 140 140 140 140 140 141 141 141 141 141 141 141 141 141 141 141 141 141 141 141 141 141 141 141 142 142 142 142 142 142 142 142 142 142 142 142 142 142 142 142 142 142 142 142 142 142 142 142 142 141 141 141 142 142 142 142 142 142 142 142 142 142 142 142 142 142 142 142 142 142 142 142 142 142 142 142 142 142 142 142 142 142 142 141 141 141 141 142 142 142 142 142 142 142 142 142 142 142 142 141 141 141 141 141 141 141 141 141 141 141 141 141 141 141 141 141 141 141 0 0 0 0 0 0 0 0 0 0 0 0 0 0 0 0 0 0 0 0 0 0 0 0 0 0 0 0 0 0 0 0 0 0 0 0 0 0 0 0 0 0 0 0 0 0 0 0 0 0 0 0 0 0 0 0 0 0 0 0 0 0 0 0 0 0 0 0 0 0 0 0 0 0 0 0 0 0 0 0 0 0 0 0 0 0 0 0 0 0 0 0 0 0 0 0 0 0 0 0 0 0 0 0 0 0 0 0 0 0 0 0 0 0 0 0 0 0 0 0 0 0 0 0 0 0 0 0 0 0 0 0 0 0 0 0 0 0 0 0 0 0 0 0 0 0 0 0 0 0 0 0 0 0 0 0 0 0 0 0 0 0 0 0 0 0 0 0 0 0 0 0 0 0 0 0 0 0 0 0 0 0 0 0 0 0 0 0 0 0 0 0 
0 0 0 0 0 0 0 0 0 0 0 0 0 0 0 0 0 0 0 0 0 0 0 0 0 0 0 0 0 0 0 0 0 0 118 118 0 0 0 0 119 119 119 119 119 120 120 120 120 120 120 120 121 121 121 121 121 121 121 122 122 122 122 122 122 122 123 123 123 123 123 123 123 124 124 124 124 124 124 125 125 125 125 125 125 125 126 126 126 126 126 126 126 127 127 127 127 127 127 127 128 128 128 128 128 128 128 129 129 129 129 129 129 130 130 130 130 130 130 130 130 131 131 131 131 131 131 131 132 132 132 132 132 132 132 133 133 133 133 133 133 133 133 134 134 134 134 134 134 134 134 135 135 135 135 135 135 135 136 136 136 136 136 136 136 136 137 137 137 137 137 137 137 137 138 138 138 138 138 138 138 138 138 139 139 139 139 139 139 139 139 139 140 140 140 140 140 141 141 141 141 141 141 141 141 141 141 141 141 141 141 141 141 141 141 142 142 142 142 142 142 142 142 142 142 142 142 142 142 142 142 142 142 142 142 142 142 142 142 142 142 142 141 141 141 142 142 142 142 142 142 142 142 142 142 142 142 142 142 142 142 142 142 142 142 142 142 142 142 142 142 142 142 142 142 142 142 142 142 141 142 142 142 142 142 142 142 142 142 142 142 142 141 141 141 141 141 141 141 141 141 141 141 141 141 141 141 141 141 141 141 0 0 0 0 0 0 0 0 0 0 0 0 0 0 0 0 0 0 0 0 0 0 0 0 0 0 0 0 0 0 0 0 0 0 0 0 0 0 0 0 0 0 0 0 0 0 0 0 0 0 0 0 0 0 0 0 0 0 0 0 0 0 0 0 0 0 0 0 0 0 0 0 0 0 0 0 0 0 0 0 0 0 0 0 0 0 0 0 0 0 0 0 0 0 0 0 0 0 0 0 0 0 0 0 0 0 0 0 0 0 0 0 0 0 0 0 0 0 0 0 0 0 0 0 0 0 0 0 0 0 0 0 0 0 0 0 0 0 0 0 0 0 0 0 0 0 0 0 0 0 0 0 0 0 0 0 0 0 0 0 0 0 0 0 0 0 0 0 0 0 0 0 0 0 0 0 0 0 0 0 0 0 0 0 0 0 0 0 0 0 0 0 
0 0 0 0 0 0 0 0 0 0 0 0 0 0 0 0 0 0 0 0 0 0 0 0 0 0 0 0 0 0 0 0 0 0 0 0 0 0 0 0 119 119 119 119 119 120 120 120 120 120 120 120 121 121 121 121 121 121 121 121 122 122 122 122 122 122 123 123 123 123 123 123 123 124 124 124 124 124 124 124 125 125 125 125 125 125 125 126 126 126 126 126 126 127 127 127 127 127 127 127 128 128 128 128 128 128 128 129 129 129 129 129 129 129 130 130 130 130 130 130 130 131 131 131 131 131 131 131 132 132 132 132 132 132 132 133 133 133 133 133 133 133 133 133 134 134 134 134 134 134 134 135 135 135 135 135 135 135 136 136 136 136 136 136 136 136 137 137 137 137 137 137 137 137 138 138 138 138 138 138 138 138 139 139 139 139 139 139 139 139 139 139 140 140 140 140 141 141 141 141 141 141 141 141 141 141 141 141 141 141 141 141 141 142 142 142 142 142 142 142 142 142 142 142 142 142 142 142 142 142 142 142 142 142 142 142 142 142 142 142 142 142 141 141 142 141 142 142 142 142 142 142 142 142 142 142 142 142 142 142 142 142 142 142 142 142 142 142 142 142 142 142 142 142 142 142 142 142 142 142 142 142 142 142 142 142 142 142 142 142 142 142 141 141 141 141 141 141 141 141 141 141 141 141 141 141 141 141 141 141 141 141 141 0 0 0 141 141 141 0 0 0 0 0 0 0 0 0 0 0 0 0 0 0 0 0 0 0 0 0 0 0 0 0 0 0 0 0 0 0 0 0 0 0 0 0 0 0 0 0 0 0 0 0 0 0 0 0 0 0 0 0 0 0 0 0 0 0 0 0 0 0 0 0 0 0 0 0 0 0 0 0 0 0 0 0 0 0 0 0 0 0 0 0 0 0 0 0 0 0 0 0 0 0 0 0 0 0 0 0 0 0 0 0 0 0 0 0 0 0 0 0 0 0 0 0 0 0 0 0 0 0 0 0 0 0 0 0 0 0 0 0 0 0 0 0 0 0 0 0 0 0 0 0 0 0 0 0 0 0 0 0 0 0 0 0 0 0 0 0 0 0 0 0 0 0 0 0 0 0 0 0 0 0 0 0 0 0 0 0 0 0 0 
0 0 0 0 0 0 0 0 0 0 0 0 0 0 0 0 0 0 0 0 0 0 0 0 0 0 0 0 0 0 0 0 0 0 0 0 0 0 0 0 0 119 119 119 119 119 120 120 120 120 120 120 120 120 121 121 121 121 121 121 122 122 122 122 122 122 122 123 123 123 123 123 123 123 124 124 124 124 124 124 124 125 125 125 125 125 125 126 126 126 126 126 126 126 127 127 127 127 127 127 127 128 128 128 128 128 128 129 129 129 129 129 129 129 130 130 130 130 130 130 130 131 131 131 131 131 131 131 132 132 132 132 132 132 132 133 133 133 133 133 133 133 133 133 134 134 134 134 134 134 134 135 135 135 135 135 135 135 136 136 136 136 136 136 136 136 137 137 137 137 137 137 137 137 138 138 138 138 138 138 138 138 139 139 139 139 139 139 139 139 139 140 140 140 140 141 141 141 141 141 141 141 141 141 141 141 141 141 141 141 141 142 142 142 142 142 142 142 142 142 142 142 142 142 142 142 142 142 142 142 142 142 142 142 142 142 142 142 142 142 142 142 142 142 142 142 142 142 142 142 142 142 142 142 142 142 142 142 142 142 142 142 142 142 142 142 142 142 142 142 142 142 142 142 142 142 142 142 142 142 142 142 142 142 142 142 142 142 142 142 142 142 141 141 141 141 141 141 141 141 141 141 141 141 141 141 141 141 141 141 141 142 142 142 142 142 142 142 142 142 142 0 0 0 0 0 0 0 0 0 0 0 0 0 0 0 0 0 0 0 0 0 0 0 0 0 0 0 0 0 0 0 0 0 0 0 0 0 0 0 0 0 0 0 0 0 0 0 0 0 0 0 0 0 0 0 0 0 0 0 0 0 0 0 0 0 0 0 0 0 0 0 0 0 0 0 0 0 0 0 0 0 0 0 0 0 0 0 0 0 0 0 0 0 0 0 0 0 0 0 0 0 0 0 0 0 0 0 0 0 0 0 0 0 0 0 0 0 0 0 0 0 0 0 0 0 0 0 0 0 0 0 0 0 0 0 0 0 0 0 0 0 0 0 0 0 0 0 0 0 0 0 0 0 0 0 0 0 0 0 0 0 0 0 0 0 0 0 0 0 0 0 0 0 0 0 0 0 0 0 0 0 0 
0 0 0 0 0 0 0 0 0 0 0 0 0 0 0 0 0 0 0 0 0 0 0 0 0 0 0 0 0 0 0 0 0 0 0 0 0 0 0 119 119 119 119 119 119 119 119 120 120 120 120 120 120 120 121 121 121 121 121 121 121 122 122 122 122 122 122 122 123 123 123 123 123 123 124 124 124 124 124 124 124 125 125 125 125 125 125 125 126 126 126 126 126 126 127 127 127 127 127 127 127 128 128 128 128 128 128 128 129 129 129 129 129 129 130 130 130 130 130 130 130 131 131 131 131 131 131 131 132 132 132 132 132 132 132 133 133 133 133 133 133 133 133 133 134 134 134 134 134 134 134 135 135 135 135 135 135 135 136 136 136 136 136 136 136 136 137 137 137 137 137 137 137 138 138 138 138 138 138 138 138 138 139 139 139 139 139 139 139 139 140 140 140 140 141 141 141 141 141 141 141 141 141 141 141 141 141 141 141 142 142 142 142 142 142 142 142 142 142 142 142 142 142 142 142 142 142 142 142 142 142 142 142 142 142 142 142 142 142 142 142 142 142 142 142 142 142 142 142 142 142 142 142 142 142 142 142 142 142 142 142 142 142 142 142 142 142 142 142 142 142 142 142 142 142 142 142 142 142 142 142 142 142 142 142 142 142 142 142 142 142 142 141 141 141 141 141 141 141 141 141 141 141 141 141 141 141 142 142 142 142 142 142 142 142 142 142 142 142 142 142 142 142 141 0 0 0 0 0 0 0 0 0 0 0 0 0 0 0 0 0 0 0 0 0 0 0 0 0 0 0 0 0 0 0 0 0 0 0 0 0 0 0 0 0 0 0 0 0 0 0 0 0 0 0 0 0 0 0 0 0 0 0 0 0 0 0 0 0 0 0 0 0 0 0 0 0 0 0 0 0 0 0 0 0 0 0 0 0 0 0 0 0 0 0 0 0 0 0 0 0 0 0 0 0 0 0 0 0 0 0 0 0 0 0 0 0 0 0 0 0 0 0 0 0 0 0 0 0 0 0 0 0 0 0 0 0 0 0 0 0 0 0 0 0 0 0 0 0 0 0 0 0 0 0 0 0 0 0 0 0 0 0 0 0 0 0 0 0 0 0 0 0 0 0 0 0 0 0 0 0 0 0 
0 0 0 0 0 0 0 0 0 0 0 0 0 0 0 0 0 0 0 0 0 0 0 0 0 0 0 0 0 0 0 0 0 0 0 0 0 118 118 119 119 119 119 119 119 119 119 119 120 120 120 120 120 120 120 121 121 121 121 121 121 121 122 122 122 122 122 122 123 123 123 123 123 123 123 124 124 124 124 124 124 124 125 125 125 125 125 125 125 126 126 126 126 126 126 127 127 127 127 127 127 127 128 128 128 128 128 128 129 129 129 129 129 129 129 130 130 130 130 130 130 130 131 131 131 131 131 131 132 132 132 132 132 132 132 133 133 133 133 133 133 133 133 133 134 134 134 134 134 134 134 135 135 135 135 135 135 135 136 136 136 136 136 136 136 136 137 137 137 137 137 137 137 138 138 138 138 138 138 138 138 138 139 139 139 139 139 139 139 139 140 140 140 141 141 141 141 141 141 141 141 141 141 141 141 141 141 141 142 142 142 142 142 142 142 142 142 142 142 142 142 142 142 142 142 142 142 142 142 142 142 142 142 142 142 142 142 142 142 142 142 142 142 142 142 142 142 142 142 142 142 142 142 142 142 142 142 142 142 142 142 142 142 142 142 142 142 142 142 142 142 142 142 142 142 142 142 142 142 142 142 142 142 142 142 142 142 142 142 142 142 141 141 141 141 141 141 142 141 141 141 141 141 142 142 142 142 142 142 142 142 142 142 142 142 142 142 142 142 142 142 142 142 142 141 141 141 0 0 0 0 0 0 0 0 0 0 0 0 0 0 0 0 0 0 0 0 0 0 0 0 0 0 0 0 0 0 0 0 0 0 0 0 0 0 0 0 0 0 0 0 0 0 0 0 0 0 0 0 0 0 0 0 0 0 0 0 0 0 0 0 0 0 0 0 0 0 0 0 0 0 0 0 0 0 0 0 0 0 0 0 0 0 0 0 0 0 0 0 0 0 0 0 0 0 0 0 0 0 0 0 0 0 0 0 0 0 0 0 0 0 0 0 0 0 0 0 0 0 0 0 0 0 0 0 0 0 0 0 0 0 0 0 0 0 0 0 0 0 0 0 0 0 0 0 0 0 0 0 0 0 0 0 0 0 0 0 0 0 0 0 0 0 0 0 0 0 0 0 0 0 0 0 
0 0 0 0 0 0 0 0 0 0 0 0 0 0 0 0 0 0 0 0 0 0 0 0 0 0 0 0 0 0 0 0 0 0 118 118 118 118 118 118 119 119 119 119 119 119 119 119 119 120 120 120 120 120 120 120 121 121 121 121 121 121 121 122 122 122 122 122 122 123 123 123 123 123 123 123 124 124 124 124 124 124 125 125 125 125 125 125 125 126 126 126 126 126 126 127 127 127 127 127 127 127 128 128 128 128 128 128 128 129 129 129 129 129 129 130 130 130 130 130 130 130 131 131 131 131 131 131 132 132 132 132 132 132 132 133 133 133 133 133 133 133 133 133 134 134 134 134 134 134 134 135 135 135 135 135 135 135 136 136 136 136 136 136 136 137 137 137 137 137 137 137 137 138 138 138 138 138 138 138 138 138 139 139 139 139 139 139 139 139 140 140 140 141 141 141 141 141 141 141 141 141 141 141 141 141 142 142 142 142 142 142 142 142 142 142 142 142 142 142 142 142 142 142 142 142 142 142 142 142 142 142 142 142 142 142 142 142 142 142 142 142 142 142 142 142 142 142 142 142 142 142 142 142 142 142 142 142 142 142 142 142 142 142 142 142 142 142 142 142 142 142 142 142 142 142 142 142 142 142 142 142 142 142 142 142 142 142 142 142 141 141 141 141 141 141 141 141 141 141 141 142 142 142 142 142 142 142 142 142 142 142 142 142 142 142 142 142 142 142 142 142 142 142 142 142 142 142 0 0 0 0 0 0 0 0 0 0 0 0 0 0 0 0 0 0 0 0 0 0 0 0 0 0 0 0 0 0 0 0 0 0 0 0 0 0 0 0 0 0 0 0 0 0 0 0 0 0 0 0 0 0 0 0 0 0 0 0 0 0 0 0 0 0 0 0 0 0 0 0 0 0 0 0 0 0 0 0 0 0 0 0 0 0 0 0 0 0 0 0 0 0 0 0 0 0 0 0 0 0 0 0 0 0 0 0 0 0 0 0 0 0 0 0 0 0 0 0 0 0 0 0 0 0 0 0 0 0 0 0 0 0 0 0 0 0 0 0 0 0 0 0 0 0 0 0 0 0 0 0 0 0 0 0 0 0 0 0 0 0 0 0 0 0 0 0 0 0 0 0 0 0 0 
0 0 0 0 0 0 0 0 0 0 0 0 0 0 0 0 0 0 0 0 0 0 0 0 116 116 0 0 0 0 0 0 117 117 117 118 118 118 118 118 118 118 118 0 0 119 119 119 119 119 120 120 120 120 120 120 120 121 121 121 121 121 121 122 122 122 122 122 122 122 123 123 123 123 123 123 124 124 124 124 124 124 124 125 125 125 125 125 125 125 126 126 126 126 126 126 127 127 127 127 127 127 128 128 128 128 128 128 128 129 129 129 129 129 129 129 130 130 130 130 130 130 131 131 131 131 131 131 131 132 132 132 132 132 132 133 133 133 133 133 133 133 133 133 134 134 134 134 134 134 134 135 135 135 135 135 135 135 136 136 136 136 136 136 136 137 137 137 137 137 137 137 137 138 138 138 138 138 138 138 138 138 139 139 139 139 139 139 139 140 140 140 141 141 141 141 141 141 141 141 141 141 141 141 141 142 142 142 142 142 142 142 142 142 142 142 142 142 142 142 142 142 142 142 142 142 142 142 142 142 142 142 142 142 142 142 142 142 142 142 142 142 142 142 142 142 142 142 142 142 142 142 142 142 142 142 142 142 142 142 142 142 142 142 142 142 142 142 142 142 142 142 142 142 142 142 142 142 142 142 142 142 142 142 142 142 142 142 142 142 141 141 141 141 142 142 142 142 142 142 142 142 142 142 142 142 142 142 142 142 142 142 142 142 142 142 142 142 142 142 142 142 142 142 142 142 142 142 141 0 0 0 0 0 0 0 0 0 0 0 0 0 0 0 0 0 0 0 0 0 0 0 0 0 0 0 0 0 0 0 0 0 0 0 0 0 0 0 0 0 0 0 0 0 0 0 0 0 0 0 0 0 0 0 0 0 0 0 0 0 0 0 0 0 0 0 0 0 0 0 0 0 0 0 0 0 0 0 0 0 0 0 0 0 0 0 0 0 0 0 0 0 0 0 0 0 0 0 0 0 0 0 0 0 0 0 0 0 0 0 0 0 0 0 0 0 0 0 0 0 0 0 0 0 0 0 0 0 0 0 0 0 0 0 0 0 0 0 0 0 0 0 0 0 0 0 0 0 0 0 0 0 0 0 0 0 0 0 0 0 0 0 0 0 0 0 0 0 0 0 0 0 0 
0 0 0 0 0 0 0 0 0 0 0 0 0 0 0 0 0 0 0 0 0 0 116 116 116 116 116 0 0 0 0 0 117 117 117 117 118 118 118 118 118 0 0 0 0 0 119 119 119 119 119 120 0 120 120 120 120 121 121 121 121 121 121 121 122 122 122 122 122 122 123 123 123 123 123 123 123 124 124 124 124 124 124 125 125 125 125 125 125 125 126 126 126 126 126 126 127 127 127 127 127 127 127 128 128 128 128 128 128 129 129 129 129 129 129 129 130 130 130 130 130 130 131 131 131 131 131 131 131 132 132 132 132 132 132 132 133 133 133 133 133 133 133 133 134 134 134 134 134 134 134 135 135 135 135 135 135 135 136 136 136 136 136 136 136 137 137 137 137 137 137 137 138 138 138 138 138 138 138 138 139 139 139 139 139 139 139 139 140 140 140 140 141 141 141 141 141 141 141 141 141 141 141 142 142 142 142 142 142 142 142 142 142 142 142 142 142 142 142 142 142 142 142 142 142 142 142 142 142 142 142 142 142 142 142 142 142 142 142 142 142 142 142 142 142 142 142 142 142 142 142 142 142 142 142 142 142 142 142 142 142 142 142 142 142 142 142 142 142 142 142 142 142 142 142 142 142 142 142 142 142 142 142 142 142 142 142 142 142 141 141 142 141 141 142 142 142 141 142 142 142 142 142 142 142 142 142 142 142 142 142 142 142 142 142 142 142 142 142 142 142 142 142 142 142 142 142 142 141 0 0 0 0 0 0 0 0 0 0 0 0 0 0 0 0 0 0 0 0 0 0 0 0 0 0 0 0 0 0 0 0 0 0 0 0 0 0 0 0 0 0 0 0 0 0 0 0 0 0 0 0 0 0 0 0 0 0 0 0 0 0 0 0 0 0 0 0 0 0 0 0 0 0 0 0 0 0 0 0 0 0 0 0 0 0 0 0 0 0 0 0 0 0 0 0 0 0 0 0 0 0 0 0 0 0 0 0 0 0 0 0 0 0 0 0 0 0 0 0 0 0 0 0 0 0 0 0 0 0 0 0 0 0 0 0 0 0 0 0 0 0 0 0 0 0 0 0 0 0 0 0 0 0 0 0 0 0 0 0 0 0 0 0 0 0 0 0 0 0 0 0 0 0 
0 0 0 0 0 0 0 0 0 0 0 0 0 0 0 0 0 0 0 0 0 115 115 116 116 116 116 116 116 0 0 117 117 117 117 117 118 118 118 118 0 0 0 0 0 0 0 119 119 119 0 0 0 0 0 0 0 0 0 0 121 121 121 121 122 122 122 122 122 122 122 123 123 123 123 123 123 124 124 124 124 124 124 124 125 125 125 125 125 125 125 126 126 126 126 126 126 127 127 127 127 127 127 128 128 128 128 128 128 129 129 129 129 129 129 129 130 130 130 130 130 130 130 131 131 131 131 131 131 132 132 132 132 132 132 132 133 133 133 133 133 133 133 133 133 134 134 134 134 134 134 135 135 135 135 135 135 135 136 136 136 136 136 136 136 137 137 137 137 137 137 137 138 138 138 138 138 138 138 138 139 139 139 139 139 139 139 140 140 140 140 140 141 141 141 141 141 141 141 141 141 141 142 142 142 142 142 142 142 142 142 142 142 142 142 142 142 142 142 142 142 142 142 142 142 142 142 142 142 142 142 142 142 142 142 142 142 142 142 142 143 143 142 142 142 142 142 142 142 142 142 142 142 142 142 142 142 142 142 142 142 142 142 142 142 142 142 142 142 142 142 142 142 142 142 142 142 142 142 142 142 142 142 142 142 142 142 142 142 141 142 142 141 141 142 142 142 142 142 142 142 142 142 142 142 142 141 141 141 142 142 141 141 141 141 141 142 142 142 142 142 142 142 142 142 142 142 142 141 0 0 0 0 0 0 0 0 0 0 0 0 0 0 0 0 0 0 0 0 0 0 0 0 0 0 0 0 0 0 0 0 0 0 0 0 0 0 0 0 0 0 0 0 0 0 0 0 0 0 0 0 0 0 0 0 0 0 0 0 0 0 0 0 0 0 0 0 0 0 0 0 0 0 0 0 0 0 0 0 0 0 0 0 0 0 0 0 0 0 0 0 0 0 0 0 0 0 0 0 0 0 0 0 0 0 0 0 0 0 0 0 0 0 0 0 0 0 0 0 0 0 0 0 0 0 0 0 0 0 0 0 0 0 0 0 0 0 0 0 0 0 0 0 0 0 0 0 0 0 0 0 0 0 0 0 0 0 0 0 0 0 0 0 0 0 0 0 0 0 0 0 0 0 
0 0 0 0 0 0 0 0 0 0 0 0 0 0 0 0 0 0 0 0 0 115 115 115 116 116 116 116 116 116 117 117 117 117 117 117 117 0 0 0 0 0 0 0 0 0 0 0 0 0 0 0 0 0 0 0 0 0 0 0 0 0 121 121 121 122 122 122 122 122 122 122 123 123 123 123 123 123 124 124 124 124 124 124 124 125 125 125 125 125 125 126 126 126 126 126 126 127 127 127 127 127 127 128 128 128 128 128 128 128 129 129 129 129 129 129 129 130 130 130 130 130 130 131 131 131 131 131 131 132 132 132 132 132 132 132 133 133 133 133 133 133 133 133 133 134 134 134 134 134 134 135 135 135 135 135 135 135 136 136 136 136 136 136 136 137 137 137 137 137 137 137 138 138 138 138 138 138 138 138 139 139 139 139 139 139 139 140 140 140 140 140 141 141 141 141 141 141 141 141 142 142 142 142 142 142 142 142 142 142 142 142 142 142 142 142 142 142 142 142 142 142 142 142 142 142 142 142 142 142 142 142 142 142 142 142 142 142 142 142 143 143 142 142 142 142 142 142 142 142 142 142 142 142 142 142 142 142 142 142 142 142 142 142 142 142 142 142 142 142 142 142 142 142 142 142 142 142 142 142 142 142 142 142 142 142 142 142 142 142 142 142 142 142 142 142 142 142 142 142 142 142 142 141 142 142 142 142 142 142 142 142 142 142 142 142 142 142 142 142 141 142 142 142 142 142 142 142 142 0 0 0 0 0 0 0 0 0 0 0 0 0 0 0 0 0 0 0 0 0 0 0 0 0 0 0 0 0 0 0 0 0 0 0 0 0 0 0 0 0 0 0 0 0 0 0 0 0 0 0 0 0 0 0 0 0 0 0 0 0 0 0 0 0 0 0 0 0 0 0 0 0 0 0 0 0 0 0 0 0 0 0 0 0 0 0 0 0 0 0 0 0 0 0 0 0 0 0 0 0 0 0 0 0 0 0 0 0 0 0 0 0 0 0 0 0 0 0 0 0 0 0 0 0 0 0 0 0 0 0 0 0 0 0 0 0 0 0 0 0 0 0 0 0 0 0 0 0 0 0 0 0 0 0 0 0 0 0 0 0 0 0 0 0 0 0 0 0 0 0 0 0 0 
0 0 0 0 0 0 0 0 0 0 0 0 0 0 0 0 0 0 0 0 0 0 115 115 115 116 116 116 116 116 116 117 117 117 117 117 0 0 0 0 0 0 0 0 0 0 0 0 0 0 0 0 0 0 0 0 0 0 0 0 0 0 0 0 121 121 122 122 122 122 122 122 123 123 123 123 123 123 123 124 124 124 124 124 124 125 125 125 125 125 125 126 126 126 126 126 126 126 127 127 127 127 127 127 128 128 128 128 128 128 129 129 129 129 129 129 129 130 130 130 130 130 130 131 131 131 131 131 131 131 132 132 132 132 132 132 133 133 133 133 133 133 133 133 133 134 134 134 134 134 134 135 135 135 135 135 135 135 136 136 136 136 136 136 136 137 137 137 137 137 137 137 138 138 138 138 138 138 138 139 139 139 139 139 139 139 139 140 140 140 140 140 141 141 141 141 141 141 141 142 142 142 142 142 142 142 142 142 142 142 142 142 142 142 142 142 142 142 142 142 142 142 142 142 142 142 142 142 142 142 142 142 142 142 142 142 142 142 142 142 142 143 142 142 142 142 142 142 142 142 142 142 142 142 142 142 142 142 142 142 142 142 142 142 142 142 142 142 142 142 142 142 142 142 142 142 142 142 142 142 142 142 142 142 142 142 142 142 142 142 142 142 142 142 142 142 142 142 142 142 142 141 141 142 142 142 142 142 142 142 142 142 142 142 142 142 142 142 142 142 142 141 142 142 142 142 0 0 0 0 0 0 0 0 0 0 0 0 0 0 0 0 0 0 0 0 0 0 0 0 0 0 0 0 0 0 0 0 0 0 0 0 0 0 0 0 0 0 0 0 0 0 0 0 0 0 0 0 0 0 0 0 0 0 0 0 0 0 0 0 0 0 0 0 0 0 0 0 0 0 0 0 0 0 0 0 0 0 0 0 0 0 0 0 0 0 0 0 0 0 0 0 0 0 0 0 0 0 0 0 0 0 0 0 0 0 0 0 0 0 0 0 0 0 0 0 0 0 0 0 0 0 0 0 0 0 0 0 0 0 0 0 0 0 0 0 0 0 0 0 0 0 0 0 0 0 0 0 0 0 0 0 0 0 0 0 0 0 0 0 0 0 0 0 0 0 0 0 0 0 0 0 0 
0 0 0 0 0 0 0 0 0 0 0 0 0 0 0 0 0 0 0 0 0 0 0 115 115 115 116 116 116 116 116 116 117 0 0 0 0 0 0 0 0 0 0 0 0 0 0 0 0 0 0 0 0 0 0 0 0 0 0 0 0 0 0 0 0 0 122 122 122 122 122 122 122 123 123 123 123 123 123 124 124 124 124 124 124 125 125 125 125 125 125 125 126 126 126 126 126 126 127 127 127 127 127 127 128 128 128 128 128 128 128 129 129 129 129 129 129 130 130 130 130 130 130 131 131 131 131 131 131 131 132 132 132 132 132 132 132 133 133 133 133 133 133 133 133 134 134 134 134 134 134 134 135 135 135 135 135 135 136 136 136 136 136 136 136 137 137 137 137 137 137 138 138 138 138 138 138 138 138 139 139 139 139 139 139 139 139 140 140 140 140 140 141 141 141 141 141 141 142 142 142 142 142 142 142 142 142 142 142 142 142 142 142 142 142 142 142 142 142 142 142 142 142 142 142 142 142 143 143 143 142 143 143 143 143 143 143 143 142 142 142 143 142 142 142 142 142 142 142 142 142 142 142 142 142 142 142 142 142 142 142 142 142 142 142 142 142 142 142 142 142 142 142 142 142 142 142 142 142 142 142 142 142 142 142 142 142 142 142 142 142 142 142 142 142 142 142 142 142 142 142 142 142 142 142 142 142 142 142 142 142 142 142 142 142 142 142 142 142 142 142 142 142 0 0 0 0 0 0 0 0 0 0 0 0 0 0 0 0 0 0 0 0 0 0 0 0 0 0 0 0 0 0 0 0 0 0 0 0 0 0 0 0 0 0 0 0 0 0 0 0 0 0 0 0 0 0 0 0 0 0 0 0 0 0 0 0 0 0 0 0 0 0 0 0 0 0 0 0 0 0 0 0 0 0 0 0 0 0 0 0 0 0 0 0 0 0 0 0 0 0 0 0 0 0 0 0 0 0 0 0 0 0 0 0 0 0 0 0 0 0 0 0 0 0 0 0 0 0 0 0 0 0 0 0 0 0 0 0 0 0 0 0 0 0 0 0 0 0 0 0 0 0 0 0 0 0 0 0 0 0 0 0 0 0 0 0 0 0 0 0 0 0 0 0 0 0 0 0 0 0 0 0 
0 0 0 0 0 0 0 0 0 0 0 0 0 0 0 0 0 0 0 0 0 0 0 0 115 115 115 116 116 116 116 116 0 0 0 0 0 0 0 0 0 0 0 0 0 0 0 0 0 0 0 0 0 0 0 0 0 0 0 0 0 0 0 0 0 0 121 122 122 122 122 122 122 123 123 123 123 123 123 123 124 124 124 124 124 124 125 125 125 125 125 125 126 126 126 126 126 126 127 127 127 127 127 127 127 128 128 128 128 128 128 129 129 129 129 129 129 130 130 130 130 130 130 130 131 131 131 131 131 131 132 132 132 132 132 132 132 133 133 133 133 133 133 133 133 134 134 134 134 134 134 134 135 135 135 135 135 135 136 136 136 136 136 136 136 137 137 137 137 137 137 138 138 138 138 138 138 138 138 139 139 139 139 139 139 139 139 140 140 140 140 140 141 141 141 141 141 142 142 142 142 142 142 142 142 142 142 142 142 142 142 142 142 142 142 142 142 142 142 142 142 142 142 143 143 143 143 143 143 143 143 143 143 143 143 143 143 143 143 143 143 143 142 142 142 142 142 142 142 142 142 142 142 142 142 142 142 142 142 142 142 142 142 142 142 142 142 142 142 142 142 142 142 142 142 142 142 142 142 142 142 142 142 142 142 142 142 142 142 142 142 142 142 142 142 142 142 142 142 142 142 142 142 142 142 142 142 142 142 142 142 142 0 142 142 0 0 142 0 142 0 0 0 0 0 0 0 0 0 0 0 0 0 0 0 0 0 0 0 0 0 0 0 0 0 0 0 0 0 0 0 0 0 0 0 0 0 0 0 0 0 0 0 0 0 0 0 0 0 0 0 0 0 0 0 0 0 0 0 0 0 0 0 0 0 0 0 0 0 0 0 0 0 0 0 0 0 0 0 0 0 0 0 0 0 0 0 0 0 0 0 0 0 0 0 0 0 0 0 0 0 0 0 0 0 0 0 0 0 0 0 0 0 0 0 0 0 0 0 0 0 0 0 0 0 0 0 0 0 0 0 0 0 0 0 0 0 0 0 0 0 0 0 0 0 0 0 0 0 0 0 0 0 0 0 0 0 0 0 0 0 0 0 0 0 0 0 0 0 0 0 0 0 0 0 0 0 0 0 0 0 0 0 
0 0 0 0 0 0 0 0 0 0 0 0 0 0 0 0 0 0 0 0 0 0 0 0 115 115 115 116 116 116 0 0 0 0 0 0 0 0 0 0 0 0 0 0 0 0 0 0 0 0 0 0 0 0 0 0 0 0 0 0 0 0 0 0 0 121 121 121 122 122 122 122 122 122 123 123 123 123 123 123 124 124 124 124 124 124 124 125 125 125 125 125 126 126 126 126 126 126 126 127 127 127 127 127 127 128 128 128 128 128 128 128 129 129 129 129 129 129 130 130 130 130 130 130 131 131 131 131 131 131 132 132 132 132 132 132 132 133 133 133 133 133 133 133 133 134 134 134 134 134 134 134 135 135 135 135 135 135 136 136 136 136 136 136 136 137 137 137 137 137 137 137 138 138 138 138 138 138 139 139 139 139 139 139 139 140 140 140 140 140 140 140 141 141 141 141 142 142 142 142 142 142 142 142 142 142 142 142 142 142 142 142 142 142 142 142 142 142 142 142 142 142 142 143 143 143 143 143 143 143 143 143 143 143 143 143 143 143 143 143 143 143 142 142 142 142 142 142 142 142 142 142 142 142 142 142 142 142 142 142 142 142 142 142 142 142 142 142 142 142 142 142 142 142 142 142 142 142 142 142 142 142 142 142 142 142 142 142 142 142 142 142 142 142 142 142 142 142 142 142 142 142 142 142 142 142 0 0 0 0 0 0 0 0 0 0 0 0 0 0 0 0 0 0 0 0 0 0 0 0 0 0 0 0 0 0 0 0 0 0 0 0 0 0 0 0 0 0 0 0 0 0 0 0 0 0 0 0 0 0 0 0 0 0 0 0 0 0 0 0 0 0 0 0 0 0 0 0 0 0 0 0 0 0 0 0 0 0 0 0 0 0 0 0 0 0 0 0 0 0 0 0 0 0 0 0 0 0 0 0 0 0 0 0 0 0 0 0 0 0 0 0 0 0 0 0 0 0 0 0 0 0 0 0 0 0 0 0 0 0 0 0 0 0 0 0 0 0 0 0 0 0 0 0 0 0 0 0 0 0 0 0 0 0 0 0 0 0 0 0 0 0 0 0 0 0 0 0 0 0 0 0 0 0 0 0 0 0 0 0 0 0 0 0 0 0 0 0 0 0 0 0 0 
0 0 0 0 0 0 0 0 0 0 0 0 0 0 0 0 0 0 0 0 0 0 0 0 0 0 0 0 0 0 0 0 0 0 0 0 0 0 0 0 0 0 0 0 0 0 0 0 0 0 0 0 0 0 0 0 0 0 0 0 0 0 0 0 121 121 121 121 122 122 122 122 122 122 122 123 123 123 123 123 123 124 124 124 124 124 124 125 125 125 125 125 125 126 126 126 126 126 126 127 127 127 127 127 127 128 128 128 128 128 128 128 129 129 129 129 129 129 130 130 130 130 130 130 131 131 131 131 131 131 131 132 132 132 132 132 132 133 133 133 133 133 133 133 133 133 134 134 134 134 134 134 135 135 135 135 135 135 136 136 136 136 136 136 136 137 137 137 137 137 137 137 138 138 138 138 138 138 138 139 139 139 139 139 139 140 140 140 140 140 140 140 141 141 141 142 142 142 142 142 142 142 142 142 142 142 142 142 142 142 142 142 142 142 142 142 142 142 142 142 142 143 143 143 143 143 143 143 143 143 143 143 143 143 143 143 143 143 143 143 143 143 142 142 142 142 142 142 142 142 142 142 142 142 142 142 142 142 142 142 142 142 142 142 142 142 142 142 142 142 142 142 142 142 142 142 142 142 142 142 142 142 142 142 142 142 142 142 142 142 142 142 142 142 142 142 142 142 142 142 142 142 142 142 142 0 0 0 0 0 0 0 0 0 0 0 0 0 0 0 0 0 0 0 0 0 0 0 0 0 0 0 0 0 0 0 0 0 0 0 0 0 0 0 0 0 0 0 0 0 0 0 0 0 0 0 0 0 0 0 0 0 0 0 0 0 0 0 0 0 0 0 0 0 0 0 0 0 0 0 0 0 0 0 0 0 0 0 0 0 0 0 0 0 0 0 0 0 0 0 0 0 0 0 0 0 0 0 0 0 0 0 0 0 0 0 0 0 0 0 0 0 0 0 0 0 0 0 0 0 0 0 0 0 0 0 0 0 0 0 0 0 0 0 0 0 0 0 0 0 0 0 0 0 0 0 0 0 0 0 0 0 0 0 0 0 0 0 0 0 0 0 0 0 0 0 0 0 0 0 0 0 0 0 0 0 0 0 0 0 0 0 0 0 0 0 0 0 0 0 0 0 0 
0 0 0 0 0 0 0 0 0 0 0 0 0 0 0 0 0 0 0 0 0 0 0 0 0 0 0 0 0 0 0 0 0 0 0 0 0 0 0 0 0 0 0 0 0 0 0 0 0 0 0 0 0 0 0 0 0 0 0 0 0 0 0 0 121 121 121 121 121 122 122 122 122 122 122 123 123 123 123 123 123 123 124 124 124 124 124 124 125 125 125 125 125 126 126 126 126 126 126 126 127 127 127 127 127 127 128 128 128 128 128 128 129 129 129 129 129 129 130 130 130 130 130 130 130 131 131 131 131 131 131 132 132 132 132 132 132 133 133 133 133 133 133 133 133 133 134 134 134 134 134 134 135 135 135 135 135 135 135 136 136 136 136 136 136 137 137 137 137 137 137 137 138 138 138 138 138 138 138 139 139 139 139 139 139 140 140 140 140 140 140 140 141 141 141 142 142 142 142 142 142 142 142 142 142 142 142 142 142 142 142 142 142 142 142 142 142 142 142 142 143 143 143 143 143 143 143 143 143 143 143 143 143 143 143 143 143 143 143 143 143 143 142 142 142 142 142 142 142 142 142 142 142 142 142 142 142 142 142 142 142 142 142 142 142 142 142 142 142 142 142 142 142 142 142 142 142 142 142 142 142 142 142 142 142 142 142 142 142 142 142 142 142 142 142 142 142 142 142 142 142 142 142 142 142 0 0 0 0 0 0 0 0 0 0 0 0 0 0 0 0 0 0 0 0 0 0 0 0 0 0 0 0 0 0 0 0 0 0 0 0 0 0 0 0 0 0 0 0 0 0 0 0 0 0 0 0 0 0 0 0 0 0 0 0 0 0 0 0 0 0 0 0 0 0 0 0 0 0 0 0 0 0 0 0 0 0 0 0 0 0 0 0 0 0 0 0 0 0 0 0 0 0 0 0 0 0 0 0 0 0 0 0 0 0 0 0 0 0 0 0 0 0 0 0 0 0 0 0 0 0 0 0 0 0 0 0 0 0 0 0 0 0 0 0 0 0 0 0 0 0 0 0 0 0 0 0 0 0 0 0 0 0 0 0 0 0 0 0 0 0 0 0 0 0 0 0 0 0 0 0 0 0 0 0 0 0 0 0 0 0 0 0 0 0 0 0 0 0 0 0 0 0 
0 0 0 0 0 0 0 0 0 0 0 0 0 0 0 0 0 0 0 0 0 0 0 0 0 0 0 0 0 0 0 0 0 0 0 0 0 0 0 0 0 0 0 0 0 0 0 0 0 0 0 0 0 0 0 0 0 0 0 0 0 0 0 0 121 121 121 121 121 121 122 122 122 122 122 122 123 123 123 123 123 123 124 124 124 124 124 124 125 125 125 125 125 125 126 126 126 126 126 126 127 127 127 127 127 127 127 128 128 128 128 128 128 129 129 129 129 129 129 130 130 130 130 130 130 131 131 131 131 131 131 132 132 132 132 132 132 132 133 133 133 133 133 133 133 133 134 134 134 134 134 134 135 135 135 135 135 135 135 136 136 136 136 136 136 137 137 137 137 137 137 137 138 138 138 138 138 138 138 139 139 139 139 139 139 140 140 140 140 140 140 140 141 141 142 142 142 142 142 142 142 142 142 142 142 142 142 142 142 142 142 142 142 142 142 142 142 142 143 143 143 143 143 143 143 143 143 143 143 143 143 143 143 143 143 143 143 143 143 143 143 143 142 142 142 142 142 142 142 142 142 142 142 142 142 142 142 142 142 142 142 142 142 142 142 142 142 142 142 142 142 142 142 142 142 142 142 142 142 142 142 142 142 142 142 142 142 142 142 142 142 142 142 142 142 142 142 142 142 142 142 142 142 142 142 0 0 0 0 0 0 0 0 0 0 0 0 0 0 0 0 0 0 0 0 0 0 0 0 0 0 0 0 0 0 0 0 0 0 0 0 0 0 0 0 0 0 0 0 0 0 0 0 0 0 0 0 0 0 0 0 0 0 0 0 0 0 0 0 0 0 0 0 0 0 0 0 0 0 0 0 0 0 0 0 0 0 0 0 0 0 0 0 0 0 0 0 0 0 0 0 0 0 0 0 0 0 0 0 0 0 0 0 0 0 0 0 0 0 0 0 0 0 0 0 0 0 0 0 0 0 0 0 0 0 0 0 0 0 0 0 0 0 0 0 0 0 0 0 0 0 0 0 0 0 0 0 0 0 0 0 0 0 0 0 0 0 0 0 0 0 0 0 0 0 0 0 0 0 0 0 0 0 0 0 0 0 0 0 0 0 0 0 0 0 0 0 0 0 0 0 0 0 
0 0 0 0 0 0 0 0 0 0 0 0 0 0 0 0 0 0 0 0 0 0 0 0 0 0 0 0 0 0 0 0 0 0 0 0 0 0 0 0 0 0 0 0 0 0 0 0 0 0 0 0 0 0 0 0 0 0 0 0 0 0 0 0 121 121 121 121 121 121 122 122 122 122 122 122 123 123 123 123 123 123 123 124 124 124 124 124 124 125 125 125 125 125 126 126 126 126 126 126 126 127 127 127 127 127 127 128 128 128 128 128 128 129 129 129 129 129 129 130 130 130 130 130 130 131 131 131 131 131 131 131 132 132 132 132 132 132 133 133 133 133 133 133 133 133 134 134 134 134 134 134 135 135 135 135 135 135 135 136 136 136 136 136 136 137 137 137 137 137 137 137 138 138 138 138 138 138 139 139 139 139 139 139 139 140 140 140 140 140 140 140 141 141 142 142 142 142 142 142 142 142 142 142 142 142 142 142 142 142 142 142 142 142 142 142 142 143 143 143 143 143 143 143 143 143 143 143 143 143 143 143 143 143 143 143 143 143 143 143 143 143 142 142 142 142 142 142 142 142 142 142 142 142 142 142 142 142 142 142 142 142 142 142 142 142 142 142 142 142 142 142 142 142 142 142 142 142 142 142 142 142 142 142 142 142 142 142 142 142 142 142 142 142 142 142 142 142 142 142 142 142 142 142 142 0 0 0 0 0 0 0 0 0 0 0 0 0 0 0 0 0 0 0 0 0 0 0 0 0 0 0 0 0 0 0 0 0 0 0 0 0 0 0 0 0 0 0 0 0 0 0 0 0 0 0 0 0 0 0 0 0 0 0 0 0 0 0 0 0 0 0 0 0 0 0 0 0 0 0 0 0 0 0 0 0 0 0 0 0 0 0 0 0 0 0 0 0 0 0 0 0 0 0 0 0 0 0 0 0 0 0 0 0 0 0 0 0 0 0 0 0 0 0 0 0 0 0 0 0 0 0 0 0 0 0 0 0 0 0 0 0 0 0 0 0 0 0 0 0 0 0 0 0 0 0 0 0 0 0 0 0 0 0 0 0 0 0 0 0 0 0 0 0 0 0 0 0 0 0 0 0 0 0 0 0 0 0 0 0 0 0 0 0 0 0 0 0 0 0 0 0 0 
0 0 0 0 0 0 0 0 0 0 0 0 0 0 0 0 0 0 0 0 0 0 0 0 0 0 0 0 0 0 0 0 0 0 0 0 0 0 0 0 0 0 0 0 0 0 0 0 0 0 0 0 0 0 0 0 0 0 0 0 120 120 120 120 120 121 121 121 121 121 121 122 122 122 122 122 122 123 123 123 123 123 123 124 124 124 124 124 124 125 125 125 125 125 125 126 126 126 126 126 126 127 127 127 127 127 127 128 128 128 128 128 128 128 129 129 129 129 129 130 130 130 130 130 130 130 131 131 131 131 131 131 132 132 132 132 132 132 133 133 133 133 133 133 133 133 134 134 134 134 134 134 135 135 135 135 135 135 135 136 136 136 136 136 136 137 137 137 137 137 137 137 138 138 138 138 138 138 139 139 139 139 139 139 140 140 140 140 140 140 140 141 141 142 142 142 142 142 142 142 142 142 142 142 142 142 142 142 142 142 142 142 142 142 142 142 142 143 143 143 143 143 143 143 143 143 143 143 143 143 143 143 143 143 143 143 143 143 143 143 143 143 142 142 142 142 142 142 142 142 142 142 142 142 142 142 142 142 142 142 142 142 142 142 142 142 142 142 142 142 142 142 142 142 142 142 142 142 142 142 142 142 142 142 142 142 142 142 142 142 142 142 142 142 142 142 142 142 142 142 142 142 142 142 142 142 0 0 0 0 0 0 0 0 0 0 0 0 0 0 0 0 0 0 0 0 0 0 0 0 0 0 0 0 0 0 0 0 0 0 0 0 0 0 0 0 0 0 0 0 0 0 0 0 0 0 0 0 0 0 0 0 0 0 0 0 0 0 0 0 0 0 0 0 0 0 0 0 0 0 0 0 0 0 0 0 0 0 0 0 0 0 0 0 0 0 0 0 0 0 0 0 0 0 0 0 0 0 0 0 0 0 0 0 0 0 0 0 0 0 0 0 0 0 0 0 0 0 0 0 0 0 0 0 0 0 0 0 0 0 0 0 0 0 0 0 0 0 0 0 0 0 0 0 0 0 0 0 0 0 0 0 0 0 0 0 0 0 0 0 0 0 0 0 0 0 0 0 0 0 0 0 0 0 0 0 0 0 0 0 0 0 0 0 0 0 0 0 0 0 0 0 0 
0 0 0 0 0 0 0 0 0 0 0 0 0 0 0 0 0 0 0 0 0 0 0 0 0 0 0 0 0 0 0 0 0 0 0 0 0 0 0 0 0 0 0 0 0 0 0 0 0 0 0 0 0 0 0 0 0 0 0 0 0 120 120 120 120 121 121 121 121 121 121 121 122 122 122 122 122 122 123 123 123 123 123 123 124 124 124 124 124 124 125 125 125 125 125 126 126 126 126 126 126 126 127 127 127 127 127 127 128 128 128 128 128 128 129 129 129 129 129 129 130 130 130 130 130 130 131 131 131 131 131 131 132 132 132 132 132 132 133 133 133 133 133 133 133 133 134 134 134 134 134 134 134 135 135 135 135 135 135 136 136 136 136 136 136 137 137 137 137 137 137 137 138 138 138 138 138 138 139 139 139 139 139 139 139 140 140 140 140 140 140 141 141 142 142 142 142 142 142 142 142 142 142 142 142 142 142 142 142 142 142 142 142 142 142 142 142 142 143 143 143 143 143 143 143 143 143 143 143 143 143 143 143 143 143 143 143 143 143 143 143 143 142 142 142 142 142 142 142 142 142 142 142 142 142 142 142 142 142 142 142 142 142 142 142 142 142 142 142 142 142 142 142 142 142 142 142 142 142 142 142 142 142 142 142 142 142 142 142 142 142 142 142 142 142 142 142 142 142 142 142 142 142 142 142 142 142 141 0 0 0 0 0 0 0 0 0 0 0 0 0 0 0 0 0 0 0 0 0 0 0 0 0 0 0 0 0 0 0 0 0 0 0 0 0 0 0 0 0 0 0 0 0 0 0 0 0 0 0 0 0 0 0 0 0 0 0 0 0 0 0 0 0 0 0 0 0 0 0 0 0 0 0 0 0 0 0 0 0 0 0 0 0 0 0 0 0 0 0 0 0 0 0 0 0 0 0 0 0 0 0 0 0 0 0 0 0 0 0 0 0 0 0 0 0 0 0 0 0 0 0 0 0 0 0 0 0 0 0 0 0 0 0 0 0 0 0 0 0 0 0 0 0 0 0 0 0 0 0 0 0 0 0 0 0 0 0 0 0 0 0 0 0 0 0 0 0 0 0 0 0 0 0 0 0 0 0 0 0 0 0 0 0 0 0 0 0 0 0 0 0 0 0 
0 0 0 0 0 0 0 0 0 0 0 0 0 0 0 0 0 0 0 0 0 0 0 0 0 0 0 0 0 0 0 0 0 0 0 0 0 0 0 0 0 0 0 0 0 0 0 0 0 0 0 0 0 0 0 0 0 0 0 119 120 120 120 120 120 120 121 121 121 121 121 121 122 122 122 122 122 122 123 123 123 123 123 123 124 124 124 124 124 124 125 125 125 125 125 125 126 126 126 126 126 126 127 127 127 127 127 127 128 128 128 128 128 128 128 129 129 129 129 129 130 130 130 130 130 130 130 131 131 131 131 131 131 132 132 132 132 132 132 133 133 133 133 133 133 133 133 134 134 134 134 134 134 135 135 135 135 135 135 136 136 136 136 136 136 136 137 137 137 137 137 137 138 138 138 138 138 138 139 139 139 139 139 139 139 140 140 140 140 140 140 141 141 142 142 142 142 142 142 142 142 142 142 142 142 142 142 142 142 142 142 142 142 142 142 142 142 142 143 143 143 143 143 143 143 143 143 143 143 143 143 143 143 143 143 143 143 143 143 143 143 143 142 142 142 142 142 142 142 142 142 142 142 142 142 142 142 142 142 142 142 142 142 142 142 142 142 142 142 142 142 142 142 142 142 142 142 142 142 142 142 142 142 142 142 142 142 142 142 142 142 143 142 142 142 142 142 142 142 142 142 142 142 142 142 142 142 142 0 0 0 0 0 0 0 0 0 0 0 0 0 0 0 0 0 0 0 0 0 0 0 0 0 0 0 0 0 0 0 0 0 0 0 0 0 0 0 0 0 0 0 0 0 0 0 0 0 0 0 0 0 0 0 0 0 0 0 0 0 0 0 0 0 0 0 0 0 0 0 0 0 0 0 0 0 0 0 0 0 0 0 0 0 0 0 0 0 0 0 0 0 0 0 0 0 0 0 0 0 0 0 0 0 0 0 0 0 0 0 0 0 0 0 0 0 0 0 0 0 0 0 0 0 0 0 0 0 0 0 0 0 0 0 0 0 0 0 0 0 0 0 0 0 0 0 0 0 0 0 0 0 0 0 0 0 0 0 0 0 0 0 0 0 0 0 0 0 0 0 0 0 0 0 0 0 0 0 0 0 0 0 0 0 0 0 0 0 0 0 0 0 0 0 
0 0 0 0 0 0 0 0 0 0 0 0 0 0 0 0 0 0 0 0 0 0 0 0 0 0 0 0 0 0 0 0 0 0 0 0 0 0 0 0 0 0 0 0 0 0 0 0 0 0 0 0 0 0 0 0 0 0 0 0 119 120 120 120 120 120 120 121 121 121 121 121 121 122 122 122 122 122 122 123 123 123 123 123 123 124 124 124 124 124 124 125 125 125 125 125 125 126 126 126 126 126 126 127 127 127 127 127 127 128 128 128 128 128 128 129 129 129 129 129 130 130 130 130 130 130 130 131 131 131 131 131 131 132 132 132 132 132 132 133 133 133 133 133 133 133 133 134 134 134 134 134 134 135 135 135 135 135 135 136 136 136 136 136 136 136 137 137 137 137 137 137 138 138 138 138 138 138 138 139 139 139 139 139 139 139 140 140 140 140 140 141 141 141 141 142 142 142 142 142 142 142 142 142 142 142 142 143 142 142 143 142 142 142 142 142 142 142 143 143 143 143 143 143 143 143 143 143 143 143 143 143 143 143 143 143 143 143 143 143 143 143 142 142 142 142 142 142 142 142 142 142 142 142 142 142 142 142 142 142 142 142 142 142 142 142 142 142 142 142 142 142 142 142 142 142 142 142 142 142 142 142 142 142 142 142 142 142 142 142 143 143 142 142 142 142 142 142 142 142 142 142 142 142 142 142 142 142 142 0 0 0 0 0 0 0 0 0 0 0 0 0 0 0 0 0 0 0 0 0 0 0 0 0 0 0 0 0 0 0 0 0 0 0 0 0 0 0 0 0 0 0 0 0 0 0 0 0 0 0 0 0 0 0 0 0 0 0 0 0 0 0 0 0 0 0 0 0 0 0 0 0 0 0 0 0 0 0 0 0 0 0 0 0 0 0 0 0 0 0 0 0 0 0 0 0 0 0 0 0 0 0 0 0 0 0 0 0 0 0 0 0 0 0 0 0 0 0 0 0 0 0 0 0 0 0 0 0 0 0 0 0 0 0 0 0 0 0 0 0 0 0 0 0 0 0 0 0 0 0 0 0 0 0 0 0 0 0 0 0 0 0 0 0 0 0 0 0 0 0 0 0 0 0 0 0 0 0 0 0 0 0 0 0 0 0 0 0 0 0 0 0 0 
0 0 0 0 0 0 0 0 0 0 0 0 0 0 0 0 0 0 0 0 0 0 0 0 0 0 0 0 0 0 0 0 0 0 0 0 0 0 0 0 0 0 0 0 0 0 0 0 0 0 0 0 0 0 0 0 0 0 119 119 119 120 120 120 120 120 120 121 121 121 121 121 121 122 122 122 122 122 122 123 123 123 123 123 123 124 124 124 124 124 124 124 125 125 125 125 125 126 126 126 126 126 126 127 127 127 127 127 127 127 128 128 128 128 128 129 129 129 129 129 129 130 130 130 130 130 130 131 131 131 131 131 131 132 132 132 132 132 132 133 133 133 133 133 133 133 133 134 134 134 134 134 134 134 135 135 135 135 135 135 136 136 136 136 136 136 137 137 137 137 137 137 137 138 138 138 138 138 138 139 139 139 139 139 139 140 140 140 140 140 140 140 141 141 141 142 142 142 142 142 142 142 142 142 142 142 142 142 143 142 142 142 142 142 142 142 142 142 143 143 143 143 143 143 143 143 143 143 143 143 143 143 143 143 143 143 143 143 143 143 143 143 142 142 142 142 142 142 142 142 142 142 142 142 142 142 142 142 142 142 142 142 142 142 142 142 142 142 142 142 142 142 142 142 142 143 143 142 142 142 143 143 142 142 143 143 143 143 143 143 143 143 142 142 142 142 142 142 142 142 142 142 142 142 142 142 142 142 142 0 0 0 0 0 0 0 0 0 0 0 0 0 0 0 0 0 0 0 0 0 0 0 0 0 0 0 0 0 0 0 0 0 0 0 0 0 0 0 0 0 0 0 0 0 0 0 0 0 0 0 0 0 0 0 0 0 0 0 0 0 0 0 0 0 0 0 0 0 0 0 0 0 0 0 0 0 0 0 0 0 0 0 0 0 0 0 0 0 0 0 0 0 0 0 0 0 0 0 0 0 0 0 0 0 0 0 0 0 0 0 0 0 0 0 0 0 0 0 0 0 0 0 0 0 0 0 0 0 0 0 0 0 0 0 0 0 0 0 0 0 0 0 0 0 0 0 0 0 0 0 0 0 0 0 0 0 0 0 0 0 0 0 0 0 0 0 0 0 0 0 0 0 0 0 0 0 0 0 0 0 0 0 0 0 0 0 0 0 0 0 0 0 0 
0 0 0 0 0 0 0 0 0 0 0 0 0 0 0 0 0 0 0 0 0 0 0 0 0 0 0 0 0 0 0 0 0 0 0 0 0 0 0 0 0 0 0 0 0 0 0 0 0 0 0 0 0 0 0 0 0 0 0 0 0 119 120 120 120 120 120 120 121 121 121 121 121 121 122 122 122 122 122 122 123 123 123 123 123 123 124 124 124 124 124 124 125 125 125 125 125 125 126 126 126 126 126 126 127 127 127 127 127 127 128 128 128 128 128 128 129 129 129 129 129 129 130 130 130 130 130 130 131 131 131 131 131 131 132 132 132 132 132 132 133 133 133 133 133 133 133 133 134 134 134 134 134 134 135 135 135 135 135 135 136 136 136 136 136 136 137 137 137 137 137 137 137 138 138 138 138 138 138 139 139 139 139 139 139 140 140 140 140 140 140 140 141 141 141 141 142 142 142 142 142 142 142 142 142 142 142 143 142 142 142 142 143 142 142 142 142 142 142 143 143 143 143 143 143 143 143 143 143 143 143 143 143 143 143 143 143 143 143 143 143 143 142 142 142 142 142 142 142 142 142 142 142 142 142 142 142 142 142 142 142 142 142 142 142 142 142 142 142 142 142 142 143 143 143 143 143 143 143 143 143 143 143 143 143 143 143 143 143 143 143 143 142 142 142 142 142 142 142 142 142 142 142 142 142 142 142 142 142 142 0 0 0 0 0 0 0 0 0 0 0 0 0 0 0 0 0 0 0 0 0 0 0 0 0 0 0 0 0 0 0 0 0 0 0 0 0 0 0 0 0 0 0 0 0 0 0 0 0 0 0 0 0 0 0 0 0 0 0 0 0 0 0 0 0 0 0 0 0 0 0 0 0 0 0 0 0 0 0 0 0 0 0 0 0 0 0 0 0 0 0 0 0 0 0 0 0 0 0 0 0 0 0 0 0 0 0 0 0 0 0 0 0 0 0 0 0 0 0 0 0 0 0 0 0 0 0 0 0 0 0 0 0 0 0 0 0 0 0 0 0 0 0 0 0 0 0 0 0 0 0 0 0 0 0 0 0 0 0 0 0 0 0 0 0 0 0 0 0 0 0 0 0 0 0 0 0 0 0 0 0 0 0 0 0 0 0 0 0 0 0 0 0 
0 0 0 0 0 0 0 0 0 0 0 0 0 0 0 0 0 0 0 0 0 0 0 0 0 0 0 0 0 0 0 0 0 0 0 0 0 0 0 0 0 0 0 0 0 0 0 0 0 0 0 0 0 0 0 0 0 0 119 119 119 119 119 120 120 120 120 120 120 121 121 121 121 121 121 122 122 122 122 122 122 123 123 123 123 123 123 124 124 124 124 124 125 125 125 125 125 125 126 126 126 126 126 126 127 127 127 127 127 127 128 128 128 128 128 128 129 129 129 129 129 129 130 130 130 130 130 130 131 131 131 131 131 131 132 132 132 132 132 132 133 133 133 133 133 133 133 133 134 134 134 134 134 134 135 135 135 135 135 135 136 136 136 136 136 136 137 137 137 137 137 137 137 138 138 138 138 138 138 139 139 139 139 139 139 140 140 140 140 140 140 140 141 141 141 141 142 142 142 142 142 142 142 142 142 142 142 142 142 142 142 142 142 142 142 142 142 142 142 142 143 143 143 143 143 143 143 143 143 143 143 143 143 143 143 143 143 143 143 143 143 143 142 142 142 142 142 142 142 142 142 142 142 142 142 142 142 142 142 142 142 142 142 142 142 142 142 142 142 143 143 143 143 143 143 143 143 143 143 143 143 143 143 143 143 143 143 143 143 143 143 143 142 142 142 142 142 142 142 142 142 142 142 142 142 142 142 142 142 142 142 142 142 142 142 142 142 142 142 142 142 142 142 142 142 142 142 142 0 0 0 0 0 0 0 0 0 0 0 0 0 0 0 0 0 0 0 0 0 0 0 0 0 0 0 0 0 0 0 0 0 0 0 0 0 0 0 0 0 0 0 0 0 0 0 0 0 0 0 0 0 0 0 0 0 0 0 0 0 0 0 0 0 0 0 0 0 0 0 0 0 0 0 0 0 0 0 0 0 0 0 0 0 0 0 0 0 0 0 0 0 0 0 0 0 0 0 0 0 0 0 0 0 0 0 0 0 0 0 0 0 0 0 0 0 0 0 0 0 0 0 0 0 0 0 0 0 0 0 0 0 0 0 0 0 0 0 0 0 0 0 0 0 0 0 0 0 0 0 0 0 0 0 0 0 0 0 0 0 0 0 0 0 0 0 0 0 0 0 0 0 0 0 
0 0 0 0 0 0 0 0 0 0 0 0 0 0 0 0 0 0 0 0 0 0 0 0 0 0 0 0 0 0 0 0 0 0 0 0 0 0 0 0 0 0 0 0 0 0 0 0 0 0 0 0 0 0 0 0 0 0 0 0 0 119 119 120 120 120 120 120 120 121 121 121 121 121 121 122 122 122 122 122 122 123 123 123 123 123 123 124 124 124 124 124 125 125 125 125 125 125 126 126 126 126 126 126 127 127 127 127 127 127 127 128 128 128 128 128 129 129 129 129 129 129 129 130 130 130 130 130 131 131 131 131 131 131 132 132 132 132 132 132 133 133 133 133 133 133 133 133 134 134 134 134 134 134 135 135 135 135 135 135 136 136 136 136 136 136 136 137 137 137 137 137 137 138 138 138 138 138 138 139 139 139 139 139 139 140 140 140 140 140 140 140 141 141 141 141 141 142 142 142 142 142 142 142 142 142 142 142 142 142 142 142 142 142 142 142 142 142 142 142 142 143 143 143 143 143 143 143 143 143 143 143 143 143 143 143 143 143 143 143 143 143 142 142 142 142 142 142 142 142 142 142 142 142 142 142 142 142 142 142 142 142 142 142 142 142 142 143 143 143 143 143 143 143 143 143 143 143 143 143 143 143 143 143 143 143 143 143 143 143 143 143 142 142 142 142 142 142 142 142 142 142 142 142 142 142 142 142 142 142 142 142 142 142 142 142 142 142 142 142 142 142 142 142 142 142 142 142 142 142 142 0 0 0 0 0 0 0 0 0 0 0 0 0 0 0 0 0 0 0 0 0 0 0 0 0 0 0 0 0 0 0 0 0 0 0 0 0 0 0 0 0 0 0 0 0 0 0 0 0 0 0 0 0 0 0 0 0 0 0 0 0 0 0 0 0 0 0 0 0 0 0 0 0 0 0 0 0 0 0 0 0 0 0 0 0 0 0 0 0 0 0 0 0 0 0 0 0 0 0 0 0 0 0 0 0 0 0 0 0 0 0 0 0 0 0 0 0 0 0 0 0 0 0 0 0 0 0 0 0 0 0 0 0 0 0 0 0 0 0 0 0 0 0 0 0 0 0 0 0 0 0 0 0 0 0 0 0 0 0 0 0 0 0 0 0 0 0 0 0 0 0 0 
0 0 0 0 0 0 0 0 0 0 0 0 0 0 0 0 0 0 0 0 0 0 0 0 0 0 0 0 0 0 0 0 0 0 0 0 0 0 0 0 0 0 0 0 0 0 0 0 0 0 0 0 0 0 0 0 0 0 0 0 119 119 119 119 120 120 120 120 120 120 121 121 121 121 121 121 122 122 122 122 122 122 123 123 123 123 123 123 124 124 124 124 124 125 125 125 125 125 125 126 126 126 126 126 126 127 127 127 127 127 127 128 128 128 128 128 128 129 129 129 129 129 129 130 130 130 130 130 131 131 131 131 131 131 131 132 132 132 132 132 133 133 133 133 133 133 133 133 134 134 134 134 134 134 134 135 135 135 135 135 135 136 136 136 136 136 136 137 137 137 137 137 137 138 138 138 138 138 138 139 139 139 139 139 139 139 140 140 140 140 140 140 141 141 141 141 141 141 141 142 142 142 142 142 142 142 142 142 142 142 142 142 142 142 142 142 142 142 142 142 142 142 143 143 143 143 143 143 143 143 143 143 143 143 143 143 143 143 143 143 143 143 142 142 142 142 142 142 142 142 142 142 142 142 142 142 142 142 142 142 142 142 142 142 143 143 143 143 143 143 143 143 143 143 143 143 143 143 143 143 143 143 143 143 143 143 143 143 143 143 143 143 142 142 142 142 142 142 142 142 142 143 143 142 142 142 142 142 142 142 142 142 142 142 142 142 142 142 142 142 142 142 142 142 142 142 142 142 142 142 142 142 142 0 0 0 0 0 0 0 0 0 0 0 0 0 0 0 0 0 0 0 0 0 0 0 0 0 0 0 0 0 0 0 0 0 0 0 0 0 0 0 0 0 0 0 0 0 0 0 0 0 0 0 0 0 0 0 0 0 0 0 0 0 0 0 0 0 0 0 0 0 0 0 0 0 0 0 0 0 0 0 0 0 0 0 0 0 0 0 0 0 0 0 0 0 0 0 0 0 0 0 0 0 0 0 0 0 0 0 0 0 0 0 0 0 0 0 0 0 0 0 0 0 0 0 0 0 0 0 0 0 0 0 0 0 0 0 0 0 0 0 0 0 0 0 0 0 0 0 0 0 0 0 0 0 0 0 0 0 0 0 0 0 0 0 0 0 0 0 0 0 0 
0 0 0 0 0 0 0 0 0 0 0 0 0 0 0 0 0 0 0 0 0 0 0 0 0 0 0 0 0 0 0 0 0 0 0 0 0 0 0 0 0 0 0 0 0 0 0 0 0 0 0 0 0 0 0 0 0 0 0 0 0 119 119 119 120 120 120 120 120 120 121 121 121 121 121 121 122 122 122 122 122 122 123 123 123 123 123 123 124 124 124 124 124 125 125 125 125 125 125 125 126 126 126 126 126 126 127 127 127 127 127 127 128 128 128 128 128 128 129 129 129 129 129 130 130 130 130 130 130 131 131 131 131 131 131 132 132 132 132 132 132 133 132 133 133 133 133 133 133 134 134 134 134 134 134 135 135 135 135 135 135 135 136 136 136 136 136 137 137 137 137 137 137 138 138 138 138 138 138 138 139 139 139 139 139 139 139 139 139 140 140 140 141 141 141 141 141 141 141 141 142 142 142 142 142 142 142 142 142 142 142 142 142 142 142 142 142 142 142 142 142 142 142 142 143 143 143 143 143 143 143 143 143 143 143 143 143 143 143 143 143 143 142 142 142 142 142 142 142 142 142 142 142 142 142 142 142 142 142 142 142 142 142 143 143 143 143 143 143 143 143 143 143 143 143 143 143 143 143 143 143 143 143 143 143 143 143 143 143 143 143 143 142 142 142 142 142 142 142 142 142 143 143 143 142 142 142 142 142 142 142 142 142 142 142 142 142 142 142 142 142 142 142 142 142 142 142 142 142 142 142 142 142 142 0 0 0 0 0 0 0 0 0 0 0 0 0 0 0 0 0 0 0 0 0 0 0 0 0 0 0 0 0 0 0 0 0 0 0 0 0 0 0 0 0 0 0 0 0 0 0 0 0 0 0 0 0 0 0 0 0 0 0 0 0 0 0 0 0 0 0 0 0 0 0 0 0 0 0 0 0 0 0 0 0 0 0 0 0 0 0 0 0 0 0 0 0 0 0 0 0 0 0 0 0 0 0 0 0 0 0 0 0 0 0 0 0 0 0 0 0 0 0 0 0 0 0 0 0 0 0 0 0 0 0 0 0 0 0 0 0 0 0 0 0 0 0 0 0 0 0 0 0 0 0 0 0 0 0 0 0 0 0 0 0 0 0 0 0 0 0 0 0 
0 0 0 0 0 0 0 0 0 0 0 0 0 0 0 0 0 0 0 0 0 0 0 0 0 0 0 0 0 0 0 0 0 0 0 0 0 0 0 0 0 0 0 0 0 0 0 0 0 0 0 0 0 0 0 0 0 0 0 118 119 119 119 119 119 120 120 120 120 120 120 121 121 121 121 121 121 122 122 122 122 122 122 123 123 123 123 123 123 124 124 124 124 124 125 125 125 125 125 125 125 126 126 126 126 126 127 127 127 127 127 127 128 128 128 128 128 128 129 129 129 129 129 130 130 130 130 130 130 131 131 131 131 131 131 132 132 132 132 132 132 133 132 133 133 133 133 133 133 134 134 134 134 134 134 134 135 135 135 135 135 135 136 136 136 136 136 136 137 137 137 137 137 137 138 138 138 138 138 138 138 138 139 139 139 139 139 139 139 140 140 140 141 141 141 141 141 141 141 141 141 142 142 142 142 142 141 141 142 142 142 142 142 142 142 142 142 142 142 142 142 142 142 142 142 143 143 143 143 143 143 143 143 143 143 143 143 143 143 143 143 143 142 142 142 142 142 142 142 142 142 142 142 142 142 142 142 142 142 142 142 142 143 143 143 143 143 143 143 143 143 143 143 143 143 143 143 143 143 143 143 143 143 143 143 143 143 143 143 143 143 143 142 142 142 142 142 142 142 142 142 142 143 143 143 142 142 142 142 142 142 142 142 142 142 142 142 142 142 142 142 142 142 142 142 142 142 142 142 142 142 142 142 142 142 0 0 0 0 0 0 0 0 0 0 0 0 0 0 0 0 0 0 0 0 0 0 0 0 0 0 0 0 0 0 0 0 0 0 0 0 0 0 0 0 0 0 0 0 0 0 0 0 0 0 0 0 0 0 0 0 0 0 0 0 0 0 0 0 0 0 0 0 0 0 0 0 0 0 0 0 0 0 0 0 0 0 0 0 0 0 0 0 0 0 0 0 0 0 0 0 0 0 0 0 0 0 0 0 0 0 0 0 0 0 0 0 0 0 0 0 0 0 0 0 0 0 0 0 0 0 0 0 0 0 0 0 0 0 0 0 0 0 0 0 0 0 0 0 0 0 0 0 0 0 0 0 0 0 0 0 0 0 0 0 0 0 0 0 0 0 0 0 
0 0 0 0 0 0 0 0 0 0 0 0 0 0 0 0 0 0 0 0 0 0 0 0 0 0 0 0 0 0 0 0 0 0 0 0 0 0 0 0 0 0 0 0 0 0 0 0 0 0 0 0 0 0 0 0 0 0 118 118 119 119 119 119 119 119 120 120 120 120 120 120 121 121 121 121 121 122 122 122 122 122 122 123 123 123 123 123 123 124 124 124 124 124 124 125 125 125 125 125 125 126 126 126 126 126 126 127 127 127 127 127 127 128 128 128 128 128 129 129 129 129 129 129 130 130 130 130 130 130 131 131 131 131 131 131 132 132 132 132 132 132 132 132 133 133 133 133 133 133 134 134 134 134 134 134 135 135 135 135 135 135 136 136 136 136 136 136 137 137 137 137 137 137 138 138 138 138 138 138 138 138 139 139 139 139 139 139 139 140 140 140 141 141 141 141 141 141 141 141 141 141 142 142 142 141 141 142 142 142 142 142 142 142 142 142 142 142 142 142 142 142 142 142 142 142 143 143 143 143 143 143 143 143 143 143 143 143 143 143 143 143 142 142 142 142 142 142 142 142 142 142 142 142 142 142 142 142 142 142 142 143 143 143 143 143 143 143 143 143 143 143 143 143 143 143 143 143 143 143 143 143 143 143 143 143 143 143 143 143 143 143 142 142 142 143 143 142 142 142 142 143 142 142 143 143 142 142 142 142 142 142 142 142 142 142 142 142 142 142 142 142 142 142 142 142 142 143 143 143 142 142 142 142 142 0 0 0 0 0 0 0 0 0 0 0 0 0 0 0 0 0 0 0 0 0 0 0 0 0 0 0 0 0 0 0 0 0 0 0 0 0 0 0 0 0 0 0 0 0 0 0 0 0 0 0 0 0 0 0 0 0 0 0 0 0 0 0 0 0 0 0 0 0 0 0 0 0 0 0 0 0 0 0 0 0 0 0 0 0 0 0 0 0 0 0 0 0 0 0 0 0 0 0 0 0 0 0 0 0 0 0 0 0 0 0 0 0 0 0 0 0 0 0 0 0 0 0 0 0 0 0 0 0 0 0 0 0 0 0 0 0 0 0 0 0 0 0 0 0 0 0 0 0 0 0 0 0 0 0 0 0 0 0 0 0 0 0 0 0 0 0 0 
0 0 0 0 0 0 0 0 0 0 0 0 0 0 0 0 0 0 0 0 0 0 0 0 0 0 0 0 0 0 0 0 0 0 0 0 0 0 0 0 0 0 0 0 0 0 0 0 0 0 0 0 0 0 0 0 0 0 0 0 118 119 119 119 119 119 120 120 120 120 120 120 121 121 121 121 121 121 122 122 122 122 122 122 123 123 123 123 123 123 124 124 124 124 124 125 125 125 125 125 125 126 126 126 126 126 126 127 127 127 127 127 127 128 128 128 128 128 128 129 129 129 129 129 129 130 130 130 130 130 131 131 131 131 131 131 132 132 132 132 132 132 132 132 133 133 133 133 133 133 134 134 134 134 134 134 135 135 135 135 135 135 136 136 136 136 136 136 137 137 137 137 137 137 137 138 138 138 138 138 138 138 139 139 139 139 139 139 139 139 140 140 141 141 141 141 141 141 141 141 141 141 141 141 141 141 141 141 142 142 142 142 142 142 142 142 142 142 142 142 142 142 142 142 142 142 142 143 143 143 143 143 143 143 143 143 143 143 143 143 143 143 142 142 142 142 142 142 142 142 142 142 142 142 142 142 142 142 142 142 143 143 143 143 143 143 143 143 143 143 143 143 143 143 143 143 143 143 143 143 143 143 143 143 143 143 143 143 143 143 143 143 142 142 143 143 143 143 143 142 142 143 143 142 142 142 142 142 142 142 142 142 142 142 142 142 142 142 142 142 142 142 142 142 142 142 142 143 143 143 143 143 142 142 142 0 0 0 0 0 0 0 0 0 0 0 0 0 0 0 0 0 0 0 0 0 0 0 0 0 0 0 0 0 0 0 0 0 0 0 0 0 0 0 0 0 0 0 0 0 0 0 0 0 0 0 0 0 0 0 0 0 0 0 0 0 0 0 0 0 0 0 0 0 0 0 0 0 0 0 0 0 0 0 0 0 0 0 0 0 0 0 0 0 0 0 0 0 0 0 0 0 0 0 0 0 0 0 0 0 0 0 0 0 0 0 0 0 0 0 0 0 0 0 0 0 0 0 0 0 0 0 0 0 0 0 0 0 0 0 0 0 0 0 0 0 0 0 0 0 0 0 0 0 0 0 0 0 0 0 0 0 0 0 0 0 0 0 0 0 0 0 0 
0 0 0 0 0 0 0 0 0 0 0 0 0 0 0 0 0 0 0 0 0 0 0 0 0 0 0 0 0 0 0 0 0 0 0 0 0 0 0 0 0 0 0 0 0 0 0 0 0 0 0 0 0 0 0 0 0 0 118 118 118 118 119 119 119 119 119 120 120 120 120 120 120 121 121 121 121 121 121 122 122 122 122 122 122 123 123 123 123 123 124 124 124 124 124 124 125 125 125 125 125 125 126 126 126 126 126 126 127 127 127 127 127 128 128 128 128 128 128 128 129 129 129 129 129 130 130 130 130 130 130 131 131 131 131 131 131 132 132 132 132 132 132 132 133 133 133 133 133 133 134 134 134 134 134 134 135 135 135 135 135 135 135 136 136 136 136 136 136 137 137 137 137 137 137 138 138 138 138 138 138 138 138 139 139 139 139 139 139 139 140 140 141 140 141 140 141 141 141 141 141 141 141 141 141 141 141 141 141 141 142 142 142 142 142 142 142 142 142 142 142 142 142 142 142 142 142 142 143 143 143 143 143 143 143 143 143 143 143 143 143 143 142 142 142 142 142 142 142 142 142 142 142 142 142 142 142 142 143 143 143 143 143 143 143 143 143 143 143 143 143 143 143 143 143 143 143 143 143 143 143 143 143 143 143 143 143 142 143 143 143 143 142 142 143 143 143 143 143 143 143 143 143 143 142 142 142 142 142 142 142 142 142 142 142 142 142 142 143 143 143 142 142 142 142 142 142 143 143 143 143 143 143 142 142 143 0 0 0 0 0 0 0 0 0 0 0 0 0 0 0 0 0 0 0 0 0 0 0 0 0 0 0 0 0 0 0 0 0 0 0 0 0 0 0 0 0 0 0 0 0 0 0 0 0 0 0 0 0 0 0 0 0 0 0 0 0 0 0 0 0 0 0 0 0 0 0 0 0 0 0 0 0 0 0 0 0 0 0 0 0 0 0 0 0 0 0 0 0 0 0 0 0 0 0 141 141 141 141 0 0 0 0 0 0 0 0 0 0 0 0 0 0 0 0 0 0 0 0 0 0 0 0 0 0 0 0 0 0 0 0 0 0 0 0 0 0 0 0 0 0 0 0 0 0 0 0 0 0 0 0 0 0 0 0 0 0 0 0 0 0 0 0 
0 0 0 0 0 0 0 0 0 0 0 0 0 0 0 0 0 0 0 0 0 0 0 0 0 0 0 0 0 0 0 0 0 0 0 0 0 0 0 0 0 0 0 0 0 0 0 0 0 0 0 0 0 0 0 0 0 0 0 118 118 118 119 119 119 119 119 119 120 120 120 120 120 121 121 121 121 121 121 122 122 122 122 122 122 123 123 123 123 123 123 123 124 124 124 124 124 125 125 125 125 125 126 126 126 126 126 126 127 127 127 127 127 128 128 128 128 128 128 128 128 129 129 129 129 129 130 130 130 130 130 131 131 131 131 131 131 132 132 132 132 132 132 132 133 133 133 133 133 133 133 134 134 134 134 134 134 135 135 135 135 135 135 136 136 136 136 136 136 137 137 137 137 137 137 138 138 138 138 138 138 138 138 138 139 139 139 139 139 139 140 140 140 140 140 140 140 141 141 141 141 141 141 141 141 141 141 141 141 141 141 141 142 142 142 142 142 142 142 142 142 142 142 142 142 142 142 142 142 143 143 143 143 143 143 143 143 143 143 143 143 143 142 142 142 142 142 142 142 142 142 142 142 142 142 142 142 143 143 143 143 143 143 143 143 143 143 143 143 143 143 143 143 143 143 143 143 143 143 143 143 143 143 143 143 143 143 142 142 143 143 143 142 143 143 143 143 143 143 143 143 143 143 143 143 142 143 142 142 143 142 142 143 142 143 143 143 143 143 143 142 142 142 142 142 142 142 142 142 142 143 143 143 143 143 143 0 0 0 0 0 0 0 0 0 0 0 0 0 0 0 0 0 0 0 0 0 0 0 0 0 0 0 0 0 0 0 0 0 0 0 0 0 0 0 0 0 0 0 0 0 0 0 0 0 0 0 0 0 0 0 0 0 0 0 0 0 0 0 0 0 0 0 0 0 0 0 0 0 0 0 0 0 0 0 0 0 0 0 0 0 0 0 0 0 0 0 0 0 0 0 0 142 142 142 142 142 142 141 141 0 0 0 0 0 0 0 0 0 0 0 0 0 0 0 0 0 0 0 0 0 0 0 0 0 0 0 0 0 0 0 0 0 0 0 0 0 0 0 0 0 0 0 0 0 0 0 0 0 0 0 0 0 0 0 0 0 0 0 0 0 0 0 
0 0 0 0 0 0 0 0 0 0 0 0 0 0 0 0 0 0 0 0 0 0 0 0 0 0 0 0 0 0 0 0 0 0 0 0 0 0 0 0 0 0 0 0 0 0 0 0 0 0 0 0 0 0 0 0 0 0 118 118 118 118 118 119 119 119 119 119 120 120 120 120 120 120 121 121 121 121 121 121 122 122 122 122 122 122 123 123 123 123 123 123 124 124 124 124 124 124 125 125 125 125 126 126 126 126 126 126 127 127 127 127 127 127 127 128 128 128 128 128 128 129 129 129 129 129 129 130 130 130 130 130 131 131 131 131 131 132 132 132 132 132 132 132 132 133 133 133 133 133 133 134 134 134 134 134 134 134 135 135 135 135 135 135 136 136 136 136 136 137 137 137 137 137 137 137 138 138 138 138 138 138 138 138 139 139 139 139 139 139 139 140 140 140 140 140 140 140 141 141 141 141 141 142 141 141 141 141 141 141 141 141 141 142 142 142 142 142 142 142 142 142 142 142 142 142 142 142 142 143 143 143 143 143 143 143 143 143 143 143 143 143 142 142 142 142 142 142 142 142 142 142 142 142 142 142 142 143 143 143 143 143 143 143 143 143 143 143 143 143 143 143 143 143 143 143 143 143 143 143 143 143 143 143 143 143 143 143 143 143 143 143 143 143 143 143 143 143 143 143 143 143 143 143 143 143 143 143 143 143 143 143 142 143 143 143 143 143 143 143 142 142 142 142 142 142 142 142 142 142 142 142 142 142 142 0 0 0 0 0 0 0 0 0 0 0 0 0 0 0 0 0 0 0 0 0 0 0 0 0 0 0 0 0 0 0 0 0 0 0 0 0 0 0 0 0 0 0 0 0 0 0 0 0 0 0 0 0 0 0 0 0 0 0 0 0 0 0 0 0 0 0 0 0 0 0 0 0 0 0 0 0 0 0 0 0 0 0 0 0 0 0 0 0 0 0 0 0 0 0 0 142 142 142 142 143 142 142 142 142 141 0 0 0 0 0 0 0 0 0 0 0 0 0 0 0 0 0 0 0 0 0 0 0 0 0 0 0 0 0 0 0 0 0 0 0 0 0 0 0 0 0 0 0 0 0 0 0 0 0 0 0 0 0 0 0 0 0 0 0 0 0 0 
0 0 0 0 0 0 0 0 0 0 0 0 0 0 0 0 0 0 0 0 0 0 0 0 0 0 0 0 0 0 0 0 0 0 0 0 0 0 0 0 0 0 0 0 0 0 0 0 0 0 0 0 0 0 0 0 117 117 118 118 118 118 118 119 119 119 119 119 119 120 120 120 120 120 120 120 121 121 121 121 121 121 122 122 122 122 122 122 123 123 123 123 123 124 124 124 124 124 125 125 125 125 125 126 126 126 126 126 126 127 127 127 127 127 127 127 128 128 128 128 128 129 129 129 129 129 129 130 130 130 130 130 130 131 131 131 131 131 132 132 132 132 132 132 132 132 133 133 133 133 133 133 134 134 134 134 134 134 135 135 135 135 135 135 136 136 136 136 136 136 137 137 137 137 137 137 137 138 138 138 138 138 138 138 139 139 139 139 139 139 139 140 140 140 140 140 140 140 140 141 141 141 141 141 141 141 141 141 141 141 141 141 141 142 142 142 142 142 142 142 142 142 142 142 142 142 142 142 142 142 143 143 143 143 143 143 143 143 143 143 143 143 142 142 142 142 142 142 142 142 142 142 142 142 142 142 142 143 143 143 143 143 143 143 143 143 143 143 143 143 143 143 143 143 143 143 143 143 143 143 143 143 143 143 143 143 143 143 143 143 143 143 143 143 143 143 143 143 143 143 143 143 143 143 143 143 143 143 143 143 143 143 143 143 143 143 143 143 143 143 143 142 142 142 142 142 142 142 143 142 142 142 142 142 142 0 0 0 0 0 0 0 0 0 0 0 0 0 0 0 0 0 0 0 0 0 0 0 0 0 0 0 0 0 0 0 0 0 0 0 0 0 0 0 0 0 0 0 0 0 0 0 0 0 0 0 0 0 0 0 0 0 0 0 0 0 0 0 0 0 0 0 0 0 0 0 0 0 0 0 0 0 0 0 0 0 0 0 0 0 0 0 0 0 0 0 0 0 0 0 142 142 142 142 142 143 143 143 143 142 142 141 141 0 0 0 0 0 0 0 0 0 0 0 0 0 0 0 0 0 0 0 0 0 0 0 0 0 0 0 0 0 0 0 0 0 0 0 0 0 0 0 0 0 0 0 0 0 0 0 0 0 0 0 0 0 0 0 0 0 0 0 0 
0 0 0 0 0 0 0 0 0 0 0 0 0 0 0 0 0 0 0 0 0 0 0 0 0 0 0 0 0 0 0 0 0 0 0 0 0 0 0 0 0 0 0 0 0 0 0 0 0 0 0 0 0 0 0 0 117 117 118 118 118 118 118 118 118 119 119 119 119 119 120 120 120 120 120 120 120 120 121 121 121 121 122 122 122 122 122 122 123 123 123 123 124 124 124 124 124 124 125 125 125 125 125 125 126 126 126 126 126 127 127 127 127 127 127 127 128 128 128 128 128 129 129 129 129 129 129 129 130 130 130 130 130 131 131 131 131 131 132 132 132 132 132 132 132 132 133 133 133 133 133 133 134 134 134 134 134 134 135 135 135 135 135 135 136 136 136 136 136 136 137 137 137 137 137 137 137 137 137 137 138 138 138 138 139 139 139 139 139 139 139 139 140 140 140 140 140 140 140 140 140 140 141 141 141 141 141 141 141 141 141 141 141 142 142 142 142 142 142 142 142 142 142 142 142 142 142 142 142 142 142 142 143 143 143 143 143 143 143 143 143 143 142 142 142 142 142 142 142 142 142 142 142 142 142 142 142 142 143 143 143 143 143 143 143 143 143 143 143 143 143 143 143 143 143 143 143 143 143 143 143 143 143 143 143 143 143 143 143 143 143 143 143 143 143 143 143 143 143 143 143 143 143 143 143 143 143 143 143 143 143 143 143 143 143 143 143 143 143 143 142 142 142 142 142 142 143 143 143 143 143 142 142 142 142 142 0 0 0 0 0 0 0 0 0 0 0 0 0 0 0 0 0 0 0 0 0 0 0 0 0 0 0 0 0 0 0 0 0 0 0 0 0 0 0 0 0 0 0 0 0 0 0 0 0 0 0 0 0 0 0 0 0 0 0 0 0 0 0 0 0 0 0 0 0 0 0 0 0 0 0 0 0 0 0 0 0 0 0 0 0 0 0 0 0 0 0 0 0 142 142 142 143 143 143 143 143 143 142 142 143 142 142 142 0 0 0 0 0 0 0 0 0 0 0 0 0 0 0 0 0 0 0 0 0 0 0 0 0 0 0 0 0 0 0 0 0 0 0 0 0 0 0 0 0 0 0 0 0 0 0 0 0 0 0 0 0 0 0 0 0 0 0 
0 0 0 0 0 0 0 0 0 0 0 0 0 0 0 0 0 0 0 0 0 0 0 0 0 0 0 0 0 0 0 0 0 0 0 0 0 0 0 0 0 0 0 0 0 0 0 0 0 0 0 0 0 0 0 117 117 117 117 118 118 118 118 118 118 118 119 119 119 119 119 119 120 120 120 120 120 120 121 121 121 121 121 121 122 122 122 122 122 123 123 123 123 124 124 124 124 124 124 125 125 125 125 125 126 126 126 126 126 126 127 127 127 127 127 127 128 128 128 128 128 129 129 129 129 129 129 130 130 130 130 130 130 131 131 131 131 131 132 132 132 132 132 132 132 132 133 133 133 133 133 133 134 134 134 134 134 134 135 135 135 135 135 135 135 136 136 136 136 136 136 137 137 137 137 137 137 137 137 137 138 138 138 138 139 139 139 139 139 139 139 139 140 140 140 140 140 140 140 141 140 140 140 141 141 141 141 141 141 141 141 141 141 141 141 142 142 142 142 142 142 142 142 142 142 142 142 142 142 142 142 142 142 142 142 142 143 143 143 143 143 143 142 142 142 142 142 142 142 142 142 142 142 142 142 142 142 142 142 143 143 143 143 143 143 143 143 143 143 143 143 143 143 143 143 143 143 143 143 143 143 143 143 143 143 143 143 143 143 143 143 143 143 143 143 143 143 143 143 143 143 143 143 143 143 143 143 143 143 143 143 143 143 143 143 143 143 143 143 143 142 142 142 142 142 143 143 143 143 143 143 143 143 142 142 142 143 0 0 0 0 0 0 0 0 0 0 0 0 0 0 0 0 0 0 0 0 0 0 0 0 0 0 0 0 0 0 0 0 0 0 0 0 0 0 0 0 0 0 0 0 0 0 0 0 0 0 0 0 0 0 0 0 0 0 0 0 0 0 0 0 0 0 0 0 0 0 0 0 0 0 0 0 0 0 0 0 0 0 0 0 0 142 142 142 142 142 142 142 142 142 142 143 143 143 143 143 143 143 143 143 142 142 142 142 0 0 0 0 0 0 0 0 0 0 0 0 0 0 0 0 0 0 0 0 0 0 0 0 0 0 0 0 0 0 0 0 0 0 0 0 0 0 0 0 0 0 0 0 0 0 0 0 0 0 0 0 0 0 0 0 0 0 
0 0 0 0 0 0 0 0 0 0 0 0 0 0 0 0 0 0 0 0 0 0 0 0 0 0 0 0 0 0 0 0 0 0 0 0 0 0 0 0 0 0 0 0 0 0 0 0 0 0 0 0 0 0 0 0 117 117 117 117 117 118 118 118 118 118 118 119 119 119 119 119 119 119 120 120 120 120 120 121 121 121 121 121 122 122 122 122 122 123 123 123 123 124 124 124 124 124 124 124 125 125 125 125 126 126 126 126 126 126 126 127 127 127 127 127 127 128 128 128 128 129 129 129 129 129 129 130 130 130 130 130 130 130 131 131 131 131 131 132 132 132 132 132 132 132 133 133 133 133 133 133 133 134 134 134 134 134 134 135 135 135 135 135 135 136 136 136 136 136 136 136 136 137 137 137 137 137 137 138 138 138 138 138 139 139 139 139 139 139 139 139 140 140 140 140 140 140 140 140 140 141 140 141 141 141 141 141 141 141 141 141 141 142 142 141 142 142 142 142 142 142 142 142 142 142 142 142 142 142 142 142 142 142 142 142 142 142 142 142 142 142 142 142 142 142 142 142 142 142 142 142 142 142 142 142 142 142 143 143 143 143 143 143 143 143 143 143 143 143 143 143 143 143 143 143 143 143 143 143 143 143 143 143 143 143 143 143 143 143 143 143 143 143 143 143 143 143 143 143 143 143 143 143 143 143 143 143 143 143 143 143 143 143 143 143 143 143 143 143 142 142 142 142 143 143 143 143 143 143 143 143 143 142 143 143 142 143 143 0 142 142 142 142 142 142 0 0 0 0 0 0 0 0 0 0 0 0 0 0 0 0 0 0 0 0 0 0 0 0 0 0 0 0 0 0 0 0 0 0 0 0 0 0 0 0 0 0 0 0 0 0 0 0 0 0 0 0 0 0 0 0 0 0 0 0 0 0 0 0 0 0 0 0 0 0 0 0 0 142 142 143 143 143 143 143 143 143 143 142 143 143 143 143 143 144 143 144 144 143 143 142 143 143 142 142 142 0 0 0 0 0 0 0 0 0 0 0 0 0 0 0 0 0 0 0 0 0 0 0 0 0 0 0 0 0 0 0 0 0 0 0 0 0 0 0 0 0 0 0 0 0 0 0 0 0 0 0 0 0 0 0 0 
0 0 0 0 0 0 0 0 0 0 0 0 0 0 0 0 0 0 0 0 0 0 0 0 0 0 0 0 0 0 0 0 0 0 0 0 0 0 0 0 0 0 0 0 0 0 0 0 0 0 0 0 0 116 116 117 117 117 117 117 117 117 117 118 118 118 118 118 119 119 119 119 119 119 119 120 120 120 120 121 121 121 121 122 122 122 122 122 122 123 123 123 123 123 124 124 124 124 124 124 125 125 125 125 125 126 126 126 126 126 126 127 127 127 127 127 127 127 128 128 128 128 129 129 129 129 129 130 130 130 130 130 130 130 131 131 131 131 131 132 132 132 132 132 132 132 132 133 133 133 133 133 133 134 134 134 134 134 134 135 135 135 135 135 135 136 136 136 136 136 136 136 136 136 137 137 137 137 137 138 138 138 138 138 138 138 139 139 139 139 139 139 140 140 140 140 140 140 140 140 140 141 141 140 141 141 141 141 141 141 141 141 141 142 142 141 141 142 142 142 142 142 142 142 142 142 142 142 142 142 142 142 142 142 142 142 142 142 142 142 142 142 142 142 142 142 142 142 142 142 142 142 142 142 142 142 142 142 142 143 143 143 143 143 143 143 143 143 143 143 143 143 143 143 143 143 143 143 143 143 143 143 143 143 143 143 143 143 143 143 143 143 143 143 143 143 143 143 143 143 143 143 143 143 143 143 143 143 143 143 143 143 143 143 143 143 143 143 143 143 142 142 143 143 143 143 143 143 143 143 143 143 143 143 143 143 143 142 142 142 142 142 143 143 142 143 142 142 142 0 142 142 142 142 142 142 142 142 142 0 0 142 142 142 0 0 0 0 0 0 0 0 0 0 0 0 0 0 0 0 0 0 0 0 0 0 0 0 0 0 0 0 0 0 0 0 0 0 0 0 0 0 0 0 0 0 0 0 0 0 0 0 0 0 0 0 0 0 0 143 143 143 143 143 143 143 143 144 143 143 143 144 143 143 144 144 144 144 144 144 144 143 143 143 143 143 143 143 0 0 0 0 0 0 0 0 0 0 0 0 0 0 0 0 0 0 0 0 0 0 0 0 0 0 0 0 0 0 0 0 0 0 0 0 0 0 0 0 0 0 0 0 0 0 0 0 0 0 0 0 0 0 0 
0 0 0 0 0 0 0 0 0 0 0 0 0 0 0 0 0 0 0 0 0 0 0 0 0 0 0 0 0 0 0 0 0 0 0 0 0 0 0 0 0 0 0 0 0 0 0 0 0 0 0 0 0 0 116 117 117 117 117 117 117 117 117 118 118 118 118 118 118 119 119 119 119 119 120 120 120 120 120 120 120 121 121 121 122 122 122 122 122 123 123 123 123 123 124 124 124 124 124 124 125 125 125 125 125 125 126 126 126 126 126 127 127 127 127 127 127 127 128 128 128 128 129 129 129 129 129 129 129 130 130 130 130 130 131 131 131 131 131 132 132 132 132 132 132 132 132 133 133 133 133 133 133 133 134 134 134 134 134 134 135 135 135 135 135 135 136 136 136 136 136 136 136 136 137 137 137 137 137 137 137 137 138 138 138 138 138 139 139 139 139 139 140 140 140 140 140 140 140 140 140 141 140 141 141 141 141 141 141 141 141 141 141 141 141 142 142 142 142 142 142 142 142 142 142 142 142 142 142 142 142 142 142 142 142 142 142 142 142 143 142 142 142 142 142 142 142 142 142 142 142 142 142 142 142 142 142 142 142 142 143 143 143 143 143 143 143 143 143 143 143 143 143 143 143 143 143 143 143 143 143 143 143 143 143 143 143 143 143 143 143 143 143 143 143 143 143 143 143 143 143 143 143 143 143 143 143 143 143 143 143 143 143 143 143 143 143 143 143 143 142 143 143 143 143 143 143 143 143 143 143 143 143 143 143 143 143 143 143 143 143 143 143 143 143 143 143 143 143 143 143 143 142 142 142 142 143 143 142 142 142 142 142 142 142 142 142 142 142 142 0 0 0 0 0 0 0 0 0 0 0 0 0 0 0 0 0 0 0 0 0 0 0 0 0 0 0 0 0 0 0 0 0 0 0 0 0 0 0 0 0 0 0 0 0 0 0 0 142 143 143 143 143 144 144 144 144 144 144 144 144 144 144 144 144 144 144 144 144 144 143 143 144 143 143 143 143 143 143 0 0 0 0 0 0 0 0 0 0 0 0 0 0 0 0 0 0 0 0 0 0 0 0 0 0 0 0 0 0 0 0 0 0 0 0 0 0 0 0 0 0 0 0 0 0 0 0 0 0 0 0 0 0 
0 0 0 0 0 0 0 0 0 0 0 0 0 0 0 0 0 0 0 0 0 0 0 0 0 0 0 0 0 0 0 0 0 0 0 0 0 0 0 0 0 0 0 0 0 0 0 0 0 0 0 0 0 116 116 116 117 117 117 117 117 117 118 118 118 118 118 118 118 118 118 119 119 119 120 120 120 120 120 120 120 121 121 121 121 122 122 122 122 122 123 123 123 123 123 124 124 124 124 124 124 125 125 125 125 126 126 126 126 126 126 126 127 127 127 127 127 127 127 128 128 128 128 129 129 129 129 129 129 130 130 130 130 130 130 131 131 131 131 131 132 132 132 132 132 132 132 132 133 133 133 133 133 133 134 134 134 134 134 134 135 135 135 135 135 135 135 135 135 136 136 136 136 136 136 137 137 137 137 137 137 137 138 138 138 138 138 139 139 139 139 139 140 140 140 140 140 140 140 140 140 140 140 140 141 141 141 141 141 141 141 141 141 141 141 142 141 142 142 142 142 142 142 142 142 142 142 142 142 142 142 142 143 142 142 142 142 142 142 143 142 142 142 142 142 142 142 142 142 142 142 142 142 142 142 142 142 142 142 142 143 143 143 143 143 143 143 143 143 143 143 143 143 143 143 143 143 143 143 143 143 143 143 143 143 143 143 143 143 143 143 143 143 143 143 143 143 143 143 143 143 143 143 143 143 143 143 143 143 143 143 143 143 143 143 143 143 143 143 143 143 143 143 143 143 143 143 143 143 143 143 143 143 143 143 143 143 143 143 143 143 143 143 143 143 143 143 143 143 143 143 142 142 142 143 142 143 143 143 142 143 143 142 142 143 142 143 143 143 143 142 143 143 142 142 142 0 0 0 0 0 0 0 0 0 0 0 0 0 0 0 0 0 0 0 0 0 0 0 0 0 0 0 0 0 0 0 0 0 0 0 0 0 0 0 0 0 0 142 143 144 144 144 144 144 144 144 144 144 144 144 144 144 144 144 144 144 144 144 144 144 144 144 144 143 143 143 143 143 143 143 0 0 0 0 0 0 0 0 0 0 0 0 0 0 0 0 0 0 0 0 0 0 0 0 0 0 0 0 0 0 0 0 0 0 0 0 0 0 0 0 0 0 0 0 0 0 0 0 0 0 0 0 
0 0 0 0 0 0 0 0 0 0 0 0 0 0 0 0 0 0 0 0 0 0 0 0 0 0 0 0 0 0 0 0 0 0 0 0 0 0 0 0 0 0 0 0 0 0 0 0 0 0 0 116 116 116 116 116 116 117 117 117 117 117 118 118 118 118 118 118 118 119 119 119 119 120 120 119 119 120 120 120 120 120 121 121 121 122 122 122 122 122 122 123 123 123 123 124 124 124 124 124 124 125 125 125 125 125 125 126 126 126 126 126 127 127 127 127 127 127 127 128 128 128 128 129 129 129 129 129 130 130 130 130 130 130 130 130 131 131 131 131 132 132 132 132 132 132 132 132 133 133 133 133 133 133 133 134 134 134 134 134 135 135 135 135 135 135 135 135 135 136 136 136 136 136 136 137 137 137 137 137 137 138 138 138 138 138 138 138 139 139 139 139 140 140 140 140 140 140 140 140 140 140 140 140 141 141 141 141 141 141 141 141 141 141 141 142 142 142 142 142 142 141 142 142 142 142 142 142 142 142 142 142 142 142 142 143 143 142 142 143 143 143 142 142 142 142 142 142 142 142 142 142 142 142 142 142 142 142 142 142 142 143 143 143 143 143 143 143 143 143 143 143 143 143 143 143 143 143 143 143 143 143 143 143 143 143 143 143 143 143 143 143 143 143 143 143 143 143 143 143 143 143 143 143 143 143 143 143 143 143 143 143 143 143 143 143 143 143 143 143 143 143 143 143 143 143 143 143 143 143 143 143 143 143 143 143 143 143 143 143 143 143 143 144 144 143 143 142 142 143 143 143 142 143 143 142 143 143 143 143 143 142 142 143 143 143 143 143 143 143 143 143 143 143 143 143 142 142 143 143 142 142 0 0 0 0 0 0 0 0 0 0 0 0 0 0 0 0 0 0 0 0 0 0 0 0 0 0 0 0 0 0 0 0 0 0 143 143 144 144 144 144 144 144 144 144 144 144 144 144 144 144 144 144 144 144 144 144 144 144 144 144 144 144 143 143 144 143 143 143 143 143 143 0 0 0 0 0 0 0 0 0 0 0 0 0 0 0 0 0 0 0 0 0 0 0 0 0 0 0 0 0 0 0 0 0 0 0 0 0 0 0 0 0 0 0 0 0 0 0 0 0 0 
0 0 0 0 0 0 0 0 0 0 0 0 0 0 0 0 0 0 0 0 0 0 0 0 0 0 0 0 0 0 0 0 0 0 0 0 0 0 0 0 0 0 0 0 0 0 0 0 0 115 115 115 116 116 116 116 116 117 117 117 117 117 117 117 118 118 118 118 118 119 119 119 120 120 120 120 120 120 120 120 120 120 120 120 121 121 122 122 122 122 122 123 123 123 123 123 123 124 124 124 124 124 125 125 125 125 125 126 126 126 126 126 126 127 127 127 127 127 127 128 128 128 128 128 129 129 129 129 129 130 130 130 130 130 130 130 131 131 131 131 131 132 131 132 132 132 132 132 132 133 133 133 133 133 133 133 134 134 134 134 134 135 135 135 135 135 135 135 135 136 136 136 136 136 137 137 137 137 137 137 137 137 137 137 138 138 138 138 138 138 139 139 139 140 139 140 140 140 140 140 140 140 140 140 140 140 140 141 141 141 141 141 141 141 141 142 142 142 142 142 142 142 142 142 142 142 142 142 142 142 142 142 142 142 143 143 143 143 143 143 143 143 142 142 142 142 142 142 142 142 142 142 142 142 142 142 142 142 142 142 142 143 143 143 143 143 143 143 143 143 143 143 143 143 143 143 143 143 143 143 143 143 143 143 143 143 143 143 143 143 143 143 143 143 143 143 143 143 143 143 143 143 143 143 143 143 143 143 143 143 143 143 143 143 143 143 143 143 143 143 143 143 143 143 143 143 143 143 143 143 143 143 143 143 143 143 143 143 143 143 143 143 144 144 143 143 143 143 143 144 144 143 143 143 143 143 143 144 143 143 143 142 143 143 143 143 144 143 143 143 142 143 143 143 143 143 143 142 143 143 143 142 0 0 0 0 0 0 0 0 0 0 0 0 0 0 0 0 0 0 0 0 0 0 0 0 0 0 0 0 0 0 0 0 0 143 143 143 143 144 144 144 144 144 144 144 144 144 144 144 144 144 144 144 144 144 144 144 144 144 144 143 143 144 144 144 144 144 144 144 144 144 144 144 144 0 0 0 0 0 0 0 0 0 0 0 0 0 0 0 0 0 0 0 0 0 0 0 0 0 0 0 0 0 0 0 0 0 0 0 0 0 0 0 0 0 0 0 0 0 0 0 0 
0 0 0 0 0 0 0 0 0 0 0 0 0 0 0 0 0 0 0 0 0 0 0 0 0 0 0 0 0 0 0 0 0 0 0 0 0 0 0 0 0 0 0 0 0 0 0 0 0 115 115 115 116 116 116 116 116 116 117 117 117 117 117 117 118 118 118 118 118 118 119 119 119 119 120 120 120 120 121 121 121 121 121 120 121 121 121 122 122 122 122 123 123 123 123 123 124 124 124 124 124 124 124 125 125 125 125 125 126 126 126 126 126 126 127 127 127 127 127 128 128 128 128 128 129 129 129 129 129 129 130 130 130 130 130 130 130 131 131 131 131 132 131 132 132 132 132 132 132 132 133 133 133 133 133 133 133 134 134 134 134 135 135 135 135 135 135 135 136 136 136 136 136 136 136 137 137 137 137 137 137 137 137 138 138 138 138 138 138 138 138 139 139 139 139 140 140 140 140 140 140 140 140 140 140 140 140 140 141 141 141 141 141 141 141 142 141 141 141 142 142 142 142 142 142 142 142 142 142 142 142 142 142 142 142 142 143 143 143 143 143 143 142 142 142 142 142 142 142 142 142 142 142 142 142 142 142 142 142 142 142 143 143 143 143 143 143 143 143 143 143 143 143 143 143 143 143 143 143 143 143 143 143 143 143 143 143 143 143 143 143 143 143 143 143 143 143 143 143 143 143 143 143 143 143 143 143 143 143 143 143 143 143 143 143 143 143 143 143 143 143 143 143 143 143 143 143 143 143 143 143 143 143 143 143 143 143 143 143 143 143 144 143 143 143 143 143 143 143 143 144 144 144 144 144 144 144 144 144 143 143 143 143 144 144 143 143 143 143 143 143 143 143 143 143 144 143 142 143 143 143 143 0 0 0 0 0 0 0 0 0 0 0 0 0 0 0 0 0 0 0 0 0 0 0 0 0 0 0 0 0 0 0 0 0 143 143 143 144 144 144 144 144 144 144 145 144 144 144 144 144 144 144 144 144 144 144 144 144 144 144 143 144 144 144 144 144 144 144 144 144 144 144 144 144 144 144 144 144 144 144 144 144 144 0 0 0 0 0 0 0 0 0 0 0 0 0 0 0 0 0 0 0 0 0 0 0 0 0 0 0 0 0 0 0 0 0 0 0 0 0 0 0 
0 0 0 0 0 0 0 0 0 0 0 0 0 0 0 0 0 0 0 0 0 0 0 0 0 0 0 0 0 0 0 0 0 0 0 0 0 0 0 0 0 0 0 0 0 0 0 0 0 115 115 115 115 116 116 116 116 116 116 117 117 117 117 117 117 117 118 118 118 118 118 118 119 119 119 119 119 119 120 120 121 121 121 121 120 121 121 122 122 122 122 122 123 123 123 123 123 124 124 124 124 124 124 125 125 125 125 125 125 126 126 126 126 126 127 127 127 127 127 128 128 128 128 128 129 129 129 129 129 129 130 130 130 130 130 130 130 131 131 131 131 131 131 131 132 132 132 132 132 132 132 133 133 133 133 133 134 134 134 134 134 134 135 135 135 135 135 135 135 135 136 136 136 136 136 137 137 137 137 137 137 137 137 138 138 138 138 138 138 138 138 138 139 139 139 139 140 140 140 140 140 141 140 140 140 140 140 140 141 141 141 141 141 141 141 141 141 141 141 141 142 142 142 142 142 142 142 142 142 142 142 142 142 142 142 142 142 142 142 142 142 142 142 142 142 142 142 142 142 142 142 142 142 142 142 142 142 142 142 142 142 143 143 143 143 143 143 143 143 143 143 143 143 143 143 143 143 143 143 143 143 143 143 143 143 143 143 143 143 143 143 143 143 143 143 143 143 143 143 143 143 143 143 143 143 143 143 143 143 143 143 143 143 143 143 143 143 143 143 143 143 143 143 143 143 143 143 143 143 143 143 143 143 143 143 143 143 143 143 143 143 143 143 143 143 143 144 144 144 143 143 144 144 144 144 144 144 144 144 143 143 143 143 144 143 143 143 143 143 143 143 143 144 143 144 144 143 143 143 143 144 143 142 0 0 0 0 0 0 0 0 0 0 0 0 0 0 0 0 0 0 0 0 0 0 0 0 0 0 0 0 0 0 0 142 143 143 144 144 144 144 144 144 144 144 145 144 144 144 144 144 144 144 144 144 144 144 144 144 144 144 144 144 144 144 144 144 144 144 144 144 144 144 144 144 144 144 144 144 144 144 144 144 144 144 144 0 0 0 0 0 0 0 0 0 0 0 0 0 0 0 0 0 0 0 0 0 0 0 0 0 0 0 0 0 0 0 0 0 0 0 0 0 
0 0 0 0 0 0 0 0 0 0 0 0 0 0 0 0 0 0 0 0 0 0 0 0 0 0 0 0 0 0 0 0 0 0 0 0 0 0 0 0 0 0 0 0 0 0 0 0 114 115 115 115 115 115 116 116 116 116 116 116 116 117 117 117 117 117 118 118 118 118 118 118 119 119 119 119 119 119 119 120 120 120 121 121 121 121 121 121 122 122 122 122 123 123 123 123 123 123 124 124 124 124 124 125 125 125 125 125 125 126 126 126 126 126 126 127 127 127 127 128 128 128 128 128 128 129 129 129 129 129 129 130 130 130 130 130 130 131 131 131 131 131 131 131 131 132 132 132 132 132 132 133 133 133 133 133 134 134 134 134 134 134 134 135 135 135 135 135 135 135 135 136 136 136 136 136 136 137 137 137 137 137 137 138 138 138 138 138 138 138 138 138 139 139 139 139 139 140 140 140 140 140 140 140 140 140 140 141 141 141 141 141 141 141 141 141 141 141 141 141 142 142 141 141 142 142 142 142 142 142 142 142 142 142 142 142 142 142 142 142 142 142 141 141 142 142 142 142 142 142 142 142 142 142 142 142 142 142 142 142 142 143 143 143 143 143 143 143 143 143 143 143 143 143 143 143 143 143 143 143 143 143 143 143 143 143 143 143 143 143 143 143 143 143 143 143 143 143 143 143 143 143 143 143 143 143 143 143 143 143 143 144 144 143 143 143 143 143 143 143 143 143 143 143 143 143 143 143 143 143 143 143 143 143 143 143 143 143 143 143 143 144 143 143 144 144 144 144 144 143 144 144 144 144 144 144 144 144 144 143 143 144 144 144 143 143 143 143 144 144 143 143 144 144 144 144 143 143 143 143 144 144 143 142 0 0 0 0 0 0 0 0 0 0 0 0 0 0 0 0 0 0 0 0 0 0 0 0 0 0 0 0 0 0 142 143 144 144 144 144 144 144 144 144 145 145 144 144 144 144 144 144 144 144 144 144 144 144 144 144 144 144 144 144 144 144 145 145 145 145 145 144 144 144 144 144 144 144 144 144 144 144 144 144 144 144 144 144 0 0 0 0 0 0 0 0 0 0 0 0 0 0 0 0 0 0 0 0 0 0 0 0 0 0 0 0 0 0 0 0 0 0 0 
0 0 0 0 0 0 0 0 0 0 0 0 0 0 0 0 0 0 0 0 0 0 0 0 0 0 0 0 0 0 0 0 0 0 0 0 0 0 0 0 0 0 0 0 0 0 0 114 114 115 115 115 115 115 116 116 116 116 116 116 116 116 117 117 117 117 117 117 118 118 118 118 118 119 118 119 119 119 119 120 120 120 120 121 121 121 121 121 121 122 122 122 122 123 123 123 123 123 123 124 124 124 124 125 125 125 125 125 125 125 126 126 126 126 126 127 127 127 127 127 128 128 128 128 128 129 129 129 129 129 129 130 130 130 130 130 131 131 131 131 131 131 131 131 131 132 132 132 132 132 132 133 133 133 133 133 133 134 134 134 134 134 134 135 135 135 135 135 135 135 135 136 136 136 136 136 137 137 137 137 137 137 137 138 137 138 138 138 138 138 138 138 139 139 139 139 139 140 140 140 140 140 140 140 140 140 140 141 141 140 140 141 141 141 141 141 141 141 141 141 141 141 141 141 141 141 141 142 142 141 142 142 142 142 142 142 142 142 142 142 142 142 141 141 141 142 142 142 142 142 142 142 142 142 142 142 142 142 142 142 142 142 143 143 143 143 143 143 143 143 143 143 143 143 143 143 143 143 143 143 143 143 143 143 143 143 143 143 143 143 143 143 143 143 143 143 143 143 143 143 143 143 143 143 143 143 143 143 143 144 144 144 143 143 143 143 143 144 143 143 143 143 143 143 143 143 143 143 143 143 143 143 143 143 143 143 143 143 143 143 143 143 143 144 143 144 144 144 143 143 143 144 144 144 144 144 144 144 144 144 144 144 144 144 143 144 144 144 144 144 143 143 143 144 144 144 144 143 143 143 144 144 144 143 142 0 0 0 0 0 0 0 0 0 0 0 0 0 0 0 0 0 0 0 0 0 0 0 0 0 0 0 0 143 143 144 145 144 144 144 144 144 144 145 145 145 145 144 144 144 144 144 144 144 144 144 144 144 144 144 144 144 144 144 144 144 145 145 145 145 145 145 145 145 144 144 144 144 144 144 145 145 145 145 145 144 144 144 144 0 0 0 0 0 0 0 0 0 0 0 0 0 0 0 0 0 0 0 0 0 0 0 0 0 0 0 0 0 0 0 0 0 0 
0 0 0 0 0 0 0 0 0 0 0 0 0 0 0 0 0 0 0 0 0 0 0 0 0 0 0 0 0 0 0 0 0 0 0 0 0 0 0 0 0 0 0 0 0 0 0 115 115 115 115 115 116 116 116 116 116 116 116 117 117 117 117 117 117 117 118 118 118 118 118 118 119 119 119 119 119 120 120 120 120 120 120 121 121 122 121 121 122 122 122 123 122 122 122 122 123 123 123 123 123 124 124 124 124 124 125 125 125 125 125 126 126 126 126 126 126 127 127 127 127 127 127 128 128 128 128 128 129 129 129 129 129 130 130 130 130 130 130 131 131 131 131 131 132 132 132 132 132 133 133 133 133 133 133 134 134 134 134 134 134 134 135 135 135 135 135 135 135 135 136 136 136 136 136 137 136 137 137 137 137 138 138 138 138 138 138 138 138 138 138 138 139 139 139 139 140 140 140 140 140 140 141 141 140 140 140 140 140 140 140 140 141 141 141 141 141 141 141 141 141 141 142 142 142 142 142 141 141 141 142 142 142 142 142 142 142 142 142 142 142 142 141 142 142 142 142 142 142 142 142 142 142 142 142 142 142 142 142 142 142 142 142 142 143 143 143 143 143 143 143 143 143 143 143 143 143 143 143 143 143 143 143 143 143 143 143 143 143 143 143 143 143 143 143 143 143 144 144 144 144 144 144 144 144 144 144 144 144 144 144 144 144 144 144 144 144 144 144 144 144 144 143 143 143 143 143 143 143 143 143 144 144 144 144 144 144 144 144 144 144 144 144 144 144 144 144 144 144 144 144 144 144 144 144 144 144 144 145 144 145 145 145 145 144 145 145 144 145 144 144 143 144 144 144 145 145 144 144 144 144 144 144 143 142 0 0 0 0 0 0 0 0 0 0 0 0 0 0 0 0 0 0 0 0 0 0 0 0 0 0 0 143 144 144 144 145 144 144 144 144 145 145 145 145 145 145 145 145 145 144 144 144 144 145 145 145 145 145 144 144 144 144 144 144 144 144 145 145 145 145 145 145 145 145 145 145 145 145 145 145 145 145 145 145 145 145 144 144 144 144 0 0 0 0 0 0 0 0 0 0 0 0 0 0 0 0 0 0 0 0 0 0 0 0 0 0 0 0 0 0 0 0 
0 0 0 0 0 0 0 0 0 0 0 0 0 0 0 0 0 0 0 0 0 0 0 0 0 0 0 0 0 0 0 0 0 0 0 0 0 0 0 0 0 0 0 0 114 114 114 115 115 115 115 115 115 116 116 116 116 116 116 117 117 117 117 117 117 118 118 118 118 118 119 119 119 119 119 119 120 120 120 120 120 120 120 121 121 121 122 121 122 122 122 122 122 122 122 122 123 123 123 123 123 124 124 124 124 124 125 125 125 125 125 125 126 126 126 126 126 127 127 127 127 127 127 128 128 128 128 128 128 129 129 129 129 129 130 130 130 130 130 130 131 131 131 131 132 132 132 132 132 133 133 133 133 133 133 134 134 134 134 134 134 134 135 135 135 135 135 135 135 135 136 136 136 136 136 136 136 137 137 137 137 137 137 137 138 138 138 138 138 138 138 138 139 139 139 139 139 140 140 140 140 140 140 140 140 140 140 140 140 140 140 141 141 141 141 141 141 141 141 141 141 141 141 141 141 141 141 141 141 142 142 142 142 142 142 142 142 142 142 142 142 143 142 142 142 142 142 142 142 142 142 142 142 142 142 142 142 142 142 142 142 142 142 142 143 143 143 143 143 143 143 143 143 143 143 143 143 143 143 143 143 143 143 143 143 143 143 143 143 143 143 143 143 143 143 143 144 144 144 144 144 144 144 144 144 144 144 144 144 144 144 144 144 144 144 144 144 144 144 144 144 144 143 143 143 143 143 143 143 143 143 143 143 144 144 144 144 144 144 144 144 144 143 143 143 144 144 144 144 144 144 144 144 144 144 144 144 144 144 144 145 145 145 145 145 145 145 145 145 144 144 144 144 144 145 145 145 144 144 144 144 144 144 143 142 0 0 0 0 0 0 0 0 0 0 0 0 0 0 0 0 0 0 0 0 0 0 0 0 0 0 143 143 144 144 144 145 145 144 144 145 145 145 145 145 145 145 145 145 145 144 144 144 144 144 144 145 145 145 144 144 144 144 144 144 144 144 145 145 145 145 145 145 144 145 145 145 145 145 145 145 145 145 145 145 145 145 145 145 145 145 144 0 0 0 0 0 0 0 0 0 0 0 0 0 0 0 0 0 0 0 0 0 0 0 0 0 0 0 0 0 0 0 
0 0 0 0 0 0 0 0 0 0 0 0 0 0 0 0 0 0 0 0 0 0 0 0 0 0 0 0 0 0 0 0 0 0 0 0 0 0 0 0 0 0 0 0 113 114 114 114 115 115 115 115 115 115 116 116 116 116 116 116 117 117 117 117 117 118 118 118 118 118 119 119 119 119 119 120 120 120 120 120 120 120 120 121 121 121 121 122 122 122 122 122 122 122 122 122 123 123 123 123 123 124 124 124 124 124 124 125 125 125 125 125 126 126 126 126 126 127 127 127 127 127 128 128 128 128 128 128 128 129 129 129 129 129 130 130 130 130 130 130 131 131 131 131 132 132 132 132 132 133 133 133 133 133 133 133 134 134 134 134 134 134 134 135 135 135 135 135 135 135 135 136 136 136 136 136 136 137 137 137 137 137 137 137 137 138 138 138 138 138 138 138 139 139 139 139 139 140 140 140 140 140 140 140 140 140 140 141 140 140 141 141 141 141 141 141 141 141 141 141 141 141 141 141 141 141 141 142 141 141 142 142 142 142 142 142 142 142 142 142 142 143 142 141 142 142 142 142 142 142 142 142 142 142 142 142 142 142 142 142 142 142 142 142 143 143 143 143 143 143 143 143 143 143 143 143 143 143 143 143 143 143 143 143 143 143 143 143 143 143 143 143 143 143 143 143 144 144 144 144 144 144 144 144 144 144 144 144 144 144 144 144 144 144 144 144 144 144 144 144 144 144 144 144 144 143 143 143 143 143 143 143 143 143 144 144 144 144 144 144 144 143 143 143 143 144 144 144 144 144 144 144 144 144 144 144 144 144 144 145 145 145 144 145 144 145 145 145 145 145 145 145 144 144 145 145 145 145 144 144 144 143 143 144 143 143 0 0 0 0 0 0 0 0 0 0 0 0 0 0 0 0 0 0 0 0 0 0 0 0 143 143 144 144 144 144 145 145 145 145 145 145 145 145 145 145 145 145 145 145 145 145 145 144 144 144 144 144 144 144 144 144 144 145 145 145 145 144 144 145 145 145 145 144 144 145 144 144 145 145 145 145 145 145 145 145 145 145 145 145 145 145 144 0 0 0 0 0 0 0 0 0 0 0 0 0 0 0 0 0 0 0 0 0 0 0 0 0 0 0 0 0 0 
0 0 0 0 0 0 0 0 0 0 0 0 0 0 0 0 0 0 0 0 0 0 0 0 0 0 0 0 0 0 0 0 0 0 0 0 0 0 0 0 0 0 0 0 0 114 114 114 114 115 115 115 115 115 115 116 116 116 116 116 116 117 117 117 117 117 117 118 118 118 118 118 119 119 119 119 119 120 120 120 120 120 120 121 121 121 121 122 122 122 122 122 122 122 122 122 122 123 123 123 123 124 124 124 124 124 124 125 125 125 125 125 126 126 126 126 126 126 127 127 127 127 127 128 128 128 128 128 128 129 129 129 129 129 130 130 130 130 130 131 131 131 131 131 132 132 132 132 132 132 133 133 133 133 133 133 133 134 134 134 134 134 134 135 135 135 135 135 135 135 135 135 136 136 136 136 136 137 137 137 137 137 137 137 138 138 138 138 138 138 138 138 139 139 139 139 139 139 140 140 140 140 140 140 140 140 141 140 140 140 140 141 141 141 141 141 141 141 141 141 141 141 141 141 141 141 141 142 141 141 142 142 142 142 142 142 142 142 142 142 142 143 142 142 142 142 142 142 142 142 142 142 142 142 142 142 142 142 142 142 142 142 142 142 143 143 143 143 143 143 143 143 143 143 143 143 143 143 143 143 143 143 143 143 143 143 143 143 143 143 143 143 143 143 143 143 143 144 144 144 144 144 144 144 144 144 144 144 144 144 144 144 144 144 144 144 144 144 144 144 144 144 144 144 144 144 144 143 143 143 143 143 143 143 144 144 144 144 144 144 143 143 143 143 144 144 145 145 145 145 145 145 144 144 144 144 144 144 145 145 145 145 144 145 144 145 145 144 145 145 145 145 145 144 144 145 145 145 145 144 144 144 143 143 144 143 0 0 0 0 0 0 0 0 0 0 0 0 0 0 0 0 0 0 0 0 0 0 0 143 143 144 144 144 144 145 145 145 145 145 145 145 145 145 145 145 145 145 145 145 145 145 145 145 145 145 144 144 144 144 144 144 145 145 145 145 145 145 144 144 144 144 144 144 144 145 145 145 145 145 145 145 145 145 145 145 145 145 145 145 145 145 145 0 0 0 0 0 0 0 0 0 0 0 0 0 0 0 0 0 0 0 0 0 0 0 0 0 0 0 0 0 0 
0 0 0 0 0 0 0 0 0 0 0 0 0 0 0 0 0 0 0 0 0 0 0 0 0 0 0 0 0 0 0 0 0 0 0 0 0 0 0 0 0 0 0 0 0 114 114 114 114 114 115 115 115 115 115 115 116 116 116 116 116 116 116 117 117 117 117 117 118 118 118 118 119 119 119 119 119 119 120 120 120 120 120 121 121 121 121 122 122 122 122 122 122 122 122 122 122 123 123 123 123 123 124 124 124 124 124 125 125 125 125 125 126 126 126 126 126 126 127 127 127 127 127 127 128 128 128 128 128 129 129 129 129 129 129 130 130 130 130 130 131 131 131 131 132 132 132 132 132 132 132 133 133 133 133 133 133 133 134 134 134 134 134 134 135 135 135 135 135 135 135 135 135 136 136 136 136 136 137 137 137 137 137 137 137 137 137 138 138 138 138 138 139 139 139 139 139 139 140 140 140 140 140 140 140 140 140 140 140 140 140 140 140 140 141 141 141 141 141 141 141 141 141 141 141 141 141 142 142 141 141 142 142 142 142 142 142 142 142 142 143 143 142 142 142 142 142 142 142 142 142 142 142 142 142 142 142 142 142 142 142 142 142 142 143 143 143 143 143 143 143 143 143 143 143 143 143 143 143 143 143 143 143 143 143 143 143 143 143 143 143 143 143 143 143 143 143 144 144 144 144 144 144 144 144 144 144 144 144 144 144 144 144 144 144 144 144 144 144 144 144 144 144 144 144 144 144 144 143 143 143 143 143 143 144 144 144 144 144 143 143 143 143 143 143 144 144 145 144 144 144 144 144 144 144 144 144 144 144 145 145 145 145 144 145 144 145 144 145 145 145 145 145 145 145 145 145 145 145 145 144 144 143 143 144 143 143 0 0 0 0 0 0 0 0 0 0 0 0 0 0 0 0 0 0 0 0 0 0 143 144 144 144 145 145 145 145 145 145 145 146 145 145 145 145 145 145 145 145 145 145 145 145 145 145 145 144 144 144 144 144 144 145 145 145 145 145 145 145 145 144 0 0 0 0 0 0 0 0 145 145 145 145 145 145 145 145 145 145 145 145 145 145 145 0 0 0 0 0 0 0 0 0 0 0 0 0 0 0 0 0 0 0 0 0 0 0 0 0 0 0 0 0 
0 0 0 0 0 0 0 0 0 0 0 0 0 0 0 0 0 0 0 0 0 0 0 0 0 0 0 0 0 0 0 0 0 0 0 0 0 0 0 0 0 0 0 113 113 113 114 114 114 114 114 114 115 115 115 115 116 116 116 116 116 116 116 117 117 117 117 117 118 118 118 118 118 119 119 119 119 119 120 120 120 120 120 120 121 121 121 121 122 122 122 122 121 122 122 122 123 123 123 123 123 123 123 124 124 124 124 125 124 125 125 125 126 126 126 126 126 126 127 127 127 127 127 127 128 128 128 128 128 129 129 129 129 129 129 130 130 130 130 130 131 131 131 131 131 132 132 132 132 132 132 133 133 133 133 133 133 133 134 134 134 134 134 134 134 135 135 135 135 135 135 135 135 136 136 136 136 136 137 137 137 137 137 137 137 137 137 137 138 138 138 138 139 139 139 139 139 139 139 139 139 140 140 140 140 140 140 140 140 140 140 140 140 140 140 141 141 141 141 141 141 141 141 141 141 141 141 141 142 141 141 142 142 142 142 142 142 142 142 143 143 143 142 142 142 142 142 142 142 142 142 142 142 142 142 142 142 142 142 142 142 142 142 142 143 143 143 143 143 143 143 143 143 143 143 143 143 143 143 143 143 143 143 143 143 143 143 143 143 143 144 144 144 143 143 143 143 144 144 144 144 144 144 144 144 144 144 144 144 144 144 144 144 144 144 144 144 144 144 144 144 144 144 144 144 144 144 144 144 143 143 143 143 143 143 144 144 144 144 143 143 143 144 143 144 144 144 144 144 144 144 144 144 144 144 144 144 145 144 145 145 145 145 145 144 145 144 145 145 145 145 145 145 145 145 145 145 145 145 145 145 144 144 144 143 143 144 143 0 0 0 0 0 0 0 0 0 0 0 0 0 0 0 0 0 0 0 0 143 144 144 144 145 145 145 145 145 146 146 145 145 145 145 145 145 145 145 145 145 145 145 145 145 145 145 145 145 144 144 144 145 145 145 145 145 145 145 145 145 145 0 0 0 0 0 0 0 0 0 0 145 145 145 145 145 145 145 145 145 145 145 145 145 0 0 0 0 0 0 0 0 0 0 0 0 0 0 0 0 0 0 0 0 0 0 0 0 0 0 0 0 0 0 
0 0 0 0 0 0 0 0 0 0 0 0 0 0 0 0 0 0 0 0 0 0 0 0 0 0 0 0 0 0 0 0 0 0 0 0 0 0 0 0 0 0 0 113 113 113 113 113 114 114 114 114 115 115 115 115 116 116 116 116 116 116 116 117 117 117 117 117 117 118 118 118 118 119 119 119 119 119 119 120 120 120 120 120 120 121 121 121 122 122 122 122 121 122 122 122 122 123 123 123 123 123 123 124 124 124 124 125 125 125 125 125 125 126 126 126 126 126 127 127 127 127 127 127 128 128 128 128 128 128 129 129 129 129 129 129 130 130 130 130 130 131 131 131 131 131 132 132 132 132 132 132 133 133 133 133 133 133 133 134 134 134 134 134 134 135 135 135 135 135 135 135 136 136 136 136 136 136 137 137 137 137 137 137 137 137 137 137 138 138 138 138 139 139 139 139 139 139 139 139 140 140 140 140 140 140 140 140 140 140 140 140 140 140 140 140 141 141 141 141 141 141 141 141 141 141 141 141 141 141 142 142 142 142 142 142 142 142 142 142 142 142 141 141 141 141 142 142 142 142 142 142 142 142 142 142 142 142 142 142 142 142 142 142 142 143 143 143 143 143 143 143 143 143 143 143 143 143 143 143 143 143 143 143 143 143 143 143 143 143 143 143 143 143 143 143 143 144 144 144 144 144 144 144 144 144 144 144 144 144 144 144 144 144 144 144 144 144 144 144 144 144 144 144 144 144 144 144 144 144 144 144 143 143 143 144 143 143 143 143 143 143 143 143 144 144 144 144 144 144 144 144 144 144 144 144 144 144 145 145 145 145 145 145 144 144 144 145 145 145 145 145 145 145 145 145 145 144 145 145 145 145 144 144 144 144 144 144 144 144 0 0 0 0 0 0 0 0 0 0 0 0 0 0 0 0 0 0 144 144 144 145 145 145 145 145 145 146 146 145 145 146 145 145 145 145 145 145 145 145 145 145 145 145 145 145 145 145 144 144 145 145 145 145 145 145 145 145 145 145 0 0 0 0 0 0 0 0 0 0 0 0 145 145 145 145 145 145 145 145 145 0 0 0 0 0 0 0 0 0 0 0 0 0 0 0 0 0 0 0 0 0 0 0 0 0 0 0 0 0 0 0 0 
0 0 0 0 0 0 0 0 0 0 0 0 0 0 0 0 0 0 0 0 0 0 0 0 0 0 0 0 0 0 0 0 0 0 0 0 0 112 112 112 112 112 112 112 112 113 113 113 113 114 114 114 115 115 115 115 115 116 116 116 116 116 116 117 117 117 117 117 117 118 118 118 118 118 119 119 119 119 119 120 120 120 120 120 120 121 121 121 121 122 122 122 121 122 122 122 123 123 123 123 123 123 124 124 124 124 124 125 125 125 125 125 125 125 126 126 126 126 126 127 127 127 127 127 127 128 128 128 128 128 129 129 129 129 129 129 130 130 130 130 130 131 131 131 131 131 131 132 132 132 132 132 132 133 133 133 133 133 133 134 134 134 134 134 134 134 135 135 135 135 135 135 136 136 136 136 136 136 136 136 137 137 137 137 137 137 137 137 137 138 138 138 138 138 139 139 139 139 139 139 139 140 140 140 140 140 140 140 140 140 140 140 140 140 140 140 140 141 141 141 141 141 141 141 141 141 141 141 141 141 142 142 142 142 142 142 142 142 142 142 142 142 141 141 141 141 142 142 142 142 142 142 142 142 142 142 142 142 142 142 142 142 142 142 142 142 143 143 143 143 143 143 143 143 143 143 143 143 143 143 143 143 143 143 143 143 143 143 143 143 143 143 144 143 143 143 143 144 144 144 144 144 144 144 144 144 144 144 144 144 144 144 144 144 144 144 144 144 144 144 144 144 144 144 144 144 144 144 144 144 144 144 144 143 143 143 144 144 143 143 143 143 143 144 144 144 144 144 144 144 144 145 145 144 144 145 144 145 145 145 145 145 145 144 144 145 145 145 145 145 145 145 145 145 145 145 145 145 144 144 144 145 145 144 144 144 144 144 144 144 144 0 0 0 0 0 0 0 0 0 0 0 0 0 0 0 0 143 144 144 144 145 145 145 145 145 145 146 146 145 145 145 145 145 145 145 145 145 145 145 145 145 145 145 145 145 145 145 144 145 145 145 145 145 145 145 145 145 145 0 0 0 0 0 0 0 0 0 0 0 0 0 0 0 145 145 145 145 0 0 0 0 0 0 0 0 0 0 0 0 0 0 0 0 0 0 0 0 0 0 0 0 0 0 0 0 0 0 0 0 0 0 0 
0 0 0 0 0 0 0 0 0 0 0 0 0 0 0 0 0 0 0 0 0 0 0 0 0 0 0 0 0 0 0 0 0 0 0 0 0 111 112 112 112 112 112 112 112 112 113 113 114 114 114 114 114 115 115 115 115 116 116 116 116 116 116 116 117 117 117 117 117 117 118 118 118 118 119 119 119 119 119 120 120 120 120 120 120 120 121 121 121 122 122 122 121 121 122 122 122 122 123 123 123 123 123 124 124 124 124 124 125 125 125 125 125 125 126 126 126 126 126 126 127 127 127 127 127 127 128 128 128 128 128 129 129 129 129 129 130 130 130 130 130 130 131 131 131 131 131 132 132 132 132 132 132 133 133 133 133 133 133 133 134 134 134 134 134 134 135 135 135 135 135 135 135 136 136 136 136 136 136 136 136 137 137 137 137 137 137 137 137 138 138 138 138 139 139 139 139 139 139 139 139 139 139 140 140 140 140 140 140 140 140 140 140 140 140 140 140 140 140 140 141 141 141 141 141 141 142 141 141 142 142 142 142 142 142 142 142 142 142 142 142 142 141 142 142 142 142 142 142 142 142 142 142 142 142 142 142 142 142 142 142 142 142 142 142 142 142 143 143 143 143 143 143 143 143 143 143 143 143 143 143 143 143 143 143 143 143 143 143 143 143 143 143 143 143 143 143 143 144 144 144 144 144 144 144 144 144 144 144 144 144 144 144 144 144 144 144 144 144 144 144 144 144 144 145 145 144 144 144 144 144 144 144 144 144 144 144 143 143 144 144 144 144 144 144 144 144 144 144 144 145 145 145 145 145 145 144 145 145 145 144 144 144 145 145 145 145 145 145 145 145 146 145 145 146 145 145 145 144 144 144 144 144 144 145 145 144 144 144 144 144 0 0 0 0 0 0 0 0 0 0 0 0 0 0 0 143 144 144 145 144 145 145 146 146 146 146 146 146 145 145 145 145 145 145 144 144 145 145 145 145 145 145 145 145 145 145 145 145 145 145 145 145 145 145 145 145 145 145 0 0 0 0 0 0 0 0 0 0 0 0 0 0 0 0 0 0 0 0 0 0 0 0 0 0 0 0 0 0 0 0 0 0 0 0 0 0 0 0 0 0 0 0 0 0 0 0 0 0 0 0 0 0 
0 0 0 0 0 0 0 0 0 0 0 0 0 0 0 0 0 0 0 0 0 0 0 0 0 0 0 0 0 0 0 0 0 0 0 0 0 111 111 111 112 112 112 112 112 112 113 113 113 114 114 114 114 114 115 115 115 115 116 116 116 116 116 116 116 117 117 117 117 117 117 118 118 118 118 119 119 119 119 119 119 120 120 120 120 120 121 121 121 121 122 122 121 121 122 122 122 122 123 123 123 123 123 123 124 124 124 124 124 125 125 125 125 125 125 126 126 126 126 126 126 127 127 127 127 127 127 128 128 128 128 129 129 129 129 129 129 130 130 130 130 130 131 131 131 131 131 132 132 132 132 132 132 133 133 133 133 133 133 133 133 134 134 134 134 134 134 135 135 135 135 135 135 136 136 136 136 136 136 136 136 136 137 137 137 137 137 137 137 138 138 138 138 138 139 139 139 139 139 139 139 139 139 139 140 140 140 140 140 140 140 140 140 140 140 140 140 140 140 140 140 141 141 141 141 141 141 142 142 142 142 142 142 142 142 142 142 142 142 142 142 142 141 141 141 141 141 142 142 142 142 142 142 142 142 142 142 142 142 142 142 142 142 142 142 142 142 143 143 143 143 143 143 143 143 143 143 143 143 143 143 143 143 143 143 143 143 143 143 143 143 144 144 144 143 143 143 143 144 144 144 144 144 144 144 144 144 144 144 144 144 144 144 143 144 144 144 144 144 144 144 144 144 144 144 144 144 145 145 145 145 144 144 144 144 144 143 143 144 144 144 145 145 144 144 144 144 145 145 144 145 145 145 145 145 145 145 145 145 145 144 145 145 145 145 146 146 145 145 145 145 146 146 145 145 145 145 145 145 145 145 145 145 145 146 145 144 145 144 144 144 0 0 0 0 0 0 0 0 0 0 0 0 0 0 0 143 144 144 145 145 145 146 146 146 146 146 146 146 146 146 146 145 145 145 145 145 145 145 145 145 145 145 145 145 145 145 145 145 145 145 145 145 145 145 145 145 145 145 0 0 0 0 0 0 0 0 0 0 0 0 0 0 0 0 0 0 0 0 0 0 0 0 0 0 0 0 0 0 0 0 0 0 0 0 0 0 0 0 0 0 0 0 0 0 0 0 0 0 0 0 0 0 
0 0 0 0 0 0 0 0 0 0 0 0 0 0 0 0 0 0 0 0 0 0 0 0 0 0 0 0 0 0 0 0 0 0 0 0 0 111 111 111 112 112 112 112 112 112 112 113 113 114 114 114 114 114 114 115 115 115 115 116 116 116 116 116 116 117 117 117 117 117 117 117 118 118 118 118 119 119 119 119 119 120 120 120 120 120 121 121 121 121 121 121 121 121 121 122 122 122 122 123 123 123 123 123 123 124 124 124 124 124 125 125 125 125 125 125 126 126 126 126 126 126 127 127 127 127 127 127 128 128 128 128 129 129 129 129 129 130 130 130 130 130 131 131 131 131 131 131 132 132 132 132 132 132 133 133 133 133 133 133 133 134 134 134 134 134 134 134 135 135 135 135 135 135 136 136 136 136 136 136 136 136 136 137 137 137 137 137 137 137 138 138 138 139 139 139 139 139 139 139 139 139 139 139 139 139 140 140 140 140 140 140 140 140 140 140 140 140 140 140 140 141 141 141 141 141 141 142 141 142 142 142 142 142 142 142 142 142 142 142 142 143 141 141 141 141 141 142 142 142 142 142 142 142 142 142 142 142 142 142 142 142 142 142 142 142 142 143 143 143 143 143 143 143 143 143 143 143 143 143 143 143 143 143 143 143 143 143 143 143 143 143 144 144 144 144 143 143 144 144 144 144 144 144 144 144 144 144 144 144 144 144 144 144 144 144 144 144 144 144 144 144 144 144 144 144 145 145 145 145 145 145 144 144 144 144 143 143 144 145 144 144 144 144 144 144 144 145 145 144 145 145 145 144 145 145 145 145 145 145 145 145 145 145 145 146 146 146 146 145 145 146 146 146 146 145 145 145 145 145 145 145 145 145 145 145 145 145 145 144 144 144 144 0 0 0 0 0 0 0 0 0 0 0 0 143 144 144 144 145 145 146 146 146 146 146 146 146 146 146 146 146 146 145 145 145 145 145 145 145 145 145 145 145 145 145 145 145 145 145 145 145 145 145 145 146 145 145 145 0 0 0 0 0 0 0 0 0 0 0 0 0 0 0 0 0 0 0 0 0 0 0 0 0 0 0 0 0 0 0 0 0 0 0 0 0 0 0 0 0 0 0 0 0 0 0 0 0 0 0 0 0 0 
0 0 0 0 0 0 0 0 0 0 0 0 0 0 0 0 0 0 0 0 0 0 0 0 0 0 0 0 0 0 0 0 0 0 0 0 0 0 111 111 112 113 113 113 113 113 112 113 113 113 114 114 114 114 114 115 115 115 115 115 116 116 116 116 116 116 117 117 117 117 117 117 118 118 118 118 118 119 119 119 119 119 120 120 120 121 121 121 121 121 121 121 121 121 121 121 122 122 122 122 123 123 123 123 123 123 124 124 124 124 124 125 125 125 125 125 125 126 126 126 126 126 126 127 127 127 127 127 127 128 128 128 128 129 129 129 129 129 130 130 130 130 131 131 131 131 131 131 132 132 132 132 132 132 132 132 133 133 133 133 133 134 134 134 134 134 134 134 135 135 135 135 135 135 136 136 136 136 136 136 136 136 137 137 137 137 137 137 137 137 138 138 138 139 139 139 139 139 139 139 139 139 139 139 139 140 140 140 140 140 140 140 139 140 140 140 140 140 140 140 140 141 141 140 141 141 141 141 141 141 141 141 142 142 142 142 142 142 142 142 142 143 141 141 141 141 142 142 142 142 142 142 142 142 142 142 142 142 142 142 142 142 142 142 142 142 142 142 143 143 143 143 143 143 143 143 143 143 143 143 143 143 143 143 143 143 143 143 143 143 143 144 143 144 144 144 143 143 143 144 144 144 144 144 144 144 144 144 144 144 144 144 144 144 144 144 144 144 144 144 144 144 144 144 144 144 144 144 144 145 145 145 145 144 144 144 144 144 144 144 144 144 144 144 144 144 145 145 145 145 145 145 145 144 145 145 144 144 144 144 144 145 145 145 145 146 145 146 146 145 145 145 146 146 145 145 145 145 145 145 145 145 145 145 145 145 146 145 145 145 144 144 144 144 144 0 0 0 0 0 0 0 0 0 144 144 144 145 145 145 145 146 146 146 146 146 146 146 146 146 146 146 146 146 146 146 146 146 145 145 145 145 145 145 145 145 145 145 145 145 145 145 145 145 146 145 145 145 0 0 0 0 0 0 0 0 0 0 0 0 0 0 0 0 0 0 0 0 0 0 0 0 0 0 0 0 0 0 0 0 0 0 0 0 0 0 0 0 0 0 0 0 0 0 0 0 0 0 0 0 0 0 0 
0 0 0 0 0 0 0 0 0 0 0 0 0 0 0 0 0 0 0 0 0 0 0 0 0 0 0 0 0 0 0 0 0 0 0 0 0 0 110 111 111 112 112 112 113 113 113 113 113 113 113 114 114 114 114 115 115 115 115 115 116 116 116 116 116 116 116 117 117 117 117 117 117 118 118 118 118 118 119 119 119 119 120 120 120 120 121 121 121 121 121 121 121 121 121 121 122 122 122 122 122 123 123 123 123 123 123 124 124 124 124 124 125 125 125 125 125 125 126 126 126 126 126 126 127 127 127 128 128 128 128 128 128 128 129 129 129 129 129 130 130 130 130 131 131 131 131 131 131 132 132 132 132 132 132 132 133 133 133 133 133 134 134 134 134 134 134 134 134 135 135 135 135 135 135 136 136 136 136 136 136 136 136 136 137 137 137 137 137 137 137 138 138 138 138 139 139 139 139 139 139 139 139 139 140 140 140 140 140 140 140 140 140 139 140 140 140 140 140 140 140 140 140 141 141 141 141 141 141 141 141 141 141 142 142 142 142 142 142 142 142 142 141 141 141 142 141 141 142 142 142 142 142 142 142 142 142 142 142 142 142 142 142 142 142 142 142 142 142 143 143 143 143 143 143 143 143 143 143 143 143 143 143 143 143 143 143 143 143 143 143 143 144 143 144 144 144 143 144 144 144 144 144 144 144 144 144 144 144 144 144 144 144 144 144 144 144 144 144 144 144 144 144 144 144 145 145 145 145 145 145 145 145 144 144 144 144 144 144 144 144 144 144 144 144 144 145 145 145 145 145 145 144 144 144 144 144 144 144 145 145 144 145 145 145 145 145 145 145 145 145 146 146 146 146 145 145 146 146 146 146 145 145 145 145 145 145 145 145 145 145 145 144 144 144 144 0 0 0 0 0 0 0 144 144 144 145 145 145 146 146 146 146 146 146 146 146 146 146 146 146 146 146 146 146 146 146 146 146 145 145 145 145 145 145 145 145 145 0 0 145 145 145 145 145 145 145 0 0 0 0 0 0 0 0 0 0 0 0 0 0 0 0 0 0 0 0 0 0 0 0 0 0 0 0 0 0 0 0 0 0 0 0 0 0 0 0 0 0 0 0 0 0 0 0 0 0 0 0 0 0 0 0 
0 0 0 0 0 0 0 0 0 0 0 0 0 0 0 0 0 0 0 0 0 0 0 0 0 0 0 0 0 0 0 0 0 0 0 0 0 0 0 111 111 111 111 112 112 113 113 113 113 113 113 114 114 114 114 114 114 115 115 115 116 116 116 116 116 116 116 117 117 117 117 117 117 118 118 118 118 118 119 119 119 119 119 120 120 120 120 121 121 121 122 122 121 121 121 121 121 122 122 122 122 123 123 123 123 123 123 123 123 124 124 124 124 124 125 125 125 125 125 126 126 126 126 126 127 127 127 128 128 128 128 128 128 129 129 129 129 129 129 130 130 130 130 131 131 131 131 131 131 132 132 132 132 132 132 132 133 133 133 133 133 133 134 134 134 134 134 134 134 134 134 135 135 135 135 135 135 136 136 136 136 136 136 136 136 137 137 137 137 137 137 137 138 138 138 139 139 139 139 139 139 139 139 140 139 139 139 139 140 140 140 140 140 140 140 140 140 140 140 140 140 140 140 141 141 141 141 141 141 141 141 141 141 142 142 142 142 142 142 142 142 142 141 141 142 142 142 142 142 142 142 142 142 142 142 142 142 142 142 142 142 142 142 142 142 142 142 142 142 143 143 143 143 143 143 143 143 143 143 143 143 143 143 143 143 143 143 143 143 143 143 143 144 144 144 143 143 143 144 144 144 144 144 144 144 144 144 144 144 144 144 144 144 144 144 144 144 144 144 144 144 144 144 144 145 145 145 145 145 145 145 145 145 144 144 144 144 144 145 145 144 144 144 144 144 145 145 145 145 145 145 145 144 144 145 145 145 145 145 145 145 145 145 145 145 145 146 146 145 145 146 146 146 146 146 146 146 146 146 146 146 146 146 146 145 145 145 145 145 145 145 145 144 144 144 144 144 144 144 144 144 144 144 144 144 145 145 145 145 146 146 146 146 146 146 146 146 146 146 146 146 146 146 146 146 146 146 146 146 145 145 145 145 145 145 145 145 0 0 0 0 0 0 0 0 0 0 0 0 0 0 0 0 0 0 0 0 0 0 0 0 0 0 0 0 0 0 0 0 0 0 0 0 0 0 0 0 0 0 0 0 0 0 0 0 0 0 0 0 0 0 0 0 0 0 0 0 0 0 0 0 0 0 
0 0 0 0 0 0 0 0 0 0 0 0 0 0 0 0 0 0 0 0 0 0 0 0 0 0 0 0 0 0 0 0 0 0 0 0 0 0 0 110 111 111 111 111 112 112 113 113 113 113 113 114 114 114 114 114 114 114 115 115 115 116 116 116 116 116 116 116 117 117 117 118 118 118 118 118 118 118 118 119 119 119 119 120 120 120 120 120 121 121 121 122 121 121 121 121 121 121 122 122 122 123 123 123 123 123 123 123 123 124 124 124 124 124 124 125 125 125 125 125 126 126 126 127 127 127 127 128 128 128 128 128 128 129 129 129 129 129 129 130 130 130 130 131 131 131 131 131 131 131 131 132 132 132 132 132 133 133 133 133 133 133 133 134 134 134 134 134 134 134 134 134 135 135 135 135 135 136 136 136 136 136 136 136 136 137 137 137 137 137 137 138 138 138 138 138 138 139 139 139 139 139 139 139 139 139 139 139 140 140 140 140 140 140 140 140 140 140 140 140 140 140 140 141 141 141 141 141 141 141 141 141 141 142 142 142 142 142 142 142 142 142 141 141 141 141 141 141 142 142 142 142 142 142 142 142 142 142 142 142 142 142 142 142 142 142 142 142 142 143 143 143 143 143 143 143 143 143 143 143 143 143 143 143 143 143 143 143 143 143 143 143 143 144 144 144 144 143 143 144 144 144 144 144 144 144 144 144 144 144 144 144 144 145 145 144 144 144 144 144 144 144 144 144 145 145 145 145 145 145 145 145 145 144 144 144 144 145 144 145 144 144 144 144 144 144 144 145 145 145 145 144 144 145 145 145 145 145 145 145 145 145 144 145 145 145 146 146 146 146 146 146 146 146 146 146 146 146 146 146 147 146 146 146 146 145 145 145 145 145 145 145 144 144 144 144 144 144 144 144 144 145 144 144 145 144 145 145 145 146 146 146 146 146 146 146 146 146 146 146 146 146 146 146 146 146 146 146 146 146 145 145 145 145 145 145 145 0 0 0 0 0 0 0 0 0 0 0 0 0 0 0 0 0 0 0 0 0 0 0 0 0 0 0 0 0 0 0 0 0 0 0 0 0 0 0 0 0 0 0 0 0 0 0 0 0 0 0 0 0 0 0 0 0 0 0 0 0 0 0 0 0 0 
0 0 0 0 0 0 0 0 0 0 0 0 0 0 0 0 0 0 0 0 0 0 0 0 0 0 0 0 0 0 0 0 0 0 0 0 0 0 0 110 111 111 111 111 111 112 112 112 113 113 113 113 114 114 115 114 114 114 115 115 115 116 116 116 116 116 117 117 117 117 117 118 118 118 118 118 118 118 118 118 119 119 119 119 120 120 120 120 121 121 121 121 121 121 121 121 121 121 121 122 122 122 123 123 123 123 124 124 123 124 124 124 124 124 125 125 125 125 125 125 126 126 126 127 127 127 127 127 128 128 128 128 128 128 129 129 129 129 129 130 130 130 130 130 131 131 131 131 131 131 131 131 132 132 132 132 133 133 133 133 133 133 133 133 134 134 134 134 134 134 134 134 135 135 135 135 135 136 136 136 136 136 136 136 136 136 136 137 137 137 137 137 138 138 138 138 138 139 139 139 139 139 139 139 139 139 139 139 139 140 139 139 140 140 140 140 140 140 140 140 140 140 140 140 141 141 141 141 141 141 141 142 141 141 142 142 142 142 142 142 142 142 141 141 141 141 141 141 142 142 142 142 142 142 142 142 142 142 142 142 142 142 142 142 142 142 142 142 142 143 143 143 143 143 143 143 143 143 143 143 143 143 143 143 143 143 143 143 143 143 144 144 144 144 144 144 144 144 144 144 144 144 144 144 144 144 144 144 144 144 144 144 144 145 145 144 144 144 144 144 144 144 144 144 145 145 145 145 145 145 145 145 145 144 145 145 145 144 144 144 144 144 144 144 144 144 144 144 145 145 144 145 144 145 145 145 145 145 145 146 146 146 145 144 144 145 146 146 146 146 146 146 146 146 146 146 146 146 146 146 147 147 147 147 147 146 145 145 145 145 145 145 145 145 144 145 144 144 144 145 145 145 144 144 145 145 145 145 146 146 146 146 146 146 146 146 146 146 146 146 146 146 146 146 146 146 146 146 146 146 146 145 145 145 145 145 145 145 0 0 0 0 0 0 0 0 0 0 0 0 0 0 0 0 0 0 0 0 0 0 0 0 0 0 0 0 0 0 0 0 0 0 0 0 0 0 0 0 0 0 0 0 0 0 0 0 0 0 0 0 0 0 0 0 0 0 0 0 0 0 0 0 0 
0 0 0 0 0 0 0 0 0 0 0 0 0 0 0 0 0 0 0 0 0 0 0 0 0 0 0 0 0 0 0 0 0 0 0 0 0 0 0 110 111 111 111 111 111 111 112 112 112 113 113 113 113 114 114 115 115 115 115 115 115 116 116 116 116 117 117 116 117 117 117 118 118 118 118 118 118 118 118 119 119 119 119 119 120 120 120 120 120 120 121 121 121 121 121 121 121 121 121 122 122 122 123 123 123 123 124 124 124 124 124 124 124 125 125 125 125 125 125 126 126 126 127 127 127 127 127 127 128 128 128 128 128 128 129 129 129 129 129 130 130 130 130 130 130 131 131 131 131 131 131 132 132 132 132 132 133 133 133 133 133 133 133 134 134 134 134 134 134 134 134 134 135 135 135 135 135 135 136 136 136 136 136 136 136 136 136 137 137 137 137 137 138 138 138 138 138 138 139 139 139 139 139 139 139 139 139 139 140 140 139 139 140 140 140 140 140 140 140 140 140 140 140 140 140 141 141 141 141 141 141 141 142 142 142 142 142 142 142 142 142 142 141 141 141 141 141 141 142 142 142 142 142 142 142 142 142 142 142 142 142 142 142 142 142 142 142 142 142 142 143 143 143 143 143 143 143 143 143 143 143 143 143 143 143 143 143 143 143 143 143 144 144 144 144 144 144 144 144 144 144 144 144 144 144 144 144 144 144 144 144 145 144 144 145 145 145 144 144 144 144 144 145 145 145 145 145 145 145 145 145 145 145 145 145 145 145 145 144 145 144 144 144 145 145 144 144 144 144 144 144 145 145 145 144 145 145 145 146 145 146 146 145 144 144 145 145 146 146 146 146 146 146 146 146 146 146 146 146 146 146 146 146 146 147 146 145 145 145 145 145 145 145 145 145 145 145 144 145 145 145 145 144 145 145 145 145 145 146 146 146 146 146 146 146 146 146 146 146 146 146 146 147 146 146 146 146 146 146 146 146 145 145 145 145 145 145 145 0 0 0 0 0 0 0 0 0 0 0 0 0 0 0 0 0 0 0 0 0 0 0 0 0 0 0 0 0 0 0 0 0 0 0 0 0 0 0 0 0 0 0 0 0 0 0 0 0 0 0 0 0 0 0 0 0 0 0 0 0 0 0 0 0 
0 0 0 0 0 0 0 0 0 0 0 0 0 0 0 0 0 0 0 0 0 0 0 0 0 0 0 0 0 0 0 0 0 0 0 0 0 0 0 0 111 111 111 111 111 111 112 112 112 113 113 113 114 114 114 115 115 115 115 115 115 115 116 116 116 116 116 116 117 117 117 117 117 117 118 118 118 118 118 118 119 119 119 119 119 120 120 120 120 120 121 121 121 121 121 121 121 121 121 122 122 122 122 123 123 123 123 124 124 124 124 125 125 125 125 125 125 125 126 126 126 126 127 127 127 127 127 127 127 128 128 128 128 128 128 129 129 129 129 129 130 130 130 130 130 130 130 131 131 131 132 132 132 132 132 132 132 132 133 133 133 133 133 134 134 134 134 134 134 134 134 135 135 135 135 135 135 135 135 135 135 135 135 136 136 136 136 136 137 137 137 137 138 138 138 138 138 138 138 139 139 139 139 139 139 139 139 139 139 139 139 139 139 139 140 140 140 140 140 140 140 140 140 140 140 141 141 141 141 141 141 141 141 142 142 142 142 142 142 142 142 142 141 141 141 141 141 141 142 142 142 142 142 142 142 142 142 142 142 142 142 142 142 142 142 142 142 142 142 142 143 143 143 143 143 143 143 143 143 143 143 143 143 143 143 143 143 143 143 143 143 144 144 144 144 144 144 144 144 144 144 144 144 144 144 144 144 144 144 144 145 145 145 145 145 145 144 144 144 144 144 144 145 145 145 145 144 144 144 145 145 145 145 145 145 145 145 145 145 145 145 145 145 145 145 145 145 145 144 144 145 145 145 145 145 145 145 145 145 145 146 146 145 145 144 145 146 146 146 146 146 146 146 147 146 146 146 146 146 146 146 146 146 146 147 146 146 146 146 145 145 146 145 145 145 145 145 145 145 145 145 145 145 145 145 145 145 146 146 146 146 146 146 146 146 146 146 146 146 146 146 146 146 146 146 146 146 146 146 146 146 146 146 146 146 145 145 146 146 0 0 0 0 0 0 0 0 0 0 0 0 0 0 0 0 0 0 0 0 0 0 0 0 0 0 0 0 0 0 0 0 0 0 0 0 0 0 0 0 0 0 0 0 0 0 0 0 0 0 0 0 0 0 0 0 0 0 0 0 0 0 0 0 
0 0 0 0 0 0 0 0 0 0 0 0 0 0 0 0 0 0 0 0 0 0 0 0 0 0 0 0 0 0 0 0 0 0 0 0 0 0 0 0 111 111 111 111 111 111 112 112 112 112 113 113 113 114 114 115 115 115 115 115 115 115 116 116 116 116 116 116 117 117 117 117 117 117 117 117 118 118 118 118 119 119 119 119 120 120 120 120 120 121 121 121 121 121 121 121 121 121 121 122 122 122 122 123 123 123 124 124 124 124 124 124 125 125 125 125 125 126 126 126 126 126 126 127 127 127 127 127 127 127 128 128 128 128 128 128 129 129 129 129 129 130 130 130 130 130 131 131 131 131 131 132 132 132 132 132 132 132 132 133 133 133 133 133 134 134 134 134 134 134 134 135 135 135 135 135 135 135 135 135 135 135 135 136 136 136 136 137 137 137 137 137 138 138 138 138 138 138 138 138 139 139 139 139 139 139 139 139 139 139 139 139 139 139 140 140 140 140 140 140 140 140 140 140 140 141 141 141 141 141 141 141 141 141 142 142 142 142 142 142 142 142 141 141 141 141 141 141 141 142 142 142 142 142 142 142 142 142 142 142 142 142 142 142 142 142 142 142 142 142 142 143 143 143 143 143 143 143 143 143 143 143 143 143 143 143 143 143 143 143 143 144 144 144 143 144 144 144 144 144 144 144 144 144 144 144 144 144 144 144 144 144 144 145 145 145 144 144 144 144 144 145 145 145 144 144 144 144 145 145 145 145 145 145 146 145 145 145 145 145 145 145 145 145 145 145 145 145 145 145 145 145 146 145 145 145 145 145 145 145 145 146 146 145 144 145 145 145 146 146 146 146 146 146 146 146 146 147 147 146 146 146 146 146 147 147 147 146 146 145 146 146 146 145 145 145 145 145 145 145 145 145 145 145 145 145 146 146 146 147 146 147 146 146 146 146 146 146 146 146 146 146 146 146 146 146 146 146 146 146 146 146 146 146 146 146 146 146 146 146 0 0 0 0 0 0 0 0 0 0 0 0 0 0 0 0 0 0 0 0 0 0 0 0 0 0 0 0 0 0 0 0 0 0 0 0 0 0 0 0 0 0 0 0 0 0 0 0 0 0 0 0 0 0 0 0 0 0 0 0 0 0 0 
0 0 0 0 0 0 0 0 0 0 0 0 0 0 0 0 0 0 0 0 0 0 0 0 0 0 0 0 0 0 0 0 0 0 0 0 0 0 0 0 110 111 111 111 111 112 112 112 112 112 113 113 113 113 114 114 114 115 115 115 115 115 116 116 116 116 116 116 116 117 117 117 117 117 117 117 118 118 118 118 119 119 119 119 119 120 119 120 120 120 121 121 121 121 121 121 121 121 121 121 122 122 122 123 123 123 124 124 124 124 124 124 124 125 125 125 125 125 125 126 126 126 126 126 127 127 127 127 127 127 127 128 128 128 128 128 129 129 129 129 129 129 130 130 130 130 131 131 131 131 131 131 132 132 132 132 132 132 132 133 133 133 133 133 133 134 134 134 134 134 134 135 135 135 135 135 135 135 135 135 135 135 135 136 136 136 136 136 136 136 137 137 137 138 138 138 138 138 138 138 138 138 138 139 139 139 139 139 139 139 139 139 139 140 140 140 140 140 140 140 140 140 140 140 141 140 141 141 141 141 141 141 141 141 141 142 142 142 142 142 142 142 141 141 141 141 141 141 141 142 142 142 142 142 142 142 142 142 142 142 142 142 142 142 142 142 142 142 142 142 142 143 143 143 143 143 143 143 143 143 143 143 143 143 143 143 143 143 143 143 144 144 144 144 144 144 144 144 144 144 144 144 144 144 144 144 144 144 144 144 144 144 144 144 145 145 145 144 144 144 145 145 144 144 145 145 145 145 145 145 145 145 145 145 145 145 145 145 145 145 145 145 145 145 145 145 145 145 145 145 145 145 146 146 145 145 145 146 146 145 145 146 146 145 145 145 145 145 145 146 146 146 146 146 145 146 146 147 147 146 146 146 146 146 147 147 147 147 146 146 146 146 146 146 146 146 146 145 145 145 145 145 145 145 146 146 146 146 146 146 147 146 146 146 146 146 146 146 146 146 146 146 146 146 146 146 146 146 146 146 146 146 146 146 146 146 146 146 146 146 146 0 0 0 0 0 0 0 0 0 0 0 0 0 0 0 0 0 0 0 0 0 0 0 0 0 0 0 0 0 0 0 0 0 0 0 0 0 0 0 0 0 0 0 0 0 0 0 0 0 0 0 0 0 0 0 0 0 0 0 0 0 0 
0 0 0 0 0 0 0 0 0 0 0 0 0 0 0 0 0 0 0 0 0 0 0 0 0 0 0 0 0 0 0 0 0 0 0 0 0 0 0 110 110 111 111 111 111 111 112 112 112 112 113 113 113 113 114 114 114 114 114 114 115 115 116 116 116 116 116 116 117 117 117 117 117 117 117 117 117 118 118 118 119 119 119 119 119 119 119 120 120 120 120 121 120 121 121 121 121 121 121 121 122 122 122 122 123 123 123 123 124 124 124 124 124 125 125 125 125 125 125 126 126 126 126 126 126 126 127 127 127 127 127 128 128 128 128 128 129 129 129 129 129 129 130 130 130 130 131 131 131 131 131 131 132 132 132 132 132 132 132 133 133 133 133 133 133 134 134 134 134 134 134 134 135 135 135 135 135 135 135 135 135 135 135 136 136 136 136 136 136 136 137 137 137 137 137 137 138 138 138 138 138 138 138 138 139 139 139 139 139 139 139 139 139 140 140 140 140 140 140 140 140 140 140 140 141 141 141 141 141 141 141 141 141 141 141 141 142 142 142 142 142 142 141 141 141 141 141 141 141 141 142 142 142 142 142 142 142 142 142 142 142 142 142 142 142 142 142 142 142 142 142 143 143 143 143 143 143 143 143 143 143 143 143 143 143 143 143 143 143 143 144 143 144 143 144 144 144 144 144 144 144 144 144 144 144 144 144 144 144 144 144 144 144 144 144 144 145 145 144 144 144 144 145 145 145 145 145 145 145 145 145 145 145 146 146 145 145 145 145 145 145 145 145 145 145 145 145 145 145 145 145 145 145 146 146 145 145 145 146 146 145 146 146 145 145 145 145 145 146 146 146 146 146 145 146 146 146 146 146 146 146 146 146 147 147 147 147 147 147 147 147 146 146 146 146 146 146 146 146 146 145 145 145 145 145 145 146 146 146 146 147 147 147 147 147 146 146 146 146 146 146 146 146 146 146 146 146 146 146 146 146 146 146 146 146 146 146 146 146 146 146 146 0 0 0 0 0 0 0 0 0 0 0 0 0 0 0 0 0 0 0 0 0 0 0 0 0 0 0 0 0 0 0 0 0 0 0 0 0 0 0 0 0 0 0 0 0 0 0 0 0 0 0 0 0 0 0 0 0 0 0 0 0 
0 0 0 0 0 0 0 0 0 0 0 0 0 0 0 0 0 0 0 0 0 0 0 0 0 0 0 0 0 0 0 0 0 0 0 0 0 109 109 110 110 110 110 110 111 111 111 111 112 112 112 112 113 114 114 114 114 115 115 115 115 115 116 116 116 116 116 116 116 117 116 117 117 117 117 117 117 118 118 118 118 119 119 119 119 119 119 120 120 120 120 120 120 120 120 121 121 121 122 122 122 122 122 123 123 123 123 123 124 124 124 124 124 125 125 125 125 125 125 126 126 126 126 126 126 126 126 127 127 127 127 128 128 128 128 128 128 128 129 129 129 129 130 130 130 130 130 131 131 131 131 131 131 132 132 132 132 132 132 133 133 133 133 133 133 133 134 134 134 134 134 134 134 135 135 135 135 135 135 135 135 135 135 135 136 136 136 136 136 136 136 137 137 137 137 137 137 138 138 138 138 138 138 138 139 139 139 139 139 139 139 139 139 139 140 140 140 140 140 140 140 140 140 140 141 141 141 141 141 141 141 141 141 141 141 141 141 142 142 142 142 142 141 141 141 141 141 141 141 141 142 142 142 142 142 142 142 142 142 142 142 142 143 142 142 142 142 142 142 142 142 143 143 143 143 143 143 143 143 143 143 143 143 143 143 143 143 143 143 143 143 143 143 143 143 144 144 144 144 144 144 144 144 144 144 144 144 144 144 144 144 144 144 144 144 145 145 145 144 144 145 145 145 145 145 145 145 145 145 145 145 145 145 146 146 146 145 145 145 145 145 145 145 145 145 145 145 145 145 145 145 145 145 146 146 146 145 146 145 146 146 146 146 146 146 145 145 145 145 146 146 146 146 146 146 147 146 146 146 146 146 146 146 147 147 147 147 147 147 147 147 147 146 146 146 145 145 146 146 146 145 145 145 145 146 146 146 146 147 147 147 147 147 147 147 147 147 147 147 147 147 146 146 147 147 146 146 146 146 146 146 146 146 146 146 146 146 146 146 146 146 146 0 0 0 0 0 0 0 0 0 0 0 0 0 0 0 0 0 0 0 0 0 0 0 0 0 0 0 0 0 0 0 0 0 0 0 0 0 0 0 0 0 0 0 0 0 0 0 0 0 0 0 0 0 0 0 0 0 0 0 0 0 
0 0 0 0 0 0 0 0 0 0 0 0 0 0 0 0 0 0 0 0 0 0 0 0 0 0 0 0 0 0 0 0 0 0 0 109 109 109 109 109 110 110 110 110 110 111 111 111 112 112 112 112 113 114 114 114 114 115 115 115 115 115 115 116 116 116 116 116 116 116 116 116 117 117 117 117 117 118 118 118 118 119 119 119 119 119 119 120 120 120 120 120 120 120 120 121 121 121 122 122 122 122 122 123 123 123 123 123 124 124 124 124 124 124 125 125 125 125 125 125 126 126 126 126 126 126 126 127 127 127 127 128 128 128 128 128 128 128 129 129 129 129 130 130 130 130 130 130 131 131 131 131 131 132 132 132 132 132 132 133 133 133 133 133 133 133 133 134 134 134 134 134 134 134 135 135 135 135 135 135 135 135 135 135 135 135 136 136 136 136 136 137 137 137 137 137 138 137 138 138 138 138 138 138 139 138 139 139 139 139 139 139 139 139 140 140 140 140 140 140 140 140 140 140 140 141 141 141 141 141 141 141 141 141 141 141 141 142 142 142 142 142 141 141 141 141 141 141 141 141 141 142 142 142 142 142 142 142 142 142 142 142 142 142 142 142 142 142 142 142 142 143 143 143 143 143 143 143 143 143 143 143 143 143 143 143 143 143 143 143 143 143 143 144 144 144 143 144 144 144 144 144 144 144 144 144 144 144 144 144 144 144 144 144 144 144 145 145 144 144 145 145 145 145 145 145 145 145 145 145 145 145 145 145 145 146 146 145 145 145 145 145 145 145 145 145 145 145 145 145 145 145 145 145 146 146 146 146 146 145 146 146 146 146 146 145 145 145 145 146 146 146 146 147 147 146 146 146 146 146 146 146 147 147 147 147 147 147 146 146 147 147 146 146 146 146 146 146 146 146 145 145 145 145 146 146 146 146 146 147 147 147 147 147 147 147 147 147 147 147 147 147 147 147 147 147 146 146 147 147 146 146 146 147 146 146 146 146 146 146 146 146 0 0 0 0 0 0 0 0 0 0 0 0 0 0 0 0 0 0 0 0 0 0 0 0 0 0 0 0 0 0 0 0 0 0 0 0 0 0 0 0 0 0 0 0 0 0 0 0 0 0 0 0 0 0 0 0 0 0 0 0 0 
0 0 0 0 0 0 0 0 0 0 0 0 0 0 0 0 0 0 0 0 0 0 0 0 0 0 0 0 0 0 0 0 0 0 0 109 109 109 109 109 110 110 110 110 110 111 111 112 112 112 112 113 113 113 114 114 114 114 114 115 115 115 115 115 115 116 116 116 116 116 117 117 117 116 117 117 117 118 118 118 118 118 119 119 119 119 119 120 120 120 120 120 120 120 120 121 121 121 121 122 122 122 122 123 123 123 123 124 124 124 124 124 124 124 125 125 125 125 125 125 126 126 126 126 126 126 126 126 127 127 127 127 127 128 128 128 128 128 128 129 129 129 129 130 130 130 130 130 130 131 131 131 131 131 132 132 132 132 132 133 133 133 133 133 133 133 133 134 134 134 134 134 134 134 135 135 135 135 135 135 135 136 136 136 136 136 136 136 136 136 136 136 137 137 137 138 138 138 138 138 138 138 138 138 138 138 139 139 139 139 139 139 139 139 139 140 140 140 140 140 140 140 140 140 140 141 141 141 141 141 141 141 141 141 141 141 141 141 141 142 142 142 141 141 141 141 141 141 141 141 141 141 142 142 142 142 142 142 142 142 142 142 142 142 142 142 142 142 142 142 142 142 143 143 143 143 143 143 143 143 143 143 143 143 143 143 143 143 143 143 143 144 144 144 144 144 143 144 144 144 144 144 144 144 144 144 144 144 144 144 144 144 144 144 144 144 145 145 145 145 145 145 145 145 145 145 145 145 145 145 145 145 145 145 146 146 145 145 145 145 145 145 145 145 145 145 145 145 145 145 146 145 145 145 145 146 146 146 146 145 146 147 146 146 146 146 146 146 145 146 146 146 147 147 147 147 147 147 146 146 146 146 147 147 147 147 146 147 146 146 147 147 147 146 146 146 146 146 146 146 146 145 145 145 146 146 146 146 147 147 147 147 147 147 147 147 147 147 147 147 147 147 147 147 147 147 147 147 147 147 146 146 147 147 147 147 147 146 146 146 147 146 147 0 0 0 0 0 0 0 0 0 0 0 0 0 0 0 0 0 0 0 0 0 0 0 0 0 0 0 0 0 0 0 0 0 0 0 0 0 0 0 0 0 0 0 0 0 0 0 0 0 0 0 0 0 0 0 0 0 0 0 0 
0 0 0 0 0 0 0 0 0 0 0 0 0 0 0 0 0 0 0 0 0 0 0 0 0 0 0 0 0 0 0 0 0 0 0 109 109 110 110 109 110 110 110 110 110 111 111 111 112 112 112 113 114 114 114 114 114 113 114 114 114 115 115 115 115 115 116 116 116 116 117 117 116 117 117 117 117 118 118 118 118 118 119 119 119 119 120 119 119 120 120 120 120 120 120 120 121 121 121 121 122 122 122 122 123 123 123 124 124 124 124 124 124 125 125 125 125 125 125 126 126 126 126 126 126 126 126 127 127 127 127 128 128 128 128 128 128 128 129 129 129 129 130 130 130 130 130 130 130 130 131 131 131 131 132 132 132 132 132 132 133 133 133 133 133 133 133 133 133 134 134 134 134 134 134 135 135 135 135 135 135 135 136 136 136 136 136 136 136 136 136 136 137 137 137 138 138 138 138 138 138 138 138 138 138 138 138 139 139 139 139 139 139 139 139 140 140 140 140 140 140 140 140 140 140 141 141 141 141 141 141 141 141 141 141 141 141 141 141 141 142 142 141 141 141 141 141 141 141 141 141 141 142 142 142 142 142 142 142 142 142 142 142 142 142 142 142 142 142 142 142 143 143 143 143 143 143 143 143 143 143 143 143 143 143 143 143 143 143 143 143 143 144 144 144 144 144 144 144 144 144 144 144 144 144 144 144 144 144 144 144 144 144 144 145 145 145 145 145 145 145 145 145 145 145 145 145 145 145 145 145 145 145 145 146 145 145 146 145 145 145 145 145 145 145 145 145 145 145 146 146 146 145 145 145 146 146 146 146 146 146 147 146 146 147 147 147 146 146 145 146 146 147 147 147 147 147 147 147 146 146 147 147 147 147 146 146 147 146 146 147 147 147 147 146 146 146 146 146 146 146 145 145 145 146 146 146 146 146 147 147 147 147 147 147 147 146 147 147 147 147 147 147 146 146 147 147 147 147 147 146 147 147 147 147 147 147 146 146 147 147 147 147 0 0 0 0 0 0 0 0 0 0 0 0 0 0 0 0 0 0 0 0 0 0 0 0 0 0 0 0 0 0 0 0 0 0 0 0 0 0 0 0 0 0 0 0 0 0 0 0 0 0 0 0 0 0 0 0 0 0 0 0 
0 0 0 0 0 0 0 0 0 0 0 0 0 0 0 0 0 0 0 0 0 0 0 0 0 0 0 0 0 0 0 0 0 0 108 108 108 109 109 110 110 111 111 110 111 111 111 111 112 112 112 113 113 114 114 114 113 113 114 114 114 114 114 115 115 115 115 116 116 116 116 116 117 117 117 117 117 118 118 118 118 118 118 119 119 119 119 119 120 120 120 120 120 120 120 120 121 121 121 121 121 122 122 122 123 123 123 123 124 124 124 124 124 124 125 125 125 125 125 126 126 126 126 126 126 127 127 127 127 127 128 128 128 128 128 128 128 129 129 129 129 129 130 130 130 130 131 131 131 131 131 131 131 131 131 132 132 132 132 132 132 133 133 133 133 133 133 133 133 133 134 134 134 134 134 134 135 135 135 135 136 136 136 136 136 136 136 136 136 136 136 136 137 137 137 137 138 138 138 138 138 138 138 138 138 138 138 139 139 139 139 139 139 139 139 139 139 140 140 140 140 140 140 140 140 140 141 141 141 141 141 141 141 141 141 141 141 141 141 141 142 142 141 141 141 141 141 141 141 141 141 141 141 142 142 142 142 142 142 142 142 142 142 142 142 142 142 142 142 142 142 143 143 143 143 143 143 143 143 143 143 143 143 143 143 143 143 143 143 143 143 143 144 144 144 144 144 144 144 144 144 144 144 144 144 144 144 144 144 144 144 144 144 144 145 145 145 145 145 145 145 145 145 145 145 145 145 145 145 145 145 145 145 146 146 146 145 146 146 145 145 145 145 145 145 145 145 146 146 146 146 145 145 145 145 146 146 147 146 146 146 147 146 146 146 146 146 146 146 146 146 146 146 147 147 147 147 147 147 147 146 146 147 147 147 146 146 146 146 147 147 147 147 147 147 146 146 146 146 146 146 146 145 145 146 146 146 146 147 147 147 147 147 147 147 147 147 147 147 147 147 147 147 147 147 147 147 147 147 147 147 147 147 147 147 147 146 147 146 147 147 147 147 0 0 0 0 0 0 0 0 0 0 0 0 0 0 0 0 0 0 0 0 0 0 0 0 0 0 0 0 0 0 0 0 0 0 0 0 0 0 0 0 0 0 0 0 0 0 0 0 0 0 0 0 0 0 0 0 0 0 0 0 
0 0 0 0 0 0 0 0 0 0 0 0 0 0 0 0 0 0 0 0 0 0 0 0 0 0 0 0 0 0 0 0 0 0 0 0 108 109 110 110 110 111 111 111 111 111 112 112 112 112 112 112 113 114 114 114 114 114 113 114 114 114 114 114 115 115 115 115 115 116 116 117 117 117 117 117 117 117 118 118 118 118 118 119 119 119 119 119 120 120 120 120 120 120 120 120 120 121 121 121 121 122 122 122 122 123 123 123 124 124 124 124 124 124 125 125 125 125 125 125 126 126 126 126 126 127 127 127 127 127 127 127 127 128 128 128 128 129 129 129 129 129 130 130 130 130 130 131 131 130 130 131 131 131 131 132 132 132 132 132 132 132 133 133 133 133 133 133 133 133 134 134 134 134 134 134 135 135 135 135 135 136 136 135 136 136 136 136 136 136 136 136 137 137 137 137 137 138 138 138 138 138 138 138 138 138 138 138 139 139 139 139 139 139 139 139 139 139 140 140 140 140 140 140 140 140 141 141 141 141 141 141 141 141 141 141 141 141 141 141 141 142 140 141 141 141 141 141 141 141 141 141 141 142 142 142 142 142 142 142 142 142 142 142 142 142 142 142 142 142 143 143 143 143 143 143 143 143 143 143 143 143 143 143 143 143 143 143 143 143 143 144 144 144 144 144 144 144 144 144 144 144 144 144 144 144 144 144 144 144 144 144 144 144 144 145 145 145 145 145 145 145 145 145 145 145 145 145 146 145 145 145 145 145 146 146 146 146 146 145 145 145 145 146 146 146 145 146 146 146 145 145 145 145 145 146 146 146 147 147 147 147 146 146 146 146 146 146 146 146 146 146 147 147 146 146 147 147 147 147 146 146 146 146 147 146 146 146 147 147 147 147 146 147 147 147 147 147 146 146 146 146 145 145 146 146 146 146 146 147 147 147 147 147 147 147 147 147 147 147 147 147 147 147 147 147 147 147 147 147 147 147 147 147 147 147 147 147 147 147 147 147 147 147 0 0 0 0 0 0 0 0 0 0 0 0 0 0 0 0 0 0 0 0 0 0 0 0 0 0 0 0 0 0 0 0 0 0 0 0 0 0 0 0 0 0 0 0 0 0 0 0 0 0 0 0 0 0 0 0 0 0 0 
0 0 0 0 0 0 0 0 0 0 0 0 0 0 0 0 0 0 0 0 0 0 0 0 0 0 0 0 0 0 0 0 0 0 0 108 108 108 109 109 110 110 110 111 111 111 111 111 112 112 112 112 113 113 114 114 114 114 114 113 113 114 114 115 114 115 115 115 116 116 116 117 117 117 117 117 117 117 118 118 118 118 119 119 119 119 119 119 119 120 120 120 119 120 120 120 120 120 121 121 121 121 122 122 122 122 123 123 123 124 124 124 124 124 124 125 125 125 125 125 126 126 126 126 126 126 127 127 127 127 127 127 127 128 128 128 128 128 129 129 129 129 130 130 130 130 130 130 131 131 131 131 131 131 131 131 132 132 132 132 132 132 132 133 133 133 133 133 133 134 134 134 134 134 134 134 134 135 135 135 135 135 135 135 135 136 136 136 136 136 136 136 137 137 137 137 137 137 138 138 138 138 138 138 138 139 138 139 138 138 139 139 139 139 139 139 139 139 140 140 140 140 140 140 140 140 140 141 141 141 141 141 141 141 141 141 141 141 141 141 142 142 141 141 141 141 141 141 141 141 141 141 141 142 142 142 142 142 142 142 142 142 142 142 142 142 142 142 142 142 143 143 143 143 143 143 143 143 143 143 143 143 143 143 143 143 143 143 143 143 143 144 144 144 144 144 144 144 144 144 144 144 144 144 144 144 145 144 144 144 144 144 144 145 145 145 145 145 145 145 145 145 145 145 145 145 145 145 145 146 146 146 145 145 146 146 146 146 146 146 145 145 146 146 146 146 146 146 146 146 146 146 146 146 146 145 146 146 146 146 147 147 146 146 146 146 146 147 147 147 147 146 147 147 146 147 147 147 147 147 147 147 147 146 147 146 146 146 146 147 147 147 147 146 147 147 147 147 147 147 146 146 146 145 146 146 146 146 147 147 147 148 147 147 147 147 147 147 147 147 147 147 147 147 147 147 147 147 147 147 147 147 147 147 147 147 147 147 147 147 147 147 147 147 0 0 0 0 0 0 0 0 0 0 0 0 0 0 0 0 0 0 0 0 0 0 0 0 0 0 0 0 0 0 0 0 0 0 0 0 0 0 0 0 0 0 0 0 0 0 0 0 0 0 0 0 0 0 0 0 0 0 0 
0 0 0 0 0 0 0 0 0 0 0 0 0 0 0 0 0 0 0 0 0 0 0 0 0 0 0 0 0 0 0 0 0 0 0 0 108 108 108 109 110 110 109 110 110 110 111 111 111 111 112 112 112 113 113 114 114 114 114 113 114 114 115 115 114 115 115 115 115 116 116 117 117 117 117 117 117 117 118 118 118 118 118 118 118 119 119 119 119 120 120 120 119 120 120 120 120 120 121 121 121 122 122 122 122 122 122 123 123 123 124 124 124 124 124 124 124 125 125 125 125 126 126 126 126 126 126 127 127 127 127 127 128 128 128 128 128 128 128 129 129 129 130 130 130 130 130 130 130 130 130 130 130 131 131 131 131 132 132 132 132 132 132 132 133 133 133 133 133 134 134 134 134 134 134 134 135 135 135 135 136 136 136 136 136 136 136 136 136 136 136 136 137 137 137 137 137 137 137 138 138 138 138 138 138 138 139 138 138 138 139 139 139 139 139 139 139 139 140 140 140 140 140 140 140 140 141 141 141 141 141 141 141 141 141 141 141 141 141 141 142 142 141 141 141 141 141 141 141 141 141 141 141 141 141 141 141 142 142 142 142 142 142 142 142 142 142 142 142 142 142 143 143 143 143 143 143 143 143 143 143 143 143 143 143 143 143 143 143 143 143 144 144 144 144 144 144 144 144 144 144 144 144 144 145 144 145 145 144 144 144 144 144 145 145 145 145 145 145 145 145 145 145 145 145 145 146 145 145 146 146 146 146 145 145 145 146 146 146 146 146 146 146 147 147 147 146 147 147 146 146 146 146 146 146 146 146 146 146 146 147 147 146 146 146 146 146 147 147 147 146 147 147 147 147 147 147 147 148 148 147 147 147 146 146 147 147 146 146 146 146 147 147 146 147 147 147 147 147 147 147 146 146 146 146 146 146 146 147 147 147 147 147 147 147 147 147 147 147 147 147 147 147 147 147 147 147 147 147 147 147 147 147 147 147 147 147 147 147 147 147 147 147 147 147 0 0 0 0 0 0 0 0 0 0 0 0 0 0 0 0 0 0 0 0 0 0 0 0 0 0 0 0 0 0 0 0 0 0 0 0 0 0 0 0 0 0 0 0 0 0 0 0 0 0 0 0 0 0 0 0 0 0 
0 0 0 0 0 0 0 0 0 0 0 0 0 0 0 0 0 0 0 0 0 0 0 0 0 0 0 0 0 0 0 0 0 0 0 0 0 0 108 109 110 109 109 109 110 110 111 111 112 112 112 112 113 113 113 113 114 114 114 114 114 115 115 115 115 116 115 115 115 115 116 116 117 117 117 117 117 117 118 118 118 118 118 118 118 119 119 119 119 120 120 120 120 119 120 120 120 120 120 121 121 121 121 122 122 122 123 123 123 123 124 124 124 124 124 124 124 124 125 125 125 126 126 126 126 126 126 127 127 127 127 127 128 128 128 128 128 128 128 128 129 129 129 130 130 130 130 130 130 130 130 130 130 131 131 131 131 131 132 132 132 132 132 133 133 133 133 133 133 133 133 134 134 134 134 135 135 135 135 135 135 135 135 135 136 136 136 136 136 136 136 136 136 137 137 137 137 137 137 137 137 137 138 138 138 138 138 139 139 139 139 139 139 139 139 139 139 139 139 140 140 140 140 140 140 140 140 141 141 141 141 141 141 141 141 141 141 141 141 142 142 142 141 141 141 141 141 141 141 141 141 141 141 141 141 141 141 142 142 142 142 142 142 142 142 142 142 142 142 142 142 142 143 143 143 143 143 143 143 143 143 143 143 143 143 143 143 143 143 143 144 144 144 144 144 144 144 144 144 144 144 144 144 144 144 145 145 145 144 144 144 144 144 145 145 145 145 145 145 145 145 145 145 145 145 145 145 146 145 146 146 146 146 145 146 146 146 146 146 146 146 147 147 146 146 147 147 147 147 146 147 146 146 146 146 146 146 146 146 146 147 147 146 146 146 146 146 146 146 146 147 147 147 147 147 147 147 147 148 148 147 147 148 147 147 147 146 146 146 146 146 146 146 146 147 147 146 147 147 146 146 146 146 146 146 146 146 147 147 147 147 147 147 147 147 147 147 147 147 147 147 147 147 147 147 147 147 147 147 147 147 147 147 147 147 148 148 147 147 147 147 147 147 147 147 147 0 0 0 0 0 0 0 0 0 0 0 0 0 0 0 0 0 0 0 0 0 0 0 0 0 0 0 0 0 0 0 0 0 0 0 0 0 0 0 0 0 0 0 0 0 0 0 0 0 0 0 0 0 0 0 0 0 
0 0 0 0 0 0 0 0 0 0 0 0 0 0 0 0 0 0 0 0 0 0 0 0 0 0 0 0 0 0 0 0 0 0 0 0 0 0 108 109 109 109 109 109 109 110 110 111 112 112 112 112 112 112 112 113 114 114 114 114 114 115 115 115 115 116 116 116 116 116 116 116 117 117 117 117 117 117 118 117 118 118 118 118 118 118 119 119 120 120 120 120 120 120 120 120 120 121 120 121 121 121 121 121 122 122 123 123 123 123 123 124 124 124 124 124 124 124 125 125 125 125 126 126 126 126 126 127 127 127 127 127 127 128 128 128 128 128 128 128 129 129 129 129 130 130 130 130 130 130 130 131 131 131 131 131 131 132 132 132 132 132 132 133 133 133 133 133 133 133 133 134 134 134 134 134 134 135 135 135 135 135 135 135 136 136 136 136 136 136 136 136 136 137 137 137 137 137 137 137 137 137 137 137 137 138 138 138 139 139 139 139 139 139 139 139 139 139 139 140 140 140 140 140 140 140 140 140 140 140 140 140 141 141 141 141 141 141 141 142 142 142 141 141 141 141 141 141 141 141 141 141 141 141 141 142 142 142 142 142 142 142 142 142 142 142 142 142 142 142 142 142 143 143 143 143 143 143 143 143 143 143 143 143 144 144 143 143 143 143 144 144 144 144 144 144 144 144 144 144 144 144 144 144 144 145 145 145 144 144 144 145 145 145 145 145 145 145 145 145 145 145 145 145 145 145 145 145 146 146 146 146 145 145 146 146 146 146 146 146 146 146 146 146 147 147 147 147 146 146 147 147 147 147 147 147 146 147 146 147 147 147 147 147 147 147 147 147 147 147 147 147 147 147 147 148 148 148 148 148 148 148 148 148 147 146 146 147 147 146 147 146 146 146 147 147 147 147 147 146 146 146 146 146 146 146 146 147 147 147 147 148 148 147 147 147 147 147 147 147 148 148 147 147 147 147 148 148 147 147 147 147 148 148 148 148 148 147 147 147 147 147 148 148 147 147 147 0 0 0 0 0 0 0 0 0 0 0 0 0 0 0 0 0 0 0 0 0 0 0 0 0 0 0 0 0 0 0 0 0 0 0 0 0 0 0 0 0 0 0 0 0 0 0 0 0 0 0 0 0 0 0 0 
0 0 0 0 0 0 0 0 0 0 0 0 0 0 0 0 0 0 0 0 0 0 0 0 0 0 0 0 0 0 0 0 0 0 0 0 0 0 108 108 109 109 109 110 110 110 110 111 111 112 112 111 111 111 112 113 113 114 114 114 114 114 114 115 115 115 116 116 117 116 116 116 117 117 117 117 117 117 117 118 118 118 118 118 118 118 119 119 120 120 120 120 119 119 120 120 120 121 121 121 121 121 121 121 122 122 122 123 123 123 123 124 124 124 124 124 124 124 125 125 125 125 126 126 126 126 126 126 127 127 127 127 127 127 128 128 128 128 128 128 129 129 129 129 129 129 130 130 130 130 130 131 131 131 131 131 131 132 132 132 132 132 132 133 133 133 133 133 133 133 133 133 134 134 134 134 134 135 135 135 135 135 135 135 135 136 136 136 136 136 136 136 137 137 137 137 137 137 138 138 138 138 137 138 137 137 138 138 138 139 139 139 139 139 139 139 139 139 139 140 140 140 140 140 140 140 140 140 140 140 140 141 141 141 141 141 141 141 142 141 142 142 141 141 141 141 141 141 141 141 141 141 141 141 142 142 142 142 142 142 142 142 142 142 142 142 142 142 143 142 142 142 142 143 143 143 143 143 143 143 143 143 143 143 144 144 144 143 143 143 143 144 144 144 144 144 144 144 144 144 144 144 144 144 144 144 144 144 144 144 145 145 145 145 145 145 145 145 145 145 145 145 145 145 145 145 145 146 146 146 146 145 145 145 146 145 146 146 146 146 146 146 146 146 147 146 147 147 147 146 147 147 147 147 147 147 147 147 147 147 148 147 147 147 147 147 147 147 147 147 147 147 148 147 147 147 148 148 148 148 148 148 148 148 147 147 147 147 147 147 147 147 146 146 146 147 147 147 147 146 147 146 146 147 147 147 147 147 147 148 147 148 148 148 148 148 147 147 147 147 148 147 147 147 147 147 148 148 148 148 148 148 148 148 148 148 148 148 147 147 147 147 148 148 148 147 147 147 0 0 0 0 0 0 0 0 0 0 0 0 0 0 0 0 0 0 0 0 0 0 0 0 0 0 0 0 0 0 0 0 0 0 0 0 0 0 0 0 0 0 0 0 0 0 0 0 0 0 0 0 0 0 0 
0 0 0 0 0 0 0 0 0 0 0 0 0 0 0 0 0 0 0 0 0 0 0 0 0 0 0 0 0 0 0 0 0 0 0 0 0 0 0 108 109 110 110 110 110 111 110 111 111 112 111 111 111 112 112 113 113 113 113 113 114 114 114 114 114 115 116 116 116 117 117 117 117 117 117 117 116 117 117 117 118 118 118 118 118 118 119 119 120 120 120 120 119 119 120 120 120 120 121 121 121 121 121 122 122 122 122 123 123 123 123 123 124 124 124 124 124 124 124 125 125 125 126 126 126 126 126 126 126 127 127 127 127 127 127 128 128 128 128 128 128 129 129 129 129 129 130 130 130 130 130 130 131 131 131 131 131 132 132 132 132 132 133 133 133 133 133 133 133 133 133 133 134 134 134 134 134 134 135 135 135 135 135 135 135 135 135 136 136 136 136 136 137 137 137 137 137 137 138 138 138 138 138 138 138 137 138 138 138 138 138 139 139 139 139 139 139 139 139 139 140 140 140 140 140 140 140 140 140 140 140 141 141 141 141 141 141 141 141 141 142 142 141 141 141 141 141 141 141 141 141 141 141 141 142 142 142 142 142 142 142 142 142 142 142 142 142 142 142 142 142 142 143 143 143 143 143 143 143 143 143 143 143 144 144 144 144 143 143 143 143 144 144 144 144 144 144 144 144 144 144 144 144 144 145 144 144 144 144 144 145 145 145 145 145 145 145 145 145 145 145 145 145 145 145 145 145 145 145 146 145 145 145 145 145 145 146 146 146 146 146 146 146 146 147 146 147 147 146 146 146 147 147 147 147 147 147 148 148 148 148 147 147 147 147 147 147 147 147 147 147 147 147 147 147 147 147 148 148 148 148 148 148 148 147 147 147 147 147 147 147 147 146 146 146 146 146 147 147 146 147 147 147 147 147 148 147 147 147 148 148 148 148 148 148 148 147 147 148 148 148 148 148 148 148 148 148 148 148 148 148 148 148 148 148 148 148 148 148 147 147 147 148 148 148 148 148 148 147 0 0 0 0 0 0 0 0 0 0 0 0 0 0 0 0 0 0 0 0 0 0 0 0 0 0 0 0 0 0 0 0 0 0 0 0 0 0 0 0 0 0 0 0 0 0 0 0 0 0 0 0 0 0 
0 0 0 0 0 0 0 0 0 0 0 0 0 0 0 0 0 0 0 0 0 0 0 0 0 0 0 0 0 0 0 0 0 0 0 0 0 0 0 0 0 109 109 110 109 110 110 110 111 111 111 111 111 112 112 113 112 113 113 112 113 114 114 114 114 115 115 116 116 116 117 117 117 117 117 117 117 117 117 117 118 118 118 118 118 118 118 119 119 120 120 120 119 119 119 120 120 120 121 121 121 121 121 122 122 122 122 123 123 123 123 123 123 124 124 124 124 124 124 125 125 125 125 126 126 126 126 126 126 126 127 127 127 127 127 127 128 128 128 128 128 128 129 129 129 129 129 130 130 130 130 130 131 131 131 131 131 132 132 132 132 132 132 133 133 133 133 133 133 133 133 133 134 134 134 134 134 134 134 135 135 135 135 135 135 135 136 136 136 136 136 136 137 137 137 137 137 137 137 137 138 138 138 138 138 138 138 138 138 138 138 138 138 139 139 139 139 139 139 140 140 140 140 140 140 140 140 140 140 140 141 141 141 141 141 141 141 141 141 141 141 142 140 141 141 141 141 141 141 141 141 141 141 141 142 142 142 142 142 142 142 142 142 142 142 142 142 142 143 142 142 142 142 143 143 143 143 143 143 143 143 143 143 144 144 144 143 143 143 144 144 144 144 144 144 144 144 144 144 144 144 144 144 144 145 145 145 144 144 144 145 145 145 145 145 145 145 145 145 145 145 145 145 145 145 145 146 145 145 145 145 145 145 145 145 145 146 146 147 146 146 146 146 146 147 146 147 147 146 147 147 147 147 147 147 147 147 147 147 147 148 148 148 148 147 147 147 147 147 147 148 148 148 148 148 147 148 148 148 148 148 148 149 149 148 147 147 147 146 146 147 147 147 147 147 147 146 146 147 147 147 147 147 147 147 148 148 147 147 148 148 148 148 148 148 148 148 148 148 147 148 148 148 148 148 148 148 148 148 148 148 148 148 148 148 148 148 148 148 148 147 147 147 148 148 148 148 148 148 148 0 0 0 0 0 0 0 0 0 0 0 0 0 0 0 0 0 0 0 0 0 0 0 0 0 0 0 0 0 0 0 0 0 0 0 0 0 0 0 0 0 0 0 0 0 0 0 0 0 0 0 0 0 
0 0 0 0 0 0 0 0 0 0 0 0 0 0 0 0 0 0 0 0 0 0 0 0 0 0 0 0 0 0 0 0 0 0 0 0 0 0 0 0 0 108 108 109 109 109 109 109 110 111 111 111 111 111 112 113 112 113 113 112 113 114 114 113 114 115 115 115 116 116 116 117 117 117 117 117 117 117 117 117 117 118 118 118 119 118 118 119 119 119 120 120 120 120 120 120 120 121 121 121 121 121 122 122 122 122 122 123 123 123 123 123 123 123 124 124 124 124 124 124 125 125 125 125 125 126 126 126 126 126 127 127 127 127 127 127 128 128 128 128 128 128 129 129 129 129 129 130 130 130 130 130 131 131 131 131 131 131 132 132 132 132 132 132 133 133 133 133 133 133 133 133 133 134 134 134 134 134 134 134 135 135 135 135 135 135 136 136 136 136 136 136 137 137 137 137 137 137 137 137 137 138 138 138 138 139 138 138 138 138 138 138 138 138 139 139 139 139 139 139 140 140 140 140 140 140 140 140 140 140 141 141 141 141 141 141 141 141 141 141 141 141 140 141 141 141 141 141 141 141 141 141 141 141 142 142 142 142 142 142 142 142 142 142 142 142 143 143 142 142 142 142 142 143 143 143 143 143 143 143 143 143 143 143 144 144 144 143 143 144 144 144 144 144 144 144 144 144 144 144 144 144 144 145 145 144 144 144 144 144 145 145 145 145 145 145 145 145 145 145 145 145 145 145 145 146 146 145 145 145 145 145 145 145 145 145 146 146 146 147 146 146 146 146 146 146 146 146 146 147 147 147 147 147 147 147 147 147 147 147 147 147 148 148 147 147 147 147 148 148 148 148 148 148 148 148 148 148 148 148 148 148 148 149 148 148 148 148 147 146 146 147 147 147 147 147 147 147 147 147 147 147 147 147 148 148 148 147 147 147 148 148 148 148 148 148 148 148 148 148 148 148 148 147 148 148 148 148 148 148 148 148 148 148 148 148 148 148 148 148 148 147 148 148 148 148 148 148 148 148 148 148 148 148 0 0 0 0 0 0 0 0 0 0 0 0 0 0 0 0 0 0 0 0 0 0 0 0 0 0 0 0 0 0 0 0 0 0 0 0 0 0 0 0 0 0 0 0 0 0 0 0 0 
0 0 0 0 0 0 0 0 0 0 0 0 0 0 0 0 0 0 0 0 0 0 0 0 0 0 0 0 0 0 0 0 0 0 0 0 0 0 0 0 0 108 108 108 109 0 0 0 109 110 110 111 112 112 112 111 112 112 112 112 113 114 114 113 114 115 115 115 115 116 116 116 116 117 117 118 118 118 118 118 117 117 118 118 118 118 118 118 119 119 120 120 120 120 120 120 120 121 121 121 121 121 122 122 122 122 122 123 123 123 123 123 123 123 123 124 124 124 124 124 125 125 125 125 125 126 126 126 126 126 126 127 127 127 127 127 128 128 128 128 128 128 129 129 129 129 129 130 130 130 130 130 131 131 131 131 131 131 131 132 132 132 132 132 133 133 133 133 133 133 133 133 133 134 134 134 134 134 134 134 134 135 135 135 135 135 136 136 136 136 136 137 137 137 137 137 137 137 137 137 137 138 138 138 138 138 138 138 138 138 138 138 138 138 138 139 139 139 139 139 139 139 140 140 140 140 140 140 140 140 141 141 141 141 141 141 141 141 141 141 141 141 140 141 141 141 141 141 141 141 141 141 141 141 141 142 142 142 142 142 142 142 142 142 142 142 143 142 142 143 142 142 142 143 143 143 143 143 143 143 143 143 143 143 144 144 144 143 143 143 143 144 144 144 144 144 144 144 144 144 144 144 145 145 145 145 145 144 144 145 145 145 145 145 145 145 145 145 145 145 145 145 145 145 145 146 146 145 145 145 145 145 146 145 145 145 146 146 146 147 146 146 146 146 146 146 146 146 147 147 146 147 147 147 147 147 147 147 147 147 147 147 148 148 148 148 148 148 148 148 148 148 148 148 148 148 148 148 148 148 148 148 149 149 149 149 149 148 147 146 147 147 147 147 147 147 147 147 147 147 147 147 147 147 148 148 148 148 148 147 147 148 148 148 148 148 148 148 148 148 148 148 148 148 148 148 148 148 148 148 148 148 148 148 148 148 148 148 148 148 148 148 148 148 148 148 148 148 148 148 148 148 148 148 148 148 148 148 149 149 148 148 0 0 0 0 0 0 0 0 0 0 0 0 0 0 0 0 0 0 0 0 0 0 0 0 0 0 0 0 0 0 0 0 0 0 0 0 0 0 0 0 0 
0 0 0 0 0 0 0 0 0 0 0 0 0 0 0 0 0 0 0 0 0 0 0 0 0 0 0 0 0 0 0 0 0 0 0 0 0 0 0 0 0 0 0 0 0 0 0 0 109 110 110 110 111 112 111 111 111 112 112 112 113 113 113 113 114 115 115 115 115 115 116 116 116 116 117 117 118 118 118 118 118 117 118 118 118 118 119 119 119 119 119 120 119 120 120 120 120 120 121 121 121 121 122 122 122 122 122 122 122 122 123 123 123 123 123 124 124 124 124 124 124 125 125 125 125 126 126 126 126 126 126 126 127 127 127 127 127 128 128 128 128 128 129 129 129 129 129 129 130 130 130 130 131 131 131 131 131 131 131 132 132 132 132 132 133 133 133 133 133 133 133 133 133 134 134 134 134 134 134 135 135 135 135 135 135 135 136 136 136 136 136 136 137 137 137 137 137 137 137 137 137 138 138 138 138 138 138 138 139 138 138 138 138 138 138 138 139 139 139 139 139 139 139 140 140 140 140 140 140 140 140 141 141 141 141 141 141 141 141 141 141 141 140 141 141 141 140 140 141 141 141 141 141 141 141 142 142 142 142 142 142 142 142 142 142 142 142 142 142 142 142 142 143 143 143 143 143 143 143 143 143 143 143 144 144 144 144 143 143 143 144 144 144 144 144 144 144 144 144 144 144 144 145 145 145 145 144 144 144 145 145 145 145 145 145 145 145 145 145 145 145 145 145 144 144 145 145 145 145 145 145 145 146 145 145 145 146 146 146 146 146 146 146 146 146 147 146 146 146 147 147 147 147 147 147 147 147 147 147 147 147 147 148 148 148 148 148 148 148 148 148 148 147 148 148 148 148 148 148 148 148 148 149 149 149 149 149 148 147 147 147 147 148 147 147 147 148 147 147 147 147 147 148 148 147 148 148 148 148 147 147 148 148 148 148 148 148 148 148 148 148 148 148 148 148 148 148 148 148 148 148 148 148 148 148 148 148 148 148 148 148 148 148 148 148 148 148 148 148 148 148 148 148 149 149 149 149 149 149 149 149 149 149 0 0 0 0 0 0 0 0 0 0 0 0 0 0 0 0 0 0 0 0 0 0 0 0 0 0 0 0 0 0 0 0 0 0 0 0 0 0 0 0 
0 0 0 0 0 0 0 0 0 0 0 0 0 0 0 0 0 0 0 0 0 0 0 0 0 0 0 0 0 0 0 0 0 0 0 0 0 0 0 0 0 0 0 0 0 0 0 0 0 109 110 110 110 111 110 0 0 111 111 0 0 112 113 113 113 114 115 115 115 115 115 115 115 115 116 117 117 118 118 118 118 118 118 118 118 118 119 119 119 119 119 119 119 119 120 120 120 121 121 121 121 121 121 122 122 122 122 122 122 123 123 123 123 123 124 124 124 124 124 124 124 125 125 125 125 125 125 126 126 126 126 126 127 127 127 127 127 127 128 128 128 128 129 129 129 129 129 129 130 130 130 130 130 130 131 131 131 131 131 132 132 132 132 132 132 132 133 133 133 133 133 133 133 133 134 134 134 134 134 134 135 135 135 135 135 135 135 135 136 136 136 136 136 137 137 137 137 137 137 137 138 138 138 138 138 138 138 139 139 139 139 139 139 139 138 138 139 139 139 139 139 139 139 140 140 140 140 140 140 141 140 141 141 141 141 141 141 141 141 141 141 142 140 140 140 140 140 141 141 141 141 141 141 141 142 142 142 142 142 142 142 142 142 142 142 142 142 142 142 142 142 142 143 143 143 143 143 143 143 143 143 143 143 144 144 144 143 143 143 144 144 144 144 144 144 144 144 144 144 144 144 144 144 145 145 144 144 144 145 145 145 145 145 145 145 145 145 145 145 145 145 145 145 145 145 145 144 144 145 145 145 145 145 145 145 145 146 146 146 146 146 146 146 146 146 147 147 146 147 147 147 147 147 147 147 147 147 147 147 147 147 147 147 148 148 148 148 148 148 148 148 148 148 148 148 148 148 148 148 148 148 148 148 149 149 148 149 147 147 147 147 148 148 147 147 147 148 147 148 148 147 147 148 148 148 148 148 148 147 147 147 148 148 148 148 148 149 148 148 148 149 148 148 148 148 148 148 148 149 149 149 148 148 148 148 148 148 148 148 148 148 148 148 148 148 148 148 148 148 149 149 149 149 149 149 149 149 149 149 149 149 149 149 149 0 0 0 0 0 0 0 0 0 0 0 0 0 0 0 0 0 0 0 0 0 0 0 0 0 0 0 0 0 0 0 0 0 0 0 0 0 0 0 
0 0 0 0 0 0 0 0 0 0 0 0 0 0 0 0 0 0 0 0 0 0 0 0 0 0 0 0 0 0 0 0 0 0 0 0 0 0 0 0 0 0 0 0 0 0 0 0 0 0 109 110 0 0 0 0 0 0 0 0 0 112 112 113 113 114 115 114 115 115 115 115 115 115 116 116 117 118 117 118 118 118 118 118 118 119 119 119 119 120 120 119 119 119 119 120 121 121 120 120 121 121 121 121 121 122 122 122 122 123 123 123 123 123 124 124 124 124 124 124 124 124 125 125 125 125 125 126 126 126 126 126 126 127 127 127 127 128 128 128 128 128 129 129 129 129 129 129 130 130 130 130 130 131 131 131 131 131 131 131 132 132 132 132 132 132 133 133 133 133 133 133 133 133 134 134 134 134 134 134 134 135 135 135 135 135 135 135 135 136 136 136 136 136 137 137 137 137 137 137 137 138 138 138 138 138 139 139 139 139 139 139 139 139 139 139 139 139 139 139 139 139 139 139 140 140 140 140 140 140 140 141 141 141 141 141 141 141 141 141 141 141 140 140 140 140 141 141 141 141 141 141 141 141 141 141 142 142 142 142 142 142 142 142 142 142 142 142 142 143 142 142 143 143 143 143 143 143 143 143 143 143 144 144 144 144 143 143 144 144 144 144 144 144 144 144 144 144 144 144 144 144 145 145 145 145 145 145 145 145 145 145 145 145 145 145 145 145 145 145 145 145 145 146 146 145 145 144 145 145 145 145 146 145 145 146 146 146 146 146 146 146 146 146 146 147 147 146 147 147 147 147 147 147 147 147 147 147 147 147 147 148 148 148 148 148 148 148 148 148 148 148 148 148 148 148 148 148 148 148 148 148 148 148 149 149 148 147 147 147 147 148 147 147 147 148 148 148 148 147 147 148 148 148 149 149 148 148 148 148 148 148 148 148 148 148 148 148 148 148 148 148 148 148 148 148 149 149 149 149 149 148 148 148 148 148 148 148 148 148 148 148 148 148 148 148 148 149 149 149 149 149 149 149 149 149 149 149 149 149 149 149 149 149 0 0 0 0 0 0 0 0 0 0 0 0 0 0 0 0 0 0 0 0 0 0 0 0 0 0 0 0 0 0 0 0 0 0 0 0 0 0 0 
0 0 0 0 0 0 0 0 0 0 0 0 0 0 0 0 0 0 0 0 0 0 0 0 0 0 0 0 0 0 0 0 0 0 0 0 0 0 0 0 0 0 0 0 0 0 0 0 0 0 0 0 0 0 0 0 0 0 0 0 0 112 112 113 113 114 114 115 114 114 115 115 116 116 117 117 117 116 116 117 117 117 117 117 118 119 120 120 120 121 120 120 119 119 120 120 121 121 121 121 121 121 121 121 121 122 122 122 123 123 123 123 123 123 123 123 124 124 124 124 125 124 124 124 125 125 125 126 126 126 126 126 126 127 127 127 127 127 128 128 128 128 129 129 129 129 129 129 129 130 130 130 130 130 131 131 131 131 131 131 132 132 132 132 132 132 133 133 133 133 133 133 133 133 133 134 134 134 134 134 135 135 135 135 135 135 135 135 135 136 136 136 136 136 137 137 137 137 137 137 137 137 138 138 138 138 138 139 139 139 139 139 139 139 139 139 139 139 140 140 140 139 139 140 140 140 140 140 140 140 140 140 141 141 141 141 141 141 141 141 141 141 140 140 140 141 141 141 141 141 141 141 141 141 141 141 141 142 142 142 142 142 142 142 142 142 142 142 142 142 142 142 143 143 143 143 143 143 143 143 143 143 144 144 144 144 143 143 144 144 144 144 144 144 144 144 144 144 144 145 144 144 145 145 145 145 145 145 145 145 145 145 145 145 145 145 145 145 145 145 145 145 145 146 146 145 145 145 145 145 145 146 146 145 145 145 145 146 146 147 147 146 146 146 146 147 147 147 147 147 147 147 147 147 147 147 147 147 147 147 147 148 148 148 148 148 148 148 148 148 149 149 149 149 148 148 148 148 149 149 149 148 148 148 148 149 148 147 147 147 148 148 148 148 148 148 148 148 148 148 148 148 148 148 148 149 149 149 148 148 148 148 148 148 148 148 149 149 149 148 148 148 148 148 148 148 149 149 149 149 149 149 148 148 148 148 148 148 149 149 148 148 148 148 148 148 149 149 149 149 149 149 149 149 149 149 149 149 149 149 149 149 149 149 0 0 0 0 0 0 0 0 0 0 0 0 0 0 0 0 0 0 0 0 0 0 0 0 0 0 0 0 0 0 0 0 0 0 0 0 0 0 0 
0 0 0 0 0 0 0 0 0 0 0 0 0 0 0 0 0 0 0 0 0 0 0 0 0 0 0 0 0 0 0 0 0 0 0 0 0 0 0 0 0 0 0 0 0 0 0 0 0 0 0 0 0 0 0 0 0 0 0 0 0 0 0 112 113 114 114 114 114 114 115 115 116 116 117 117 117 117 116 116 117 117 117 118 117 118 119 119 119 120 121 121 120 119 120 120 121 121 121 120 121 121 121 121 121 122 122 123 123 123 123 123 123 123 124 124 124 124 124 124 125 125 125 125 125 125 125 125 126 126 126 126 126 127 127 127 127 128 128 128 128 128 129 129 129 129 129 129 129 129 130 130 130 130 131 131 131 131 131 131 131 132 132 132 132 132 132 133 133 133 133 133 133 133 133 133 134 134 134 134 135 135 135 135 135 135 135 135 135 135 136 135 136 136 136 137 137 137 137 137 137 137 138 138 138 138 138 138 139 139 139 139 139 139 139 139 139 139 140 140 140 139 139 140 140 140 140 140 140 140 140 140 140 140 141 141 141 141 141 141 141 141 140 140 140 141 141 141 141 141 141 141 141 141 141 141 141 141 142 142 142 142 142 142 142 142 142 142 142 142 142 143 143 143 143 143 143 143 143 143 143 143 143 144 144 144 144 143 144 144 144 144 144 144 144 144 144 144 144 144 145 145 145 145 145 145 145 145 145 145 145 145 145 145 145 145 145 145 145 145 146 145 145 145 145 145 145 145 145 145 145 145 145 145 145 145 145 146 146 146 146 147 147 147 146 147 147 147 147 147 147 147 147 147 147 147 147 147 147 147 147 147 148 148 148 148 148 148 148 149 149 149 149 149 148 148 148 148 148 149 149 148 148 148 149 149 148 148 147 148 148 148 148 148 148 148 148 148 148 148 148 148 148 148 148 148 149 149 149 148 148 148 148 148 148 148 149 149 149 149 149 149 148 149 149 149 149 149 149 149 149 149 149 149 148 148 148 148 149 149 148 148 148 148 148 148 149 149 149 149 149 149 149 149 149 149 149 149 149 149 149 149 149 149 0 0 0 0 0 0 0 0 0 0 0 0 0 0 0 0 0 0 0 0 0 0 0 0 0 0 0 0 0 0 0 0 0 0 0 0 0 0 0 
0 0 0 0 0 0 0 0 0 0 0 0 0 0 0 0 0 0 0 0 0 0 0 0 0 0 0 0 0 0 0 0 0 0 0 0 0 0 0 0 0 0 0 0 0 0 0 0 0 0 0 0 0 0 0 0 0 0 0 0 0 0 0 0 113 113 114 114 114 115 115 115 115 116 116 116 117 116 116 116 117 118 118 118 118 118 118 119 119 119 120 121 121 120 120 121 121 121 121 121 121 121 121 121 122 122 123 123 123 123 123 123 123 123 124 124 124 124 124 125 125 125 125 125 125 125 125 125 125 126 126 126 126 127 127 127 127 128 128 128 128 128 128 129 129 129 129 129 129 129 129 130 130 130 130 131 131 131 131 131 131 131 132 132 132 132 132 133 133 133 133 133 133 133 133 134 134 134 134 134 134 134 135 135 135 135 135 135 135 135 135 136 136 136 136 137 136 137 137 137 137 137 137 138 138 138 138 138 138 139 139 139 139 139 139 139 139 139 139 139 139 140 140 140 140 140 140 140 140 140 140 140 140 140 140 141 141 141 141 141 141 141 140 140 141 141 141 141 141 141 141 141 141 141 141 141 141 141 141 142 142 142 142 142 142 142 142 142 142 142 142 143 143 143 143 143 143 143 143 143 143 143 144 144 144 144 144 144 144 144 144 144 144 144 144 144 144 144 144 144 144 145 145 145 145 145 145 145 145 145 145 145 145 145 145 145 145 145 145 146 146 146 146 145 145 145 145 145 146 145 145 145 145 145 146 146 145 146 146 146 146 146 146 146 146 146 147 147 147 147 147 147 147 147 147 147 147 147 147 147 147 147 147 147 148 148 148 148 148 148 148 149 149 149 148 148 148 148 149 149 149 148 149 148 149 149 149 148 148 148 148 148 148 148 148 148 148 148 148 148 148 148 148 148 148 148 148 149 149 148 148 148 148 148 148 148 148 149 149 149 149 149 149 149 149 149 149 149 149 149 149 149 149 149 149 149 148 148 149 149 148 148 148 148 148 149 149 149 149 149 149 149 149 149 149 149 149 149 149 149 149 149 149 0 0 0 0 0 0 0 0 0 0 0 0 0 0 0 0 0 0 0 0 0 0 0 0 0 0 0 0 0 0 0 0 0 0 0 0 0 0 0 0 
0 0 0 0 0 0 0 0 0 0 0 0 0 0 0 0 0 0 0 0 0 0 0 0 0 0 0 0 0 0 0 0 0 0 0 0 0 0 0 0 0 0 0 0 0 0 0 0 0 0 0 0 0 0 0 0 0 0 0 0 0 0 0 0 113 114 114 114 115 115 115 115 115 115 116 116 116 116 116 117 117 118 118 118 119 119 119 119 119 119 120 121 121 121 121 121 122 121 121 121 121 121 121 122 122 122 122 122 122 122 123 123 124 124 124 124 124 124 124 125 125 125 125 125 125 125 125 125 126 126 126 126 127 127 127 127 127 127 127 128 128 128 128 129 129 129 129 129 129 129 129 130 130 130 130 130 131 131 131 131 131 131 131 132 132 132 132 132 132 133 133 133 133 133 134 134 134 134 134 134 134 134 134 135 135 135 135 135 135 135 136 136 136 136 137 137 136 137 137 137 137 137 137 137 138 138 138 138 138 139 139 139 139 139 139 139 139 140 139 139 139 139 139 140 140 139 140 140 140 140 140 140 140 140 140 141 141 141 141 141 141 141 140 140 141 141 141 141 141 141 141 141 141 141 141 141 141 141 141 142 142 142 142 142 142 142 142 142 142 142 142 142 143 143 143 143 143 143 143 143 143 143 144 144 144 144 144 144 144 144 144 144 144 144 144 144 144 144 144 144 144 145 145 145 145 145 145 145 145 145 145 145 145 145 145 145 145 146 146 146 146 146 146 146 146 145 145 145 146 146 146 145 145 145 145 145 146 146 146 147 147 146 146 146 146 146 146 147 147 147 147 147 147 147 147 147 147 147 147 147 147 147 147 147 148 148 148 148 149 149 149 149 148 148 148 148 149 149 149 149 149 149 149 149 149 149 149 148 148 148 148 148 148 148 149 148 148 148 148 148 148 148 148 148 148 149 149 149 150 149 149 149 148 148 148 148 148 149 149 149 149 149 149 149 149 149 149 149 149 149 149 149 149 149 149 148 148 148 149 149 149 148 148 148 148 149 149 149 149 149 149 149 149 149 149 149 149 149 149 149 149 149 149 0 0 0 0 0 0 0 0 0 0 0 0 0 0 0 0 0 0 0 0 0 0 0 0 0 0 0 0 0 0 0 0 0 0 0 0 0 0 0 0 
0 0 0 0 0 0 0 0 0 0 0 0 0 0 0 0 0 0 0 0 0 0 0 0 0 0 0 0 0 0 0 0 0 0 0 0 0 0 0 0 0 0 0 0 0 0 0 0 0 0 0 0 0 0 0 0 0 0 0 0 0 0 0 112 113 114 114 115 115 114 114 115 115 115 115 116 116 116 117 117 118 118 118 118 119 119 120 120 119 119 119 119 119 120 120 121 120 121 121 121 121 121 121 122 122 122 122 122 122 122 122 123 123 124 124 124 124 124 124 124 125 125 125 125 125 125 126 126 126 126 126 126 126 127 127 127 127 127 127 128 128 128 128 129 129 129 129 129 129 130 130 130 130 130 130 131 131 131 131 131 131 131 131 132 132 132 132 132 132 132 133 133 133 133 133 133 133 134 134 134 134 134 135 135 135 135 135 135 135 135 135 136 136 136 136 136 136 137 137 137 137 137 138 137 138 138 138 138 138 139 139 139 139 139 139 139 139 139 139 139 139 139 139 139 139 139 140 140 140 140 140 140 140 141 141 141 141 141 141 141 141 141 140 140 141 141 141 141 141 141 141 141 141 141 141 141 141 141 141 141 142 142 142 142 142 142 142 142 142 142 142 142 143 143 143 143 143 143 143 143 143 143 144 144 144 144 144 144 144 144 144 144 144 144 144 144 144 144 144 144 144 144 145 145 145 145 145 145 145 145 145 145 145 145 145 145 145 146 146 146 146 146 146 146 146 146 146 145 145 146 145 145 145 145 145 145 146 146 146 147 147 147 146 146 146 146 146 146 147 147 147 147 147 147 147 147 147 147 147 148 148 148 148 148 148 148 149 149 149 149 149 149 148 148 148 148 148 149 149 149 149 149 149 149 149 149 149 148 148 148 148 148 148 148 149 148 148 148 148 148 148 148 149 149 148 149 149 150 150 149 149 149 149 148 148 148 149 149 149 149 149 149 149 149 149 149 149 149 149 149 149 149 149 149 149 149 149 149 149 149 149 148 148 148 149 149 149 149 149 149 149 149 149 149 149 149 149 149 149 149 149 149 149 0 0 0 0 0 0 0 0 0 0 0 0 0 0 0 0 0 0 0 0 0 0 0 0 0 0 0 0 0 0 0 0 0 0 0 0 0 0 0 0 
0 0 0 0 0 0 0 0 0 0 0 0 0 0 0 0 0 0 0 0 0 0 0 0 0 0 0 0 0 0 0 0 0 0 0 0 0 0 0 0 0 0 0 0 0 0 0 0 0 0 0 0 0 0 0 0 0 0 0 0 0 0 0 0 0 114 114 114 114 114 114 114 115 115 116 116 116 116 117 117 117 117 117 118 118 118 119 120 120 119 119 120 119 119 120 120 120 122 122 122 121 121 122 122 122 122 122 122 122 122 122 123 123 123 124 124 124 125 124 125 125 125 125 125 125 125 125 126 126 126 126 126 126 127 127 127 127 128 128 128 128 128 128 129 129 129 129 129 130 130 130 130 130 130 131 131 131 130 131 131 131 131 131 131 132 132 132 132 132 132 133 133 133 133 133 133 134 134 134 134 134 134 134 134 135 135 135 135 136 136 135 135 136 136 136 136 136 136 137 137 137 137 138 138 138 138 138 138 138 138 139 139 139 139 139 139 139 139 139 139 139 139 139 139 139 140 140 140 140 140 140 140 140 141 141 141 141 141 141 141 141 141 140 140 141 141 141 141 141 141 141 141 141 141 141 141 141 141 141 141 142 142 142 142 142 142 142 142 142 142 143 142 143 143 143 143 143 143 143 143 143 143 144 144 144 144 144 144 144 144 144 144 144 144 144 144 144 144 144 144 145 144 144 145 145 145 145 145 145 145 145 145 145 145 145 145 146 146 146 146 146 146 146 146 146 146 146 145 145 146 146 146 145 145 145 145 145 146 146 147 147 147 147 147 147 147 146 146 146 147 147 147 147 147 147 147 147 147 147 147 147 148 148 148 148 148 148 149 149 149 149 149 149 149 149 149 149 149 149 150 149 149 149 149 149 149 149 149 148 148 148 148 148 148 148 148 148 148 148 148 148 148 148 148 149 149 149 149 150 149 149 148 149 149 149 149 149 149 149 149 149 149 149 149 149 149 149 149 149 149 149 149 149 149 149 149 149 149 149 149 149 149 148 148 149 149 149 149 149 149 149 149 149 149 149 149 149 149 149 149 150 150 0 0 0 0 0 0 0 0 0 0 0 0 0 0 0 0 0 0 0 0 0 0 0 0 0 0 0 0 0 0 0 0 0 0 0 0 0 0 0 0 0 
0 0 0 0 0 0 0 0 0 0 0 0 0 0 0 0 0 0 0 0 0 0 0 0 0 0 0 0 0 0 0 0 0 0 0 0 0 0 0 0 0 0 0 0 0 0 0 0 0 0 0 0 0 0 0 0 0 0 0 0 0 0 0 0 0 113 114 114 114 114 114 115 115 116 116 116 116 116 117 117 117 117 118 117 117 118 118 119 120 120 120 120 119 119 120 120 121 121 122 122 122 121 121 122 122 122 122 122 122 123 122 123 123 123 123 124 124 125 125 125 125 125 125 125 125 125 125 126 126 126 126 126 126 126 127 127 127 128 128 128 128 128 128 129 129 129 129 130 129 130 130 130 130 130 131 130 130 130 130 131 131 131 131 132 132 132 132 132 132 132 132 133 133 133 133 133 134 134 134 134 134 134 134 134 135 135 135 135 136 136 136 135 136 136 136 137 137 137 136 137 138 138 138 138 138 138 138 138 138 138 138 138 139 139 139 139 139 139 139 139 139 139 139 139 139 139 140 140 140 140 140 141 141 140 140 141 141 141 141 141 141 141 140 140 141 141 141 141 140 141 141 141 141 141 141 141 141 141 142 142 142 142 142 142 142 142 142 142 142 142 142 143 142 142 143 143 143 143 143 143 143 143 143 143 143 143 143 144 144 144 144 144 144 144 144 144 144 144 144 144 144 144 144 145 145 145 145 145 145 145 145 145 145 145 145 145 146 146 146 146 146 146 146 146 146 146 146 146 146 146 146 146 145 145 145 145 145 146 147 147 147 147 147 147 147 147 147 147 147 146 147 147 147 147 147 147 147 147 147 147 147 148 148 148 148 148 148 148 148 148 148 149 149 149 149 149 149 149 149 149 149 149 149 149 149 149 149 150 149 148 148 148 148 148 148 149 148 148 148 148 148 148 148 149 149 149 149 149 150 150 149 149 149 149 149 149 149 149 149 149 149 149 149 149 149 149 149 149 149 149 149 149 149 149 149 149 149 149 149 149 149 149 149 149 149 149 149 149 149 149 149 149 149 149 149 149 149 149 150 150 0 0 0 0 0 0 0 0 0 0 0 0 0 0 0 0 0 0 0 0 0 0 0 0 0 0 0 0 0 0 0 0 0 0 0 0 0 0 0 0 0 0 0 
0 0 0 0 0 0 0 0 0 0 0 0 0 0 0 0 0 0 0 0 0 0 0 0 0 0 0 0 0 0 0 0 0 0 0 0 0 0 0 0 0 0 0 0 0 0 0 0 0 0 0 0 0 0 0 0 0 0 0 0 0 0 0 0 0 114 114 114 114 114 115 115 115 115 116 116 116 117 117 117 118 118 118 118 117 117 118 119 121 121 121 121 119 119 120 121 121 121 122 122 121 121 121 121 121 121 122 123 123 123 123 123 123 124 124 124 124 124 125 125 125 125 125 125 124 125 125 126 126 126 126 126 126 126 126 127 127 127 128 128 128 128 129 129 129 129 129 129 130 130 130 130 130 130 130 130 131 131 130 131 131 131 132 132 132 132 132 132 132 132 132 133 132 133 133 133 133 133 134 134 134 134 134 135 135 135 135 135 136 136 136 136 136 136 136 137 137 137 137 137 137 138 138 138 138 138 138 138 138 138 138 138 138 139 139 139 139 139 139 139 139 139 139 139 139 139 140 140 140 140 140 141 141 140 140 141 141 141 141 141 141 141 140 140 141 141 141 141 140 141 141 141 141 141 141 141 141 141 141 142 142 142 142 142 142 142 142 142 143 143 143 143 142 142 143 143 143 143 143 143 143 143 143 143 143 143 143 143 143 144 144 144 144 144 144 144 144 144 144 144 144 145 145 145 145 145 145 145 145 145 145 145 145 145 145 145 146 146 146 146 146 146 146 146 146 146 146 146 146 146 146 146 145 145 145 146 146 146 147 147 147 147 147 147 147 147 147 147 147 147 147 147 147 147 147 147 147 147 147 147 147 148 148 148 148 148 148 148 148 148 148 148 148 149 149 149 149 149 149 149 149 149 149 149 149 149 149 149 150 149 148 148 148 148 148 148 148 148 149 148 148 148 148 149 149 149 149 149 149 150 150 150 149 149 149 149 149 149 149 149 149 149 149 149 149 149 149 149 149 149 149 149 149 149 149 149 149 149 149 149 149 149 149 149 149 149 149 149 149 149 149 149 149 150 149 150 150 150 150 0 0 0 0 0 0 0 0 0 0 0 0 0 0 0 0 0 0 0 0 0 0 0 0 0 0 0 0 0 0 0 0 0 0 0 0 0 0 0 0 0 0 0 0 
0 0 0 0 0 0 0 0 0 0 0 0 0 0 0 0 0 0 0 0 0 0 0 0 0 0 0 0 0 0 0 0 0 0 0 0 0 0 0 0 0 0 0 0 0 0 0 0 0 0 0 0 0 0 0 0 0 0 0 0 0 0 0 0 0 113 114 114 114 114 115 115 115 116 116 116 116 117 116 116 117 117 118 118 118 118 118 119 120 120 121 121 120 120 120 120 121 121 122 122 122 122 122 122 122 121 122 123 123 123 123 124 123 123 124 124 124 124 125 125 125 125 125 125 125 125 125 125 126 126 127 127 126 127 126 126 127 127 127 128 128 128 128 129 129 129 129 129 130 130 130 130 130 130 130 130 131 131 131 131 131 131 132 132 132 132 131 131 132 132 132 133 133 134 133 133 133 133 134 134 134 134 134 134 134 135 135 135 135 136 136 136 136 136 137 136 137 137 137 137 138 138 138 138 138 138 138 138 138 138 138 138 138 138 138 139 139 139 139 139 139 139 139 139 139 139 139 140 140 140 140 140 140 140 140 141 141 141 141 141 141 141 140 140 140 140 141 141 141 141 141 141 141 141 141 141 141 141 142 142 142 142 142 142 142 142 142 143 143 142 142 143 142 143 143 143 143 143 143 143 143 143 143 143 143 143 143 144 144 144 144 144 144 144 144 144 144 144 144 144 144 144 144 145 145 145 145 145 145 145 145 145 145 145 145 145 146 146 146 146 146 146 146 146 146 146 146 146 146 146 146 146 145 145 145 145 146 147 147 147 147 148 147 147 147 147 147 147 147 147 147 147 147 147 147 147 147 147 147 147 147 147 147 148 148 148 149 148 148 148 148 148 149 149 149 149 149 149 149 149 149 149 149 149 149 149 149 149 149 150 149 148 148 148 148 148 149 149 149 148 148 149 149 149 149 149 149 149 149 149 149 149 149 149 149 149 149 149 149 149 150 150 149 149 149 149 149 149 149 149 149 149 149 149 149 149 149 149 149 149 149 149 149 149 149 149 149 149 149 149 149 149 149 150 150 150 150 150 150 0 0 0 0 0 0 0 0 0 0 0 0 0 0 0 0 0 0 0 0 0 0 0 0 0 0 0 0 0 0 0 0 0 0 0 0 0 0 0 0 0 0 0 0 
0 0 0 0 0 0 0 0 0 0 0 0 0 0 0 0 0 0 0 0 0 0 0 0 0 0 0 0 0 0 0 0 0 0 0 0 0 0 0 0 0 0 0 0 0 0 0 0 0 0 0 0 0 0 0 0 0 0 0 0 0 0 0 0 0 0 0 0 114 114 114 114 115 116 116 116 116 116 116 116 117 118 119 119 119 119 119 119 119 119 120 121 121 120 121 120 120 121 121 122 123 123 123 122 122 122 122 122 123 124 123 123 123 124 123 124 124 124 125 124 125 125 125 125 125 124 125 125 126 126 126 127 127 127 127 127 126 127 127 128 128 128 129 129 129 129 129 129 130 130 129 130 130 130 130 131 131 131 131 131 131 131 131 131 131 131 131 132 132 132 132 133 133 133 133 133 133 133 133 134 134 134 134 135 134 134 134 135 135 135 135 136 136 136 136 137 137 137 137 137 137 138 138 137 137 137 137 137 138 138 138 138 138 138 138 138 138 139 139 139 139 139 140 140 140 139 139 140 140 140 140 140 140 140 140 141 141 141 141 141 141 141 140 140 140 140 141 141 141 141 141 141 141 141 141 141 141 141 142 142 142 142 142 142 142 142 142 142 143 142 143 142 142 143 143 143 143 143 143 143 143 143 143 144 144 144 144 144 144 144 144 144 144 144 144 144 144 144 144 144 144 144 145 145 145 145 145 145 145 145 145 145 145 145 145 145 145 146 146 146 146 146 146 146 146 146 146 146 146 146 146 146 145 145 145 146 146 147 147 148 148 148 147 147 147 147 147 147 147 147 147 147 147 147 148 148 147 147 147 148 148 148 148 148 148 148 149 149 148 148 149 149 149 149 149 150 149 149 149 149 149 149 149 149 149 149 149 149 149 149 150 150 149 148 149 149 149 150 150 149 148 148 149 149 149 149 149 149 149 149 149 150 150 150 149 149 149 149 149 149 150 150 150 150 150 150 150 150 150 149 149 149 149 149 149 149 149 149 149 149 150 150 150 149 149 149 149 149 149 149 149 149 149 150 150 150 150 150 0 0 0 0 0 0 0 0 0 0 0 0 0 0 0 0 0 0 0 0 0 0 0 0 0 0 0 0 0 0 0 0 0 0 0 0 0 0 0 0 0 0 0 0 0 
0 0 0 0 0 0 0 0 0 0 0 0 0 0 0 0 0 0 0 0 0 0 0 0 0 0 0 0 0 0 0 0 0 0 0 0 0 0 0 0 0 0 0 0 0 0 0 0 0 0 0 0 0 0 0 0 0 0 0 0 0 0 0 0 0 0 0 0 0 0 114 114 114 115 115 115 116 116 116 117 117 118 118 119 119 119 119 119 119 120 120 121 121 121 121 121 121 121 121 122 122 123 123 122 122 122 122 122 123 123 123 123 123 123 123 124 124 124 125 125 125 125 125 125 125 124 124 125 126 126 127 127 127 127 127 128 127 127 127 128 128 128 128 128 129 129 129 129 129 129 129 130 130 130 131 131 131 131 131 131 130 130 131 131 131 131 132 132 132 132 132 132 132 133 133 133 133 133 133 133 134 134 134 135 135 135 135 135 135 135 135 135 135 136 136 136 137 137 137 137 137 137 137 137 137 137 138 137 138 138 138 138 138 138 138 138 139 139 139 139 139 139 139 140 139 139 139 140 140 140 140 140 140 141 141 141 141 141 141 141 141 141 140 140 140 141 141 141 141 141 141 141 141 141 141 141 141 141 142 142 142 142 142 142 142 142 142 142 142 143 143 143 143 143 143 143 143 143 143 143 143 143 143 143 143 144 144 144 144 144 144 144 144 144 144 144 144 144 144 144 144 144 145 145 145 145 145 145 145 145 145 145 145 145 145 146 146 146 146 146 146 146 146 146 146 146 146 146 146 146 145 145 145 145 145 146 147 147 147 147 148 147 147 147 147 147 147 147 147 147 147 147 147 147 147 148 148 148 148 148 148 148 149 149 148 149 149 149 149 149 149 149 149 149 149 150 149 149 149 149 149 149 149 149 149 149 149 149 149 149 149 150 150 149 149 149 149 149 150 149 148 148 149 149 149 149 149 149 149 149 149 150 150 150 150 149 149 149 149 149 149 150 150 150 150 150 150 150 150 150 150 150 150 150 149 150 150 149 149 149 149 149 149 149 149 149 150 150 149 149 150 149 150 150 150 150 0 0 0 0 0 0 0 0 0 0 0 0 0 0 0 0 0 0 0 0 0 0 0 0 0 0 0 0 0 0 0 0 0 0 0 0 0 0 0 0 0 0 0 0 0 0 0 
0 0 0 0 0 0 0 0 0 0 0 0 0 0 0 0 0 0 0 0 0 0 0 0 0 0 0 0 0 0 0 0 0 0 0 0 0 0 0 0 0 0 0 0 0 0 0 0 0 0 0 0 0 0 0 0 0 0 0 0 0 0 0 0 0 0 0 0 0 0 0 114 114 114 115 115 115 116 116 116 116 117 118 118 119 119 118 119 120 120 121 121 121 121 122 122 122 123 123 123 123 124 124 123 123 123 123 123 123 124 124 124 124 124 125 124 125 125 126 126 126 126 126 126 126 126 126 125 126 127 127 128 128 128 128 128 129 128 128 128 128 128 128 128 128 129 129 129 129 130 129 130 130 131 131 131 131 131 131 131 131 131 131 131 131 131 132 132 132 132 132 132 132 133 133 133 133 133 133 133 134 134 134 135 135 135 135 135 135 135 135 135 137 136 137 137 137 138 138 138 138 138 138 138 138 139 139 138 139 139 139 139 139 139 139 139 140 140 140 140 140 140 140 140 140 140 140 140 141 141 141 141 141 141 142 142 142 142 142 142 142 142 141 141 141 141 141 141 141 141 141 142 142 142 142 142 142 142 142 142 142 142 142 142 142 142 142 142 143 143 143 143 143 143 143 143 144 144 143 143 144 144 144 144 144 144 144 144 144 144 145 144 144 144 145 145 145 145 145 145 145 145 145 145 145 145 145 145 145 146 145 146 145 146 146 146 146 146 146 147 146 146 146 146 146 146 147 147 147 146 146 146 146 146 146 146 147 147 148 148 148 148 148 148 148 148 148 148 148 148 148 148 148 148 148 148 148 149 149 149 149 149 149 149 149 149 150 149 149 150 150 149 149 149 150 150 150 149 149 149 149 149 149 149 149 149 149 150 149 149 149 149 150 150 150 149 149 150 150 149 149 149 149 150 150 149 150 150 150 150 150 150 150 151 150 150 150 150 150 150 150 150 150 150 150 150 150 150 150 150 150 150 150 150 150 150 150 150 150 150 150 150 150 150 150 150 150 150 150 150 150 150 150 150 150 150 0 0 0 0 0 0 0 0 0 0 0 0 0 0 0 0 0 0 0 0 0 0 0 0 0 0 0 0 0 0 0 0 0 0 0 0 0 0 0 0 0 0 0 0 0 0 0 
0 0 0 0 0 0 0 0 0 0 0 0 0 0 0 0 0 0 0 0 0 0 0 0 0 0 0 0 0 0 0 0 0 0 0 0 0 0 0 0 0 0 0 0 0 0 0 0 0 0 0 0 0 0 0 0 0 0 0 0 0 0 0 0 0 0 0 0 0 0 0 0 114 114 115 115 115 116 116 116 116 116 117 118 119 119 118 119 120 120 121 121 121 121 122 122 122 123 123 123 123 124 124 124 124 124 123 123 124 124 124 124 124 124 124 125 125 125 126 126 126 127 126 126 126 126 126 126 126 126 127 127 128 128 128 128 128 128 128 128 128 128 128 128 129 129 129 129 129 129 129 129 130 130 131 131 131 131 131 131 131 131 131 131 131 131 131 132 132 132 132 132 132 133 133 134 134 133 134 134 133 134 134 134 135 135 135 135 135 135 135 136 137 137 137 137 137 137 137 138 138 139 138 138 139 139 139 138 139 140 140 139 139 139 139 139 139 140 140 140 140 140 140 140 140 140 140 140 140 141 141 141 141 141 141 142 142 142 142 142 142 142 141 141 141 141 141 141 141 141 141 142 142 142 142 142 142 142 142 142 142 142 142 142 142 142 142 142 143 143 143 143 143 143 143 143 144 144 144 143 143 144 144 144 144 144 144 144 144 144 145 145 145 145 145 145 145 145 145 145 145 145 145 145 145 145 145 145 146 145 146 145 146 146 146 146 146 146 146 146 146 146 146 146 146 146 146 147 147 146 146 146 146 146 146 147 147 147 148 148 148 149 148 148 148 148 148 148 149 149 148 148 148 148 148 148 148 148 149 149 149 149 149 149 149 150 150 149 149 150 150 150 149 150 150 150 150 150 149 149 149 149 149 149 149 149 149 149 149 149 150 150 149 149 150 149 149 149 150 150 150 149 149 150 150 150 150 150 150 150 150 150 150 150 151 150 150 150 150 150 150 150 150 150 150 150 150 150 150 150 150 150 150 150 150 150 150 150 150 150 150 150 150 150 150 150 150 150 150 150 150 150 150 150 150 150 151 0 0 0 0 0 0 0 0 0 0 0 0 0 0 0 0 0 0 0 0 0 0 0 0 0 0 0 0 0 0 0 0 0 0 0 0 0 0 0 0 0 0 0 0 0 0 
0 0 0 0 0 0 0 0 0 0 0 0 0 0 0 0 0 0 0 0 0 0 0 0 0 0 0 0 0 0 0 0 0 0 0 0 0 0 0 0 0 0 0 0 0 0 0 0 0 0 0 0 0 0 0 0 0 0 0 0 0 0 0 0 0 0 0 0 0 0 0 0 114 114 114 115 115 0 0 0 116 117 117 117 117 118 118 118 119 119 120 121 121 121 122 122 122 123 123 123 123 123 123 123 124 124 124 124 124 125 125 125 125 125 125 125 125 126 126 126 126 126 127 127 126 126 126 126 127 127 126 127 127 127 127 128 128 128 128 128 129 129 129 129 129 129 129 129 129 129 130 130 130 130 130 131 131 131 131 131 131 131 132 132 132 132 133 133 133 132 133 133 133 133 134 134 134 134 134 134 134 134 134 134 135 135 135 135 135 135 135 136 137 137 137 137 137 137 137 138 138 138 138 138 138 139 139 139 139 140 140 139 139 139 139 139 140 139 139 140 140 140 140 140 141 140 140 141 141 141 141 142 141 142 142 142 142 142 142 142 142 142 141 141 141 141 141 141 141 141 141 142 142 142 142 142 142 142 142 142 142 142 142 142 142 142 142 142 142 143 143 143 143 143 143 143 143 144 144 144 144 144 144 144 144 144 144 144 144 144 144 145 145 145 145 145 145 145 145 145 145 145 145 145 145 145 145 145 145 146 146 146 146 146 146 146 146 146 147 147 147 146 146 146 146 147 147 147 147 147 147 146 146 147 147 147 147 148 148 148 148 149 149 149 149 149 149 149 149 149 149 149 149 149 149 149 149 149 149 149 149 149 149 149 149 149 150 150 149 150 150 150 150 150 150 150 150 150 149 149 149 150 150 150 150 149 149 149 149 149 150 150 149 149 149 149 149 149 149 150 150 150 149 149 150 150 150 150 150 150 151 150 150 150 150 150 150 150 150 150 150 150 150 150 150 150 150 150 150 150 150 150 150 150 150 150 150 150 150 150 150 150 150 150 151 151 151 151 150 150 150 150 150 150 150 150 0 0 0 0 0 0 0 0 0 0 0 0 0 0 0 0 0 0 0 0 0 0 0 0 0 0 0 0 0 0 0 0 0 0 0 0 0 0 0 0 0 0 0 0 0 0 0 
0 0 0 0 0 0 0 0 0 0 0 0 0 0 0 0 0 0 0 0 0 0 0 0 0 0 0 0 0 0 0 0 0 0 0 0 0 0 0 0 0 0 0 0 0 0 0 0 0 0 0 0 0 0 0 0 0 0 0 0 0 0 0 0 0 0 0 0 0 0 0 0 0 0 114 114 0 0 0 0 116 117 117 117 116 117 118 119 118 119 119 120 120 121 121 122 122 122 123 123 123 123 123 123 124 124 124 125 125 125 125 125 125 125 125 125 126 126 126 126 125 126 126 126 126 126 126 126 127 127 127 127 127 127 127 128 128 129 129 129 129 129 130 130 129 130 130 130 129 130 130 130 130 130 130 130 131 131 131 131 131 132 132 133 133 133 133 133 134 134 133 133 134 134 134 134 134 134 134 134 134 134 134 134 134 135 135 135 135 136 135 136 136 137 137 137 137 137 137 138 138 138 139 139 139 139 140 139 140 140 140 139 140 140 140 140 139 139 140 140 140 140 140 140 140 141 141 141 141 141 141 142 142 142 142 142 142 142 142 142 142 142 141 141 141 141 141 141 141 141 141 142 142 142 142 142 142 142 142 142 142 142 142 142 142 142 143 143 143 143 143 143 143 143 143 143 143 143 144 144 144 144 144 144 144 144 144 144 144 144 145 145 145 145 145 145 145 145 145 145 145 145 145 145 145 145 145 145 146 146 146 146 146 146 146 146 146 146 146 147 147 146 146 146 147 147 146 146 147 147 147 147 147 147 147 147 147 148 148 149 149 149 149 149 149 149 149 149 149 149 149 149 150 149 150 149 150 149 149 149 149 149 149 149 149 149 150 150 149 149 150 150 150 150 150 150 150 150 150 149 149 150 150 150 150 150 149 149 149 149 149 149 149 149 149 149 149 149 149 150 150 150 150 150 150 150 150 150 150 150 151 151 150 150 150 150 150 150 150 150 150 150 150 150 150 150 150 150 150 150 151 151 150 150 150 150 150 150 150 150 150 150 151 151 151 151 151 151 151 151 151 151 151 150 150 151 0 0 0 0 0 0 0 0 0 0 0 0 0 0 0 0 0 0 0 0 0 0 0 0 0 0 0 0 0 0 0 0 0 0 0 0 0 0 0 0 0 0 0 0 0 0 0 
0 0 0 0 0 0 0 0 0 0 0 0 0 0 0 0 0 0 0 0 0 0 0 0 0 0 0 0 0 0 0 0 0 0 0 0 0 0 0 0 0 0 0 0 0 0 0 0 0 0 0 0 0 0 0 0 0 0 0 0 0 0 0 0 0 0 0 0 0 0 0 0 0 0 0 0 0 0 0 116 116 117 117 116 117 118 118 120 120 120 120 121 121 121 122 122 122 122 122 123 123 123 123 123 124 124 124 125 125 125 125 126 125 125 125 125 125 125 125 125 126 126 126 126 126 126 127 127 127 127 127 127 128 127 127 128 128 129 129 129 129 130 130 130 130 130 130 130 130 130 130 130 130 130 130 130 131 131 131 132 132 132 133 133 133 133 133 133 133 134 134 134 134 134 134 133 134 134 134 134 134 134 134 134 134 134 135 135 135 136 135 135 136 136 137 137 137 138 138 138 138 138 139 139 140 140 140 140 140 139 139 139 139 139 139 139 139 140 140 140 140 140 140 140 140 141 141 141 142 141 141 142 142 142 142 142 142 142 142 142 143 143 141 141 141 141 141 141 141 141 141 142 142 142 142 142 142 142 142 142 142 142 142 142 142 142 143 143 143 143 143 143 143 143 143 143 143 143 143 144 144 144 144 144 144 144 144 144 145 145 145 145 145 145 145 145 145 145 145 145 145 145 145 145 145 145 145 146 146 146 146 146 146 145 146 146 146 146 146 146 146 146 146 146 146 146 146 147 147 147 147 147 147 147 147 147 148 148 149 149 149 149 149 149 149 150 149 149 149 149 149 150 150 150 150 150 149 149 149 149 149 149 149 149 149 150 149 149 149 149 150 150 150 150 150 150 150 151 150 150 149 149 149 150 150 150 149 149 149 150 150 150 149 149 149 149 149 149 150 150 150 150 150 150 150 150 150 150 150 150 151 151 150 150 150 150 150 150 150 150 150 150 150 150 150 150 150 150 150 151 151 151 150 150 150 150 150 150 150 150 150 150 150 151 151 151 151 150 150 151 151 151 151 151 151 151 0 0 0 0 0 0 0 0 0 0 0 0 0 0 0 0 0 0 0 0 0 0 0 0 0 0 0 0 0 0 0 0 0 0 0 0 0 0 0 0 0 0 0 0 0 0 0 
0 0 0 0 0 0 0 0 0 0 0 0 0 0 0 0 0 0 0 0 0 0 0 0 0 0 0 0 0 0 0 0 0 0 0 0 0 0 0 0 0 0 0 0 0 0 0 0 0 0 0 0 0 0 0 0 0 0 0 0 0 0 0 0 0 0 0 0 0 0 0 0 0 0 0 0 0 0 115 116 116 116 116 117 117 117 118 119 119 120 120 121 121 121 121 121 122 122 122 123 123 123 123 123 123 123 123 124 125 125 125 125 125 125 126 126 125 125 125 125 125 125 125 126 126 126 127 127 127 128 127 128 128 128 128 128 128 129 129 129 130 130 130 131 131 131 130 130 130 131 131 130 130 130 130 130 131 131 132 132 132 133 133 133 133 133 133 133 133 134 134 134 134 134 134 134 134 134 134 134 135 135 134 134 134 134 135 135 135 135 135 135 136 136 137 137 137 138 138 138 138 138 138 138 139 139 139 140 140 139 139 139 139 139 139 139 140 140 140 140 140 140 140 140 140 141 141 141 142 142 142 142 142 142 142 142 142 142 142 142 142 142 141 141 141 141 141 141 141 142 142 141 141 141 142 142 141 141 142 142 142 142 142 142 142 142 143 143 143 143 143 143 143 143 143 143 143 143 143 143 144 144 144 144 144 144 144 144 145 145 145 145 145 145 145 145 145 145 145 145 145 145 145 145 145 145 145 146 146 146 146 146 146 146 146 146 146 146 146 146 146 146 146 146 146 146 147 147 147 147 147 147 147 147 148 148 148 148 149 149 149 150 149 150 150 150 150 150 150 150 150 150 149 149 149 150 149 149 149 149 150 150 150 150 150 150 149 150 150 150 150 150 150 150 150 150 150 150 149 149 149 149 149 149 150 150 149 149 149 149 150 150 150 149 149 148 149 149 150 150 150 150 150 151 150 150 150 150 150 150 150 151 151 150 150 150 150 150 150 150 150 150 150 150 151 151 151 151 151 151 151 150 150 150 150 150 150 150 150 150 150 150 150 150 151 151 151 150 150 150 150 150 151 151 151 151 0 0 0 0 0 0 0 0 0 0 0 0 0 0 0 0 0 0 0 0 0 0 0 0 0 0 0 0 0 0 0 0 0 0 0 0 0 0 0 0 0 0 0 0 0 0 0 
0 0 0 0 0 0 0 0 0 0 0 0 0 0 0 0 0 0 0 0 0 0 0 0 0 0 0 0 0 0 0 0 0 0 0 0 0 0 0 0 0 0 0 0 0 0 0 0 0 0 0 0 0 0 0 0 0 0 0 0 0 0 0 0 0 0 0 0 0 0 0 0 0 0 0 0 0 0 0 0 0 116 117 117 118 118 118 118 118 119 119 120 121 122 122 122 122 122 123 123 123 123 123 123 122 123 123 123 124 124 125 125 125 125 125 126 126 126 126 125 125 126 126 126 126 126 127 127 127 128 128 128 128 128 128 128 128 128 129 130 130 130 130 131 131 131 131 131 131 131 131 131 131 131 131 131 131 132 132 132 133 133 133 133 133 133 133 133 133 133 134 134 134 133 134 134 134 134 134 134 134 135 135 135 135 135 135 135 135 135 135 135 137 137 137 138 138 138 138 138 138 138 138 138 139 139 139 140 140 140 140 140 139 140 140 140 140 140 140 140 140 141 141 140 140 141 141 141 141 142 142 142 142 141 142 142 142 142 142 142 142 142 141 141 141 141 141 141 141 142 142 142 142 141 142 142 142 142 142 142 142 142 142 142 142 143 143 143 143 143 143 143 143 143 143 144 144 143 143 143 144 144 144 144 144 144 144 144 144 144 144 145 145 145 145 145 145 145 145 145 145 145 145 145 145 145 146 146 146 146 146 146 146 146 146 146 146 146 146 146 146 147 147 147 147 147 147 147 147 147 147 147 147 147 147 147 148 148 148 148 149 149 149 149 150 150 150 150 150 150 150 150 150 149 149 149 149 150 150 150 150 150 150 150 150 150 150 150 150 150 150 149 149 149 149 149 149 149 149 150 149 149 149 149 150 150 150 150 150 150 150 150 150 150 149 149 149 149 150 150 150 150 150 150 151 150 150 150 150 150 150 151 151 150 150 150 150 150 150 150 150 150 150 150 150 151 151 151 151 151 151 151 150 150 150 150 150 150 150 150 150 150 150 150 151 151 151 151 151 151 150 151 151 151 151 0 0 0 0 0 0 0 0 0 0 0 0 0 0 0 0 0 0 0 0 0 0 0 0 0 0 0 0 0 0 0 0 0 0 0 0 0 0 0 0 0 0 0 0 0 0 0 0 
0 0 0 0 0 0 0 0 0 0 0 0 0 0 0 0 0 0 0 0 0 0 0 0 0 0 0 0 0 0 0 0 0 0 0 0 0 0 0 0 0 0 0 0 0 0 0 0 0 0 0 0 0 0 0 0 0 0 0 0 0 0 0 0 0 0 0 0 0 0 0 0 0 0 0 0 0 0 0 0 0 116 116 117 117 118 118 117 117 118 119 119 120 120 122 122 122 123 123 123 123 123 123 123 123 122 123 123 124 124 125 125 125 125 125 125 126 126 126 126 126 126 126 126 127 127 127 127 127 127 128 128 127 128 128 128 129 129 129 130 130 130 130 130 130 130 130 130 130 131 131 132 131 131 132 132 132 132 132 132 133 132 133 133 133 133 133 133 133 133 133 133 133 133 134 134 134 134 134 134 134 135 135 135 135 135 135 135 135 135 136 136 137 137 137 138 138 138 138 138 138 139 138 138 139 139 139 140 140 139 140 140 140 140 140 140 140 140 140 140 140 141 141 140 140 141 141 141 141 141 142 141 142 142 142 142 142 142 142 142 142 142 141 141 141 141 141 141 141 141 142 142 142 142 142 142 142 142 142 142 142 142 142 142 142 143 143 143 143 143 143 143 143 143 143 143 143 143 143 144 144 144 144 144 144 144 144 144 144 144 145 145 145 145 145 145 145 145 145 145 145 145 145 146 145 146 146 146 146 146 146 146 146 146 146 146 146 146 146 147 146 147 146 146 147 147 147 147 147 147 147 147 147 146 146 146 147 147 147 147 147 148 148 148 148 149 149 149 149 149 149 150 149 150 150 150 150 150 151 151 151 151 151 151 151 151 151 150 150 150 150 150 149 149 149 149 149 150 149 149 150 149 149 150 150 150 150 150 150 150 150 150 150 150 150 149 149 149 150 150 150 150 150 150 150 150 150 150 150 151 151 151 151 151 150 150 150 150 150 150 150 150 150 150 150 150 150 151 151 151 151 151 150 150 150 150 150 150 150 150 150 150 150 150 150 151 151 151 151 151 151 151 151 151 151 0 0 0 0 0 0 0 0 0 0 0 0 0 0 0 0 0 0 0 0 0 0 0 0 0 0 0 0 0 0 0 0 0 0 0 0 0 0 0 0 0 0 0 0 0 0 0 0 
0 0 0 0 0 0 0 0 0 0 0 0 0 0 0 0 0 0 0 0 0 0 0 0 0 0 0 0 0 0 0 0 0 0 0 0 0 0 0 0 0 0 0 0 0 0 0 0 0 0 0 0 0 0 0 0 0 0 0 0 0 0 0 0 0 0 0 0 0 0 0 0 0 0 0 0 0 0 0 0 0 0 116 116 117 117 117 118 118 119 119 119 118 119 120 120 120 121 122 123 123 123 122 122 122 122 124 124 124 124 125 125 125 125 125 126 126 125 125 126 126 126 126 127 126 127 126 126 127 127 127 127 127 128 128 129 129 129 129 129 130 130 130 130 130 130 130 130 130 131 131 131 131 131 131 132 132 132 132 132 132 132 132 133 133 133 133 134 133 134 134 134 134 133 133 134 134 134 134 134 134 135 135 135 135 135 135 136 136 136 136 136 137 137 138 138 138 138 138 138 138 138 138 138 139 139 139 139 139 139 140 139 140 140 140 140 140 140 140 141 141 141 141 140 141 141 141 141 141 141 141 141 141 141 142 142 142 142 142 142 142 142 141 141 141 141 141 141 141 141 142 142 142 142 142 142 142 142 142 142 142 142 142 142 142 143 143 143 143 143 143 143 143 143 143 143 143 143 144 144 144 144 144 144 144 144 144 144 144 144 144 145 145 145 145 145 145 145 145 145 145 145 145 146 146 146 146 146 146 146 146 146 146 146 146 146 146 146 146 147 147 146 146 146 146 147 147 147 147 147 147 147 147 148 148 147 147 147 147 147 147 148 148 148 148 149 149 149 149 148 149 150 150 150 149 150 150 150 150 151 151 151 151 151 151 151 151 151 151 151 151 150 150 149 149 149 149 150 150 150 150 149 149 149 150 150 150 150 150 150 150 150 149 149 150 150 149 149 150 150 150 150 150 150 150 150 150 150 150 150 151 151 151 151 151 151 151 150 150 150 150 150 150 150 150 150 150 151 151 151 151 151 151 151 150 150 150 150 150 150 150 150 150 150 150 150 151 151 151 151 151 151 151 151 151 151 0 0 0 0 0 0 0 0 0 0 0 0 0 0 0 0 0 0 0 0 0 0 0 0 0 0 0 0 0 0 0 0 0 0 0 0 0 0 0 0 0 0 0 0 0 0 0 
0 0 0 0 0 0 0 0 0 0 0 0 0 0 0 0 0 0 0 0 0 0 0 0 0 0 0 0 0 0 0 0 0 0 0 0 0 0 0 0 0 0 0 0 0 0 0 0 0 0 0 0 0 0 0 0 0 0 0 0 0 0 0 0 0 0 0 0 0 0 0 0 0 0 0 0 0 0 0 0 0 0 0 116 116 117 117 118 118 118 119 118 118 119 120 119 119 120 121 121 121 122 122 122 122 122 123 123 124 124 124 125 125 125 126 126 126 126 125 125 125 126 126 126 127 127 126 126 127 127 127 127 127 128 128 129 128 128 128 129 129 130 129 129 130 130 130 130 131 131 131 131 132 131 132 132 132 132 132 132 132 132 132 133 133 133 133 133 133 134 134 134 134 133 133 134 134 134 134 134 134 135 135 135 135 135 135 136 136 136 136 136 137 138 138 138 138 138 138 138 138 139 138 139 139 139 139 140 139 139 139 140 140 140 140 140 140 140 140 140 140 140 140 140 141 141 141 141 141 141 141 141 141 141 141 142 142 142 142 142 142 142 141 141 141 141 141 141 141 141 141 142 142 142 142 142 142 142 142 142 142 142 142 142 143 143 143 143 143 143 143 143 143 143 143 143 144 144 144 144 144 144 144 144 144 144 144 144 144 144 145 145 145 145 145 145 145 145 145 145 145 145 145 146 146 146 146 146 146 146 146 146 146 146 146 146 146 146 146 147 147 147 146 146 146 146 146 146 147 147 147 147 147 147 147 148 148 148 147 147 147 147 147 148 149 148 148 148 149 149 149 150 150 150 149 150 150 150 150 150 151 151 151 151 151 151 151 151 151 151 151 151 150 149 149 149 149 149 150 150 150 150 149 149 149 150 150 150 150 150 150 150 150 149 149 150 150 150 150 150 150 150 150 150 150 150 150 150 150 150 151 151 151 151 151 151 151 151 150 150 150 150 150 150 150 150 151 151 151 151 151 151 151 151 150 150 150 150 150 150 150 150 150 150 150 151 151 151 150 151 151 151 151 151 151 151 0 0 0 0 0 0 0 0 0 0 0 0 0 0 0 0 0 0 0 0 0 0 0 0 0 0 0 0 0 0 0 0 0 0 0 0 0 0 0 0 0 0 0 0 0 0 0 
0 0 0 0 0 0 0 0 0 0 0 0 0 0 0 0 0 0 0 0 0 0 0 0 0 0 0 0 0 0 0 0 0 0 0 0 0 0 0 0 0 0 0 0 0 0 0 0 0 0 0 0 0 0 0 0 0 0 0 0 0 0 0 0 0 0 0 0 0 0 0 0 0 0 0 0 0 0 0 0 0 0 0 0 116 116 116 117 117 118 119 118 118 118 119 120 119 119 120 120 121 122 123 123 122 122 122 123 123 123 124 125 125 125 125 125 126 126 126 125 125 125 126 126 126 127 127 127 127 127 127 127 127 128 128 129 128 128 128 129 130 129 129 129 129 130 130 130 130 131 131 131 131 131 131 132 132 132 132 132 132 132 132 132 133 133 133 133 133 134 134 134 134 134 134 133 134 134 134 134 134 134 135 135 135 135 135 135 136 136 136 136 137 138 138 138 138 138 138 138 138 138 138 138 138 139 139 140 139 139 139 139 140 140 140 140 140 140 140 140 140 140 140 140 141 141 141 141 141 141 141 141 141 142 142 142 142 142 142 142 142 142 141 141 141 141 141 141 141 141 141 142 142 142 142 142 142 142 142 142 142 142 142 142 142 143 143 143 143 143 143 143 143 143 144 144 144 144 144 144 144 144 144 144 144 144 144 144 144 144 145 145 145 145 145 145 145 145 145 145 145 145 145 146 146 146 146 146 146 146 146 146 146 146 146 146 146 146 147 147 147 147 147 147 146 147 146 146 147 147 147 147 147 147 147 147 148 148 148 148 148 149 149 148 148 148 148 148 148 149 149 149 149 149 149 149 149 150 150 151 151 151 151 151 151 151 151 151 151 151 152 151 151 150 149 149 149 150 150 150 150 150 150 150 149 150 150 150 150 150 150 150 150 150 150 150 150 150 150 150 150 150 150 150 150 150 150 150 150 151 151 151 151 151 151 151 151 151 151 150 150 150 151 151 151 151 151 151 151 151 151 151 151 151 150 150 150 150 150 151 150 150 151 150 151 150 151 151 151 151 151 151 151 151 152 152 0 0 0 0 0 0 0 0 0 0 0 0 0 0 0 0 0 0 0 0 0 0 0 0 0 0 0 0 0 0 0 0 0 0 0 0 0 0 0 0 0 0 0 0 0 0 0 
0 0 0 0 0 0 0 0 0 0 0 0 0 0 0 0 0 0 0 0 0 0 0 0 0 0 0 0 0 0 0 0 0 0 0 0 0 0 0 0 0 0 0 0 0 0 0 0 0 0 0 0 0 0 0 0 0 0 0 0 0 0 0 0 0 0 0 0 0 0 0 0 0 0 0 0 0 0 0 0 0 0 0 0 0 0 0 0 0 117 118 118 0 0 118 119 119 120 120 120 121 122 123 123 123 123 122 122 123 124 124 124 124 125 125 125 125 125 126 126 126 126 126 126 126 127 127 127 127 127 127 127 127 128 128 128 128 128 129 129 129 130 129 129 129 130 130 130 130 131 131 131 131 132 132 132 132 132 132 132 132 132 132 132 132 133 133 133 133 133 134 134 134 134 134 134 134 134 134 134 134 134 135 135 135 135 135 135 136 136 136 136 138 138 138 138 138 138 138 138 138 138 138 138 138 139 139 139 139 139 139 139 139 139 140 140 140 140 140 140 140 140 141 141 141 141 141 141 141 141 141 141 142 142 142 142 142 142 142 142 142 142 140 140 141 141 141 141 141 141 142 142 142 142 142 142 142 142 142 142 142 142 142 142 142 143 143 143 143 143 143 143 143 144 143 143 143 144 144 144 143 144 144 144 144 144 144 144 144 144 144 145 144 145 144 144 145 145 145 145 145 145 145 146 146 146 146 146 146 146 146 146 146 146 146 146 147 147 146 146 147 147 147 147 146 147 147 147 147 147 147 148 148 148 148 148 147 147 148 148 148 149 149 149 148 148 148 148 149 149 149 149 149 149 150 150 150 150 150 150 151 151 151 151 151 151 151 152 152 152 152 151 151 150 149 149 149 149 150 150 150 151 150 150 150 150 150 150 150 150 150 150 150 150 150 150 150 150 150 150 150 150 150 150 150 150 150 150 150 151 151 151 151 151 151 151 151 151 151 151 150 151 151 151 151 151 151 151 151 151 151 151 150 150 150 150 150 151 151 151 151 151 151 151 151 151 151 151 151 151 151 151 152 152 152 152 152 0 0 0 0 0 0 0 0 0 0 0 0 0 0 0 0 0 0 0 0 0 0 0 0 0 0 0 0 0 0 0 0 0 0 0 0 0 0 0 0 0 0 0 0 0 0 
0 0 0 0 0 0 0 0 0 0 0 0 0 0 0 0 0 0 0 0 0 0 0 0 0 0 0 0 0 0 0 0 0 0 0 0 0 0 0 0 0 0 0 0 0 0 0 0 0 0 0 0 0 0 0 0 0 0 0 0 0 0 0 0 0 0 0 0 0 0 0 0 0 0 0 0 0 0 0 0 0 0 0 0 0 0 0 0 0 0 118 118 0 0 118 119 119 120 121 121 121 121 122 123 123 122 122 122 123 124 124 124 124 124 125 125 125 125 125 126 126 126 126 126 126 127 127 127 127 127 127 127 128 128 128 128 128 128 128 128 129 130 129 129 129 130 130 130 130 131 131 131 131 131 131 132 132 132 132 131 132 132 132 132 132 133 133 133 133 133 134 134 134 134 134 134 134 134 134 134 134 134 134 135 135 135 135 135 136 136 136 136 137 137 137 138 138 138 138 138 138 138 138 139 139 139 139 139 139 139 139 139 140 140 140 140 140 140 140 140 140 140 141 141 141 141 141 141 141 141 141 141 141 142 142 142 142 142 142 142 142 142 140 140 140 141 141 141 141 141 141 142 142 142 142 142 142 142 142 142 142 142 142 142 142 142 143 143 143 143 143 144 143 143 143 143 143 143 143 143 144 144 144 144 144 144 144 144 144 144 144 144 144 145 144 144 145 145 145 145 145 145 145 145 146 146 146 146 146 146 146 146 146 146 146 146 146 146 146 147 147 147 147 147 147 147 147 147 148 148 148 148 148 148 148 148 148 148 148 148 148 148 148 148 149 150 150 149 149 150 150 150 150 149 149 150 150 151 151 150 151 151 151 151 151 151 151 152 152 152 152 151 151 150 149 149 149 149 150 150 150 150 150 150 150 150 150 150 150 150 150 150 150 150 150 150 150 150 150 150 150 150 150 150 150 150 150 150 151 151 151 151 151 150 151 151 151 151 151 150 150 151 151 151 151 151 151 151 151 151 151 151 150 150 150 150 150 151 151 151 151 151 151 151 151 151 151 151 151 151 152 152 0 152 152 152 0 0 0 0 0 0 0 0 0 0 0 0 0 0 0 0 0 0 0 0 0 0 0 0 0 0 0 0 0 0 0 0 0 0 0 0 0 0 0 0 0 0 0 0 0 0 0 
0 0 0 0 0 0 0 0 0 0 0 0 0 0 0 0 0 0 0 0 0 0 0 0 0 0 0 0 0 0 0 0 0 0 0 0 0 0 0 0 0 0 0 0 0 0 0 0 0 0 0 0 0 0 0 0 0 0 0 0 0 0 0 0 0 0 0 0 0 0 0 0 0 0 0 0 0 0 0 0 0 0 0 0 0 0 0 0 0 0 117 117 0 0 118 119 119 119 120 120 120 121 122 122 123 123 123 122 123 123 124 124 125 125 124 125 125 125 126 125 126 126 126 126 126 127 127 127 127 127 127 127 127 128 128 128 128 128 128 129 129 130 130 130 130 130 130 130 130 131 131 131 131 131 131 132 132 132 132 132 132 132 132 132 132 132 133 133 133 133 133 134 134 134 134 134 134 134 134 134 134 134 134 135 135 135 135 135 136 136 136 136 137 137 137 137 137 138 138 138 138 138 138 139 139 139 139 139 139 139 139 139 139 140 140 140 140 140 140 140 140 141 141 141 141 141 141 141 141 141 141 141 141 142 142 142 142 142 142 143 142 142 140 140 141 141 141 141 141 141 141 142 142 142 142 142 142 142 142 142 142 142 142 143 142 143 143 143 143 143 143 143 143 143 143 144 143 144 143 144 144 144 144 144 144 144 144 144 144 144 144 144 144 144 144 145 145 145 145 145 145 145 145 145 145 146 146 146 146 146 146 146 146 146 146 146 146 146 146 146 146 147 147 147 146 147 147 148 147 147 147 148 148 148 148 148 148 149 148 149 149 149 149 149 149 149 149 150 150 150 150 150 150 150 150 150 150 151 151 151 151 151 151 151 151 151 151 151 152 152 152 151 151 151 150 149 149 149 150 150 150 150 150 150 150 150 151 150 150 150 150 150 150 150 150 150 150 150 150 150 150 150 150 150 150 150 150 150 151 151 151 151 151 151 150 151 151 151 150 150 150 151 151 151 151 151 151 151 151 151 150 150 150 151 151 151 151 151 151 151 151 151 151 151 151 151 152 152 152 0 0 0 0 0 0 0 0 0 0 0 0 0 0 0 0 0 0 0 0 0 0 0 0 0 0 0 0 0 0 0 0 0 0 0 0 0 0 0 0 0 0 0 0 0 0 0 0 0 0 0 0 0 0 
0 0 0 0 0 0 0 0 0 0 0 0 0 0 0 0 0 0 0 0 0 0 0 0 0 0 0 0 0 0 0 0 0 0 0 0 0 0 0 0 0 0 0 0 0 0 0 0 0 0 0 0 0 0 0 0 0 0 0 0 0 0 0 0 0 0 0 0 0 0 0 0 0 0 0 0 0 0 0 0 0 0 0 0 0 0 0 0 0 0 0 0 0 0 0 0 0 119 120 120 121 121 122 121 122 123 123 122 122 123 123 124 125 125 125 125 125 125 126 126 126 126 126 126 126 127 127 127 127 127 127 127 128 128 128 128 128 128 128 129 129 129 130 130 130 130 130 130 130 130 131 131 131 131 132 132 132 132 132 132 132 132 132 132 133 133 133 133 133 133 134 134 134 134 134 135 135 135 135 134 135 134 135 135 135 135 135 135 135 135 136 136 137 137 138 137 138 138 138 138 138 138 138 138 139 139 139 139 139 139 139 139 139 139 139 139 140 140 140 140 140 141 141 141 141 141 141 141 141 142 141 141 141 142 142 142 142 142 143 143 143 142 140 141 141 141 141 141 141 141 141 141 142 142 142 142 142 142 142 142 142 142 142 143 143 143 143 143 143 143 143 143 143 143 143 144 144 144 144 144 144 144 144 144 144 144 144 144 144 144 144 144 144 145 145 145 145 145 145 145 145 145 145 145 145 146 146 146 146 146 146 146 146 146 147 147 147 147 147 147 147 147 147 147 147 147 147 147 147 147 147 148 148 148 148 148 148 149 149 149 149 150 150 150 149 149 149 150 150 150 150 150 151 151 151 150 150 151 151 151 151 151 151 151 151 151 151 151 152 152 152 151 151 151 150 149 149 149 150 150 150 150 150 151 151 151 151 151 150 150 150 150 150 150 150 151 151 150 150 150 150 150 150 150 150 150 150 150 151 151 151 151 151 151 151 151 151 150 150 150 150 151 151 151 151 151 151 151 151 150 151 151 151 151 151 151 151 151 151 151 151 151 151 151 151 152 0 0 0 0 0 0 0 0 0 0 0 0 0 0 0 0 0 0 0 0 0 0 0 0 0 0 0 0 0 0 0 0 0 0 0 0 0 0 0 0 0 0 0 0 0 0 0 0 0 0 0 0 0 0 0 0 0 
0 0 0 0 0 0 0 0 0 0 0 0 0 0 0 0 0 0 0 0 0 0 0 0 0 0 0 0 0 0 0 0 0 0 0 0 0 0 0 0 0 0 0 0 0 0 0 0 0 0 0 0 0 0 0 0 0 0 0 0 0 0 0 0 0 0 0 0 0 0 0 0 0 0 0 0 0 0 0 0 0 0 0 0 0 0 0 0 0 0 0 0 0 0 0 0 119 119 119 119 120 121 121 121 122 123 123 122 122 123 124 124 125 125 125 125 125 125 125 126 126 126 126 126 126 126 127 127 127 127 127 127 128 128 128 128 128 128 128 129 129 130 130 130 130 130 130 131 131 130 130 131 131 131 131 131 131 132 132 132 132 132 132 132 132 133 133 133 133 133 133 133 134 134 134 134 135 135 135 135 135 135 134 135 135 135 135 135 135 136 136 136 137 137 137 137 138 138 138 138 138 138 138 138 138 139 139 139 139 139 139 139 139 139 139 140 140 140 140 140 140 140 141 141 141 141 141 141 141 141 142 142 142 142 142 142 142 142 142 142 142 142 141 141 141 141 141 141 141 141 141 141 141 142 142 142 142 142 142 142 142 142 142 143 143 143 143 143 143 143 143 143 143 143 143 144 144 144 144 144 144 144 144 144 144 144 145 144 144 144 144 144 144 145 145 145 145 145 145 145 145 145 145 145 145 146 146 146 146 146 146 146 146 146 146 147 147 147 147 147 147 147 147 147 147 147 147 147 147 148 148 147 148 148 148 148 148 149 149 149 150 150 150 150 150 150 150 150 150 150 149 150 150 151 151 151 151 151 151 151 151 151 151 151 151 151 151 152 152 152 152 152 151 151 151 150 149 149 149 150 150 150 150 151 151 151 151 151 151 151 151 150 150 150 151 151 151 151 150 150 150 150 150 150 151 150 150 150 151 151 151 151 151 151 151 151 151 151 150 150 151 151 151 151 151 151 151 151 150 150 151 151 151 151 151 152 152 152 152 151 151 151 151 152 152 152 152 0 0 0 0 0 0 0 0 0 0 0 0 0 0 0 0 0 0 0 0 0 0 0 0 0 0 0 0 0 0 0 0 0 0 0 0 0 0 0 0 0 0 0 0 0 0 0 0 0 0 0 0 0 0 0 0 
0 0 0 0 0 0 0 0 0 0 0 0 0 0 0 0 0 0 0 0 0 0 0 0 0 0 0 0 0 0 0 0 0 0 0 0 0 0 0 0 0 0 0 0 0 0 0 0 0 0 0 0 0 0 0 0 0 0 0 0 0 0 0 0 0 0 0 0 0 0 0 0 0 0 0 0 0 0 0 0 0 0 0 0 0 0 0 0 0 0 0 0 0 0 0 0 119 120 121 120 120 120 120 121 122 123 122 122 123 123 124 124 124 124 125 125 125 125 125 125 126 126 126 126 126 126 127 127 127 127 127 127 127 128 128 128 128 128 128 129 129 130 130 130 130 130 130 130 130 130 130 130 131 131 131 131 131 131 132 132 132 132 132 132 132 133 133 133 133 133 133 133 133 134 134 134 135 135 135 135 135 134 134 134 135 135 135 136 136 136 136 136 137 137 137 137 138 138 138 138 138 138 138 138 138 138 138 138 138 139 139 139 139 139 139 139 140 140 140 140 140 140 140 140 141 141 141 141 141 141 142 142 142 142 142 142 142 142 142 142 142 142 141 141 141 141 141 141 141 141 141 142 142 142 142 142 142 142 142 142 142 142 142 143 143 143 143 143 143 143 143 143 143 143 144 144 144 144 144 144 144 144 144 144 144 144 145 144 144 144 144 144 145 145 145 145 145 145 145 145 145 145 145 145 145 145 146 146 146 146 146 146 146 146 146 146 147 146 147 147 147 147 147 147 147 147 148 147 148 148 148 147 148 148 148 148 148 149 149 149 149 149 149 149 149 150 150 150 150 150 150 150 150 150 151 151 152 151 152 151 151 151 151 151 151 151 151 151 152 152 152 151 151 151 150 150 149 149 149 150 150 150 150 151 151 151 151 151 151 151 151 151 150 150 150 151 151 151 151 151 151 150 150 150 150 150 150 150 150 151 151 151 151 151 151 151 151 151 151 151 151 151 151 151 151 151 151 151 151 151 151 152 152 152 152 152 152 152 152 152 152 152 152 152 152 152 152 0 0 0 0 0 0 0 0 0 0 0 0 0 0 0 0 0 0 0 0 0 0 0 0 0 0 0 0 0 0 0 0 0 0 0 0 0 0 0 0 0 0 0 0 0 0 0 0 0 0 0 0 0 0 0 0 
0 0 0 0 0 0 0 0 0 0 0 0 0 0 0 0 0 0 0 0 0 0 0 0 0 0 0 0 0 0 0 0 0 0 0 0 0 0 0 0 0 0 0 0 0 0 0 0 0 0 0 0 0 0 0 0 0 0 0 0 0 0 0 0 0 0 0 0 0 0 0 0 0 0 0 0 0 0 0 0 0 0 0 0 0 0 0 0 0 0 0 0 0 0 0 0 0 119 121 121 121 120 120 121 122 122 122 122 123 123 123 123 124 124 125 125 125 125 125 125 125 126 126 126 126 126 126 126 127 127 127 127 127 128 128 128 129 129 129 129 129 130 130 130 130 130 130 130 130 130 130 130 130 130 131 131 131 131 132 132 132 132 132 132 132 133 133 133 133 133 133 133 133 134 134 134 134 135 135 135 135 135 134 134 135 135 135 135 136 136 136 136 137 137 137 137 138 138 138 138 138 139 139 139 139 139 139 138 138 138 138 139 139 139 139 139 140 140 140 140 140 141 140 140 141 141 141 141 141 141 142 142 142 142 142 142 142 142 142 142 142 142 141 141 141 141 141 141 141 141 141 142 142 142 142 142 142 142 142 142 142 142 143 143 143 143 143 143 143 144 144 144 143 144 144 144 144 144 144 144 144 144 144 144 144 144 144 144 144 144 144 144 145 145 145 145 145 145 145 145 145 145 145 145 145 145 145 146 146 146 146 146 146 147 146 146 146 146 147 147 147 147 147 147 148 148 148 148 148 148 148 148 148 148 148 148 148 149 149 149 149 149 150 150 150 150 150 150 150 150 150 151 151 150 151 151 151 151 151 151 151 151 152 151 151 151 151 151 151 151 151 151 151 150 150 150 150 149 150 150 150 150 150 151 151 151 151 151 151 151 151 151 151 151 150 151 151 151 151 151 151 151 151 151 151 151 151 151 151 151 151 150 151 151 151 151 151 151 151 151 151 151 151 151 151 151 151 151 152 151 152 152 152 152 152 152 152 152 152 152 152 152 152 152 152 152 0 0 0 0 0 0 0 0 0 0 0 0 0 0 0 0 0 0 0 0 0 0 0 0 0 0 0 0 0 0 0 0 0 0 0 0 0 0 0 0 0 0 0 0 0 0 0 0 0 0 0 0 0 0 0 0 0 
0 0 0 0 0 0 0 0 0 0 0 0 0 0 0 0 0 0 0 0 0 0 0 0 0 0 0 0 0 0 0 0 0 0 0 0 0 0 0 0 0 0 0 0 0 0 0 0 0 0 109 110 0 0 0 0 0 0 0 0 0 0 0 0 0 0 0 0 0 0 0 0 0 0 0 0 0 0 0 0 0 0 0 0 0 0 0 0 0 0 0 0 0 0 0 0 119 120 121 120 120 121 121 120 121 122 122 122 122 122 123 123 124 125 125 125 125 125 125 126 125 125 125 126 126 126 126 126 126 127 127 127 127 128 128 128 128 129 129 129 130 130 129 129 130 130 130 131 131 131 131 131 130 130 131 131 131 131 131 132 132 132 132 132 132 132 133 133 133 133 133 133 134 134 134 134 134 135 135 135 135 135 135 135 135 135 135 135 135 135 136 136 137 137 137 137 137 137 138 138 138 138 138 139 139 139 139 139 139 139 139 139 139 139 139 139 140 140 140 140 140 140 140 140 141 141 141 141 141 141 141 142 142 142 142 142 142 142 142 142 142 142 141 141 141 141 141 141 141 141 141 142 142 142 142 142 142 142 142 142 142 143 143 143 143 143 143 143 144 144 144 144 144 144 144 144 144 144 144 144 144 144 144 144 144 144 144 144 144 144 144 144 145 145 145 145 145 145 145 145 145 145 145 145 145 145 146 146 146 146 146 146 146 146 146 146 146 146 146 147 147 147 147 147 147 148 148 147 148 148 148 149 149 149 148 149 149 149 149 149 149 149 149 150 150 150 150 150 151 151 151 151 151 151 151 151 151 151 151 151 151 151 151 151 151 151 151 151 151 151 151 151 150 151 151 151 150 149 150 150 150 150 151 151 151 151 151 151 151 151 151 151 151 151 151 151 151 151 151 151 151 151 151 151 151 151 151 151 151 151 151 151 151 151 151 151 151 151 151 151 151 151 151 151 151 151 151 152 152 152 152 152 152 152 152 0 0 0 0 0 0 0 0 0 0 0 0 0 0 0 0 0 0 0 0 0 0 0 0 0 0 0 0 0 0 0 0 0 0 0 0 0 0 0 0 0 0 0 0 0 0 0 0 0 0 0 0 0 0 0 0 0 0 0 0 0 0 0 0 0 0 0 0 
0 0 0 0 0 0 0 0 0 0 0 0 0 0 0 0 0 0 0 0 0 0 0 0 0 0 0 0 0 0 0 0 0 0 0 0 0 0 0 0 0 0 0 0 0 0 0 0 0 0 109 112 111 0 0 0 0 0 0 0 0 0 0 0 0 0 0 0 0 0 0 0 0 0 0 0 0 0 0 0 0 0 0 0 0 0 0 0 0 0 0 0 0 118 119 118 119 120 120 121 121 122 121 121 121 121 121 122 122 123 123 124 124 124 125 125 125 125 125 125 125 125 125 125 126 126 127 127 126 126 127 127 127 128 128 128 128 128 129 129 129 129 129 129 130 130 130 130 131 131 131 131 131 131 131 131 131 131 131 131 131 132 132 132 132 132 132 133 133 133 133 133 134 134 134 134 134 134 135 135 135 135 135 135 135 135 136 136 135 135 135 136 137 137 137 137 137 137 137 138 138 138 138 138 139 139 139 139 140 139 139 139 140 140 140 140 140 140 140 140 140 141 141 141 141 141 141 141 141 141 141 141 142 142 142 142 142 142 142 142 142 142 141 141 141 141 141 141 141 141 141 141 142 142 142 142 142 142 142 142 143 143 143 143 143 143 143 144 144 144 144 144 144 144 144 144 144 144 144 144 144 144 144 144 144 144 144 144 144 144 144 144 145 145 145 145 145 145 145 145 145 146 146 146 146 146 146 146 146 146 146 146 146 146 146 146 146 146 146 146 147 147 147 147 147 147 147 148 148 148 149 149 149 149 149 149 149 149 149 149 150 150 149 150 150 150 150 150 151 151 151 151 151 151 151 152 151 151 151 151 151 151 151 151 152 152 152 152 151 151 151 151 151 152 151 150 150 150 150 150 150 150 151 151 151 151 151 151 151 151 151 151 151 151 151 151 151 151 151 151 151 151 151 151 152 152 151 151 151 151 151 151 151 151 151 151 151 151 152 151 151 151 151 151 151 151 151 152 152 152 152 0 0 0 0 0 0 0 0 0 0 0 0 0 0 0 0 0 0 0 0 0 0 0 0 0 0 0 0 0 0 0 0 0 0 0 0 0 0 0 0 0 0 0 0 0 0 0 0 0 0 0 0 0 0 0 0 0 0 0 0 0 0 0 0 0 0 0 0 0 0 0 0 
0 0 0 0 0 0 0 0 0 0 0 0 0 0 0 0 0 0 0 0 0 0 0 0 0 0 0 0 0 0 0 0 0 0 0 0 0 0 0 0 0 0 0 0 0 0 0 0 0 0 109 112 113 112 110 110 111 111 110 0 0 0 0 0 0 0 0 0 0 0 0 0 0 0 0 0 0 0 0 0 0 0 0 0 0 0 0 0 0 0 118 118 118 119 120 119 119 120 121 121 121 121 121 121 121 121 122 122 122 122 123 123 124 125 125 125 125 125 125 125 126 126 126 126 126 126 127 127 127 126 126 127 127 128 128 128 128 128 128 128 129 129 129 129 129 130 130 130 130 131 131 131 131 131 131 131 132 132 132 131 131 131 132 132 132 132 132 133 133 133 133 133 133 134 134 134 134 135 135 135 135 135 135 135 135 135 135 135 135 135 135 136 137 137 137 137 137 137 137 137 138 138 138 138 139 139 139 140 139 139 140 140 140 140 140 140 140 140 140 140 140 140 141 141 141 141 141 141 141 141 141 141 141 142 142 142 142 142 142 142 142 142 141 141 141 141 141 141 141 141 141 141 142 142 142 142 142 142 142 143 143 143 143 143 143 143 143 144 144 143 143 143 144 144 144 144 144 144 144 144 144 144 144 144 144 144 144 144 144 144 144 144 145 145 145 145 145 145 145 145 146 146 146 146 146 146 146 146 146 146 146 146 146 146 146 146 146 146 147 147 147 147 147 147 147 147 147 148 148 148 148 149 149 149 149 149 149 149 149 149 150 150 150 150 150 150 150 150 150 150 150 150 151 151 151 152 152 151 151 151 151 151 151 151 152 152 152 151 151 151 152 152 152 152 151 150 150 150 150 150 150 150 150 151 151 151 151 151 151 151 151 151 151 151 151 151 151 151 151 151 151 151 151 152 152 152 152 151 151 151 151 151 151 151 151 151 151 151 152 151 151 151 151 151 151 152 152 152 152 152 152 0 0 0 0 0 0 0 0 0 0 0 0 0 0 0 0 0 0 0 0 0 0 0 0 0 0 0 0 0 0 0 0 0 0 0 0 0 0 0 0 0 0 0 0 0 0 0 0 0 0 0 0 0 0 0 0 0 0 0 0 0 0 0 0 0 0 0 0 0 0 0 0 
0 0 0 0 0 0 0 0 0 0 0 0 0 0 0 0 0 0 0 0 0 0 0 0 0 0 0 0 0 0 0 0 0 0 0 0 0 0 0 0 0 0 0 0 0 0 0 0 0 0 109 111 113 113 112 111 113 113 113 112 111 0 0 0 0 0 0 0 0 0 0 0 0 0 0 0 0 0 0 0 0 0 0 0 0 0 0 0 0 0 118 118 119 119 120 120 120 121 121 121 121 121 121 121 121 122 122 122 122 122 122 123 124 124 125 125 125 125 125 126 126 126 126 127 127 127 127 127 127 127 127 127 127 127 128 128 128 128 128 128 129 129 129 129 129 130 130 130 130 130 131 131 131 131 131 131 131 132 132 132 132 131 131 132 132 132 132 133 133 133 133 133 133 134 134 134 134 134 134 135 134 135 135 135 135 135 135 136 136 136 136 136 137 137 137 137 138 138 138 137 138 138 138 138 139 139 139 139 139 139 139 139 140 140 140 140 140 140 140 140 140 140 141 141 141 141 141 141 141 141 141 141 141 141 142 142 142 142 142 142 142 143 141 141 141 141 141 141 141 141 142 142 141 142 142 142 142 142 142 142 143 143 143 143 143 143 143 143 144 144 143 143 143 144 144 143 144 144 144 144 144 144 144 144 144 144 144 144 145 145 144 145 145 145 145 145 145 145 145 145 146 146 146 146 146 146 146 146 146 146 146 146 146 146 146 146 146 146 147 147 147 147 147 147 148 148 148 148 148 148 148 149 149 148 148 148 149 149 150 150 150 150 150 150 150 150 150 151 151 151 151 151 151 151 151 151 152 151 151 151 151 151 152 152 152 152 151 152 152 152 152 152 152 152 151 150 150 150 150 150 150 150 150 151 151 151 151 151 151 151 151 151 151 151 151 151 151 151 151 151 151 151 151 152 152 152 152 151 152 152 151 151 151 151 151 151 151 151 152 152 151 151 151 151 151 152 152 152 152 152 152 0 0 0 0 0 0 0 0 0 0 0 0 0 0 0 0 0 0 0 0 0 0 0 0 0 0 0 0 0 0 0 0 0 0 0 0 0 0 0 0 0 0 0 0 0 0 0 0 0 0 0 0 0 0 0 0 0 0 0 0 0 0 0 0 0 0 0 0 0 0 0 0 
0 0 0 0 0 0 0 0 0 0 0 0 0 0 0 0 0 0 0 0 0 0 0 0 0 0 0 0 0 0 0 0 0 0 0 0 0 0 0 0 0 0 0 0 0 0 0 0 0 0 0 109 111 112 113 112 112 114 114 114 113 112 112 112 112 0 0 0 0 0 0 0 0 0 0 0 0 0 0 0 0 0 0 0 0 0 0 0 117 118 118 118 119 119 120 120 120 120 121 122 122 121 121 121 122 121 122 123 123 123 122 122 123 123 124 125 125 125 125 125 126 126 126 126 126 127 127 127 127 127 127 127 128 127 127 127 128 128 128 129 129 129 129 129 129 129 130 130 130 130 130 131 131 131 131 131 131 131 132 132 132 132 132 132 132 132 133 133 133 133 133 133 133 133 133 134 134 134 134 135 134 135 135 135 135 135 136 136 136 136 136 136 137 137 137 137 138 138 138 138 138 139 139 139 139 139 139 139 139 139 139 139 139 139 140 140 140 140 140 140 140 140 140 141 141 141 141 141 141 141 141 141 141 141 142 142 142 142 142 142 142 142 141 141 141 141 141 141 141 141 142 142 142 141 142 142 142 142 142 142 143 143 143 143 144 144 144 143 143 144 144 143 143 143 143 144 144 144 144 144 144 144 144 144 144 144 144 144 145 145 145 145 145 145 145 145 145 145 145 146 146 146 146 146 146 146 146 146 146 146 146 146 146 146 146 146 146 147 147 147 147 147 147 147 148 148 148 148 148 148 148 149 149 148 148 149 149 149 149 150 150 150 150 150 150 151 151 151 151 151 151 151 151 151 152 151 152 152 152 151 151 152 152 152 152 152 152 152 152 152 152 151 151 151 151 151 151 150 150 150 151 151 151 151 151 151 151 151 151 151 151 151 151 151 151 151 151 151 151 151 151 151 151 152 152 152 152 152 151 151 151 151 152 151 152 152 151 151 152 152 152 152 152 152 152 152 152 152 152 152 153 0 0 0 0 0 0 0 0 0 0 0 0 0 0 0 0 0 0 0 0 0 0 0 0 0 0 0 0 0 0 0 0 0 0 0 0 0 0 0 0 0 0 0 0 0 0 0 0 0 0 0 0 0 0 0 0 0 0 0 0 0 0 0 0 0 0 0 0 0 0 0 0 
0 0 0 0 0 0 0 0 0 0 0 0 0 0 0 0 0 0 0 0 0 0 0 0 0 0 0 0 0 0 0 0 0 0 0 0 0 0 0 0 0 0 0 0 0 0 0 0 0 0 0 0 110 111 112 112 113 114 115 115 114 114 114 114 113 112 0 0 0 0 0 0 0 0 0 0 0 0 0 0 0 0 0 0 0 0 117 117 118 118 118 118 119 119 119 120 120 120 120 121 121 121 121 121 122 122 122 123 123 122 123 123 123 124 124 125 125 125 125 125 125 126 126 126 126 126 126 126 127 127 127 128 128 128 128 127 127 128 128 128 129 129 129 129 129 129 130 129 130 130 130 130 130 131 131 131 131 131 131 131 132 132 132 132 132 132 133 133 133 133 133 133 133 133 133 134 134 134 134 134 135 135 135 135 135 135 135 135 135 135 136 136 137 137 137 137 138 138 139 138 138 139 139 139 139 139 139 139 139 139 139 139 139 139 139 139 140 140 140 140 140 140 141 141 141 141 141 141 141 141 141 141 141 142 142 142 142 142 142 142 142 142 141 141 141 141 141 141 141 141 141 142 142 142 141 142 143 143 143 143 143 143 143 143 144 143 144 143 143 143 143 143 143 143 143 144 144 144 144 144 144 144 144 144 144 144 144 144 145 145 145 145 145 145 145 145 145 145 145 146 146 146 146 146 146 146 146 146 146 146 146 146 146 146 146 146 147 147 147 147 146 147 147 147 147 148 148 148 148 148 149 148 148 148 148 148 149 149 149 149 150 150 150 150 150 150 150 151 151 151 151 151 151 152 151 151 151 152 152 151 151 152 151 152 152 152 152 152 151 151 151 151 151 151 151 150 150 150 150 151 151 151 151 151 151 151 151 152 151 151 151 151 151 151 151 151 151 151 151 151 151 151 152 152 152 152 152 152 152 152 151 152 152 152 152 152 152 152 152 152 152 152 152 152 152 152 152 152 152 152 153 153 0 0 0 0 0 0 0 0 0 0 0 0 0 0 0 0 0 0 0 0 0 0 0 0 0 0 0 0 0 0 0 0 0 0 0 0 0 0 0 0 0 0 0 0 0 0 0 0 0 0 0 0 0 0 0 0 0 0 0 0 0 0 0 0 0 0 0 0 0 0 0 
0 0 0 0 0 0 0 0 0 0 0 0 0 0 0 0 0 0 0 0 0 0 0 0 0 0 0 0 0 0 0 0 0 0 0 0 0 0 0 0 0 0 0 0 0 0 0 0 0 0 0 0 0 111 112 113 113 114 114 115 115 114 114 114 113 113 112 0 0 0 113 113 0 0 0 0 0 0 0 0 0 0 0 0 0 0 117 117 118 118 118 118 119 120 119 120 120 120 121 121 121 121 121 121 122 123 123 123 123 123 123 124 124 124 124 125 125 125 125 125 125 125 125 126 126 126 126 126 126 127 127 127 128 128 128 128 128 128 128 128 129 129 129 129 129 129 129 130 130 130 130 130 130 131 131 131 131 131 131 131 131 131 131 131 132 132 133 133 133 133 133 133 133 133 133 134 134 134 134 134 135 135 135 135 135 135 135 136 136 135 135 136 137 137 137 137 137 138 138 138 138 138 139 139 139 139 139 139 139 139 139 139 139 139 139 139 139 140 140 140 140 140 141 141 141 141 141 141 141 141 141 141 142 142 142 142 142 142 142 142 142 142 141 141 141 141 141 141 141 141 141 142 142 142 142 142 142 142 142 143 143 143 143 143 143 143 143 143 143 143 143 143 143 143 143 143 144 144 144 144 144 144 144 144 144 144 145 145 145 145 145 145 145 145 145 145 145 145 145 145 146 146 146 146 146 146 146 146 146 146 146 146 146 146 146 147 147 147 147 147 147 147 147 147 148 148 148 148 148 148 148 148 148 148 148 149 149 149 149 150 150 150 150 151 151 150 151 151 151 151 151 151 151 151 151 151 152 152 151 151 151 151 152 152 151 151 152 152 152 152 151 151 151 151 151 150 150 150 151 151 151 151 151 151 151 151 151 151 151 151 151 151 151 151 152 152 152 152 151 152 152 152 152 152 152 152 152 151 151 151 152 152 152 152 152 152 152 152 152 152 152 152 152 152 152 152 152 152 152 153 153 0 0 0 0 0 0 0 0 0 0 0 0 0 0 0 0 0 0 0 0 0 0 0 0 0 0 0 0 0 0 0 0 0 0 0 0 0 0 0 0 0 0 0 0 0 0 0 0 0 0 0 0 0 0 0 0 0 0 0 0 0 0 0 0 0 0 0 0 0 0 0 0 
0 0 0 0 0 0 0 0 0 0 0 0 0 0 0 0 0 0 0 0 0 0 0 0 0 0 0 0 0 0 0 0 0 0 0 0 0 0 0 0 0 0 0 0 0 0 0 0 0 0 0 0 111 112 113 113 114 114 114 115 115 114 114 113 113 114 115 115 114 115 115 115 114 114 114 115 115 115 115 115 115 115 116 116 116 117 117 117 118 118 118 118 119 119 119 120 120 120 120 121 121 121 121 121 122 122 123 123 123 123 124 123 124 125 125 125 125 125 125 125 125 125 125 125 126 126 126 126 126 127 127 127 127 128 128 128 128 128 128 128 128 129 129 129 129 129 129 130 130 130 130 130 130 131 131 131 132 132 132 132 132 131 131 131 131 132 132 133 133 133 133 133 134 133 133 134 134 134 134 134 135 135 135 135 135 135 136 136 136 136 136 136 137 137 137 137 137 138 138 138 138 138 139 139 140 139 139 139 139 139 139 139 139 140 139 139 140 140 140 140 140 141 141 141 141 141 141 141 141 141 141 141 142 142 142 142 142 142 142 142 142 143 141 141 141 141 141 141 141 142 141 142 142 142 142 142 142 142 142 142 143 143 143 143 143 143 143 143 143 144 143 143 143 143 143 143 143 144 144 144 144 144 144 144 144 144 145 145 145 145 145 145 145 145 145 145 145 145 145 145 145 146 146 146 146 146 146 146 146 146 146 146 146 146 147 147 147 147 147 147 147 147 147 147 148 148 148 147 148 148 148 148 148 148 148 149 149 149 150 150 150 150 150 150 151 151 151 151 151 151 151 151 151 151 152 152 152 151 151 151 151 151 152 152 151 151 151 151 152 151 151 151 150 151 151 150 150 151 151 151 151 151 151 151 151 151 151 151 151 152 151 151 151 151 152 152 152 152 152 152 152 151 152 152 152 152 152 152 152 152 152 152 152 152 152 152 152 152 152 152 152 152 152 152 152 152 153 153 152 153 153 0 0 0 0 0 0 0 0 0 0 0 0 0 0 0 0 0 0 0 0 0 0 0 0 0 0 0 0 0 0 0 0 0 0 0 0 0 0 0 0 0 0 0 0 0 0 0 0 0 0 0 0 0 0 0 0 0 0 0 0 0 0 0 0 0 0 0 0 0 0 0 0 
0 0 0 0 0 0 0 0 0 0 0 0 0 0 0 0 0 0 0 0 0 0 0 0 0 0 0 0 0 0 0 0 0 0 0 0 0 0 0 0 0 0 0 0 0 0 0 0 0 0 0 0 0 0 112 114 114 114 114 114 114 114 113 113 113 114 115 116 116 116 116 116 116 116 115 116 116 116 116 116 116 116 116 116 117 117 118 118 118 119 118 119 119 119 119 119 120 120 121 121 121 121 121 121 121 122 122 122 122 123 123 123 124 125 125 125 125 125 125 125 125 126 126 125 126 126 126 126 127 127 127 127 127 128 128 128 129 129 128 128 128 129 129 129 129 129 130 130 130 130 130 130 131 131 131 131 131 132 132 132 132 132 132 132 132 131 132 132 133 133 133 133 133 134 134 134 134 134 134 134 135 135 135 135 135 135 136 136 136 136 136 136 137 137 137 137 138 138 138 138 138 138 139 139 139 140 140 140 139 139 139 140 140 140 139 140 140 140 140 140 140 141 141 141 141 141 141 141 141 141 141 141 142 142 142 142 142 142 142 142 143 143 141 141 141 141 141 141 141 142 142 142 142 142 142 142 142 142 142 142 142 142 143 143 143 143 143 143 143 143 143 143 144 143 143 143 143 144 144 144 144 144 144 144 144 144 145 145 145 145 145 145 145 145 145 145 145 145 145 145 145 146 146 146 146 146 146 146 146 146 146 146 146 146 147 147 147 147 147 147 147 147 147 148 148 147 147 148 149 149 148 148 148 148 148 148 148 149 149 150 150 150 150 150 150 151 151 151 151 151 151 151 151 151 152 152 151 151 151 151 151 151 151 151 151 151 151 151 152 152 152 151 151 150 150 150 150 151 151 151 151 151 151 151 151 151 151 151 152 151 152 152 152 152 152 152 152 152 152 152 152 152 152 152 152 152 152 152 152 152 152 152 152 152 152 152 152 152 152 152 152 152 152 152 152 152 153 153 153 153 153 0 0 0 0 0 0 0 0 0 0 0 0 0 0 0 0 0 0 0 0 0 0 0 0 0 0 0 0 0 0 0 0 0 0 0 0 0 0 0 0 0 0 0 0 0 0 0 0 0 0 0 0 0 0 0 0 0 0 0 0 0 0 0 0 0 0 0 0 0 0 0 0 
0 0 0 0 0 0 0 0 0 0 0 0 0 0 0 0 0 0 0 0 0 0 0 0 0 0 0 0 0 0 0 0 0 0 0 0 0 0 0 0 0 0 0 0 0 0 0 0 0 0 0 0 0 0 0 113 113 113 114 114 114 113 113 113 113 114 114 115 116 116 117 117 117 117 117 117 118 117 117 117 117 117 117 117 117 118 118 117 118 118 119 119 119 119 119 119 120 120 120 121 121 121 122 122 121 122 122 122 122 123 123 123 124 125 125 125 126 126 125 125 125 125 126 126 126 126 126 126 127 127 127 127 128 128 128 128 128 129 128 128 128 128 129 129 129 129 130 130 130 130 130 130 131 131 131 131 131 131 132 132 132 132 132 132 132 132 132 132 132 133 133 134 133 134 134 134 134 134 134 134 134 135 135 135 135 135 136 136 136 136 136 136 137 137 137 138 138 138 138 138 138 138 139 139 139 139 139 139 140 139 140 140 140 140 140 140 140 140 140 140 140 141 141 141 141 141 141 141 141 141 141 141 142 142 142 142 142 142 142 142 143 143 141 141 141 141 141 141 141 142 142 142 142 143 143 142 142 142 142 142 142 143 143 143 143 143 143 143 143 143 144 143 143 143 143 143 143 143 144 144 144 144 144 144 144 144 145 145 145 145 145 145 145 145 145 145 145 145 145 145 145 145 146 146 146 146 146 146 146 146 146 146 146 147 147 147 147 147 147 147 147 147 148 148 147 147 148 148 149 149 149 149 149 149 149 149 149 150 150 150 150 150 150 150 150 150 151 151 151 151 151 151 151 151 151 151 151 150 150 151 151 151 151 151 151 150 151 151 151 151 151 151 151 151 150 150 151 151 151 151 151 151 151 151 151 151 151 151 151 152 152 152 152 152 152 152 152 152 152 152 152 152 152 152 152 152 152 152 152 152 152 152 152 152 152 152 152 152 152 152 152 152 152 152 153 153 153 153 153 153 153 0 0 0 0 0 0 0 0 0 0 0 0 0 0 0 0 0 0 0 0 0 0 0 0 0 0 0 0 0 0 0 0 0 0 0 0 0 0 0 0 0 0 0 0 0 0 0 0 0 0 0 0 0 0 0 0 0 0 0 0 0 0 0 0 0 0 0 0 0 0 0 0 
0 0 0 0 0 0 0 0 0 0 0 0 0 0 0 0 0 0 0 0 0 0 0 0 0 0 0 0 0 0 0 0 0 0 0 0 0 0 0 0 0 0 0 0 0 0 0 0 0 0 0 0 0 0 0 0 113 113 114 115 115 114 113 114 114 114 114 115 117 117 117 117 117 117 118 118 118 118 118 118 118 118 118 118 118 118 117 117 118 118 119 119 119 119 120 120 120 120 121 121 121 121 121 122 121 122 122 122 122 123 123 123 123 124 124 125 126 126 125 125 125 125 125 126 126 126 126 126 126 127 127 127 127 128 128 128 128 128 128 128 128 129 128 129 129 129 129 129 129 130 130 130 131 130 130 131 131 131 131 131 132 132 132 132 132 132 132 132 132 133 133 133 133 133 134 134 134 134 134 134 134 135 135 135 135 135 135 136 136 136 136 136 137 137 137 138 138 138 138 138 138 138 138 138 139 139 139 139 140 140 140 140 140 140 140 140 140 140 140 140 141 141 141 141 141 141 141 141 141 141 141 141 142 142 142 142 142 142 142 142 143 143 141 141 141 141 141 141 141 141 142 142 142 142 143 143 142 142 142 142 142 143 143 143 143 143 143 143 143 144 144 144 143 143 143 143 144 144 144 144 144 144 144 144 144 144 144 144 145 145 145 145 145 145 145 145 145 145 145 145 145 145 146 146 146 146 146 146 146 146 146 146 146 147 147 147 147 147 147 147 148 148 148 147 147 147 148 148 148 149 149 149 149 149 149 149 149 150 150 150 150 150 150 150 150 150 151 151 151 151 151 151 151 151 151 150 150 150 151 152 152 152 152 151 151 150 150 151 151 151 151 151 151 151 150 150 151 151 151 151 151 151 151 151 151 151 151 151 152 152 152 152 152 152 152 152 152 152 152 152 152 152 151 151 152 152 152 152 152 152 152 152 152 152 152 152 152 152 152 152 152 152 152 153 153 153 153 153 153 0 0 0 0 0 0 0 0 0 0 0 0 0 0 0 0 0 0 0 0 0 0 0 0 0 0 0 0 0 0 0 0 0 0 0 0 0 0 0 0 0 0 0 0 0 0 0 0 0 0 0 0 0 0 0 0 0 0 0 0 0 0 0 0 0 0 0 0 0 0 0 0 0 0 
0 0 0 0 0 0 0 0 0 0 0 0 0 0 0 0 0 0 0 0 0 0 0 0 0 0 0 0 0 0 0 0 0 0 0 0 0 0 0 0 0 0 0 0 0 0 0 0 0 0 0 0 0 0 0 0 0 114 115 116 116 115 115 115 115 115 116 116 117 117 117 117 117 118 118 118 118 118 119 119 119 118 118 118 117 117 118 118 118 118 119 119 119 119 120 120 120 120 120 120 121 121 122 121 122 122 122 123 123 123 123 124 124 124 125 125 126 126 125 125 125 125 125 126 126 126 126 127 126 127 127 127 127 127 128 128 128 128 128 128 128 129 128 129 129 129 130 130 129 130 130 131 131 131 130 130 131 131 131 132 132 132 132 132 132 132 132 132 132 132 133 133 133 133 134 134 134 134 134 134 135 135 135 135 135 135 135 136 136 136 136 136 137 137 138 138 138 138 138 138 138 138 138 138 139 139 139 139 139 140 140 140 140 140 140 140 140 140 140 140 140 141 141 141 141 141 141 141 141 141 141 141 141 142 142 142 142 142 142 142 143 143 141 141 141 141 141 141 141 141 141 142 142 143 143 143 142 142 142 142 143 143 143 143 143 143 143 143 143 144 144 144 144 143 143 144 144 144 144 144 144 144 144 144 144 144 144 145 145 145 145 145 145 145 145 146 146 145 145 145 145 145 146 146 146 146 146 146 146 146 146 147 147 147 147 147 147 147 147 147 148 148 147 147 147 147 148 148 148 148 149 149 149 149 149 149 150 150 150 149 150 150 150 150 150 150 151 151 151 151 151 151 151 151 150 150 151 151 151 152 152 151 151 151 151 151 151 151 151 151 151 151 151 150 150 150 151 151 151 151 151 151 151 151 151 151 152 152 152 152 152 152 151 152 152 152 152 152 152 152 152 152 151 152 152 151 152 152 152 152 152 152 152 152 152 152 152 152 152 152 152 152 153 153 153 153 153 153 153 0 0 0 0 0 0 0 0 0 0 0 0 0 0 0 0 0 0 0 0 0 0 0 0 0 0 0 0 0 0 0 0 0 0 0 0 0 0 0 0 0 0 0 0 0 0 0 0 0 0 0 0 0 0 0 0 0 0 0 0 0 0 0 0 0 0 0 0 0 0 0 0 0 0 
0 0 0 0 0 0 0 0 0 0 0 0 0 0 0 0 0 0 0 0 0 0 0 0 0 0 0 0 0 0 0 0 0 0 0 0 0 0 0 0 0 0 0 0 0 0 0 0 0 0 0 0 0 0 0 0 0 0 116 116 115 115 115 115 115 116 116 116 117 117 117 117 117 118 119 119 118 119 119 119 119 119 119 118 119 119 119 120 119 119 120 119 119 119 120 120 121 120 121 121 121 122 122 122 122 123 123 123 123 123 123 124 124 124 125 125 125 125 126 126 126 125 125 126 126 126 126 127 127 127 127 127 127 127 127 128 128 129 128 128 128 128 129 129 130 129 130 130 130 130 130 131 131 131 130 130 130 130 131 132 132 132 132 132 133 132 131 131 132 132 132 133 133 133 133 134 134 134 134 134 135 135 135 135 135 136 136 136 136 136 136 136 137 137 137 138 138 138 138 138 138 138 138 138 139 139 139 139 139 139 139 139 139 140 140 140 140 140 140 141 141 141 141 141 141 141 141 141 141 141 141 141 141 142 142 142 142 142 142 142 142 142 141 141 141 141 141 141 141 141 141 142 142 142 143 143 142 142 142 142 142 143 143 143 143 143 143 143 143 144 144 144 144 144 144 144 144 144 144 144 144 144 144 144 144 144 145 145 145 145 145 145 145 145 145 146 146 146 145 145 145 146 146 146 146 146 146 146 146 146 147 147 147 147 147 147 147 147 148 148 148 147 147 147 147 147 148 148 148 149 149 149 148 149 149 150 150 150 149 149 150 150 150 151 150 151 151 151 151 151 151 151 151 150 150 150 151 151 151 151 151 151 151 151 151 151 151 151 151 151 151 150 151 151 151 151 151 151 151 151 151 151 151 151 151 152 152 152 152 152 152 152 152 152 152 152 152 152 152 152 152 152 152 152 152 152 152 152 152 152 152 152 152 152 152 152 152 152 153 153 153 153 153 153 153 153 153 153 153 0 0 0 0 0 0 0 0 0 0 0 0 0 0 0 0 0 0 0 0 0 0 0 0 0 0 0 0 0 0 0 0 0 0 0 0 0 0 0 0 0 0 0 0 0 0 0 0 0 0 0 0 0 0 0 0 0 0 0 0 0 0 0 0 0 0 0 0 0 0 0 0 0 0 
0 0 0 0 0 0 0 0 0 0 0 0 0 0 0 0 0 0 0 0 0 0 0 0 0 0 0 0 0 0 0 0 0 0 0 0 0 0 0 0 0 0 0 0 0 0 0 0 0 0 0 0 0 0 0 0 0 0 116 116 115 116 116 116 116 116 116 116 116 117 117 118 118 119 119 119 119 120 120 120 119 120 119 119 119 120 120 120 120 120 121 121 121 120 120 120 121 121 122 122 122 123 123 123 123 124 124 124 124 124 124 124 124 124 124 125 125 125 126 126 126 126 126 126 126 126 126 127 127 127 127 127 127 127 127 128 128 128 129 129 129 129 129 129 129 129 130 130 130 130 130 131 131 131 131 131 130 130 130 131 132 131 131 131 131 131 132 132 132 133 132 133 133 133 133 133 134 134 134 134 135 135 135 135 135 135 135 136 136 136 136 136 137 137 137 137 138 138 138 138 138 138 138 139 139 139 139 139 139 139 139 139 139 139 140 140 140 140 141 141 141 141 141 141 141 141 141 141 141 141 141 141 141 141 142 142 142 142 142 142 142 142 141 141 141 141 142 142 142 142 142 141 142 142 143 143 142 142 142 142 142 142 143 143 143 143 143 143 143 143 144 144 144 144 144 144 144 144 144 144 144 145 145 145 145 145 145 145 145 145 145 145 145 145 145 146 146 145 145 145 145 146 146 146 146 146 146 147 147 146 147 147 147 147 147 147 147 147 147 148 147 147 147 148 148 148 148 148 148 148 149 149 148 149 149 149 149 149 149 149 149 150 150 150 150 151 151 151 151 151 151 151 151 151 150 150 150 151 151 150 151 151 150 150 151 151 151 151 151 151 151 151 151 151 151 151 151 151 151 151 151 151 151 151 151 151 151 152 152 152 152 152 152 152 152 152 152 152 152 152 152 152 152 152 152 152 152 152 152 152 152 152 152 152 152 152 153 153 153 153 153 153 153 153 153 153 153 153 154 0 0 0 0 0 0 0 0 0 0 0 0 0 0 0 0 0 0 0 0 0 0 0 0 0 0 0 0 0 0 0 0 0 0 0 0 0 0 0 0 0 0 0 0 0 0 0 0 0 0 0 0 0 0 0 0 0 0 0 0 0 0 0 0 0 0 0 0 0 0 0 0 0 0 
0 0 0 0 0 0 0 0 0 0 0 0 0 0 0 0 0 0 0 0 0 0 0 0 0 0 0 0 0 0 0 0 0 0 0 0 0 0 0 0 0 0 0 0 0 0 0 0 0 0 0 0 0 0 0 0 0 0 0 115 116 115 115 116 116 116 117 116 116 117 117 117 118 119 119 119 119 120 120 120 120 120 120 120 120 120 120 121 121 121 121 121 121 121 121 122 122 122 123 123 123 123 123 124 124 124 124 124 124 124 124 124 124 124 124 125 125 125 125 126 126 126 126 126 126 127 127 127 127 127 127 127 127 127 127 128 128 128 129 129 129 129 129 129 130 130 130 130 130 131 131 131 131 130 130 130 130 130 130 130 130 131 131 131 131 131 132 134 134 133 132 132 133 133 133 133 133 134 134 134 134 135 135 135 135 135 135 136 136 136 136 136 137 137 137 138 138 138 138 138 138 138 138 139 139 139 139 139 139 139 140 140 140 140 140 140 140 140 141 141 141 141 141 141 141 141 141 141 141 141 141 141 141 141 142 142 142 142 142 142 142 143 141 141 141 141 142 142 142 142 142 142 142 142 143 143 143 143 142 142 142 142 142 143 143 143 143 143 143 143 144 144 143 143 144 144 144 144 144 144 144 144 144 145 145 145 145 145 145 145 145 145 145 145 145 145 146 146 145 145 145 146 146 146 146 146 147 147 147 146 147 147 147 147 147 147 148 148 148 147 147 147 148 148 148 148 148 148 148 148 148 149 148 149 149 149 150 149 149 149 149 150 150 150 150 150 151 151 151 151 152 152 151 151 151 150 150 150 151 151 150 150 151 151 151 151 151 151 151 151 151 151 151 151 151 151 151 151 151 151 151 151 151 151 151 151 151 152 152 152 152 152 152 152 152 152 152 152 152 152 152 152 152 152 152 152 152 152 152 152 152 152 152 152 152 153 153 153 153 153 153 153 153 153 153 153 153 154 154 0 0 0 0 0 0 0 0 0 0 0 0 0 0 0 0 0 0 0 0 0 0 0 0 0 0 0 0 0 0 0 0 0 0 0 0 0 0 0 0 0 0 0 0 0 0 0 0 0 0 0 0 0 0 0 0 0 0 0 0 0 0 0 0 0 0 0 0 0 0 0 0 0 0 
0 0 0 0 0 0 0 0 0 0 0 0 0 0 0 0 0 0 0 0 0 0 0 0 0 0 0 0 0 0 0 0 0 0 0 0 0 0 0 0 0 0 0 0 0 0 0 0 0 0 0 0 0 0 0 0 0 0 0 0 116 115 115 116 116 116 117 116 117 117 117 117 117 118 119 119 119 120 120 119 120 120 120 120 120 120 121 121 121 121 121 121 122 122 122 122 122 122 123 123 123 123 123 123 124 124 124 124 124 124 124 125 125 124 124 124 125 125 126 125 125 126 126 126 126 126 127 127 127 127 127 127 127 127 127 128 128 128 129 129 128 129 129 129 129 130 130 130 130 131 131 131 131 131 131 130 130 131 131 131 131 132 132 132 131 131 132 133 133 133 133 133 133 133 133 133 133 134 134 134 134 134 135 135 135 135 135 136 136 136 136 136 137 138 138 138 138 138 138 138 138 138 138 139 139 139 139 139 139 139 140 140 140 140 140 140 140 140 141 141 141 141 141 141 141 141 141 141 141 141 141 141 141 141 142 142 142 142 142 142 142 142 141 141 141 141 142 142 142 142 142 142 142 143 142 143 142 142 142 142 142 142 142 143 143 143 143 143 143 143 143 144 144 144 144 144 144 144 144 144 144 144 144 144 145 145 145 145 145 145 145 145 145 145 145 146 146 145 145 145 145 146 146 146 146 147 147 147 147 147 147 147 147 147 147 147 148 148 148 147 147 148 148 148 148 148 148 148 148 148 148 148 148 148 149 149 149 149 149 149 149 150 150 150 150 150 150 151 151 151 151 152 151 151 151 151 150 150 150 151 151 150 150 150 151 151 151 151 151 151 151 151 151 151 151 151 151 151 151 151 151 151 151 152 152 152 152 152 152 152 152 152 152 152 152 152 153 153 153 152 152 152 152 152 152 152 152 152 152 152 152 152 153 153 153 153 153 153 153 153 153 153 153 153 153 153 154 154 154 0 0 0 0 0 0 0 0 0 0 0 0 0 0 0 0 0 0 0 0 0 0 0 0 0 0 0 0 0 0 0 0 0 0 0 0 0 0 0 0 0 0 0 0 0 0 0 0 0 0 0 0 0 0 0 0 0 0 0 0 0 0 0 0 0 0 0 0 0 0 0 0 0 0 
0 0 0 0 0 0 0 0 0 0 0 0 0 0 0 0 0 0 0 0 0 0 0 0 0 0 0 0 0 0 0 0 0 0 0 0 0 0 0 0 0 0 0 0 0 0 0 0 0 0 0 0 0 0 0 0 0 0 0 0 0 115 115 116 116 116 116 116 116 117 117 117 117 118 119 119 119 120 120 120 119 120 120 120 120 121 121 121 121 121 121 121 122 122 122 122 122 122 123 123 123 123 123 123 123 124 124 124 125 125 125 125 125 124 124 124 125 125 126 125 125 125 126 126 126 127 127 127 127 127 127 127 127 127 127 128 128 128 128 129 129 129 129 129 129 130 130 130 130 130 130 131 131 131 130 130 131 131 131 132 132 132 132 132 132 132 132 132 133 133 133 133 133 134 134 134 134 134 134 134 134 134 135 135 135 135 135 136 136 136 136 136 137 138 138 138 138 138 138 138 138 138 139 139 139 139 139 139 139 139 140 140 140 140 140 140 140 140 141 141 141 141 141 141 141 141 141 141 141 141 141 141 141 141 142 142 142 142 142 142 142 143 141 141 141 141 141 142 142 142 142 142 142 142 142 142 143 143 143 143 143 143 143 143 143 144 143 143 143 143 143 143 143 144 144 144 144 144 144 144 144 144 144 144 145 145 145 145 145 145 145 145 145 145 146 146 146 145 145 145 145 146 146 146 146 147 147 147 147 147 147 147 147 147 147 147 148 147 147 147 148 148 148 148 148 148 148 148 148 148 148 148 148 149 149 150 149 149 149 149 150 150 150 150 150 150 150 150 151 151 151 151 151 151 151 151 151 151 150 150 150 151 150 150 151 151 151 151 151 151 151 151 151 151 151 151 151 151 151 151 152 152 152 152 152 152 152 152 153 153 152 152 152 152 152 152 153 153 153 152 152 152 152 152 153 153 153 152 153 153 153 153 153 153 153 153 153 153 153 153 153 153 153 153 154 153 154 154 154 0 0 0 0 0 0 0 0 0 0 0 0 0 0 0 0 0 0 0 0 0 0 0 0 0 0 0 0 0 0 0 0 0 0 0 0 0 0 0 0 0 0 0 0 0 0 0 0 0 0 0 0 0 0 0 0 0 0 0 0 0 0 0 0 0 0 0 0 0 0 0 0 0 0 
0 0 0 0 0 0 0 0 0 0 0 0 0 0 0 0 0 0 0 0 0 0 0 0 0 0 0 0 0 0 0 0 0 0 0 0 0 0 0 0 0 0 0 0 0 0 0 0 0 0 0 0 0 0 0 0 0 0 0 0 0 0 115 115 116 116 116 116 117 117 117 117 117 118 119 119 119 120 120 120 120 120 120 120 120 121 121 121 121 121 121 121 122 122 122 122 122 123 123 123 123 123 123 123 123 123 124 124 124 125 125 125 125 125 125 125 125 125 125 125 125 126 126 126 126 126 127 127 127 127 127 127 127 128 128 128 128 128 128 129 129 129 129 129 129 129 129 130 130 130 130 130 130 130 130 130 131 131 131 131 131 132 132 132 132 132 132 132 133 133 133 133 134 134 134 134 134 134 134 134 135 134 135 135 135 135 135 136 136 136 136 136 137 138 138 138 138 138 138 138 138 139 139 139 139 139 139 139 139 139 140 140 140 140 140 140 140 140 141 141 141 141 141 141 141 141 141 141 141 141 141 141 141 141 142 142 142 142 142 142 142 143 141 141 141 142 142 142 142 143 142 142 142 142 142 142 143 143 143 143 143 143 143 143 143 144 144 144 144 144 143 143 143 144 144 144 144 144 144 144 144 144 145 145 145 144 144 145 145 145 145 145 145 146 146 146 145 145 145 145 145 146 146 146 147 147 147 147 147 147 147 147 147 147 147 147 147 148 148 148 148 148 148 148 148 148 148 148 148 148 148 148 148 149 149 149 149 149 150 150 149 150 150 150 151 151 150 150 151 151 151 151 151 151 151 151 151 151 151 151 150 150 150 150 150 151 151 151 151 151 151 151 151 151 151 151 152 152 152 151 152 152 152 152 152 152 152 152 153 153 152 152 152 152 152 153 153 153 153 153 153 153 152 152 152 152 152 153 153 153 153 153 153 153 153 153 153 153 153 153 153 153 153 153 154 154 154 154 0 0 0 0 0 0 0 0 0 0 0 0 0 0 0 0 0 0 0 0 0 0 0 0 0 0 0 0 0 0 0 0 0 0 0 0 0 0 0 0 0 0 0 0 0 0 0 0 0 0 0 0 0 0 0 0 0 0 0 0 0 0 0 0 0 0 0 0 0 0 0 0 0 0 0 
0 0 0 0 0 0 0 0 0 0 0 0 0 0 0 0 0 0 0 0 0 0 0 0 0 0 0 0 0 0 0 0 0 0 0 0 0 0 0 0 0 0 0 0 0 0 0 0 0 0 0 0 0 0 0 0 0 0 0 0 0 0 0 116 117 117 117 117 117 117 117 117 117 117 118 119 119 120 120 120 120 120 120 120 120 120 120 120 120 121 121 121 122 122 122 122 122 122 122 122 122 122 123 123 123 123 124 124 124 124 125 125 125 125 125 125 125 125 125 125 125 125 125 125 126 126 126 127 127 127 127 128 128 128 128 128 128 128 128 129 129 129 129 129 129 130 130 130 130 130 130 130 130 130 130 130 131 131 131 131 131 131 131 132 132 132 132 133 133 133 133 133 133 134 134 134 134 134 134 134 134 134 135 135 135 135 135 135 136 136 136 136 137 138 138 138 138 138 138 138 139 139 139 139 139 139 139 139 139 139 140 140 140 140 140 140 140 140 140 141 141 142 142 142 142 142 141 141 141 141 141 141 141 142 142 142 142 142 142 142 142 143 141 142 142 142 142 142 142 142 143 143 142 143 143 143 142 143 143 143 143 143 143 143 144 144 144 143 143 143 143 143 143 144 144 144 144 144 144 144 144 144 144 145 145 144 145 145 145 145 145 145 145 146 146 145 145 145 145 145 145 146 146 146 147 147 147 147 147 147 147 147 147 147 147 147 147 148 148 148 148 148 148 148 148 148 148 148 148 148 148 148 148 148 149 149 149 149 149 150 150 150 150 150 150 151 150 150 151 151 151 151 151 151 151 151 152 152 151 151 151 151 150 150 150 150 151 151 151 151 151 151 151 151 152 151 152 152 152 152 152 152 152 152 152 152 152 153 153 152 152 152 152 153 153 153 153 153 153 153 153 153 152 152 153 153 153 153 153 153 153 153 153 153 153 153 153 153 153 153 153 153 153 154 154 154 154 154 0 0 0 0 0 0 0 0 0 0 0 0 0 0 0 0 0 0 0 0 0 0 0 0 0 0 0 0 0 0 0 0 0 0 0 0 0 0 0 0 0 0 0 0 0 0 0 0 0 0 0 0 0 0 0 0 0 0 0 0 0 0 0 0 0 0 0 0 0 0 0 0 0 0 0 
0 0 0 0 0 0 0 0 0 0 0 0 0 0 0 0 0 0 0 0 0 0 0 0 0 0 0 0 0 0 0 0 0 0 0 0 0 0 0 0 0 0 0 0 0 0 0 0 0 0 0 0 0 0 0 0 0 0 0 0 0 0 0 0 116 116 117 117 117 117 117 117 118 118 118 119 119 120 120 120 120 120 120 120 120 120 120 120 120 121 121 121 121 122 122 123 122 123 123 123 123 122 122 123 123 124 124 124 124 124 124 125 125 125 125 125 125 125 125 125 125 125 125 125 125 126 126 126 126 126 127 127 128 128 128 128 128 128 128 129 129 129 129 129 129 130 130 130 130 130 130 130 130 130 131 131 131 131 131 131 131 131 131 132 132 132 132 133 133 133 133 133 133 134 134 135 134 134 134 134 134 134 134 135 135 135 135 135 135 136 136 136 137 137 138 138 138 138 138 138 139 139 139 139 139 139 139 139 139 140 140 140 140 140 140 140 140 141 141 141 141 141 141 142 142 142 141 141 141 141 141 141 141 141 142 142 142 142 142 142 142 143 141 141 141 142 142 142 142 142 143 143 143 143 143 142 143 143 144 144 144 144 144 144 143 143 144 143 143 143 143 143 143 143 144 144 144 144 144 144 144 144 144 144 144 145 144 144 145 145 145 145 145 146 146 146 146 146 146 146 145 146 146 146 147 147 147 147 147 147 147 147 147 147 147 147 148 148 148 148 148 148 148 148 148 148 148 148 148 148 148 148 148 148 148 149 149 149 149 149 149 149 150 150 150 150 150 150 151 151 151 151 151 151 151 151 151 151 151 151 151 151 151 151 150 151 151 151 151 151 151 151 151 152 152 152 152 152 152 152 152 152 152 152 152 153 153 153 153 152 152 153 153 153 153 153 153 153 153 153 153 153 153 153 153 153 153 153 153 153 153 153 153 153 153 153 153 153 153 153 153 153 153 153 154 154 154 154 0 0 0 0 0 0 0 0 0 0 0 0 0 0 0 0 0 0 0 0 0 0 0 0 0 0 0 0 0 0 0 0 0 0 0 0 0 0 0 0 0 0 0 0 0 0 0 0 0 0 0 0 0 0 0 0 0 0 0 0 0 0 0 0 0 0 0 0 0 0 0 0 0 0 0 
0 0 0 0 0 0 0 0 0 0 0 0 0 0 0 0 0 0 0 0 0 0 0 0 0 0 0 0 0 0 0 0 0 0 0 0 0 0 0 0 0 0 0 0 0 0 0 0 0 0 0 0 0 0 0 0 0 0 0 0 0 0 0 0 0 117 117 117 117 117 117 117 118 119 119 119 119 120 120 119 120 120 120 121 120 120 120 120 120 121 121 121 122 122 122 122 122 123 123 123 123 123 123 123 123 123 123 124 124 124 124 124 124 124 125 125 125 125 125 125 126 126 126 126 125 125 126 126 126 126 126 127 128 128 128 128 128 128 128 129 129 129 129 129 129 130 130 130 130 130 130 130 131 131 131 131 131 131 131 131 131 131 131 132 132 132 133 133 133 133 133 133 133 133 134 134 134 134 134 134 134 134 134 135 135 135 135 135 135 136 136 136 137 137 138 138 138 138 138 138 139 139 139 139 139 139 139 139 140 140 140 140 140 140 140 140 140 140 140 141 141 141 141 142 142 142 142 142 141 141 141 141 141 141 141 142 142 142 142 142 142 142 141 141 142 141 141 142 142 142 142 143 143 143 143 143 143 143 144 144 143 143 144 144 144 144 143 143 143 144 143 143 143 144 144 144 144 144 144 144 144 144 144 144 145 144 145 145 145 145 145 145 146 146 146 145 145 146 146 146 145 146 146 146 147 147 147 147 147 147 147 147 147 147 147 147 148 148 148 148 148 148 148 148 148 148 149 149 148 148 148 148 149 149 149 149 149 149 149 149 149 149 150 150 150 150 150 150 150 150 151 151 151 151 151 151 151 151 151 151 151 151 151 151 151 151 151 151 151 151 151 152 152 152 152 152 152 152 152 152 152 152 152 152 152 152 153 153 153 153 153 153 153 153 153 153 153 153 153 153 153 153 153 153 153 153 153 153 153 153 153 153 153 153 153 153 153 153 153 153 153 153 153 153 154 154 154 0 0 0 0 0 0 0 0 0 0 0 0 0 0 0 0 0 0 0 0 0 0 0 0 0 0 0 0 0 0 0 0 0 0 0 0 0 0 0 0 0 0 0 0 0 0 0 0 0 0 0 0 0 0 0 0 0 0 0 0 0 0 0 0 0 0 0 0 0 0 0 0 0 0 0 0 
0 0 0 0 0 0 0 0 0 0 0 0 0 0 0 0 0 0 0 0 0 0 0 0 0 0 0 0 0 0 0 0 0 0 0 0 0 0 0 0 0 0 0 0 0 0 0 0 0 0 0 0 0 0 0 0 0 0 0 0 0 0 0 0 0 0 117 117 118 117 117 117 118 118 118 119 119 120 120 120 120 120 119 120 120 120 120 120 120 120 121 121 122 122 122 123 123 123 123 123 123 123 123 123 123 123 124 124 124 124 124 124 125 125 125 125 126 126 126 126 126 126 126 126 125 125 126 126 126 126 126 126 127 128 128 128 128 128 129 129 129 129 129 129 129 130 130 130 130 130 130 131 131 131 131 131 132 131 131 131 131 131 132 132 132 132 132 133 132 133 133 133 133 133 133 134 134 135 135 135 134 135 135 134 134 135 135 135 135 136 136 136 137 137 138 138 138 138 138 138 139 139 139 139 139 139 139 139 140 140 140 140 140 140 140 140 140 140 141 141 141 141 141 142 142 142 142 142 141 141 141 141 141 141 141 142 142 142 142 142 142 142 141 141 142 142 141 141 142 142 142 142 143 143 143 143 143 144 144 144 144 144 144 143 144 144 144 144 143 143 143 143 144 144 144 144 144 144 144 144 144 144 144 145 145 145 145 145 145 145 146 146 146 146 146 145 145 145 145 145 146 146 146 147 147 147 147 147 147 147 147 147 147 147 147 147 148 148 148 148 148 148 148 148 148 148 148 149 149 148 149 149 149 149 149 150 150 150 150 149 149 150 150 150 150 150 150 150 150 150 150 150 151 151 151 151 151 151 151 151 151 151 151 151 151 151 151 151 151 151 152 152 152 152 152 152 152 152 152 152 152 152 152 152 153 153 153 153 153 153 153 153 153 153 153 153 153 153 153 153 153 153 153 153 153 153 153 153 153 153 153 153 153 153 153 153 153 153 153 153 153 153 154 154 154 155 154 0 0 0 0 0 0 0 0 0 0 0 0 0 0 0 0 0 0 0 0 0 0 0 0 0 0 0 0 0 0 0 0 0 0 0 0 0 0 0 0 0 0 0 0 0 0 0 0 0 0 0 0 0 0 0 0 0 0 0 0 0 0 0 0 0 0 0 0 0 0 0 0 0 0 0 0 
0 0 0 0 0 0 0 0 0 0 0 0 0 0 0 0 0 0 0 0 0 0 0 0 0 0 0 0 0 0 0 0 0 0 0 0 0 0 0 0 0 0 0 0 0 0 0 0 0 0 0 0 0 0 0 0 0 0 0 0 0 0 0 0 0 0 0 117 117 117 117 118 118 118 118 119 119 119 119 119 119 120 120 119 120 120 120 120 120 121 121 121 122 122 122 122 123 123 123 124 124 124 124 123 124 124 124 124 124 124 124 124 125 125 126 126 126 126 126 127 127 127 126 126 126 126 126 126 127 127 126 126 127 127 128 128 128 129 129 129 129 129 129 129 129 130 130 130 130 130 130 131 131 131 131 131 131 132 132 131 131 131 131 132 132 132 132 132 132 133 133 133 133 133 133 133 134 134 135 135 135 136 135 135 135 135 135 135 135 136 136 136 137 137 138 138 138 138 138 138 139 139 139 139 139 139 139 140 140 140 140 140 140 140 140 140 140 140 141 141 141 141 141 141 142 142 142 141 141 141 141 141 141 141 141 142 142 142 142 142 142 142 141 141 142 142 141 141 142 143 143 143 143 143 143 143 144 144 144 144 144 144 144 143 143 143 144 144 144 144 144 143 144 144 144 144 144 144 144 144 145 145 145 145 145 145 145 145 145 146 146 146 146 146 146 146 146 146 146 146 146 146 146 147 147 147 147 147 147 147 147 147 147 147 147 147 148 148 148 148 148 149 149 149 149 149 148 149 149 149 149 149 149 149 149 150 150 150 150 150 150 150 150 150 151 151 151 150 150 150 150 150 150 151 151 151 151 151 151 151 151 151 151 151 151 151 151 151 151 151 152 152 152 152 152 152 152 152 152 152 152 152 152 153 153 153 153 153 153 153 153 153 153 153 153 153 153 153 153 153 153 153 153 153 153 153 153 153 153 153 153 153 153 153 153 153 153 153 153 153 154 153 154 154 154 154 0 0 0 0 0 0 0 0 0 0 0 0 0 0 0 0 0 0 0 0 0 0 0 0 0 0 0 0 0 0 0 0 0 0 0 0 0 0 0 0 0 0 0 0 0 0 0 0 0 0 0 0 0 0 0 0 0 0 0 0 0 0 0 0 0 0 0 0 0 0 0 0 0 0 0 0 0 
0 0 0 0 0 0 0 0 0 0 0 0 0 0 0 0 0 0 0 0 0 0 0 0 0 0 0 0 0 0 0 0 0 0 0 0 0 0 0 0 0 0 0 0 0 0 0 0 0 0 0 0 0 0 0 0 0 0 0 0 0 0 0 0 0 0 0 117 117 117 116 117 117 118 118 118 118 118 119 118 118 119 119 119 119 120 120 121 121 121 121 121 122 122 122 122 123 123 123 124 124 124 124 124 124 124 124 124 124 124 124 125 125 125 125 125 126 126 126 127 127 127 127 127 127 127 127 127 127 127 126 126 126 127 127 128 128 129 129 129 129 129 129 129 130 130 130 130 130 130 131 131 131 131 131 131 131 131 132 132 132 131 131 132 132 132 132 132 132 133 133 133 133 133 133 134 134 134 134 135 135 135 136 136 136 135 135 135 135 136 136 136 137 138 138 138 138 138 138 138 138 139 139 139 139 139 139 140 140 140 140 140 140 140 140 140 140 141 141 141 141 141 141 142 142 142 142 142 142 141 141 141 141 141 141 141 142 142 142 142 142 142 141 141 142 142 141 142 142 142 142 142 143 143 143 143 143 144 144 143 143 144 144 144 144 143 143 144 144 144 144 144 144 144 144 144 144 144 144 145 145 145 145 145 145 145 145 145 146 146 146 146 146 146 146 145 145 145 146 146 146 146 146 147 147 147 147 147 147 147 147 147 147 147 147 148 148 148 148 148 148 148 148 148 149 149 149 149 149 149 149 149 149 149 149 149 150 150 150 150 150 150 150 150 150 150 150 150 150 151 150 150 150 150 151 151 151 151 151 151 151 151 151 151 151 151 151 151 151 152 152 152 152 152 152 152 152 152 152 152 152 153 153 153 153 153 153 153 153 153 153 153 153 153 153 153 153 153 153 153 153 153 153 153 153 153 153 153 153 153 153 153 153 153 153 154 153 153 153 153 154 154 154 154 154 0 0 0 0 0 0 0 0 0 0 0 0 0 0 0 0 0 0 0 0 0 0 0 0 0 0 0 0 0 0 0 0 0 0 0 0 0 0 0 0 0 0 0 0 0 0 0 0 0 0 0 0 0 0 0 0 0 0 0 0 0 0 0 0 0 0 0 0 0 0 0 0 0 0 0 0 0 0 
0 0 0 0 0 0 0 0 0 0 0 0 0 0 0 0 0 0 0 0 0 0 0 0 0 0 0 0 0 0 0 0 0 0 0 0 0 0 0 0 0 0 0 0 0 0 0 0 0 0 0 0 0 0 0 0 0 0 0 0 0 0 0 0 0 0 0 0 117 117 116 116 117 117 117 117 118 118 118 119 118 119 119 119 119 120 121 121 121 122 122 122 122 122 122 122 123 123 123 123 124 124 124 124 124 124 124 125 125 125 124 125 125 125 125 126 126 126 127 127 127 127 127 127 127 127 127 127 127 127 127 127 127 127 127 128 128 128 128 128 129 129 129 129 129 130 130 130 130 130 131 131 131 131 131 131 131 131 131 132 132 132 131 131 132 132 132 132 132 133 133 133 133 133 133 133 133 134 134 134 135 135 136 136 135 135 135 135 135 135 136 136 137 137 138 138 138 138 138 138 138 139 139 139 139 139 139 140 140 140 140 140 140 140 140 140 140 141 141 141 141 141 141 141 142 142 142 142 142 142 141 141 141 141 141 141 142 142 142 142 142 142 141 141 142 141 141 142 142 142 142 142 143 143 143 143 143 143 143 143 143 143 143 143 143 143 143 144 144 144 144 144 144 144 144 144 145 145 145 145 145 145 145 145 145 145 145 145 145 146 146 147 146 147 146 146 145 146 146 146 146 146 146 147 147 147 147 147 147 147 147 147 147 147 147 148 148 148 148 148 148 148 148 148 149 149 149 149 149 149 149 149 149 149 149 149 149 150 150 151 151 151 150 150 150 150 151 150 150 150 150 150 150 150 150 150 151 151 151 151 151 151 151 151 151 151 151 151 151 151 152 152 152 152 152 152 152 152 152 152 152 152 152 153 153 153 153 153 153 153 153 153 153 153 153 153 153 153 153 153 153 153 153 153 153 153 153 153 153 153 153 153 153 153 153 153 153 153 153 154 154 154 154 154 155 0 0 0 0 0 0 0 0 0 0 0 0 0 0 0 0 0 0 0 0 0 0 0 0 0 0 0 0 0 0 0 0 0 0 0 0 0 0 0 0 0 0 0 0 0 0 0 0 0 0 0 0 0 0 0 0 0 0 0 0 0 0 0 0 0 0 0 0 0 0 0 0 0 0 0 0 0 0 
0 0 0 0 0 0 0 0 0 0 0 0 0 0 0 0 0 0 0 0 0 0 0 0 0 0 0 0 0 0 0 0 0 0 0 0 0 0 0 0 0 0 0 0 0 0 0 0 0 0 0 0 0 0 0 0 0 0 0 0 0 0 0 0 0 0 0 0 0 117 117 117 117 117 116 117 117 118 118 119 119 119 118 118 119 120 120 121 120 121 122 122 123 123 122 123 123 123 123 123 124 124 124 124 124 124 124 124 125 125 125 125 125 126 126 126 126 126 127 127 127 127 127 127 127 127 128 128 128 128 128 128 128 127 127 127 127 128 128 129 129 129 129 129 129 129 130 130 130 130 131 131 131 131 131 131 131 131 131 132 132 132 132 132 132 132 132 132 133 133 133 133 133 133 133 134 134 134 134 134 134 135 135 136 136 136 136 136 135 135 136 136 137 137 138 138 138 138 138 138 138 139 139 139 139 139 139 140 140 140 140 140 140 140 140 140 140 141 141 141 141 141 141 141 142 142 142 142 142 142 142 141 142 142 142 142 142 142 142 143 143 142 141 141 142 141 141 142 142 142 142 142 143 143 143 143 143 143 143 143 143 144 144 144 143 143 143 143 144 144 144 144 144 144 145 145 145 145 145 145 145 145 145 145 145 145 145 146 146 146 146 146 147 146 146 145 145 146 146 146 146 146 146 147 147 147 147 147 147 147 147 147 147 147 148 148 148 148 148 148 148 148 148 148 149 149 149 149 149 149 149 149 149 149 149 149 149 149 150 150 150 151 150 150 150 151 151 150 150 150 150 150 150 150 150 150 150 151 151 151 151 151 151 151 151 151 151 151 151 151 151 152 152 152 152 152 152 152 152 152 152 152 152 153 153 153 153 153 153 153 153 153 153 153 153 153 153 153 153 153 153 153 153 153 153 153 153 153 153 153 153 153 153 153 153 154 154 154 153 154 154 154 154 155 154 0 0 0 0 0 0 0 0 0 0 0 0 0 0 0 0 0 0 0 0 0 0 0 0 0 0 0 0 0 0 0 0 0 0 0 0 0 0 0 0 0 0 0 0 0 0 0 0 0 0 0 0 0 0 0 0 0 0 0 0 0 0 0 0 0 0 0 0 0 0 0 0 0 0 0 0 0 0 
0 0 0 0 0 0 0 0 0 0 0 0 0 0 0 0 0 0 0 0 0 0 0 0 0 0 0 0 0 0 0 0 0 0 0 0 0 0 0 0 0 0 0 0 0 0 0 0 0 0 0 0 0 0 0 0 0 0 0 0 0 0 0 0 0 0 0 0 0 0 0 117 0 118 117 116 118 119 119 118 119 119 119 118 119 119 120 120 120 121 121 122 123 123 123 123 123 123 123 123 123 123 123 124 124 124 124 125 125 125 125 125 125 126 126 126 126 126 126 127 127 127 127 127 127 127 128 128 128 128 128 128 128 128 127 127 128 128 129 129 129 129 129 129 129 129 130 130 130 130 130 131 131 131 131 131 131 132 132 132 132 132 132 132 133 133 132 132 132 132 133 133 133 133 133 134 134 134 134 134 134 135 135 136 136 136 136 136 136 136 136 136 137 137 138 138 138 138 138 138 138 139 139 139 139 139 139 140 140 140 140 140 140 140 140 140 141 141 141 141 141 141 141 141 142 142 142 142 142 142 142 142 142 142 142 142 142 142 142 143 143 143 141 141 141 141 142 142 142 142 142 142 143 143 143 143 143 143 143 144 144 144 144 144 144 144 144 144 144 144 144 144 144 145 145 145 145 145 145 145 145 145 145 145 145 146 146 146 146 146 146 146 147 146 146 145 145 146 146 146 146 146 147 147 147 147 147 147 147 147 147 148 147 147 147 148 148 148 148 148 148 148 148 149 149 149 149 149 149 149 149 149 149 149 150 149 149 149 149 150 150 150 151 151 151 151 151 151 151 151 151 150 150 150 150 150 150 151 151 151 151 151 151 151 151 151 151 151 151 151 151 151 151 152 152 152 152 152 152 152 152 153 152 153 153 153 153 153 153 153 153 153 153 153 153 153 153 153 153 153 153 153 153 154 154 153 153 153 154 154 153 153 153 153 154 154 154 154 153 154 154 154 154 154 154 155 0 0 0 0 0 0 0 0 0 0 0 0 0 0 0 0 0 0 0 0 0 0 0 0 0 0 0 0 0 0 0 0 0 0 0 0 0 0 0 0 0 0 0 0 0 0 0 0 0 0 0 0 0 0 0 0 0 0 0 0 0 0 0 0 0 0 0 0 0 0 0 0 0 0 0 0 0 
0 0 0 0 0 0 0 0 0 0 0 0 0 0 0 0 0 0 0 0 0 0 0 0 0 0 0 0 0 0 0 0 0 0 0 0 0 0 0 0 0 0 0 0 0 0 0 0 0 0 0 0 0 0 0 0 0 0 0 0 0 0 0 0 0 0 0 0 0 0 0 0 0 0 118 117 117 118 119 118 118 118 118 119 119 120 120 120 120 120 121 122 123 123 123 123 123 123 123 123 123 123 123 123 123 124 124 124 125 125 125 125 125 126 126 126 126 126 127 127 127 127 127 127 127 128 128 128 128 128 128 128 128 129 129 129 128 129 129 130 130 129 129 129 129 129 130 130 130 130 130 131 131 131 131 131 131 132 132 132 132 132 132 133 133 133 133 133 132 132 133 133 133 133 134 134 134 134 134 135 134 135 135 135 136 136 136 136 136 136 136 136 137 137 138 138 138 138 138 138 138 139 139 139 139 139 139 140 140 140 140 140 140 140 140 141 141 141 141 141 141 141 141 141 142 142 142 142 142 142 142 142 142 142 142 142 142 142 142 142 143 143 141 141 141 142 142 142 142 142 142 142 143 143 144 143 143 143 144 144 144 144 144 144 144 143 143 143 144 144 144 144 144 144 145 145 145 145 145 145 145 145 145 145 145 146 146 146 146 146 146 147 146 146 146 146 146 146 146 146 146 146 147 147 147 147 147 147 147 147 148 148 148 148 148 148 148 148 148 148 148 148 149 149 149 149 149 149 149 149 149 149 149 150 150 150 150 150 150 150 150 150 150 150 151 151 151 151 151 151 151 151 151 151 150 150 150 151 151 151 151 151 151 151 151 151 151 152 152 152 152 151 151 152 152 153 152 152 152 152 152 153 153 153 153 153 153 153 153 153 153 153 153 153 153 153 154 154 154 154 154 154 154 154 154 153 153 153 153 154 154 154 154 154 154 154 154 154 154 154 154 154 154 154 154 154 0 0 0 0 0 0 0 0 0 0 0 0 0 0 0 0 0 0 0 0 0 0 0 0 0 0 0 0 0 0 0 0 0 0 0 0 0 0 0 0 0 0 0 0 0 0 0 0 0 0 0 0 0 0 0 0 0 0 0 0 0 0 0 0 0 0 0 0 0 0 0 0 0 0 0 0 0 
0 0 0 0 0 0 0 0 0 0 0 0 0 0 0 0 0 0 0 0 0 0 0 0 0 0 0 0 0 0 0 0 0 0 0 0 0 0 0 0 0 0 0 0 0 0 0 0 0 0 0 0 0 0 0 0 0 0 0 0 0 0 0 0 0 0 0 0 0 0 0 0 0 0 118 118 117 118 118 117 118 118 119 119 120 120 120 121 121 121 122 122 122 123 123 124 124 124 124 123 123 123 123 123 124 124 124 124 125 125 125 125 125 126 126 126 126 126 127 127 127 127 127 127 127 127 128 128 128 127 128 128 128 128 128 129 129 129 129 129 130 130 130 130 130 129 129 130 130 130 131 131 131 131 131 131 131 131 132 132 132 132 132 132 133 133 133 133 132 132 133 133 133 133 134 134 134 134 135 135 135 135 135 135 135 136 136 136 137 137 136 136 137 137 138 138 138 138 138 138 138 139 139 139 139 139 139 140 140 140 140 140 140 140 140 141 141 141 141 141 141 141 141 141 141 141 142 142 142 142 142 142 142 142 142 142 142 142 142 142 143 143 141 141 141 142 142 142 142 143 143 143 143 143 144 143 143 143 143 143 143 143 144 144 144 144 144 144 144 144 144 144 145 145 145 145 145 145 145 145 145 145 145 146 146 146 146 146 146 146 146 146 146 146 146 146 146 146 146 146 146 146 147 147 147 147 147 147 147 148 148 148 148 148 148 148 148 148 148 148 149 149 149 149 149 149 149 149 149 149 149 149 149 149 149 150 150 150 150 151 151 150 150 150 150 151 151 151 151 152 152 152 152 151 151 151 151 151 151 151 151 151 151 152 152 153 153 154 154 154 153 152 152 152 152 153 153 152 153 153 153 153 153 153 153 153 153 153 153 153 153 153 153 153 154 154 154 154 154 154 153 153 153 153 153 153 153 154 154 154 154 154 154 154 154 154 154 154 154 154 154 154 154 154 155 155 155 0 0 0 0 0 0 0 0 0 0 0 0 0 0 0 0 0 0 0 0 0 0 0 0 0 0 0 0 0 0 0 0 0 0 0 0 0 0 0 0 0 0 0 0 0 0 0 0 0 0 0 0 0 0 0 0 0 0 0 0 0 0 0 0 0 0 0 0 0 0 0 0 0 0 0 0 
0 0 0 0 0 0 0 0 0 0 0 0 0 0 0 0 0 0 0 0 0 0 0 0 0 0 0 0 0 0 0 0 0 0 0 0 0 0 0 0 0 0 0 0 0 0 0 0 0 0 0 0 0 0 0 0 0 0 0 0 0 0 0 0 0 0 0 0 0 0 0 0 0 0 0 0 0 117 118 118 118 119 119 119 119 120 120 121 122 122 122 122 123 123 123 124 124 124 124 124 124 124 124 124 124 124 124 124 125 125 125 125 125 126 126 126 126 126 126 127 127 127 127 128 128 127 128 128 128 128 128 128 127 128 128 128 128 128 128 129 129 129 130 130 130 130 130 130 130 130 130 130 131 131 131 131 132 132 132 132 132 132 132 132 132 133 133 133 133 133 132 133 133 133 134 134 134 134 135 135 135 135 135 135 135 135 136 136 137 136 136 136 138 138 138 138 138 138 138 138 139 139 139 139 139 139 139 140 140 140 140 140 140 140 140 141 141 141 141 141 141 141 141 141 141 142 142 142 142 142 142 143 143 143 142 142 142 142 142 142 143 143 141 142 141 142 141 142 142 142 143 143 142 143 143 143 143 143 143 143 143 143 143 144 144 144 144 144 144 144 144 144 145 145 145 145 145 145 145 145 145 146 146 146 146 146 146 145 145 146 146 146 146 146 146 146 146 146 146 146 146 146 147 147 147 147 147 147 148 148 148 148 148 148 148 148 148 148 148 149 149 149 149 149 149 149 149 149 149 149 149 149 149 149 150 150 150 150 150 150 151 151 151 151 151 151 151 151 151 151 152 152 152 152 152 152 151 152 151 151 151 152 152 152 154 154 154 154 154 154 154 153 153 152 152 153 153 153 153 153 153 153 153 153 153 153 153 153 154 154 153 153 153 154 154 154 154 153 154 154 154 153 153 153 153 153 153 154 154 154 154 154 154 154 154 154 154 154 154 154 154 155 155 155 155 155 155 155 0 0 0 0 0 0 0 0 0 0 0 0 0 0 0 0 0 0 0 0 0 0 0 0 0 0 0 0 0 0 0 0 0 0 0 0 0 0 0 0 0 0 0 0 0 0 0 0 0 0 0 0 0 0 0 0 0 0 0 0 0 0 0 0 0 0 0 0 0 0 0 0 0 0 0 
0 0 0 0 0 0 0 0 0 0 0 0 0 0 0 0 0 0 0 0 0 0 0 0 0 0 0 0 0 0 0 0 0 0 0 0 0 0 0 0 0 0 0 0 0 0 0 0 0 0 0 0 0 0 0 0 0 0 0 0 0 0 0 0 0 0 0 0 0 0 0 0 0 0 0 0 0 0 118 118 119 119 119 119 120 120 121 122 122 122 122 123 123 123 124 124 124 124 124 124 124 125 125 125 124 124 124 125 125 125 125 125 125 125 126 126 126 126 127 126 127 127 127 127 127 128 127 127 128 129 129 128 128 128 129 129 129 128 128 128 128 129 129 129 130 130 130 131 131 131 130 130 130 130 131 131 132 132 132 132 132 132 132 132 132 133 133 133 133 133 133 133 133 133 134 134 134 134 134 135 135 135 135 135 135 135 136 136 137 136 137 136 137 138 138 138 138 138 139 139 139 139 139 139 139 139 139 140 140 140 140 140 140 140 140 141 141 141 141 141 141 141 141 141 141 141 141 142 142 142 142 143 143 143 142 142 142 142 142 142 143 143 141 142 141 142 142 142 142 142 142 143 142 143 143 143 143 144 144 143 143 144 143 144 144 143 144 144 144 144 144 145 145 145 145 145 145 145 145 145 145 146 146 146 146 145 145 145 145 146 146 146 146 146 146 146 146 146 146 146 146 147 147 147 147 147 147 148 148 148 148 148 148 148 148 148 148 148 148 149 149 149 149 149 149 149 149 149 149 149 149 150 150 150 150 150 150 150 150 150 150 151 151 151 151 151 151 151 151 151 152 152 152 152 152 152 152 152 152 152 152 152 152 152 153 153 153 153 153 153 153 154 154 153 152 153 153 154 154 153 153 153 153 153 153 153 153 153 154 154 154 154 154 154 154 154 154 153 154 154 154 153 153 154 153 153 153 154 154 154 155 154 154 154 154 154 155 154 154 154 155 155 155 155 155 155 155 155 155 0 0 0 0 0 0 0 0 0 0 0 0 0 0 0 0 0 0 0 0 0 0 0 0 0 0 0 0 0 0 0 0 0 0 0 0 0 0 0 0 0 0 0 0 0 0 0 0 0 0 0 0 0 0 0 0 0 0 0 0 0 0 0 0 0 0 0 0 0 0 0 0 0 0 
0 0 0 0 0 0 0 0 0 0 0 0 0 0 0 0 0 0 0 0 0 0 0 0 0 0 0 0 0 0 0 0 0 0 0 0 0 0 0 0 0 0 0 0 0 0 0 0 0 0 0 0 0 0 0 0 0 0 0 0 0 0 0 0 0 0 0 0 0 0 0 0 0 0 0 0 0 0 118 119 119 120 120 120 120 121 121 121 122 122 122 123 123 123 123 124 124 124 124 124 125 125 125 125 125 125 125 125 125 125 125 125 125 125 126 126 126 127 127 126 127 127 127 127 127 127 127 127 127 128 128 128 128 127 128 129 129 129 129 128 128 128 128 128 129 129 130 130 130 130 130 130 130 130 131 131 131 132 132 132 132 133 133 133 133 133 133 133 133 133 133 133 133 133 134 134 134 134 135 135 135 135 135 135 136 136 136 136 137 137 136 137 138 138 138 138 138 138 138 138 139 139 139 139 139 139 139 139 140 140 140 140 140 140 140 141 141 141 141 141 141 141 141 141 141 141 142 142 142 142 142 142 142 142 142 142 142 142 142 143 143 143 142 142 142 142 142 142 142 142 142 142 142 142 143 143 144 144 144 144 144 144 144 144 144 144 144 144 144 144 144 145 145 145 145 145 145 145 145 145 145 146 146 146 146 146 145 145 145 146 146 146 146 146 146 146 146 146 147 147 147 147 147 147 147 147 147 148 148 148 148 148 148 148 148 148 148 148 148 149 149 149 149 149 149 149 149 149 149 149 149 150 150 150 150 150 150 150 150 150 150 151 151 150 150 150 150 151 151 151 151 152 152 152 151 152 152 152 152 152 152 152 153 153 153 153 153 153 153 153 154 154 154 154 153 153 153 154 154 154 153 153 154 153 153 153 153 153 154 154 154 154 154 154 154 154 154 153 154 154 154 153 153 154 154 154 154 154 154 155 155 155 154 154 154 154 154 154 154 154 155 155 155 155 155 155 155 155 156 156 0 0 0 0 0 0 0 0 0 0 0 0 0 0 0 0 0 0 0 0 0 0 0 0 0 0 0 0 0 0 0 0 0 0 0 0 0 0 0 0 0 0 0 0 0 0 0 0 0 0 0 0 0 0 0 0 0 0 0 0 0 0 0 0 0 0 0 0 0 0 0 0 0 
0 0 0 0 0 0 0 0 0 0 0 0 0 0 0 0 0 0 0 0 0 0 0 0 0 0 0 0 0 0 0 0 0 0 0 0 0 0 0 0 0 0 0 0 0 0 0 0 0 0 0 0 0 0 0 0 0 0 0 0 0 0 0 0 0 0 0 0 0 0 0 0 0 0 0 0 0 0 0 118 119 119 119 120 120 120 121 121 121 122 122 123 123 123 123 123 124 124 124 125 125 125 125 125 126 125 125 125 125 126 126 126 125 126 126 126 126 127 127 127 127 127 127 127 127 127 127 128 127 127 128 128 128 128 128 129 129 129 129 129 129 129 128 128 128 128 128 129 129 129 129 129 129 130 130 130 130 131 131 132 132 132 132 132 132 132 132 132 133 133 133 133 132 132 133 133 133 134 134 134 134 135 135 135 135 135 135 135 136 136 136 136 139 139 138 138 138 139 139 139 139 139 139 139 140 140 140 140 140 141 141 141 141 141 141 141 141 141 141 142 142 142 142 142 142 142 142 142 142 142 143 143 143 143 143 143 143 143 143 143 144 144 142 142 142 142 142 142 142 143 143 144 144 144 144 144 145 144 145 145 145 145 144 144 144 144 144 145 145 145 145 145 145 145 145 145 145 145 146 146 146 146 146 146 146 146 146 146 147 146 146 146 146 146 147 147 147 147 147 147 147 147 147 148 148 148 148 148 148 148 149 149 149 149 149 149 149 149 149 149 149 149 149 149 150 150 150 150 150 150 150 150 150 151 151 151 151 151 151 151 151 151 151 150 151 151 151 151 152 152 152 152 152 152 152 152 152 152 153 153 153 153 153 153 153 153 153 154 154 154 154 154 154 154 154 153 153 153 154 154 154 154 154 154 154 154 154 154 154 155 154 154 154 154 154 154 154 154 154 155 155 155 154 154 154 154 154 155 155 155 156 155 155 155 155 155 155 155 155 155 155 155 155 156 156 156 156 156 156 157 0 0 0 0 0 0 0 0 0 0 0 0 0 0 0 0 0 0 0 0 0 0 0 0 0 0 0 0 0 0 0 0 0 0 0 0 0 0 0 0 0 0 0 0 0 0 0 0 0 0 0 0 0 0 0 0 0 0 0 0 0 0 0 0 0 0 0 0 0 0 0 0 0 
0 0 0 0 0 0 0 0 0 0 0 0 0 0 0 0 0 0 0 0 0 0 0 0 0 0 0 0 0 0 0 0 0 0 0 0 0 0 0 0 0 0 0 0 0 0 0 0 0 0 0 0 0 0 0 0 0 0 0 0 0 0 0 0 0 0 0 0 0 0 0 0 0 0 0 0 0 0 0 0 118 119 119 119 120 120 121 121 121 122 123 123 123 123 123 123 124 124 124 124 125 125 125 125 126 126 126 126 126 126 127 127 126 126 126 126 126 126 127 127 127 128 128 128 127 127 127 127 127 128 128 128 128 128 129 129 129 129 130 130 130 130 128 128 128 129 129 129 129 130 130 130 130 130 130 130 130 131 131 131 132 132 132 132 133 133 133 133 133 133 133 132 132 133 133 133 133 134 134 134 134 135 135 135 135 135 135 135 135 136 136 136 138 139 138 138 139 139 139 139 139 139 140 140 140 140 140 140 140 141 141 141 141 141 141 141 141 141 142 142 142 142 142 142 142 142 142 143 143 142 142 143 143 143 143 143 143 143 143 144 144 144 142 142 142 142 142 143 143 143 143 143 143 144 144 144 144 144 144 144 145 144 145 145 144 144 144 144 145 145 145 145 145 146 146 145 145 146 146 146 146 146 146 146 146 146 146 147 147 147 147 147 147 147 146 147 147 147 147 147 148 148 148 148 148 148 148 148 148 148 149 149 149 149 149 149 149 149 149 149 149 149 149 149 150 150 150 150 150 150 150 150 150 150 151 151 151 151 151 151 151 151 151 151 150 151 151 151 152 152 152 152 152 152 152 152 153 152 153 153 153 153 153 153 153 153 153 154 154 154 154 154 154 154 154 154 153 153 154 154 154 154 154 154 154 154 154 154 154 154 154 154 154 154 154 154 154 154 154 155 156 155 155 154 154 154 155 155 155 155 155 155 155 155 155 155 155 155 155 155 155 155 155 156 156 156 156 156 156 157 0 0 0 0 0 0 0 0 0 0 0 0 0 0 0 0 0 0 0 0 0 0 0 0 0 0 0 0 0 0 0 0 0 0 0 0 0 0 0 0 0 0 0 0 0 0 0 0 0 0 0 0 0 0 0 0 0 0 0 0 0 0 0 0 0 0 0 0 0 0 0 0 0 
0 0 0 0 0 0 0 0 0 0 0 0 0 0 0 0 0 0 0 0 0 0 0 0 0 0 0 0 0 0 0 0 0 0 0 0 0 0 0 0 0 0 0 0 0 0 0 0 0 0 0 0 0 0 0 0 0 0 0 0 0 0 0 0 0 0 0 0 0 0 0 0 0 0 0 0 0 0 0 0 0 119 119 119 120 120 120 121 121 122 122 123 123 123 123 123 124 124 124 125 125 125 125 126 126 126 126 126 126 126 127 127 126 126 126 126 126 127 127 127 128 128 128 128 128 127 127 128 127 128 128 129 129 128 128 128 129 129 130 130 130 130 129 129 129 129 129 129 129 130 130 130 130 130 130 130 130 131 131 131 131 132 132 132 132 133 133 133 133 133 133 133 133 133 133 133 133 134 134 134 134 134 135 135 135 135 135 135 135 135 136 136 139 139 139 139 139 139 139 139 139 140 140 140 140 140 140 140 140 141 141 141 141 141 141 141 141 141 142 142 142 142 142 142 142 143 143 143 143 143 143 143 143 143 143 143 143 143 143 144 144 144 142 142 143 143 143 143 143 143 143 143 144 144 143 144 144 144 144 144 145 145 144 144 145 144 144 144 145 145 145 145 145 145 146 146 146 146 146 146 146 146 146 146 146 146 146 147 147 147 147 147 147 147 147 147 147 147 147 147 147 148 148 148 148 148 148 148 148 148 149 149 149 149 149 149 149 149 149 149 150 150 150 150 150 150 150 150 150 150 150 150 150 150 150 150 150 150 150 151 151 151 151 151 151 151 151 152 152 152 152 152 152 152 152 152 152 152 153 153 153 153 153 153 153 153 153 153 153 153 154 154 154 154 154 154 154 153 154 154 154 154 154 154 154 154 154 154 154 154 154 154 154 154 154 154 154 154 154 155 156 156 156 155 155 155 155 155 155 155 155 155 155 155 155 155 155 155 155 155 155 155 156 156 156 156 156 156 157 0 0 0 0 0 0 0 0 0 0 0 0 0 0 0 0 0 0 0 0 0 0 0 0 0 0 0 0 0 0 0 0 0 0 0 0 0 0 0 0 0 0 0 0 0 0 0 0 0 0 0 0 0 0 0 0 0 0 0 0 0 0 0 0 0 0 0 0 0 0 0 0 0 0 
0 0 0 0 0 0 0 0 0 0 0 0 0 0 0 0 0 0 0 0 0 0 0 0 0 0 0 0 0 0 0 0 0 0 0 0 0 0 0 0 0 0 0 0 0 0 0 0 0 0 0 0 0 0 0 0 0 0 0 0 0 0 0 0 0 0 0 0 0 0 0 0 0 0 0 0 0 0 0 0 0 0 0 120 120 120 120 121 121 122 122 122 123 123 123 123 123 124 124 125 125 125 125 126 126 126 126 126 126 127 127 127 126 127 126 127 127 127 127 127 127 128 128 128 128 128 127 127 128 128 128 129 129 129 129 128 128 130 130 130 130 130 130 130 130 129 129 129 129 130 130 130 130 130 130 130 130 130 131 131 131 131 132 132 132 133 132 132 133 133 133 133 134 133 133 134 133 133 134 134 134 134 134 135 135 135 135 135 135 135 136 137 139 139 139 139 139 139 139 139 139 140 140 140 140 140 140 140 140 141 141 141 141 141 141 141 141 141 141 142 142 142 142 142 142 143 143 143 143 143 143 143 143 143 143 143 144 143 144 144 144 144 142 142 142 143 143 143 143 143 143 143 144 144 143 143 144 143 144 144 145 144 144 144 144 145 144 145 145 145 145 145 145 145 145 145 146 146 146 146 146 146 146 146 146 146 147 147 147 147 147 147 147 147 147 147 147 147 147 147 147 148 148 148 148 148 148 148 148 149 149 149 149 149 149 149 149 149 149 149 149 150 150 150 150 150 150 150 150 150 150 150 150 151 151 150 151 151 151 150 151 151 151 152 152 152 152 152 152 152 152 152 152 152 152 152 152 152 152 153 153 153 153 153 153 153 153 153 153 153 153 153 153 154 154 154 154 154 154 154 154 154 154 155 155 154 154 155 155 155 154 155 154 155 155 154 154 154 154 155 156 156 156 156 156 155 155 155 155 155 155 155 155 155 155 155 155 155 155 155 155 155 156 156 156 156 156 156 157 157 0 0 0 0 0 0 0 0 0 0 0 0 0 0 0 0 0 0 0 0 0 0 0 0 0 0 0 0 0 0 0 0 0 0 0 0 0 0 0 0 0 0 0 0 0 0 0 0 0 0 0 0 0 0 0 0 0 0 0 0 0 0 0 0 0 0 0 0 0 0 0 0 0 
0 0 0 0 0 0 0 0 0 0 0 0 0 0 0 0 0 0 0 0 0 0 0 0 0 0 0 0 0 0 0 0 0 0 0 0 0 0 0 0 0 0 0 0 0 0 0 0 0 0 0 0 0 0 0 0 0 0 0 0 0 0 0 0 0 0 0 0 0 0 0 0 0 0 0 0 0 0 0 0 0 0 0 0 121 121 120 120 121 121 121 121 122 122 123 123 123 124 124 125 125 125 125 126 126 126 126 126 126 126 126 126 126 127 127 127 127 127 128 127 127 127 127 128 128 128 128 128 128 128 128 128 128 128 128 129 129 130 130 130 130 130 129 129 130 130 130 130 129 130 130 130 130 130 130 130 130 130 131 131 131 131 132 132 132 132 132 132 132 132 132 133 133 133 134 134 134 134 134 134 134 134 135 135 135 135 135 135 136 136 136 136 139 139 139 139 139 139 139 139 139 140 140 140 140 140 140 140 140 140 141 141 141 141 141 141 141 141 141 142 142 142 142 142 142 142 143 143 143 143 143 143 143 143 143 143 144 144 144 144 144 144 142 142 142 142 143 143 143 143 143 144 144 144 143 143 143 144 145 145 145 145 144 144 145 145 145 145 145 145 145 145 145 145 145 145 146 146 146 146 146 146 146 146 147 147 147 147 147 147 147 147 147 147 147 147 147 147 147 147 147 147 148 148 148 148 148 148 149 149 149 149 149 149 149 149 149 149 149 149 150 150 150 150 150 150 150 150 150 151 151 150 151 151 151 151 151 151 151 151 151 151 151 152 152 153 152 152 152 152 152 153 152 152 152 152 152 152 152 152 153 153 153 153 153 153 153 153 153 153 154 154 154 154 154 154 154 155 154 154 154 155 155 155 155 155 154 155 155 155 155 155 154 155 155 154 154 154 154 155 156 156 156 156 156 155 156 155 155 155 155 155 155 155 155 155 155 155 156 156 156 156 156 156 157 156 156 156 157 157 0 0 0 0 0 0 0 0 0 0 0 0 0 0 0 0 0 0 0 0 0 0 0 0 0 0 0 0 0 0 0 0 0 0 0 0 0 0 0 0 0 0 0 0 0 0 0 0 0 0 0 0 0 0 0 0 0 0 0 0 0 0 0 0 0 0 0 0 0 0 0 0 0 
0 0 0 0 0 0 0 0 0 0 0 0 0 0 0 0 0 0 0 0 0 0 0 0 0 0 0 0 0 0 0 0 0 0 0 0 0 0 0 0 0 0 0 0 0 0 0 0 0 0 0 0 0 0 0 0 0 0 0 0 0 0 0 0 0 0 0 0 0 0 0 0 0 0 0 0 0 0 0 0 0 0 0 0 120 120 121 121 121 121 121 121 122 122 123 124 124 125 125 125 125 125 125 126 126 126 126 126 126 126 126 126 126 127 127 127 127 128 128 128 128 128 128 128 128 128 128 128 128 128 128 128 128 128 128 129 130 130 130 130 130 130 130 130 130 129 130 130 130 130 130 130 130 130 130 130 130 131 131 131 131 132 132 132 132 132 133 133 132 132 133 133 133 133 133 134 134 134 134 134 134 134 134 135 135 135 135 135 136 136 136 136 139 139 139 139 139 139 139 139 139 140 140 140 140 140 140 140 140 140 141 141 141 141 141 141 141 141 141 142 142 142 142 142 142 142 143 143 143 143 143 143 143 143 143 143 144 144 144 144 144 144 142 142 142 142 143 143 143 143 143 143 144 144 144 143 143 144 144 144 144 144 144 144 145 145 145 145 145 145 145 145 145 145 145 145 146 146 146 146 146 147 147 147 147 147 147 147 147 147 147 147 147 147 147 147 148 148 148 148 148 148 148 148 148 148 148 148 149 149 149 149 149 149 149 149 149 149 149 149 150 150 150 150 150 150 151 151 151 151 151 151 151 151 151 151 151 151 152 152 152 152 151 151 152 152 152 152 152 152 152 152 152 152 152 152 152 152 153 153 153 153 153 153 153 153 153 153 153 154 154 154 154 154 154 154 154 154 154 154 155 155 155 155 155 155 155 155 155 155 155 155 155 155 155 155 155 155 155 155 156 156 156 156 156 155 155 155 155 155 155 156 156 156 156 155 155 156 156 156 156 156 156 156 156 156 157 156 156 157 158 0 0 0 0 0 0 0 0 0 0 0 0 0 0 0 0 0 0 0 0 0 0 0 0 0 0 0 0 0 0 0 0 0 0 0 0 0 0 0 0 0 0 0 0 0 0 0 0 0 0 0 0 0 0 0 0 0 0 0 0 0 0 0 0 0 0 0 0 0 0 0 0 
0 0 0 0 0 0 0 0 0 0 0 0 0 0 0 0 0 0 0 0 0 0 0 0 0 0 0 0 0 0 0 0 0 0 0 0 0 0 0 0 0 0 0 0 0 0 0 0 0 0 0 0 0 0 0 0 0 0 0 0 0 0 0 0 0 0 0 0 0 0 0 0 0 0 0 0 0 0 0 0 0 0 0 0 121 120 121 121 121 121 122 122 123 123 123 123 124 125 125 125 125 125 125 126 126 126 126 126 126 126 126 126 126 126 127 127 127 128 128 128 128 128 128 128 128 128 128 128 128 129 129 129 128 128 128 129 130 130 130 130 130 130 129 130 130 130 130 130 130 130 131 130 130 130 130 130 130 130 131 131 132 132 132 132 132 133 133 133 132 132 133 134 134 133 134 134 134 134 135 134 134 135 134 134 135 135 135 135 136 136 136 137 139 139 139 139 139 140 140 140 140 140 140 140 140 140 140 140 140 141 140 140 141 141 141 141 141 141 141 142 142 142 142 142 142 142 143 143 143 143 143 143 143 143 143 143 144 144 144 144 144 144 142 142 142 142 143 143 143 143 143 143 143 144 144 144 143 144 144 144 144 144 144 144 145 145 145 145 145 145 145 145 145 145 146 145 146 146 146 146 146 146 147 147 147 147 147 147 147 147 147 147 147 147 147 148 148 148 148 148 148 148 148 148 148 148 148 149 149 149 149 149 149 149 149 149 149 149 149 149 150 150 150 150 150 150 151 151 151 151 151 151 151 151 151 152 152 152 152 152 152 152 151 151 152 153 152 152 152 152 152 152 152 152 152 152 152 153 153 153 153 153 153 153 153 153 153 153 153 154 154 154 154 154 154 154 154 154 154 154 154 155 155 155 155 156 156 156 156 156 155 155 155 155 155 155 155 155 155 156 157 157 156 155 155 155 155 155 155 155 156 156 156 156 156 156 156 156 156 156 156 156 156 156 156 157 157 158 157 157 158 0 0 0 0 0 0 0 0 0 0 0 0 0 0 0 0 0 0 0 0 0 0 0 0 0 0 0 0 0 0 0 0 0 0 0 0 0 0 0 0 0 0 0 0 0 0 0 0 0 0 0 0 0 0 0 0 0 0 0 0 0 0 0 0 0 0 0 0 0 0 0 0 
0 0 0 0 0 0 0 0 0 0 0 0 0 0 0 0 0 0 0 0 0 0 0 0 0 0 0 0 0 0 0 0 0 0 0 0 0 0 0 0 0 0 0 0 0 0 0 0 0 0 0 0 0 0 0 0 0 0 0 0 0 0 0 0 0 0 0 0 0 0 0 0 0 0 0 0 0 0 0 0 0 0 0 0 121 121 122 122 121 121 121 122 123 123 124 124 124 124 125 125 125 125 125 126 126 126 126 127 127 127 126 126 126 126 126 127 127 128 128 128 128 128 128 128 128 128 128 129 129 129 129 129 128 128 128 129 129 130 129 130 130 130 130 129 130 130 130 130 130 130 131 130 130 130 130 130 130 130 131 131 131 131 132 132 132 132 133 133 132 132 133 133 134 134 134 134 134 134 134 134 135 135 135 135 135 135 135 135 135 136 136 136 139 139 139 139 139 139 139 139 139 140 140 140 140 140 140 140 140 140 140 140 140 141 141 141 141 141 141 141 142 142 142 142 142 142 143 143 143 143 143 143 143 143 143 143 143 144 144 144 144 144 142 143 143 143 143 143 143 143 143 143 143 144 144 143 143 143 144 144 144 144 144 145 145 145 145 145 145 145 145 145 145 145 145 145 146 146 146 146 146 146 147 147 147 147 147 147 147 147 147 147 147 147 147 148 148 148 148 148 148 148 148 148 148 148 148 149 149 149 149 149 149 149 149 149 149 149 149 149 150 150 150 150 150 150 151 151 151 151 151 151 151 151 151 152 152 152 153 152 152 152 152 151 152 153 153 152 152 152 152 152 152 152 152 153 153 153 153 153 153 153 153 153 153 153 153 153 153 154 154 154 154 154 154 154 155 154 154 154 155 155 155 155 155 155 155 156 156 156 155 155 155 155 155 155 155 155 155 156 156 156 156 155 155 155 155 155 155 155 156 156 156 156 156 156 156 156 156 156 156 156 157 156 157 157 157 158 158 157 157 158 0 0 0 0 0 0 0 0 0 0 0 0 0 0 0 0 0 0 0 0 0 0 0 0 0 0 0 0 0 0 0 0 0 0 0 0 0 0 0 0 0 0 0 0 0 0 0 0 0 0 0 0 0 0 0 0 0 0 0 0 0 0 0 0 0 0 0 0 0 0 0 
0 0 0 0 0 0 0 0 0 0 0 0 0 0 0 0 0 0 0 0 0 0 0 0 0 0 0 0 0 0 0 0 0 0 0 0 0 0 0 0 0 0 0 0 0 0 0 0 0 0 0 0 0 0 0 0 0 0 0 0 0 0 0 0 0 0 0 0 0 0 0 0 0 0 0 0 0 0 0 0 0 0 0 0 0 122 122 122 122 121 121 122 123 123 124 124 124 124 125 125 125 125 125 126 126 126 126 126 127 127 127 127 127 126 126 127 127 127 127 127 128 128 128 128 129 129 129 129 129 129 129 129 129 128 129 130 130 129 130 130 130 130 130 130 129 130 131 130 131 131 131 130 131 131 131 131 130 130 131 131 132 132 132 132 132 132 133 133 132 133 133 133 133 133 134 134 134 134 135 135 135 135 135 135 135 136 135 136 135 136 136 137 139 139 139 138 138 139 139 139 139 139 139 139 140 140 140 141 140 140 140 140 141 141 141 141 141 141 141 141 142 142 142 142 142 142 143 143 143 143 143 143 143 143 143 143 143 144 144 144 144 144 142 143 143 143 143 143 143 143 143 143 143 143 144 144 144 143 143 144 144 144 144 145 145 145 145 145 145 145 145 146 146 145 145 145 146 146 146 146 146 146 147 147 147 147 147 147 147 147 147 148 148 148 148 148 148 148 148 148 148 148 148 148 148 148 148 149 149 149 149 149 149 149 149 149 149 149 149 149 149 150 150 150 150 151 151 151 151 151 151 151 151 151 151 152 152 152 152 152 152 152 152 151 152 152 152 153 153 152 153 152 152 152 152 153 153 153 153 153 153 153 153 153 153 153 153 154 154 154 154 154 154 154 154 155 155 155 154 154 155 155 154 155 155 155 155 155 155 156 155 155 155 155 155 155 155 155 155 155 156 156 156 156 156 155 155 155 155 156 156 156 156 156 156 156 156 156 156 156 156 156 157 157 157 157 157 157 157 157 157 158 158 0 0 0 0 0 0 0 0 0 0 0 0 0 0 0 0 0 0 0 0 0 0 0 0 0 0 0 0 0 0 0 0 0 0 0 0 0 0 0 0 0 0 0 0 0 0 0 0 0 0 0 0 0 0 0 0 0 0 0 0 0 0 0 0 0 0 0 0 0 0 
0 0 0 0 0 0 0 0 0 0 0 0 0 0 0 0 0 0 0 0 0 0 0 0 0 0 0 0 0 0 0 0 0 0 0 0 0 0 0 0 0 0 0 0 0 0 0 0 0 0 0 0 0 0 0 0 0 0 0 0 0 0 0 0 0 0 0 0 0 0 0 0 0 0 0 0 0 0 0 0 0 0 0 0 0 122 122 122 122 122 121 122 123 123 124 125 124 125 125 125 125 125 125 125 126 126 126 126 126 127 127 128 127 127 127 127 127 127 127 127 127 127 128 128 129 129 129 129 129 129 129 129 129 128 129 129 129 130 130 131 131 131 129 129 130 130 130 130 130 131 131 131 131 130 130 130 130 130 131 131 131 132 132 132 133 133 133 133 133 133 133 133 134 133 133 134 135 135 135 135 135 135 136 135 136 136 136 135 136 136 136 137 140 139 138 138 139 140 140 139 139 139 139 139 139 139 140 140 141 141 140 140 140 141 141 141 141 141 141 141 142 142 142 142 142 142 143 143 143 143 143 143 143 143 144 144 144 144 144 144 144 144 142 142 143 143 143 143 143 143 143 143 143 143 143 144 144 144 144 144 144 144 144 145 145 145 145 145 145 145 145 146 146 146 146 146 146 146 146 146 146 146 147 147 147 147 147 147 147 147 147 147 148 148 148 148 148 148 148 148 148 148 148 148 148 148 148 148 148 148 149 148 149 149 149 149 149 149 149 149 149 150 150 151 151 151 151 151 151 151 151 151 151 152 151 151 152 152 152 152 152 152 152 152 152 152 153 152 152 152 153 153 152 152 152 152 153 153 153 153 153 153 153 153 153 153 153 154 154 154 154 154 154 154 154 154 154 155 155 154 155 155 155 154 155 155 155 156 156 156 155 155 155 155 155 155 155 155 155 155 155 156 156 156 155 155 156 156 156 156 156 156 156 156 156 156 156 156 156 156 156 157 157 157 157 157 157 157 157 157 158 157 157 158 158 0 0 0 0 0 0 0 0 0 0 0 0 0 0 0 0 0 0 0 0 0 0 0 0 0 0 0 0 0 0 0 0 0 0 0 0 0 0 0 0 0 0 0 0 0 0 0 0 0 0 0 0 0 0 0 0 0 0 0 0 0 0 0 0 0 0 0 0 
0 0 0 0 0 0 0 0 0 0 0 0 0 0 0 0 0 0 0 0 0 0 0 0 0 0 0 0 0 0 0 0 0 0 0 0 0 0 0 0 0 0 0 0 0 0 0 0 0 0 0 0 0 0 0 0 0 0 0 0 0 0 0 0 0 0 0 0 0 0 0 0 0 0 0 0 0 0 0 0 0 0 0 0 0 0 122 122 122 122 122 122 123 123 124 124 124 125 125 125 126 126 126 126 126 126 126 127 127 127 127 128 128 127 127 127 127 127 128 128 128 127 127 128 128 129 129 129 129 129 129 128 128 129 129 130 129 130 131 131 131 130 130 130 130 130 130 130 129 130 130 130 130 129 130 130 130 131 131 131 131 131 132 132 133 133 133 133 133 133 134 133 133 133 133 134 134 134 135 135 135 135 135 136 136 136 135 136 136 137 137 136 139 138 138 139 140 140 140 139 139 139 139 139 139 139 139 140 140 140 140 140 140 140 141 141 142 141 141 141 142 142 142 142 142 142 143 143 143 143 143 143 143 143 144 144 144 144 144 144 144 144 142 142 143 143 143 143 143 143 143 143 143 143 143 143 144 144 144 144 144 144 145 145 145 145 145 145 145 145 145 146 146 146 146 146 146 146 146 146 146 146 147 147 147 147 147 147 147 147 148 148 148 148 148 148 148 148 148 148 148 148 148 148 148 148 148 148 148 149 149 148 149 149 149 150 149 149 149 149 149 150 150 150 151 151 151 151 151 151 151 151 151 152 152 152 152 152 152 152 152 152 152 152 152 152 153 152 152 153 153 153 152 152 152 152 153 153 153 153 153 153 153 153 153 153 153 153 154 154 154 154 154 154 154 154 154 155 155 155 155 155 155 155 155 155 156 156 157 156 156 155 155 155 155 155 155 155 155 155 155 155 156 156 156 156 156 156 156 156 156 156 156 156 156 156 156 156 156 156 156 156 156 157 157 157 157 157 157 157 157 157 157 157 158 158 0 0 0 0 0 0 0 0 0 0 0 0 0 0 0 0 0 0 0 0 0 0 0 0 0 0 0 0 0 0 0 0 0 0 0 0 0 0 0 0 0 0 0 0 0 0 0 0 0 0 0 0 0 0 0 0 0 0 0 0 0 0 0 0 0 0 0 
0 0 0 0 0 0 0 0 0 0 0 0 0 0 0 0 0 0 0 0 0 0 0 0 0 0 0 0 0 0 0 0 0 0 0 0 0 0 0 0 0 0 0 0 0 0 0 0 0 0 0 0 0 0 0 0 0 0 0 0 0 0 0 0 0 0 0 0 0 0 0 0 0 0 0 0 0 0 0 0 0 0 0 0 0 121 121 121 122 123 122 122 122 123 123 123 124 125 126 126 126 126 126 126 126 126 126 127 127 127 127 128 128 128 128 128 127 127 128 128 128 127 128 128 128 128 128 129 129 129 129 128 129 130 130 130 130 130 131 130 131 131 130 130 130 130 130 130 130 130 130 130 131 131 131 130 130 130 131 132 132 132 132 132 133 133 133 133 134 134 134 134 134 134 134 134 134 134 135 135 135 135 135 136 136 136 136 136 136 136 136 136 139 139 138 139 139 140 140 140 140 139 139 139 139 139 140 140 140 140 140 140 141 140 141 141 142 142 142 142 142 142 143 143 142 142 142 143 143 143 143 143 143 143 143 144 144 144 144 144 144 144 142 142 142 143 143 143 143 143 143 143 143 143 143 144 144 144 144 144 144 144 144 145 145 145 145 145 145 145 145 146 146 146 146 146 146 146 146 146 147 147 147 147 147 147 147 147 147 147 147 147 148 148 148 148 148 148 148 148 148 149 149 149 149 148 148 148 149 149 149 149 148 149 149 149 149 149 149 149 149 150 150 151 151 151 151 151 151 151 151 151 151 152 152 152 152 152 152 152 152 152 152 152 152 152 152 152 152 152 153 152 152 152 152 152 152 153 153 153 153 153 153 153 153 153 153 153 153 154 154 154 154 154 154 154 154 155 155 155 155 155 155 155 155 155 155 156 156 156 155 155 155 155 155 155 156 156 155 155 156 156 156 156 156 156 156 156 156 156 156 156 156 156 156 156 156 156 156 157 157 157 157 157 157 157 157 157 157 157 157 157 157 158 158 158 158 158 159 159 0 0 0 0 0 0 0 0 0 0 0 0 0 0 0 0 0 0 0 0 0 0 0 0 0 0 0 0 0 0 0 0 0 0 0 0 0 0 0 0 0 0 0 0 0 0 0 0 0 0 0 0 0 0 0 0 0 0 0 0 0 0 0 
0 0 0 0 0 0 0 0 0 0 0 0 0 0 0 0 0 0 0 0 0 0 0 0 0 0 0 0 0 0 0 0 0 0 0 0 0 0 0 0 0 0 0 0 0 0 0 0 0 0 0 0 0 0 0 0 0 0 0 0 0 0 0 0 0 0 0 0 0 0 0 0 0 0 0 0 0 0 0 0 0 0 0 0 120 121 121 121 122 123 123 123 122 123 123 123 124 124 125 125 125 125 126 127 127 126 126 127 127 127 127 127 128 128 129 128 128 128 128 128 128 128 128 128 128 128 128 128 128 129 129 128 129 130 130 131 130 130 131 131 131 130 130 130 130 130 130 131 131 130 130 130 131 131 132 131 130 130 131 131 131 132 132 132 133 133 133 133 133 133 134 134 134 134 134 134 135 135 135 135 135 135 135 136 136 136 137 137 137 137 136 137 140 139 139 140 140 140 140 141 141 140 140 139 139 140 140 140 139 140 140 140 140 141 141 141 142 142 142 142 142 142 143 143 143 142 142 143 144 143 144 144 143 143 143 144 144 144 144 144 144 144 143 143 143 143 143 143 143 143 143 143 143 143 143 144 144 144 144 144 145 144 145 145 145 145 145 145 145 145 145 146 146 146 146 146 146 146 146 146 147 147 147 147 147 147 147 147 147 147 147 147 147 148 148 148 148 148 149 149 149 149 149 149 149 149 148 148 148 149 149 149 149 149 149 149 149 149 149 149 149 150 150 151 151 151 151 151 151 151 151 151 152 152 152 152 152 152 152 152 152 152 152 152 152 152 152 152 153 153 153 153 153 153 153 152 152 153 153 153 153 153 153 153 153 153 153 153 153 153 153 153 154 154 154 154 154 155 155 155 155 155 155 155 155 155 155 155 156 156 156 156 155 156 156 156 156 156 156 156 156 156 156 156 156 156 156 156 156 156 156 156 156 156 156 156 156 156 157 157 157 157 157 157 157 158 158 157 157 157 157 157 157 157 157 158 158 158 158 159 0 0 0 0 0 0 0 0 0 0 0 0 0 0 0 0 0 0 0 0 0 0 0 0 0 0 0 0 0 0 0 0 0 0 0 0 0 0 0 0 0 0 0 0 0 0 0 0 0 0 0 0 0 0 0 0 0 0 0 0 0 0 0 
0 0 0 0 0 0 0 0 0 0 0 0 0 0 0 0 0 0 0 0 0 0 0 0 0 0 0 0 0 0 0 0 0 0 0 0 0 0 0 0 0 0 0 0 0 0 0 0 0 0 0 0 0 0 0 0 0 0 0 0 0 0 0 0 0 0 0 0 0 0 0 0 0 0 0 0 0 0 0 0 0 119 0 0 120 120 121 122 122 122 123 123 123 123 124 124 125 125 125 125 125 125 125 125 126 126 126 127 127 127 128 127 128 128 128 129 129 128 128 129 129 129 129 129 129 129 129 129 129 129 129 129 129 129 130 130 130 130 131 131 131 132 130 130 130 130 130 130 130 130 130 130 131 131 131 131 131 131 131 131 131 131 132 132 132 132 133 133 133 134 134 134 134 134 135 134 135 135 135 135 135 136 136 136 136 136 136 137 137 137 137 137 140 139 139 140 141 140 140 141 142 141 140 140 140 139 140 139 139 140 141 140 141 141 141 142 142 142 142 142 143 143 143 143 143 143 143 143 143 144 144 144 144 144 143 143 144 144 144 144 144 144 143 143 143 143 143 143 143 143 143 143 144 143 143 143 143 143 144 144 144 144 145 145 144 144 145 145 145 145 145 146 146 146 146 146 146 146 146 146 146 147 147 147 147 147 147 147 148 148 148 148 148 148 148 148 148 148 148 149 149 149 149 149 149 149 148 148 149 149 150 149 149 149 149 150 150 150 150 150 150 150 150 151 151 151 151 151 151 151 151 152 152 152 152 152 152 152 152 152 152 152 152 152 152 152 152 152 152 153 153 153 153 154 153 153 153 153 153 153 153 153 153 153 153 153 153 153 153 153 153 153 154 154 154 154 154 154 154 154 154 155 155 155 155 155 155 155 155 156 156 156 156 156 156 156 156 156 156 156 156 156 156 156 156 156 156 156 156 157 156 156 156 156 156 156 156 156 157 157 157 157 157 157 157 157 158 158 158 158 158 157 157 157 157 157 158 158 158 159 159 0 0 0 0 0 0 0 0 0 0 0 0 0 0 0 0 0 0 0 0 0 0 0 0 0 0 0 0 0 0 0 0 0 0 0 0 0 0 0 0 0 0 0 0 0 0 0 0 0 0 0 0 0 0 0 0 0 0 0 0 0 0 
0 0 0 0 0 0 0 0 0 0 0 0 0 0 0 0 0 0 0 0 0 0 0 0 0 0 0 0 0 0 0 0 0 0 0 0 0 0 0 0 0 0 0 0 0 0 0 0 0 0 0 0 0 0 0 0 0 0 0 0 0 0 0 0 0 0 0 0 0 0 0 0 0 0 0 0 0 0 0 0 0 119 119 119 120 120 120 121 121 121 121 122 123 123 123 124 124 124 125 125 126 126 125 125 125 126 126 127 127 127 127 128 128 128 128 128 128 128 128 128 128 129 129 129 129 129 130 130 130 130 130 130 129 130 130 130 130 130 130 131 131 132 131 131 131 131 130 130 130 131 130 130 130 130 130 130 130 131 131 131 131 131 131 132 132 132 133 133 134 134 134 134 134 134 135 135 135 135 135 135 136 136 136 136 137 137 137 137 137 138 137 137 139 139 139 140 141 141 141 141 141 141 140 140 140 140 139 139 140 141 141 141 142 142 142 142 142 142 142 142 143 143 143 142 142 143 143 143 144 144 144 144 144 144 144 143 144 144 144 144 144 144 143 143 143 143 143 143 143 143 143 143 143 143 144 144 144 144 144 144 144 144 144 144 144 145 145 145 145 145 145 145 146 146 146 146 146 146 146 146 147 147 147 147 147 147 147 147 148 148 148 148 148 148 148 148 148 148 148 148 148 148 148 149 149 149 149 149 149 149 150 150 150 150 150 150 150 150 150 150 150 150 150 150 151 151 151 151 151 151 152 152 152 152 152 152 152 152 152 152 152 153 152 152 152 152 153 152 152 152 152 153 153 153 153 153 153 153 153 153 153 153 153 153 153 154 154 154 154 154 154 154 154 154 154 154 154 154 154 154 154 155 155 155 155 155 156 155 155 155 156 156 156 156 156 156 156 156 156 156 156 156 156 156 156 156 156 156 157 157 157 156 156 156 156 156 157 157 157 157 157 157 157 157 157 157 157 158 158 159 159 158 158 158 158 158 158 158 158 158 0 0 0 0 0 0 0 0 0 0 0 0 0 0 0 0 0 0 0 0 0 0 0 0 0 0 0 0 0 0 0 0 0 0 0 0 0 0 0 0 0 0 0 0 0 0 0 0 0 0 0 0 0 0 0 0 0 0 0 0 0 0 0 
0 0 0 0 0 0 0 0 0 0 0 0 0 0 0 0 0 0 0 0 0 0 0 0 0 0 0 0 0 0 0 0 0 0 0 0 0 0 0 0 0 0 0 0 0 0 0 0 0 0 0 0 0 0 0 0 0 0 0 0 0 0 0 0 0 0 0 0 0 0 0 0 0 0 0 0 0 0 0 0 0 119 120 120 120 120 120 120 120 120 120 121 122 122 122 123 124 124 124 125 125 126 125 125 125 126 126 126 127 127 127 128 128 128 128 128 128 128 128 128 128 128 128 128 128 129 129 130 129 130 130 130 129 130 130 131 131 130 130 130 130 131 130 131 131 131 130 130 131 132 131 130 130 130 130 131 131 131 131 131 131 132 132 132 132 133 133 134 134 133 133 133 134 134 135 135 135 135 135 135 136 136 136 137 137 137 137 137 137 138 138 137 139 139 139 139 140 141 141 141 140 140 140 140 141 140 140 139 139 140 140 141 141 142 143 143 143 143 142 142 142 143 143 143 143 143 143 143 143 144 144 144 145 144 144 144 144 144 144 144 144 144 142 143 143 143 143 143 143 143 143 143 143 143 144 144 144 144 144 144 144 144 144 144 145 145 145 145 145 145 146 146 146 146 146 146 146 146 147 147 147 147 147 147 147 147 147 147 147 148 148 148 148 148 148 148 148 148 148 148 148 148 149 149 149 149 149 149 149 150 150 150 150 150 150 151 150 150 150 150 150 150 150 151 151 151 151 151 151 151 152 152 152 152 152 152 152 152 152 152 153 153 152 152 152 152 152 153 153 153 152 153 153 154 153 153 153 153 153 154 154 154 153 153 153 153 154 154 155 155 154 154 154 154 154 154 154 154 155 155 155 156 156 155 155 155 155 155 155 156 156 156 156 156 156 156 156 156 156 156 156 157 157 156 156 156 156 156 157 157 157 156 156 156 156 156 157 157 157 157 157 157 158 158 158 158 157 158 158 158 159 159 159 159 159 158 158 158 158 158 0 0 0 0 0 0 0 0 0 0 0 0 0 0 0 0 0 0 0 0 0 0 0 0 0 0 0 0 0 0 0 0 0 0 0 0 0 0 0 0 0 0 0 0 0 0 0 0 0 0 0 0 0 0 0 0 0 0 0 0 0 0 0 
0 0 0 0 0 0 0 0 0 0 0 0 0 0 0 0 0 0 0 0 0 0 0 0 0 0 0 0 0 0 0 0 0 0 0 0 0 0 0 0 0 0 0 0 0 0 0 0 0 0 0 0 0 0 0 0 0 0 0 0 0 0 0 0 0 0 0 0 0 0 0 0 0 0 0 0 0 0 0 0 0 0 119 120 120 121 121 121 121 121 121 120 121 121 122 123 123 124 124 125 125 125 125 125 125 125 126 126 127 127 127 128 128 128 128 129 129 128 128 128 129 129 129 129 129 129 129 129 129 129 129 129 129 129 130 131 131 130 130 131 131 131 130 130 131 130 130 130 130 131 131 130 130 130 131 131 131 131 132 132 132 132 132 132 132 132 133 133 133 133 133 133 134 134 135 135 135 135 136 136 136 135 136 136 136 136 137 138 138 138 137 137 139 139 139 139 140 140 141 142 141 140 140 140 140 140 140 139 139 140 141 141 141 141 142 143 143 142 142 142 142 142 142 142 142 143 143 144 144 144 144 144 144 145 144 144 144 144 144 144 144 144 142 143 143 143 143 143 143 143 143 143 144 144 144 144 144 144 144 144 144 144 144 144 145 145 145 145 145 146 146 146 146 146 146 146 146 147 147 147 147 147 147 147 147 147 147 147 147 147 147 148 148 148 148 148 148 148 148 148 149 149 149 149 149 149 149 149 149 150 150 150 150 150 150 151 150 150 150 150 150 150 150 150 150 151 151 151 151 151 152 152 152 152 152 152 152 152 152 152 153 153 153 152 152 152 153 153 153 153 153 153 153 154 154 153 154 153 153 154 155 154 154 154 154 154 154 154 155 155 155 155 155 155 155 155 155 156 156 156 156 156 156 156 155 155 155 155 156 156 156 156 157 156 156 156 156 156 156 156 156 156 156 157 157 157 157 156 157 157 157 157 157 156 156 157 157 157 157 157 157 157 158 158 159 159 158 158 159 159 158 159 159 160 159 159 159 158 159 159 159 0 0 0 0 0 0 0 0 0 0 0 0 0 0 0 0 0 0 0 0 0 0 0 0 0 0 0 0 0 0 0 0 0 0 0 0 0 0 0 0 0 0 0 0 0 0 0 0 0 0 0 0 0 0 0 0 0 0 0 0 0 0 
0 0 0 0 0 0 0 0 0 0 0 0 0 0 0 0 0 0 0 0 0 0 0 0 0 0 0 0 0 0 0 0 0 0 0 0 0 0 0 0 0 0 0 0 0 0 0 0 0 0 0 0 0 116 0 0 0 0 0 0 0 0 0 0 0 116 116 0 0 0 0 0 0 0 0 0 0 0 0 0 0 119 120 120 120 121 121 121 122 122 122 121 122 122 122 122 123 124 124 125 125 125 125 125 125 125 126 127 127 127 127 128 128 128 129 129 129 129 129 129 129 130 130 129 130 130 130 129 129 130 130 131 130 130 130 130 131 131 131 132 132 132 130 131 132 132 131 131 131 131 131 131 131 131 131 132 132 132 132 132 131 132 132 132 132 132 132 132 133 133 133 133 134 135 135 134 135 135 136 136 135 136 136 136 137 136 137 138 138 137 137 137 140 140 140 140 140 140 141 141 141 140 140 140 140 140 140 140 140 140 141 141 141 142 143 143 143 143 143 142 142 142 143 143 143 143 143 143 143 144 144 144 144 145 145 144 144 144 144 144 144 144 142 143 143 143 143 143 143 143 143 144 144 144 144 144 144 144 144 145 145 145 144 144 145 145 145 145 145 146 146 146 146 146 146 146 147 147 147 147 147 147 147 147 147 147 147 147 147 147 147 147 148 148 148 148 148 148 149 149 149 149 149 149 149 149 149 149 149 149 150 150 150 150 150 151 150 150 150 150 150 150 150 151 151 151 151 151 151 152 152 152 152 152 152 152 152 152 152 153 153 153 153 152 152 152 152 153 153 153 154 153 153 154 154 154 154 153 153 153 154 155 154 154 154 155 155 154 155 155 156 156 156 156 156 156 156 157 156 156 156 156 156 156 156 155 155 155 156 156 156 157 157 157 156 156 156 156 156 156 156 156 156 156 157 157 157 157 157 157 157 157 157 157 157 157 157 157 157 157 158 158 158 158 159 159 158 158 158 158 159 159 159 160 160 160 160 159 160 160 159 0 0 0 0 0 0 0 0 0 0 0 0 0 0 0 0 0 0 0 0 0 0 0 0 0 0 0 0 0 0 0 0 0 0 0 0 0 0 0 0 0 0 0 0 0 0 0 0 0 0 0 0 0 0 0 0 0 0 0 0 0 0 
0 0 0 0 0 0 0 0 0 0 0 0 0 0 0 0 0 0 0 0 0 0 0 0 0 0 0 0 0 0 0 0 0 0 0 0 0 0 0 0 0 0 0 0 0 0 0 0 0 0 0 0 0 0 0 117 0 117 0 0 0 0 0 117 117 116 116 116 0 0 0 0 0 0 0 0 0 0 0 0 0 0 119 119 120 121 121 121 122 122 123 122 123 123 123 122 122 123 124 124 125 125 125 125 125 126 126 127 127 127 127 127 127 128 128 128 129 129 129 129 129 129 129 129 130 130 130 130 130 131 131 131 131 131 131 130 131 132 132 132 132 132 130 130 131 132 132 132 132 132 132 132 131 131 132 131 131 132 132 132 132 132 132 132 133 133 133 133 133 133 133 134 134 135 135 134 135 136 135 135 135 136 136 136 136 137 138 138 138 138 138 138 141 141 141 141 140 140 141 141 141 140 141 140 140 140 140 140 140 140 140 141 141 142 143 143 142 143 143 143 143 143 143 143 143 143 143 143 143 144 144 144 145 145 145 145 144 144 144 145 144 144 142 142 143 143 143 143 143 143 144 144 144 144 144 144 144 144 144 144 145 145 145 145 145 145 145 145 145 145 146 146 146 146 146 146 147 147 147 147 147 147 147 147 147 147 147 148 148 148 148 148 148 148 148 148 148 148 149 149 149 149 149 149 149 149 149 149 150 150 150 150 150 150 150 150 150 150 150 151 150 151 151 151 151 152 151 151 151 151 152 152 152 152 152 152 152 153 153 153 153 153 153 153 152 152 153 153 153 153 154 154 154 154 154 155 154 154 154 154 154 155 155 155 155 156 155 155 155 156 156 156 156 157 157 157 157 157 157 157 157 156 156 156 156 156 156 156 156 156 156 156 156 156 156 156 156 156 156 156 156 156 156 156 157 157 157 157 157 157 157 157 157 157 157 157 157 157 157 158 157 158 158 158 159 159 159 159 159 159 159 159 159 159 159 160 160 160 160 160 160 0 0 0 0 0 0 0 0 0 0 0 0 0 0 0 0 0 0 0 0 0 0 0 0 0 0 0 0 0 0 0 0 0 0 0 0 0 0 0 0 0 0 0 0 0 0 0 0 0 0 0 0 0 0 0 0 0 0 0 0 0 0 
0 0 0 0 0 0 0 0 0 0 0 0 0 0 0 0 0 0 0 0 0 0 0 0 0 0 0 0 0 0 0 0 0 0 0 0 0 0 0 0 0 0 0 0 0 0 0 0 0 0 0 0 115 116 116 117 117 117 118 118 118 118 118 117 117 117 117 117 116 117 0 0 0 0 0 0 0 0 0 0 0 0 0 119 119 120 120 120 121 122 123 123 123 124 124 124 123 123 123 124 125 125 125 125 125 126 126 127 127 127 127 127 127 128 128 129 129 129 129 129 129 129 129 129 130 130 130 130 130 130 131 131 131 131 131 131 130 131 132 132 133 133 131 131 131 131 131 132 132 132 132 131 131 131 131 131 131 131 131 132 133 132 132 132 133 134 133 133 133 133 133 134 134 135 135 135 135 135 135 136 136 136 136 136 136 137 138 138 138 139 139 139 142 142 142 141 142 141 142 141 141 141 142 141 140 140 140 140 140 141 141 140 141 142 142 142 143 142 142 142 143 143 143 143 143 143 143 143 143 144 144 144 144 144 145 145 145 145 145 144 144 144 142 142 143 143 143 143 143 143 143 144 144 144 144 144 144 144 145 145 145 145 145 145 145 145 145 145 145 145 146 146 146 146 146 146 146 147 147 147 147 147 147 147 147 147 148 148 148 148 148 148 148 148 148 148 148 149 149 149 149 149 149 149 149 149 149 150 150 150 150 150 150 150 150 150 150 151 151 151 151 151 151 151 151 152 152 151 151 151 152 152 152 152 152 153 153 153 153 153 153 153 153 153 153 153 153 153 153 153 154 154 154 154 154 154 155 155 154 154 154 155 156 156 156 156 156 156 156 155 155 155 156 156 157 157 157 157 157 157 157 157 157 157 157 157 156 156 156 157 156 156 156 157 156 156 156 156 156 157 157 157 157 157 157 157 157 157 157 157 157 157 157 157 157 157 157 157 158 157 158 158 158 158 159 159 159 159 159 159 159 159 159 160 160 160 160 160 160 160 161 0 0 0 0 0 0 0 0 0 0 0 0 0 0 0 0 0 0 0 0 0 0 0 0 0 0 0 0 0 0 0 0 0 0 0 0 0 0 0 0 0 0 0 0 0 0 0 0 0 0 0 0 0 0 0 0 0 0 0 0 0 0 
0 0 0 0 0 0 0 0 0 0 0 0 0 0 0 0 0 0 0 0 0 0 0 0 0 0 0 0 0 0 0 0 0 0 0 0 0 0 0 0 0 0 0 0 0 0 0 0 0 0 0 0 116 116 116 117 117 117 117 117 117 117 117 117 116 116 117 117 117 0 0 0 0 118 119 120 0 0 0 0 0 0 120 120 120 120 120 121 121 121 121 122 123 124 124 124 124 124 124 124 124 124 125 126 126 126 126 127 126 126 127 127 127 128 128 129 129 129 129 130 130 129 129 130 130 130 130 130 130 130 130 130 130 131 130 131 131 131 131 132 132 133 132 132 132 131 131 131 132 132 132 132 132 132 132 131 131 132 132 133 132 133 133 133 133 133 133 133 133 133 133 134 135 135 135 135 135 135 136 137 137 136 136 136 137 137 138 137 138 139 139 139 142 142 142 142 142 142 142 142 141 142 142 141 141 141 141 141 140 140 140 141 140 141 141 142 142 142 142 142 143 143 144 144 143 143 144 144 144 143 144 144 145 145 145 146 146 146 145 145 145 145 143 142 143 144 143 143 143 143 143 144 144 144 144 144 144 144 145 145 145 145 145 145 145 145 145 145 145 145 146 146 146 146 146 146 146 147 147 147 147 147 147 147 147 147 148 148 148 148 148 148 148 148 148 148 148 149 149 149 149 149 149 149 149 149 150 150 150 150 150 150 150 150 150 150 151 151 151 151 150 151 151 151 151 151 152 152 152 152 152 152 152 152 152 153 153 153 153 153 153 153 153 153 153 153 153 153 153 153 153 154 154 154 154 154 154 154 154 154 154 155 155 156 155 155 156 156 156 156 155 155 156 156 156 157 157 156 157 157 157 157 157 157 157 157 157 156 156 157 157 157 157 157 156 156 156 156 156 156 157 157 157 157 157 157 157 157 157 157 157 157 157 157 157 157 158 157 157 158 158 158 158 158 159 159 159 160 160 160 160 159 159 159 159 159 160 160 160 160 161 0 0 0 0 0 0 0 0 0 0 0 0 0 0 0 0 0 0 0 0 0 0 0 0 0 0 0 0 0 0 0 0 0 0 0 0 0 0 0 0 0 0 0 0 0 0 0 0 0 0 0 0 0 0 0 0 0 0 0 0 0 0 
0 0 0 0 0 0 0 0 0 0 0 0 0 0 0 0 0 0 0 0 0 0 0 0 0 0 0 0 0 0 0 0 0 0 0 0 0 0 0 0 0 0 0 0 0 0 0 0 0 0 0 0 117 116 116 116 117 118 117 117 116 116 117 117 117 117 118 118 118 118 0 118 117 118 119 119 120 120 121 121 122 121 120 120 120 120 121 121 121 121 122 122 123 124 124 124 124 125 124 125 124 124 126 126 126 126 126 126 127 127 127 127 128 128 128 128 129 129 129 130 130 130 130 130 130 130 131 130 130 130 130 131 130 131 131 131 131 132 131 132 132 133 132 132 132 132 132 132 132 132 132 132 131 131 131 131 132 132 133 133 132 133 133 133 134 133 134 134 134 133 133 133 134 134 135 134 135 135 135 135 136 136 136 137 138 138 138 138 138 139 139 139 141 141 142 142 142 142 142 142 142 142 142 141 140 140 140 140 140 140 141 141 140 140 140 141 142 142 141 142 143 144 144 143 143 143 144 144 144 144 144 144 144 145 145 145 146 146 146 146 146 146 144 143 144 144 144 144 143 143 144 144 144 144 144 144 144 144 144 145 145 145 145 145 145 145 145 146 146 146 146 146 146 146 146 146 146 147 147 147 147 147 147 147 147 147 147 148 148 148 148 148 148 148 148 148 149 149 149 149 149 149 149 149 150 150 150 150 150 150 150 150 150 150 150 151 151 151 151 150 150 151 151 151 151 151 152 152 152 152 152 152 152 152 152 153 153 153 153 153 153 153 153 153 153 153 153 153 153 153 153 154 154 154 154 154 154 154 154 155 154 154 155 155 155 155 155 156 156 156 156 155 156 156 156 157 157 157 157 157 157 157 157 157 157 157 157 157 157 157 157 157 157 157 157 157 156 156 156 156 157 157 157 157 157 157 157 157 157 157 157 157 157 157 157 157 158 158 158 158 158 158 158 158 159 159 159 160 159 160 160 160 160 159 160 160 160 160 161 161 161 0 0 0 0 0 0 0 0 0 0 0 0 0 0 0 0 0 0 0 0 0 0 0 0 0 0 0 0 0 0 0 0 0 0 0 0 0 0 0 0 0 0 0 0 0 0 0 0 0 0 0 0 0 0 0 0 0 0 0 0 0 0 
0 0 0 0 0 0 0 0 0 0 0 0 0 0 0 0 0 0 0 0 0 0 0 0 0 0 0 0 0 0 0 0 0 0 0 0 0 0 0 0 0 0 0 0 0 0 0 0 0 0 0 0 117 116 117 117 118 118 117 117 117 117 117 118 118 118 119 119 118 118 118 0 0 118 119 119 119 119 120 121 121 121 120 120 120 120 120 121 121 121 122 121 123 123 124 124 124 124 125 125 125 125 126 126 126 126 126 126 127 127 128 128 128 128 128 128 128 129 129 129 130 130 130 130 131 131 131 131 131 131 131 131 132 132 132 132 132 132 131 132 132 132 132 132 132 132 132 131 131 132 132 132 132 131 131 132 133 133 133 133 132 133 134 134 134 134 134 134 134 134 134 134 134 134 134 135 135 136 136 136 135 136 136 137 137 138 138 138 138 138 139 138 141 141 141 141 141 141 142 143 143 143 143 142 141 141 141 141 141 141 141 141 141 141 140 140 141 141 142 143 143 143 143 143 143 144 144 144 144 144 145 145 145 145 145 145 145 146 146 146 147 147 145 145 145 145 145 145 144 144 144 144 144 144 144 144 144 144 144 145 145 145 145 145 145 145 145 145 145 146 146 146 146 146 146 146 146 147 147 147 147 147 147 147 147 147 148 148 148 148 148 148 148 148 148 149 149 149 149 149 149 149 149 149 150 150 150 150 150 150 150 151 151 151 151 151 151 151 151 151 150 151 151 151 151 151 152 152 152 152 152 152 152 152 152 152 153 153 153 153 153 153 153 153 153 153 153 153 153 153 153 153 154 154 154 154 154 154 154 155 154 154 154 155 155 155 156 156 156 156 156 156 156 156 157 157 157 157 157 157 157 157 157 157 157 157 157 157 157 157 157 157 157 158 158 157 157 156 156 156 157 157 157 157 157 157 157 157 157 157 157 157 157 157 157 157 157 158 158 158 158 158 158 158 158 159 159 159 159 159 159 160 160 160 160 160 160 160 160 161 161 0 0 0 0 0 0 0 0 0 0 0 0 0 0 0 0 0 0 0 0 0 0 0 0 0 0 0 0 0 0 0 0 0 0 0 0 0 0 0 0 0 0 0 0 0 0 0 0 0 0 0 0 0 0 0 0 0 0 0 0 0 0 
0 0 0 0 0 0 0 0 0 0 0 0 0 0 0 0 0 0 0 0 0 0 0 0 0 0 0 0 0 0 0 0 0 0 0 0 0 0 0 0 0 0 0 0 0 0 0 0 0 0 0 0 117 117 117 117 118 118 118 118 118 118 118 118 119 119 119 118 118 118 0 0 0 118 119 119 119 119 120 120 120 121 120 120 120 121 121 120 121 121 121 122 123 123 124 123 124 124 124 125 125 126 126 126 126 126 126 126 126 127 127 128 128 129 128 128 128 129 129 129 129 130 130 130 131 131 131 131 131 131 131 132 132 132 132 132 133 131 132 132 133 133 132 132 132 132 132 131 131 131 132 132 131 132 132 132 133 133 133 132 132 133 134 134 134 134 134 134 134 134 135 134 134 134 135 136 136 136 136 136 136 137 137 137 137 138 138 138 138 138 138 138 141 141 141 141 141 141 141 142 142 143 143 142 142 142 142 142 141 141 141 142 142 141 141 140 141 141 142 143 143 143 143 143 143 144 144 144 144 144 145 145 145 145 146 146 146 146 146 146 147 147 145 145 145 146 146 145 145 145 145 145 145 145 145 145 144 144 145 144 145 145 145 145 145 146 145 145 146 146 146 146 146 146 146 146 147 147 147 147 147 147 147 147 147 148 148 148 148 148 148 148 148 148 149 149 149 149 149 149 149 149 149 149 150 150 150 150 150 150 150 150 150 151 151 151 151 151 151 151 151 151 151 151 151 152 152 152 152 152 152 152 153 153 152 152 153 153 153 153 153 153 153 153 153 153 153 153 153 153 153 154 154 154 154 154 154 154 154 154 154 154 155 155 155 155 156 156 156 156 156 156 156 156 156 157 157 157 157 157 157 157 157 157 157 157 158 158 157 157 158 157 157 157 158 158 157 157 157 157 157 157 157 157 157 157 157 157 157 157 157 157 157 157 158 157 157 158 158 158 158 158 158 159 159 159 159 159 159 159 159 160 160 160 160 161 161 160 160 161 161 0 0 0 0 0 0 0 0 0 0 0 0 0 0 0 0 0 0 0 0 0 0 0 0 0 0 0 0 0 0 0 0 0 0 0 0 0 0 0 0 0 0 0 0 0 0 0 0 0 0 0 0 0 0 0 0 0 0 0 0 0 0 
0 0 0 0 0 0 0 0 0 0 0 0 0 0 0 0 0 0 0 0 0 0 0 0 0 0 0 0 0 0 0 0 0 0 0 0 0 0 0 0 0 0 0 0 0 0 0 0 0 0 0 0 117 117 117 117 118 119 119 119 119 118 118 119 119 119 119 119 118 118 118 0 0 119 119 120 119 120 120 120 120 121 121 121 120 120 121 120 121 121 122 122 123 124 124 123 123 124 124 125 126 126 126 126 127 126 126 126 126 127 128 128 128 128 129 129 129 129 129 129 129 130 130 130 130 130 130 131 131 131 131 132 132 131 131 131 132 132 133 133 133 134 133 133 133 133 133 132 131 131 131 132 132 132 132 133 134 133 133 133 133 133 133 133 134 134 134 134 134 134 135 134 134 134 135 135 136 136 136 137 137 137 137 137 137 137 137 137 137 137 138 139 142 142 141 141 141 141 141 141 141 141 142 143 143 143 143 142 142 142 142 142 142 141 141 141 141 142 142 143 144 144 143 144 144 144 144 145 145 145 145 145 145 145 146 146 146 146 146 147 147 147 145 145 145 145 145 145 145 146 146 146 146 145 145 144 144 144 145 145 145 145 145 146 145 145 145 145 145 146 146 146 146 146 146 147 147 147 147 147 147 147 147 147 148 148 148 148 148 148 148 148 148 148 149 149 149 149 149 149 149 149 149 149 150 150 150 150 150 150 150 150 151 151 151 151 151 151 151 151 151 151 151 151 151 152 152 152 152 152 152 152 153 153 153 153 153 153 153 153 153 154 153 153 153 153 153 153 154 154 154 154 154 154 154 154 154 154 154 154 155 155 155 155 155 155 155 156 156 156 156 156 156 156 156 157 157 157 157 156 157 157 157 158 158 158 158 158 158 157 158 158 157 158 158 158 158 157 157 157 157 157 156 156 156 157 157 157 157 157 157 157 158 158 158 158 157 158 158 159 158 159 159 159 159 159 159 159 159 159 159 160 160 160 160 160 161 160 160 161 161 162 0 0 0 0 0 0 0 0 0 0 0 0 0 0 0 0 0 0 0 0 0 0 0 0 0 0 0 0 0 0 0 0 0 0 0 0 0 0 0 0 0 0 0 0 0 0 0 0 0 0 0 0 0 0 0 0 0 0 0 0 0 
0 0 0 0 0 0 0 0 0 0 0 0 0 0 0 0 0 0 0 0 0 0 0 0 0 0 0 0 0 0 0 0 0 0 0 0 0 0 0 0 0 0 0 0 0 0 0 0 0 0 0 0 117 117 118 118 119 119 118 118 118 118 118 119 120 120 119 119 118 118 118 119 120 119 120 120 120 120 121 121 121 121 121 121 121 121 121 120 120 121 121 122 123 124 124 124 123 124 124 125 125 125 126 127 127 127 126 126 126 127 128 128 128 128 129 129 129 129 129 129 130 130 130 130 131 131 131 131 131 131 131 132 132 132 132 132 132 132 132 132 132 133 132 133 133 133 132 132 131 132 132 132 132 132 133 133 134 134 134 134 134 134 134 133 133 134 134 134 134 134 134 134 134 134 134 134 135 135 136 137 137 138 138 138 138 138 138 138 138 137 137 139 141 141 142 141 142 142 141 141 140 141 142 142 142 143 143 143 143 143 142 141 141 141 140 140 141 142 142 142 143 144 144 144 145 145 145 145 146 146 145 146 146 146 146 147 147 147 147 147 147 147 145 146 146 145 145 145 146 146 146 146 146 145 145 145 145 145 145 145 145 145 146 146 146 146 146 146 146 146 146 146 146 146 146 147 147 147 147 147 147 147 148 148 148 148 148 148 148 148 148 148 148 148 149 149 149 149 149 149 149 149 149 149 150 150 150 150 150 150 150 150 151 151 151 151 151 151 151 151 151 151 151 151 151 152 152 152 152 152 153 153 153 153 153 153 153 153 153 153 153 154 153 153 153 153 153 153 154 154 154 154 154 154 154 154 155 154 154 154 155 155 155 155 155 155 155 156 156 156 156 156 156 156 157 157 157 156 157 156 156 157 157 157 157 157 157 158 157 157 157 157 157 158 157 157 158 157 157 157 157 157 156 157 157 157 157 158 158 157 157 158 158 158 158 158 158 158 158 158 158 159 159 159 159 159 159 159 159 159 160 160 160 160 160 160 160 160 161 161 161 161 0 0 0 0 0 0 0 0 0 0 0 0 0 0 0 0 0 0 0 0 0 0 0 0 0 0 0 0 0 0 0 0 0 0 0 0 0 0 0 0 0 0 0 0 0 0 0 0 0 0 0 0 0 0 0 0 0 0 0 0 0 
0 0 0 0 0 0 0 0 0 0 0 0 0 0 0 0 0 0 0 0 0 0 0 0 0 0 0 0 0 0 0 0 0 0 0 0 0 0 0 0 0 0 0 0 0 0 0 0 0 0 0 117 118 117 118 118 118 119 118 118 118 118 118 118 119 119 119 119 118 118 119 120 120 119 120 120 121 120 120 121 122 122 121 121 121 121 121 121 121 121 121 121 123 123 123 123 123 124 124 124 125 125 126 126 126 126 127 127 127 127 127 128 128 128 128 129 129 129 129 130 130 130 130 131 131 131 131 131 131 131 131 132 132 132 133 133 132 132 132 133 133 133 132 132 132 132 132 132 132 132 132 132 132 133 133 134 133 133 133 134 133 133 133 133 133 133 133 133 134 134 134 134 135 135 135 134 134 135 135 136 137 137 137 138 138 138 138 138 138 137 137 137 140 141 141 141 141 141 141 141 140 141 142 141 141 142 143 143 143 143 142 142 141 141 140 140 141 142 143 143 143 143 145 145 145 145 145 145 146 146 145 146 146 147 147 147 147 147 147 146 146 147 145 146 146 145 145 145 146 146 146 146 146 146 146 146 146 146 145 145 145 145 146 146 146 146 146 146 146 146 146 146 146 146 146 147 147 147 147 147 147 148 148 148 147 147 148 148 148 148 148 148 148 148 149 149 149 149 149 149 149 149 149 150 150 150 150 150 150 150 150 150 151 151 151 151 151 151 151 151 151 151 151 151 152 152 152 152 153 153 153 153 153 153 153 153 153 153 153 153 153 153 153 153 154 154 154 154 154 154 154 154 154 154 154 155 155 155 154 155 155 155 155 155 155 155 155 155 156 156 156 156 157 156 156 156 156 156 156 157 157 157 157 157 157 157 157 157 157 157 157 157 157 157 157 157 158 158 158 157 157 157 157 157 157 157 157 158 158 157 157 157 158 158 158 158 158 158 158 158 158 159 159 159 159 159 159 159 159 159 159 159 159 160 160 160 160 160 160 161 161 161 0 0 0 0 0 0 0 0 0 0 0 0 0 0 0 0 0 0 0 0 0 0 0 0 0 0 0 0 0 0 0 0 0 0 0 0 0 0 0 0 0 0 0 0 0 0 0 0 0 0 0 0 0 0 0 0 0 0 0 0 0 
0 0 0 0 0 0 0 0 0 0 0 0 0 0 0 0 0 0 0 0 0 0 0 0 0 0 0 0 0 0 0 0 0 0 0 0 0 0 0 0 0 0 0 0 0 0 0 0 0 0 118 118 118 118 118 117 118 119 119 119 119 118 118 118 118 118 118 118 118 118 119 120 120 119 120 121 122 122 121 121 122 123 122 122 122 122 121 122 121 121 121 121 122 122 123 124 125 125 125 125 125 125 125 125 126 126 126 126 127 127 127 127 128 128 129 129 129 129 129 129 130 130 130 130 131 131 131 131 130 131 132 132 132 132 133 133 133 133 133 134 134 134 133 132 132 132 132 132 132 132 132 133 132 133 134 134 133 133 133 133 133 133 133 133 133 133 134 134 134 134 134 134 135 136 135 135 135 135 136 137 137 137 137 137 137 138 138 138 138 138 138 137 140 140 141 141 140 140 140 140 140 140 141 141 141 141 142 142 142 143 143 143 142 141 141 140 141 142 143 143 144 144 145 145 145 144 144 145 145 145 145 146 146 146 147 147 147 147 146 146 146 146 145 145 145 145 145 145 145 146 146 146 147 146 146 146 146 146 146 146 146 146 146 146 147 147 146 146 146 146 146 146 146 146 147 147 147 147 147 147 147 147 147 147 148 148 148 148 148 148 148 148 148 148 149 149 149 149 149 149 149 149 150 150 150 150 150 150 151 151 151 151 151 151 151 151 151 151 151 151 151 151 152 152 152 152 152 152 153 153 153 153 153 152 153 153 153 153 153 153 153 153 153 153 154 154 154 154 154 154 154 154 154 154 154 155 155 155 154 155 155 155 155 155 155 155 155 155 156 156 156 156 156 156 156 156 157 157 157 157 157 157 157 157 157 157 157 157 157 157 157 157 157 157 158 158 158 158 157 157 157 157 157 158 157 157 158 158 158 158 158 157 158 158 158 158 158 158 158 158 158 159 158 159 159 159 159 159 159 159 160 160 160 160 160 160 160 160 161 161 161 161 162 0 0 0 0 0 0 0 0 0 0 0 0 0 0 0 0 0 0 0 0 0 0 0 0 0 0 0 0 0 0 0 0 0 0 0 0 0 0 0 0 0 0 0 0 0 0 0 0 0 0 0 0 0 0 0 0 0 0 0 0 
0 0 0 0 0 0 0 0 0 0 0 0 0 0 0 0 0 0 0 0 0 0 0 0 0 0 0 0 0 0 0 0 0 0 0 0 0 0 0 0 0 0 0 0 0 0 0 0 0 118 117 118 118 119 118 117 117 119 118 118 118 119 118 118 117 117 117 118 119 119 120 120 120 119 120 121 121 122 122 122 123 123 123 123 123 123 123 122 122 122 122 122 122 122 123 124 124 125 125 126 126 125 125 125 125 126 126 126 126 127 127 127 127 128 129 129 129 129 129 129 129 129 130 130 130 130 130 130 130 131 131 131 132 132 133 133 133 133 133 134 134 134 133 133 133 132 132 132 132 132 132 132 132 133 134 133 133 133 133 133 133 133 133 134 134 134 134 134 134 134 134 135 135 136 136 136 136 136 137 137 137 137 137 137 137 138 138 139 139 138 139 138 140 140 140 140 140 140 141 141 140 140 140 140 141 141 142 142 142 142 142 143 143 142 141 141 141 142 143 144 144 144 144 145 144 144 144 145 145 144 145 145 145 146 146 146 147 146 146 146 146 146 145 145 145 145 145 145 146 146 146 146 147 146 146 146 146 146 146 146 146 146 146 146 147 147 146 146 147 147 147 147 147 147 147 147 147 147 147 147 147 147 148 148 148 148 148 148 148 148 148 148 148 149 149 149 149 149 149 149 149 149 150 150 150 150 150 150 150 151 151 151 151 151 151 151 151 151 151 151 151 152 152 152 152 152 152 152 152 153 153 153 153 153 153 153 153 154 154 153 153 153 153 153 154 154 154 154 154 154 154 154 154 154 155 155 155 155 155 155 155 155 155 155 155 155 155 156 156 156 156 156 156 156 156 156 157 157 157 157 157 157 157 157 157 157 157 157 157 157 157 157 157 158 158 158 157 158 157 157 157 157 158 158 158 158 158 158 158 158 158 158 158 158 158 158 159 158 158 158 158 159 159 159 159 159 159 160 160 160 160 160 160 161 161 161 161 161 161 161 161 161 162 0 0 0 0 0 0 0 0 0 0 0 0 0 0 0 0 0 0 0 0 0 0 0 0 0 0 0 0 0 0 0 0 0 0 0 0 0 0 0 0 0 0 0 0 0 0 0 0 0 0 0 0 0 0 0 0 0 0 0 0 
0 0 0 0 0 0 0 0 0 0 0 0 0 0 0 0 0 0 0 0 0 0 0 0 0 0 0 0 0 0 0 0 0 0 0 0 0 0 0 0 0 0 0 0 0 0 0 0 0 117 117 117 118 119 118 118 117 118 119 118 118 118 118 117 117 118 119 119 120 120 120 119 119 119 120 120 120 121 122 122 122 122 122 123 123 124 124 124 123 123 122 122 122 122 123 123 124 124 124 125 126 126 126 126 126 126 126 127 127 127 128 128 128 128 128 129 129 129 129 129 129 130 130 130 130 130 130 131 131 131 131 132 132 132 132 133 133 133 133 133 134 134 133 133 134 133 132 132 132 132 132 132 133 133 133 134 134 134 133 133 133 133 134 133 134 135 134 134 134 134 134 135 135 136 136 136 137 137 137 137 137 137 137 137 137 138 138 138 138 138 138 138 140 140 140 140 141 141 141 141 141 141 141 140 141 142 142 142 142 142 142 142 142 142 141 141 142 143 143 143 143 143 144 144 144 144 144 145 144 144 145 145 145 145 146 146 147 147 147 147 146 146 144 144 145 145 145 145 145 145 146 146 146 146 146 146 146 146 146 146 146 146 147 146 146 147 147 147 146 147 147 147 147 147 147 147 147 147 147 147 147 147 148 148 148 148 148 148 148 148 148 148 149 149 149 149 149 149 149 149 149 150 150 150 150 150 150 150 150 151 151 151 151 151 151 151 151 151 151 151 151 152 152 152 152 152 152 153 153 153 153 153 153 153 153 153 153 154 154 154 154 154 153 153 154 154 154 154 154 154 154 154 154 154 155 155 155 155 155 155 155 155 155 155 156 156 156 156 156 156 156 157 156 157 156 156 156 156 157 157 157 157 157 157 157 157 157 157 157 158 157 157 157 158 157 157 157 157 157 157 157 157 158 158 158 158 158 158 159 159 158 158 158 158 158 159 159 159 158 158 158 158 159 159 160 160 159 159 160 160 160 160 160 160 161 162 161 161 161 161 161 161 162 162 0 0 0 0 0 0 0 0 0 0 0 0 0 0 0 0 0 0 0 0 0 0 0 0 0 0 0 0 0 0 0 0 0 0 0 0 0 0 0 0 0 0 0 0 0 0 0 0 0 0 0 0 0 0 0 0 0 0 0 
0 0 0 0 0 0 0 0 0 0 0 0 0 0 0 0 0 0 0 0 0 0 0 0 0 0 0 0 0 0 0 0 0 0 0 0 0 0 0 0 0 0 0 0 0 0 0 0 0 117 117 117 117 118 118 119 118 118 118 119 118 118 118 118 118 119 120 120 121 121 121 120 119 120 121 120 120 121 122 121 121 122 122 123 123 123 124 124 124 123 122 122 123 123 123 123 123 123 123 124 125 125 126 127 127 127 128 128 128 128 128 128 129 129 129 129 129 129 130 130 129 130 131 131 131 130 130 131 131 132 131 131 132 132 132 133 133 133 133 133 134 134 133 133 133 133 134 133 133 132 133 133 133 133 133 134 134 134 133 133 133 134 134 134 135 134 134 134 134 135 134 135 135 135 136 137 137 138 137 137 137 137 137 137 137 137 138 138 138 138 138 137 140 140 141 141 141 141 142 142 141 141 140 140 140 141 141 142 142 142 143 142 142 141 142 141 142 142 142 142 143 143 144 144 144 144 144 144 144 145 145 145 146 146 146 147 147 148 147 147 147 147 145 145 145 145 145 145 145 145 145 145 146 146 146 146 146 146 146 146 146 146 147 147 146 146 147 147 147 147 146 147 147 147 147 147 147 147 147 147 148 147 148 148 148 148 148 148 148 148 149 148 149 149 149 149 149 149 149 149 149 150 150 150 150 150 150 150 150 151 151 151 151 151 151 151 151 151 151 151 151 152 152 152 152 152 152 153 153 153 153 153 153 153 153 153 154 154 154 154 154 154 153 153 153 154 154 154 154 154 154 154 154 154 155 155 155 155 155 155 155 155 156 156 156 156 156 156 156 156 156 156 156 156 156 156 156 157 157 157 157 157 157 157 157 157 157 157 157 157 158 158 157 157 157 157 157 157 157 157 158 158 158 158 158 158 159 158 159 159 159 159 159 158 159 159 159 159 159 158 158 158 159 159 159 159 160 160 160 160 160 160 160 161 161 161 161 161 161 161 161 161 162 163 163 0 0 0 0 0 0 0 0 0 0 0 0 0 0 0 0 0 0 0 0 0 0 0 0 0 0 0 0 0 0 0 0 0 0 0 0 0 0 0 0 0 0 0 0 0 0 0 0 0 0 0 0 0 0 0 0 0 0 
0 0 0 0 0 0 0 0 0 0 0 0 0 0 0 0 0 0 0 0 0 0 0 0 0 0 0 0 0 0 0 0 0 0 0 0 0 0 0 0 0 0 0 0 0 0 0 0 0 118 117 117 117 117 117 118 118 118 118 118 118 118 119 119 119 120 121 121 121 121 122 120 121 122 122 121 121 120 121 121 122 123 123 123 124 124 124 125 124 123 123 123 124 123 123 124 123 123 123 123 124 125 126 126 127 127 128 128 128 128 129 129 129 129 129 129 130 130 130 130 130 130 131 131 131 131 131 131 130 131 132 132 132 132 132 133 133 133 133 134 134 134 133 133 133 133 134 134 134 133 133 133 133 133 133 134 134 133 134 133 133 134 134 135 135 135 134 134 135 135 134 135 136 136 136 136 137 138 138 138 138 138 138 138 138 138 138 137 138 137 137 137 140 140 141 142 142 142 143 142 141 141 141 141 141 141 141 141 142 143 143 142 142 142 141 141 142 142 143 143 143 144 144 144 144 144 144 144 144 145 145 145 146 146 147 147 147 148 148 147 147 148 145 145 146 146 146 146 146 145 145 145 146 146 146 146 146 146 146 146 147 146 146 146 146 147 146 147 147 147 147 147 147 147 147 147 147 147 148 148 148 148 148 148 148 148 148 148 148 149 149 149 149 149 149 149 149 149 149 150 150 150 150 150 150 150 150 150 150 150 151 151 151 151 151 151 151 151 151 151 152 152 152 152 152 152 152 153 153 153 153 153 153 153 153 153 154 154 154 154 154 154 153 154 154 154 154 154 154 154 155 155 155 155 155 155 155 155 155 155 155 156 156 156 156 156 156 156 156 156 156 157 156 156 156 156 156 156 156 157 157 157 157 157 157 157 157 157 158 157 157 157 157 157 157 157 157 157 157 157 158 158 158 158 158 158 159 159 159 159 159 159 159 159 159 159 159 159 159 159 158 158 159 159 159 159 159 160 160 160 160 160 160 161 161 161 161 161 161 162 161 161 162 162 163 0 0 0 0 0 0 0 0 0 0 0 0 0 0 0 0 0 0 0 0 0 0 0 0 0 0 0 0 0 0 0 0 0 0 0 0 0 0 0 0 0 0 0 0 0 0 0 0 0 0 0 0 0 0 0 0 0 0 
0 0 0 0 0 0 0 0 0 0 0 0 0 0 0 0 0 0 0 0 0 0 0 0 0 0 0 0 0 0 0 0 0 0 0 0 0 0 0 0 0 0 0 0 0 0 0 0 0 119 119 118 118 117 117 117 117 118 118 118 118 118 119 119 119 120 121 121 121 120 121 121 120 122 122 123 123 122 121 121 122 123 123 123 124 124 125 125 125 125 124 124 124 124 124 125 125 124 124 123 124 125 125 126 126 126 127 127 128 128 128 128 129 129 129 129 130 130 130 130 130 130 131 131 131 131 131 131 131 131 131 132 132 133 133 133 133 133 133 133 133 134 133 133 133 133 134 134 134 134 133 132 133 133 133 133 133 133 133 133 133 134 134 135 135 135 135 135 135 135 134 135 135 136 136 136 137 137 138 138 138 138 138 138 138 138 138 138 137 137 138 138 141 141 141 142 143 143 144 143 142 142 142 141 141 141 141 142 142 143 143 142 142 142 141 142 142 143 143 143 144 144 145 144 143 143 144 144 145 145 145 145 146 147 147 148 148 149 149 149 148 147 145 146 146 146 146 145 145 145 145 145 145 145 146 146 146 146 146 146 147 147 146 146 146 147 147 146 147 147 147 147 147 147 147 147 147 148 148 148 148 148 148 148 148 148 149 149 149 149 149 149 149 149 149 149 149 149 149 150 150 150 150 150 150 150 150 150 150 151 150 151 151 151 151 151 152 152 151 152 152 152 152 152 152 153 152 153 153 153 153 153 153 153 153 154 154 154 154 154 154 154 154 154 154 154 154 154 154 154 155 155 155 155 155 155 155 155 155 155 155 156 156 156 156 156 156 156 156 156 156 156 156 156 156 156 156 156 156 157 157 157 157 157 157 157 157 157 157 157 157 157 157 157 157 158 158 158 158 158 158 158 158 159 159 159 159 160 160 160 160 160 159 159 159 160 160 160 159 159 159 159 159 159 159 159 160 160 160 160 160 160 161 160 160 160 161 161 161 161 161 161 162 163 163 164 0 0 0 0 0 0 0 0 0 0 0 0 0 0 0 0 0 0 0 0 0 0 0 0 0 0 0 0 0 0 0 0 0 0 0 0 0 0 0 0 0 0 0 0 0 0 0 0 0 0 0 0 0 0 0 0 0 
0 0 0 0 0 0 0 0 0 0 0 0 0 0 0 0 0 0 0 0 0 0 0 0 0 0 0 0 0 0 0 0 0 0 0 0 0 0 0 0 0 0 0 0 0 0 0 0 0 0 0 119 119 118 118 118 118 118 118 118 119 119 119 119 119 120 121 121 122 121 121 121 121 121 122 123 123 123 122 122 122 123 123 123 123 124 124 125 125 124 125 125 125 125 124 124 125 125 124 124 124 124 124 125 125 126 126 126 127 127 128 127 128 129 129 130 130 130 131 131 131 131 130 131 131 132 132 132 132 131 131 132 132 133 133 133 133 134 134 134 134 134 133 133 134 134 134 134 134 134 133 133 133 133 133 133 133 134 134 134 133 134 134 134 135 135 135 135 135 135 134 135 136 136 137 137 138 138 138 138 138 138 137 137 138 138 138 138 138 139 138 139 141 141 142 142 143 143 144 143 143 143 142 142 142 141 141 141 142 142 142 142 142 141 141 142 142 142 142 143 143 143 143 143 143 143 144 144 145 145 146 146 146 147 147 148 148 149 149 149 148 148 145 146 146 146 146 146 146 145 146 146 145 145 146 146 146 147 146 147 146 147 147 146 146 146 147 147 147 147 147 147 147 147 147 148 147 147 148 148 148 148 148 148 148 148 149 149 149 149 149 149 149 149 149 149 149 149 150 149 150 150 150 150 150 150 150 151 150 151 151 151 151 151 151 151 152 152 152 152 152 152 152 152 153 153 153 153 153 153 153 153 153 153 153 154 154 154 154 154 154 154 154 154 154 154 154 154 154 154 155 155 155 155 155 155 155 155 155 155 156 156 156 156 156 156 156 156 156 156 156 156 156 156 156 156 156 156 156 157 157 157 157 157 157 157 157 157 157 158 158 157 157 157 158 158 158 158 158 158 159 159 159 159 159 159 159 159 159 160 160 160 160 160 160 160 160 160 160 159 159 159 159 159 159 159 159 159 160 160 160 160 160 160 161 161 161 161 161 161 161 161 162 162 163 164 0 0 0 0 0 0 0 0 0 0 0 0 0 0 0 0 0 0 0 0 0 0 0 0 0 0 0 0 0 0 0 0 0 0 0 0 0 0 0 0 0 0 0 0 0 0 0 0 0 0 0 0 0 0 0 0 0 
0 0 0 0 0 0 0 0 0 0 0 0 0 0 0 0 0 0 0 0 0 0 0 0 0 0 0 0 0 0 0 0 0 0 0 0 0 0 0 0 0 0 0 0 0 0 0 0 0 0 0 0 0 119 119 118 119 119 118 118 119 119 119 119 120 121 121 122 121 121 121 122 121 121 122 122 123 123 123 122 123 123 124 124 124 124 125 125 124 124 124 124 125 126 125 124 124 124 124 124 125 125 125 125 126 126 126 127 127 127 127 127 127 128 128 129 129 129 130 130 131 131 131 132 131 132 132 132 132 131 131 132 132 132 133 133 133 134 134 134 134 134 134 133 134 134 134 134 134 134 133 133 133 133 134 134 134 134 134 134 133 133 134 134 135 135 135 135 135 135 135 135 135 136 137 138 138 138 138 138 137 137 138 139 139 138 137 138 139 140 139 140 142 142 142 143 143 143 143 143 143 142 142 142 141 141 142 142 141 141 142 142 142 141 141 142 142 142 142 142 142 142 142 143 144 144 145 145 145 146 146 147 147 147 147 147 148 149 149 148 148 148 146 146 147 147 147 147 146 146 146 146 146 145 146 146 146 146 146 146 147 147 147 147 146 146 146 147 147 147 147 147 147 147 148 148 148 148 148 148 148 148 148 148 148 149 149 149 149 149 149 149 149 149 149 149 149 149 150 150 150 150 150 150 150 150 150 151 151 151 151 151 151 151 151 151 152 152 152 152 152 152 152 152 153 153 153 153 153 153 153 153 153 153 153 154 154 154 154 154 154 154 154 154 154 154 154 154 154 154 155 155 155 155 155 155 155 155 155 156 156 156 156 156 156 156 156 156 156 156 156 156 156 155 156 156 156 156 156 157 157 157 157 157 157 158 158 158 158 158 158 158 158 157 157 157 157 158 158 158 159 159 159 159 159 159 159 159 160 160 160 160 160 160 160 160 160 160 160 159 159 159 159 159 159 159 159 159 159 160 160 160 160 161 161 161 160 161 161 161 161 161 162 162 163 163 164 165 0 165 165 0 0 0 0 0 0 0 0 0 0 0 0 0 0 0 0 0 0 0 0 0 0 0 0 0 0 0 0 0 0 0 0 0 0 0 0 0 0 0 0 0 0 0 0 0 0 0 0 0 0 0 0 
0 0 0 0 0 0 0 0 0 0 0 0 0 0 0 0 0 0 0 0 0 0 0 0 0 0 0 0 0 0 0 0 0 0 0 0 0 0 0 0 0 0 0 0 0 0 0 0 0 0 0 0 0 0 0 119 119 119 119 118 119 119 119 120 121 121 121 121 122 122 121 121 122 122 123 123 124 124 123 123 123 123 124 124 125 125 125 124 124 123 124 124 125 126 125 125 124 124 124 124 125 126 126 126 127 127 127 127 128 127 127 128 128 128 128 128 130 130 130 131 131 131 131 131 131 132 132 132 131 131 132 132 132 133 133 133 133 134 134 134 134 135 134 134 134 134 134 134 134 134 134 133 133 133 134 134 134 134 134 134 133 133 134 135 135 135 135 135 135 135 136 136 136 136 137 138 138 138 137 137 137 137 138 139 138 137 137 138 139 140 140 140 143 143 143 143 143 143 143 143 143 142 141 141 141 142 143 143 142 142 141 141 141 141 142 142 142 143 143 142 143 143 143 143 143 144 144 145 145 146 146 146 147 147 147 148 148 149 149 148 149 149 147 146 146 147 147 147 147 146 146 146 146 146 146 146 146 146 146 146 147 147 147 147 147 147 147 147 147 147 147 147 147 147 147 148 148 148 148 148 148 148 148 148 148 149 149 149 149 149 148 149 149 149 149 149 149 149 150 150 150 150 150 150 150 150 151 151 152 152 151 151 152 152 152 151 152 152 152 152 152 152 152 153 153 153 153 153 153 153 153 153 153 153 154 154 154 154 154 154 155 155 154 154 154 154 154 155 155 154 155 155 155 155 155 155 155 155 155 156 156 156 156 156 156 156 156 156 156 156 156 156 156 156 157 156 157 157 157 157 157 157 157 157 158 158 158 158 158 158 157 157 157 157 157 157 157 158 158 158 158 159 159 159 159 159 159 159 160 160 160 160 160 160 160 160 160 160 160 160 160 160 160 160 160 160 160 160 159 159 160 160 160 160 160 161 161 161 162 162 162 162 163 163 163 163 164 164 164 164 164 164 0 0 0 0 0 0 0 0 0 0 0 0 0 0 0 0 0 0 0 0 0 0 0 0 0 0 0 0 0 0 0 0 0 0 0 0 0 0 0 0 0 0 0 0 0 0 0 0 0 0 0 
0 0 0 0 0 0 0 0 0 0 0 0 0 0 0 0 0 0 0 0 0 0 0 0 0 0 0 0 0 0 0 0 0 0 0 0 0 0 0 0 0 0 0 0 0 0 0 0 0 0 0 0 0 0 0 0 0 120 120 120 120 120 120 120 120 120 121 121 121 121 122 121 122 123 123 124 124 124 124 124 123 123 124 124 124 125 125 124 124 124 124 124 125 125 126 125 124 124 124 125 125 126 126 127 128 128 128 128 128 129 129 128 129 129 129 129 129 130 130 131 131 131 131 131 131 132 132 132 132 132 133 133 132 132 133 133 133 134 134 134 134 134 134 134 134 135 135 135 135 135 135 134 134 134 134 135 135 134 135 135 134 134 134 135 135 135 135 135 135 135 136 136 137 136 137 138 139 138 138 138 138 138 138 138 138 138 137 138 139 139 139 140 143 143 143 143 143 143 143 143 143 142 142 142 143 143 143 142 142 142 142 142 142 143 143 142 143 143 144 144 143 143 143 143 144 144 144 145 145 146 146 146 146 146 147 147 148 148 148 148 148 148 147 147 147 146 147 147 147 147 146 146 146 146 147 147 146 146 146 146 147 147 147 147 147 147 147 147 147 147 147 147 147 147 148 148 148 148 148 148 148 148 148 148 149 149 149 149 148 148 148 149 149 149 149 149 150 150 150 150 150 150 150 151 151 150 151 151 152 152 152 152 152 152 151 152 152 152 152 152 152 152 153 153 153 153 153 153 153 153 153 153 153 154 154 154 154 154 154 154 154 154 154 154 154 154 154 154 155 155 155 155 155 155 155 155 155 155 156 156 156 156 156 156 156 156 156 156 157 157 157 157 157 157 157 157 157 157 157 157 157 157 157 157 157 157 157 157 157 157 157 158 157 158 158 158 158 158 158 158 158 159 159 159 159 159 159 159 160 160 160 160 160 160 160 160 160 160 161 161 161 161 160 160 161 160 161 160 160 160 160 160 160 160 160 161 161 161 162 162 162 162 163 163 162 163 163 163 163 163 163 164 165 0 0 0 0 0 0 0 0 0 0 0 0 0 0 0 0 0 0 0 0 0 0 0 0 0 0 0 0 0 0 0 0 0 0 0 0 0 0 0 0 0 0 0 0 0 0 0 0 0 0 
0 0 0 0 0 0 0 0 0 0 0 0 0 0 0 0 0 0 0 0 0 0 0 0 0 0 0 0 0 0 0 0 0 0 0 0 0 0 0 0 0 0 0 0 0 0 0 0 0 0 0 0 0 0 0 0 0 0 0 0 0 0 121 121 121 121 121 121 121 122 122 122 122 123 124 124 124 125 125 125 124 124 124 124 125 125 125 124 124 125 124 124 124 125 125 125 125 124 124 125 125 125 126 126 127 127 128 128 129 129 129 129 129 130 130 129 129 130 130 131 131 131 131 131 131 132 132 132 133 133 133 133 133 132 133 133 133 134 134 134 134 135 134 134 134 135 135 135 135 135 135 135 135 135 135 135 135 135 135 135 134 134 134 135 135 135 135 135 135 135 136 137 137 137 138 138 138 138 139 139 139 138 138 139 139 138 138 138 138 138 139 139 142 143 143 143 143 143 144 144 144 143 142 143 143 143 142 142 142 143 143 143 142 143 143 143 142 143 143 143 143 143 143 143 144 145 145 146 146 146 145 146 146 146 146 146 147 147 147 147 148 148 146 147 147 147 147 148 148 148 148 147 147 146 146 146 146 146 146 146 146 147 147 147 147 147 147 147 147 147 147 147 147 147 148 148 147 148 148 148 148 148 148 149 149 149 149 148 148 148 149 149 149 149 149 149 149 150 150 150 150 151 151 151 151 150 150 151 151 152 152 153 152 152 152 152 152 152 152 152 152 152 153 153 153 153 153 153 153 153 153 153 154 154 154 154 154 154 154 154 154 154 154 154 154 154 154 154 154 155 155 155 155 155 156 156 156 155 156 156 156 156 156 156 156 156 156 156 157 157 157 157 157 158 158 158 158 158 158 157 157 157 157 157 157 157 157 157 157 157 158 158 158 158 158 158 158 158 158 159 159 159 159 159 159 159 159 160 160 160 160 160 160 160 160 160 161 161 161 161 161 161 161 161 161 161 161 161 161 160 160 160 160 160 161 161 161 161 161 161 162 162 163 162 162 163 163 163 163 163 163 164 165 0 0 0 0 0 0 0 0 0 0 0 0 0 0 0 0 0 0 0 0 0 0 0 0 0 0 0 0 0 0 0 0 0 0 0 0 0 0 0 0 0 0 0 0 0 0 0 0 0 0 
0 0 0 0 0 0 0 0 0 0 0 0 0 0 0 0 0 0 0 0 0 0 0 0 0 0 0 0 0 0 0 0 0 0 0 0 0 0 0 0 0 0 0 0 0 0 0 0 0 0 0 0 0 0 0 0 0 0 0 0 0 0 0 122 122 122 121 121 121 122 123 123 123 124 124 124 125 125 125 125 125 125 125 125 126 126 125 125 125 125 125 124 124 124 125 125 125 124 125 125 126 126 126 126 126 127 128 128 129 129 129 129 130 130 130 130 130 130 131 131 131 131 131 131 131 132 132 133 133 133 133 133 133 132 133 133 134 134 134 134 135 135 134 134 134 135 135 135 135 135 136 135 136 136 135 134 135 135 135 134 134 135 135 135 135 135 135 136 136 135 136 137 137 138 139 139 139 138 139 139 139 139 139 139 139 138 138 138 139 139 139 140 143 143 143 143 143 143 143 144 144 143 143 143 143 143 142 143 143 143 143 143 143 143 143 143 143 143 143 142 143 143 144 144 144 145 145 145 145 146 145 145 146 145 146 147 147 147 147 147 148 148 146 147 147 147 147 148 148 148 148 147 146 146 146 146 146 146 146 146 146 147 147 147 147 147 147 147 147 147 147 147 147 147 148 147 148 148 148 148 148 148 149 149 149 149 148 148 148 148 149 149 149 149 149 149 150 150 150 150 150 151 151 152 151 151 150 151 151 151 152 153 153 152 152 153 153 152 153 153 152 153 153 153 153 153 153 153 153 153 153 153 154 154 154 154 154 154 154 154 154 154 154 154 154 154 154 154 155 155 155 155 155 155 156 156 156 156 156 156 156 156 156 156 156 156 156 156 156 157 157 157 157 157 157 157 158 158 158 158 158 158 157 157 157 157 158 158 158 158 158 158 158 158 158 158 158 158 158 158 159 159 159 159 159 159 159 159 160 160 160 160 160 160 160 161 161 161 161 161 161 161 161 161 161 162 161 161 161 161 160 160 160 161 161 161 161 161 161 161 162 163 163 163 162 163 163 163 163 163 164 164 164 165 165 166 0 0 167 167 0 0 0 0 0 0 0 0 0 0 0 0 0 0 0 0 0 0 0 0 0 0 0 0 0 0 0 0 0 0 0 0 0 0 0 0 0 0 0 0 0 0 0 
0 0 0 0 0 0 0 0 0 0 0 0 0 0 0 0 0 0 0 0 0 0 0 0 0 0 0 0 0 0 0 0 0 0 0 0 0 0 0 0 0 0 0 0 0 0 0 0 0 0 0 0 0 0 0 0 0 0 0 0 0 0 0 0 122 123 122 122 122 123 123 123 124 124 124 125 125 125 125 125 125 126 126 126 126 126 126 126 126 126 125 125 125 125 125 124 125 124 125 126 126 126 126 127 127 128 128 129 129 128 128 128 129 130 130 131 131 131 131 131 131 131 131 131 131 132 132 132 133 133 133 133 133 133 133 134 134 135 135 135 135 135 134 134 135 135 135 134 135 135 135 136 136 136 135 135 134 135 135 134 135 135 136 136 136 135 135 136 137 136 136 137 137 138 139 139 139 139 140 140 139 139 139 139 139 139 138 138 139 139 139 139 142 143 143 143 143 143 143 144 144 144 144 143 143 143 143 143 143 143 143 143 143 143 143 143 143 143 143 143 143 143 143 144 145 144 145 145 146 146 146 145 145 146 146 147 147 147 147 147 148 148 146 146 146 147 148 147 148 148 148 147 146 146 146 147 147 147 147 147 146 147 147 147 147 147 147 147 148 147 147 148 148 148 148 148 148 148 148 148 148 148 149 148 148 148 148 148 148 149 149 149 149 149 150 149 150 150 150 151 150 150 151 151 151 151 151 151 151 151 151 152 153 153 154 154 153 153 152 152 152 153 153 153 153 153 153 153 153 153 153 154 154 154 154 154 154 154 154 154 154 154 154 154 154 154 154 154 155 155 155 155 155 155 156 156 156 156 156 156 156 156 156 156 156 156 157 157 157 157 158 157 157 158 158 158 158 158 158 158 158 158 158 157 157 157 158 158 158 158 158 158 158 158 158 158 158 158 159 159 159 159 159 159 159 159 159 159 160 160 160 160 161 160 160 161 161 161 161 161 161 161 161 162 161 161 161 161 161 160 160 160 160 161 161 161 161 162 162 162 162 163 163 162 162 163 163 163 163 164 164 164 164 164 165 165 166 166 166 166 167 0 0 0 0 0 0 0 0 0 0 0 0 0 0 0 0 0 0 0 0 0 0 0 0 0 0 0 0 0 0 0 0 0 0 0 0 0 0 0 0 0 0 
0 0 0 0 0 0 0 0 0 0 0 0 0 0 0 0 0 0 0 0 0 0 0 0 0 0 0 0 0 0 0 0 0 0 0 0 0 0 0 0 0 0 0 0 0 0 0 0 0 0 0 0 0 0 0 0 0 0 0 0 0 0 0 0 0 123 0 0 123 123 124 124 124 124 124 125 125 125 125 125 126 126 126 126 126 126 127 126 126 126 126 126 126 125 125 125 125 124 125 126 126 127 127 127 127 127 128 129 128 128 128 128 129 130 131 131 132 132 132 132 132 132 132 132 132 132 132 132 132 132 133 133 133 133 133 133 134 134 134 135 135 136 135 135 135 135 135 135 135 135 135 136 136 136 136 135 135 134 135 135 135 136 137 137 136 135 135 136 137 136 136 136 137 138 138 139 139 139 139 139 139 139 138 138 139 138 138 139 138 139 140 141 143 143 143 144 144 144 144 144 144 144 143 143 143 143 143 143 143 143 143 143 143 143 143 144 144 144 144 144 143 143 144 144 144 144 144 145 146 146 145 145 146 147 147 148 148 147 147 148 148 148 146 146 147 147 147 147 148 148 148 147 147 147 147 147 147 147 146 147 146 146 147 148 148 147 147 147 147 148 148 148 148 148 148 148 148 149 148 148 148 148 148 148 149 148 148 149 149 149 149 149 149 150 150 150 150 150 150 150 151 150 151 152 152 152 151 151 151 151 152 153 154 154 153 153 153 152 153 153 153 153 153 153 153 153 153 153 153 153 154 154 154 154 154 154 154 154 154 154 154 155 154 154 154 154 154 154 155 155 155 155 155 155 155 156 156 156 156 156 156 156 156 156 156 157 157 157 157 157 158 158 158 158 158 158 158 159 158 158 158 158 158 158 158 158 158 158 158 158 158 158 158 158 158 158 158 158 158 158 159 159 159 159 159 159 160 160 160 160 160 160 161 161 160 161 161 161 161 161 161 161 161 161 161 161 162 161 161 161 161 161 160 160 161 161 161 161 161 162 162 162 163 162 163 163 163 163 163 163 164 164 164 164 164 164 165 165 165 166 166 167 0 0 0 0 0 0 0 0 0 0 0 0 0 0 0 0 0 0 0 0 0 0 0 0 0 0 0 0 0 0 0 0 0 0 0 0 0 0 0 0 0 
0 0 0 0 0 0 0 0 0 0 0 0 0 0 0 0 0 0 0 0 0 0 0 0 0 0 0 0 0 0 0 0 0 0 0 0 0 0 0 0 0 0 0 0 0 0 0 0 0 0 0 0 0 0 0 0 0 0 0 0 0 0 0 0 0 0 0 0 0 124 124 124 124 124 125 125 125 125 125 125 126 126 126 126 126 126 126 126 126 126 126 126 126 126 125 125 125 124 124 125 126 126 126 126 126 127 128 128 128 128 128 129 129 130 131 131 132 132 132 132 133 133 132 132 132 132 132 132 132 132 132 133 133 134 134 134 134 134 134 135 135 135 134 134 134 135 135 135 135 135 136 136 136 136 135 135 135 135 135 135 135 135 136 136 137 136 135 136 137 137 136 137 137 138 138 138 139 139 139 138 139 139 139 140 140 139 140 140 139 139 140 141 143 143 143 143 143 143 143 144 144 143 143 143 143 143 143 143 143 143 143 143 143 143 143 143 143 143 143 143 143 143 144 144 143 143 144 144 144 145 145 146 146 147 147 147 148 147 148 148 148 148 146 146 146 147 147 147 148 148 148 147 147 146 146 146 146 147 147 147 147 147 147 148 148 148 148 148 148 147 148 147 147 148 148 148 148 148 148 148 148 148 149 149 149 149 149 149 149 150 150 149 149 150 150 150 150 150 151 151 151 151 152 152 153 153 152 152 152 152 153 154 154 154 153 153 153 153 154 153 153 153 153 153 153 153 153 153 153 154 154 154 154 154 154 154 155 155 155 155 155 155 154 154 154 155 155 155 155 155 155 155 155 155 155 156 156 156 156 156 156 156 156 156 157 157 157 157 157 157 158 158 158 158 158 159 159 158 159 159 159 158 158 158 158 158 158 158 158 158 158 158 158 158 158 158 158 158 158 158 158 159 159 159 159 160 160 160 160 160 161 161 161 161 161 161 161 161 161 161 161 162 161 161 161 161 161 161 161 161 161 161 161 161 161 161 160 161 161 161 162 162 162 162 163 163 163 164 164 164 164 164 164 164 164 165 165 165 166 167 167 168 0 0 0 0 0 0 0 0 0 0 0 0 0 0 0 0 0 0 0 0 0 0 0 0 0 0 0 0 0 0 0 0 0 0 0 0 0 0 0 0 0 
0 0 0 0 0 0 0 0 0 0 0 0 0 0 0 0 0 0 0 0 0 0 0 0 0 0 0 0 0 0 0 0 0 0 0 0 0 0 0 0 0 0 0 0 0 0 0 0 0 0 0 0 0 0 0 0 0 0 0 0 0 0 0 0 0 0 0 0 0 0 0 124 124 125 125 125 125 125 125 126 126 126 126 126 126 126 126 126 126 126 126 125 126 126 126 126 125 125 125 125 125 126 126 126 126 127 128 128 128 128 128 128 129 130 131 131 132 132 132 132 132 133 133 132 133 132 132 132 132 132 133 133 133 133 133 134 134 135 135 135 135 135 134 134 134 135 135 135 135 136 136 136 136 136 136 136 136 135 135 135 135 136 136 137 136 135 136 137 138 137 136 136 137 138 138 138 138 139 139 139 139 139 140 140 140 139 140 140 139 139 140 141 143 143 143 143 144 143 144 144 144 144 143 143 142 142 143 143 144 144 144 143 144 143 143 143 143 143 143 143 143 144 144 144 144 144 144 145 145 145 145 145 146 146 147 147 146 147 147 148 148 149 146 147 147 147 148 147 148 148 148 148 148 147 147 147 147 147 147 147 147 147 147 147 148 148 148 148 148 148 148 147 147 147 148 148 148 148 148 148 148 148 149 149 149 149 149 149 149 150 150 149 149 150 150 151 151 151 151 151 152 152 152 152 152 153 153 153 153 153 153 154 154 154 155 155 154 153 154 154 154 153 153 154 154 154 154 153 153 153 154 154 154 154 155 155 155 156 156 155 155 155 155 155 155 155 155 155 155 155 156 156 155 155 155 156 156 156 156 156 156 156 157 157 157 157 157 157 157 157 158 158 158 158 158 158 159 158 158 159 159 159 159 159 159 158 158 158 158 158 158 158 158 158 158 158 158 158 158 158 158 158 159 159 159 159 159 160 160 160 161 161 161 161 161 161 161 161 161 161 161 161 162 161 161 161 161 161 161 161 161 161 161 161 162 161 161 161 161 161 161 161 163 163 163 163 163 163 163 164 164 165 165 165 165 165 165 166 167 168 168 168 169 0 0 0 0 0 0 0 0 0 0 0 0 0 0 0 0 0 0 0 0 0 0 0 0 0 0 0 0 0 0 0 0 0 0 0 0 0 0 0 0 
0 0 0 0 0 0 0 0 0 0 0 0 0 0 0 0 0 0 0 0 0 0 0 0 0 0 0 0 0 0 0 0 0 0 0 0 0 0 0 0 0 0 0 0 0 0 0 0 0 0 0 0 0 0 0 0 0 0 0 0 0 0 0 0 0 0 0 0 0 0 0 0 0 0 0 0 125 125 126 126 126 126 126 126 126 126 126 126 126 125 125 125 125 126 127 127 126 126 125 125 125 125 126 126 127 127 128 128 128 128 128 129 130 130 131 131 131 132 132 132 133 133 133 133 133 133 133 133 133 133 133 133 133 133 134 134 134 135 135 135 135 136 135 135 135 135 135 136 135 136 136 136 136 136 136 135 135 135 135 135 135 136 137 137 136 136 136 136 137 137 137 137 137 138 139 138 138 138 139 139 139 139 140 140 139 140 140 140 140 139 140 141 143 143 144 144 144 144 143 144 144 144 143 143 142 142 143 143 143 144 144 144 144 143 143 143 143 143 143 143 143 144 144 144 145 145 145 146 146 146 145 145 145 146 146 146 146 147 148 148 149 149 147 147 148 148 148 148 148 148 148 149 148 147 147 147 147 147 147 147 147 148 147 147 147 147 148 148 149 148 148 148 147 148 148 148 148 148 148 149 148 148 148 148 149 149 149 150 150 150 150 150 150 150 150 151 151 151 151 152 152 152 152 152 153 153 152 152 153 153 154 154 153 153 154 155 155 154 155 155 154 154 154 154 154 154 154 153 153 153 153 154 154 154 155 155 156 156 156 156 155 155 155 155 155 156 156 156 156 156 156 156 155 155 155 156 156 156 156 156 156 156 157 157 157 157 157 157 157 157 157 158 158 158 158 158 158 158 158 159 159 159 159 159 159 159 159 159 159 159 159 159 159 159 158 158 158 158 159 158 158 158 159 159 159 159 159 160 160 160 161 161 161 161 161 161 161 161 161 161 161 162 162 162 162 162 162 161 161 161 161 161 161 161 162 162 161 162 162 161 161 162 162 163 163 163 164 164 164 165 164 164 165 165 165 165 166 167 167 167 166 167 167 168 169 168 168 168 168 168 169 0 0 0 0 0 0 0 0 0 0 0 0 0 0 0 0 0 0 0 0 0 0 0 0 0 0 0 0 0 0 0 0 
0 0 0 0 0 0 0 0 0 0 0 0 0 0 0 0 0 0 0 0 0 0 0 0 0 0 0 0 0 0 0 0 0 0 0 0 0 0 0 0 0 0 0 0 0 0 0 0 0 0 0 0 0 0 0 0 0 0 0 0 0 0 0 0 0 0 0 0 0 0 0 0 0 0 0 0 126 126 126 126 126 126 126 126 126 126 126 126 126 125 124 124 125 126 126 126 126 125 125 126 126 126 126 126 126 127 127 127 127 128 129 130 131 131 132 132 131 131 132 132 133 133 133 133 133 133 133 134 134 134 133 133 133 133 134 134 135 135 135 135 136 136 135 135 135 135 135 136 136 136 136 136 136 136 136 136 137 136 135 135 136 136 136 137 136 136 137 137 137 138 138 137 138 139 139 139 138 138 139 139 139 139 140 140 139 140 141 141 140 140 140 140 143 143 144 144 144 144 143 144 144 143 143 143 143 142 142 143 143 143 143 144 144 143 143 143 143 143 143 143 144 144 144 144 145 145 146 146 146 146 145 145 146 146 147 147 147 147 147 148 149 149 148 148 147 148 148 148 148 148 148 148 148 147 147 147 147 147 147 148 148 148 148 147 147 148 147 148 148 149 149 148 148 148 148 148 149 149 149 149 148 148 148 149 149 149 149 150 150 151 151 150 150 151 151 152 152 152 151 151 152 152 152 152 152 152 152 152 153 154 154 153 153 153 154 154 154 155 155 155 154 154 154 154 154 154 154 154 154 153 154 154 155 155 155 156 156 155 156 156 156 156 155 155 156 156 156 156 156 156 155 155 155 155 156 156 156 156 156 156 156 157 157 157 157 157 157 157 157 157 157 158 158 158 158 158 158 158 158 158 158 159 159 159 159 159 159 158 158 159 159 159 159 159 159 159 159 159 159 159 159 159 159 159 159 159 159 159 160 160 160 160 160 160 161 161 161 161 161 161 161 161 161 162 162 162 162 161 162 162 161 161 161 161 161 163 162 162 162 162 162 162 162 162 163 163 164 164 164 164 165 164 164 165 165 166 166 167 166 166 165 166 166 167 168 168 168 167 167 167 167 168 168 0 0 0 0 0 0 0 0 0 0 0 0 0 0 0 0 0 0 0 0 0 0 0 0 0 0 0 0 0 0 
0 0 0 0 0 0 0 0 0 0 0 0 0 0 0 0 0 0 0 0 0 0 0 0 0 0 0 0 0 0 0 0 0 0 0 0 0 0 0 0 0 0 0 0 0 0 0 0 0 0 0 0 0 0 0 0 0 0 0 0 0 0 0 0 0 0 0 0 0 0 0 0 0 0 0 0 126 126 126 126 126 126 126 126 126 126 126 126 126 126 125 125 125 125 125 125 125 125 126 127 127 127 127 127 127 127 127 127 128 129 130 130 131 131 131 132 132 131 132 132 133 133 133 133 134 134 134 134 134 134 134 133 134 134 134 134 134 135 135 136 136 136 135 135 135 135 135 135 136 136 136 136 136 136 136 137 137 136 136 135 135 136 136 137 136 136 136 137 137 138 138 138 138 139 139 139 139 139 139 139 139 140 140 140 139 140 141 141 140 140 141 141 143 143 144 144 144 143 143 143 143 143 143 143 143 143 142 142 143 143 143 143 144 143 143 144 144 144 143 143 144 144 144 144 145 145 146 147 146 145 145 146 147 147 147 147 147 148 148 147 148 149 148 148 148 148 148 148 148 148 148 149 148 147 147 147 147 148 148 148 148 147 147 148 148 148 148 148 148 148 148 149 148 148 148 148 149 149 149 149 149 148 148 149 149 149 149 150 150 151 151 151 151 151 151 151 152 152 152 151 152 152 152 152 152 152 152 153 153 154 153 153 153 153 154 153 154 154 154 154 154 155 155 155 155 155 155 154 154 154 154 154 155 155 156 156 155 155 156 156 156 156 155 155 155 155 155 155 155 155 155 155 155 156 156 156 156 157 157 157 157 157 157 157 157 157 157 157 157 157 157 158 158 158 158 158 158 158 158 158 158 159 159 159 159 159 159 158 158 159 159 159 159 160 159 159 160 160 159 159 159 159 159 159 159 159 160 160 160 160 160 161 161 161 160 160 160 160 160 161 161 161 161 161 161 162 162 162 162 162 162 161 161 161 161 162 163 162 162 163 163 163 163 163 163 163 163 163 164 164 165 165 165 166 167 167 167 166 165 165 165 165 166 166 167 167 168 167 166 166 167 167 167 168 0 0 0 0 0 0 0 0 0 0 0 0 0 0 0 0 0 0 0 0 0 0 0 0 0 0 0 0 0 
0 0 0 0 0 0 0 0 0 0 0 0 0 0 0 0 0 0 0 0 0 0 0 0 0 0 0 0 0 0 0 0 0 0 0 0 0 0 0 0 0 0 0 0 0 0 0 0 0 0 0 0 0 0 0 0 0 0 0 0 0 0 0 0 0 0 0 0 0 0 0 0 0 0 0 0 0 126 126 126 126 126 127 127 127 126 126 126 125 125 124 124 125 126 126 125 125 126 126 126 127 127 128 128 128 128 128 128 128 128 129 129 130 130 131 132 132 131 132 132 133 132 133 133 133 133 133 133 133 134 134 134 135 135 135 135 134 135 135 136 136 136 135 135 135 135 135 135 135 136 136 136 136 136 136 137 137 136 135 135 136 136 136 137 136 137 136 137 137 137 139 139 139 139 140 139 139 139 139 139 140 140 140 140 139 140 141 140 140 140 140 141 144 143 144 144 144 143 143 143 142 142 142 142 143 143 143 142 142 143 143 143 144 143 143 144 144 144 144 143 143 144 144 145 145 146 146 147 146 146 146 146 147 148 148 148 148 148 148 148 148 149 148 148 148 148 148 148 148 148 149 149 149 148 147 147 147 147 147 148 148 148 148 148 149 148 148 148 148 148 148 148 149 148 148 148 149 149 149 149 149 149 148 149 149 149 150 150 150 151 151 151 151 151 151 152 152 152 152 151 152 152 152 152 152 152 152 153 153 153 153 153 153 153 154 153 153 153 154 154 154 154 155 155 155 155 155 155 155 155 155 155 155 155 155 155 155 155 155 156 155 156 155 155 155 155 155 155 155 155 155 156 156 156 156 156 157 157 157 157 157 157 157 157 157 157 157 157 157 157 158 158 158 158 158 158 158 158 158 158 158 158 159 159 159 158 159 158 159 159 159 159 160 160 160 160 160 159 159 160 160 160 160 160 160 160 160 160 160 160 160 160 160 160 161 160 160 161 161 161 161 162 161 161 161 162 162 162 162 162 162 162 162 161 161 162 163 163 162 163 163 163 163 163 163 163 163 164 164 165 165 166 166 167 167 167 167 167 166 165 165 165 165 165 167 166 166 167 167 166 166 167 167 168 169 0 0 0 0 0 0 0 0 0 0 0 0 0 0 0 0 0 0 0 0 0 0 0 0 0 0 0 0 
0 0 0 0 0 0 0 0 0 0 0 0 0 0 0 0 0 0 0 0 0 0 0 0 0 0 0 0 0 0 0 0 0 0 0 0 0 0 0 0 0 0 0 0 0 0 0 0 0 0 0 0 0 0 0 0 0 0 0 0 0 0 0 0 0 0 0 0 0 0 0 0 0 0 0 0 0 126 126 126 126 127 127 127 127 126 125 124 124 124 125 125 126 126 126 126 126 126 126 126 126 127 127 127 128 128 129 129 129 129 129 130 130 130 131 131 132 131 132 132 132 132 133 133 133 134 134 134 133 134 134 134 134 135 135 135 135 135 135 135 135 136 135 135 135 135 136 136 136 136 136 136 136 136 136 137 137 137 135 136 136 136 137 137 137 138 137 137 138 138 139 139 139 139 140 139 139 139 140 139 140 141 140 140 139 140 140 141 140 140 140 141 143 144 144 144 144 143 143 142 142 142 142 143 143 144 144 143 143 143 143 143 143 143 143 144 144 144 143 143 144 144 144 144 145 145 146 146 146 147 147 146 148 148 149 149 149 149 149 149 148 149 148 148 149 148 148 148 148 149 149 149 148 148 148 148 148 148 148 148 148 148 148 148 149 148 148 148 148 148 148 148 148 149 149 149 149 149 149 149 149 149 148 149 149 149 150 150 150 150 150 151 151 151 151 152 152 152 152 152 151 152 152 152 152 152 152 152 152 153 153 153 153 153 153 153 153 154 154 154 154 154 154 154 154 154 155 155 155 155 155 155 155 155 155 155 155 155 155 155 155 155 155 155 155 155 155 155 156 156 156 156 156 156 156 157 157 157 157 157 157 157 157 157 157 157 157 158 158 158 158 158 158 158 158 158 158 158 158 158 158 158 159 159 159 159 159 159 159 159 159 159 160 160 160 160 160 160 160 160 161 161 161 161 161 161 161 161 160 160 160 160 160 161 161 161 161 162 162 162 162 162 162 161 161 161 162 162 162 163 162 163 162 162 161 161 162 162 162 162 163 163 164 163 163 163 163 163 164 164 165 166 166 167 166 166 166 166 167 166 166 165 165 166 166 166 166 167 167 166 166 167 168 168 168 169 0 0 0 0 0 0 0 0 0 0 0 0 0 0 0 0 0 0 0 0 0 0 0 0 0 0 0 
0 0 0 0 0 0 0 0 0 0 0 0 0 0 0 0 0 0 0 0 0 0 0 0 0 0 0 0 0 0 0 0 0 0 0 0 0 0 0 0 0 0 0 0 0 0 0 0 0 0 0 0 0 0 0 0 0 0 0 0 0 0 0 0 0 0 0 0 0 0 0 0 0 0 0 0 0 0 126 126 127 127 127 127 127 126 125 124 125 125 125 126 126 127 127 126 126 126 126 126 126 127 127 127 127 127 128 129 130 130 130 131 131 130 131 131 131 131 131 131 132 132 132 133 133 134 134 134 134 134 134 135 135 135 135 135 135 135 135 135 136 136 135 135 135 135 136 136 136 136 136 136 137 137 137 137 137 137 136 136 137 137 137 137 137 137 138 138 138 139 140 139 139 140 140 140 140 140 140 140 140 140 140 139 140 140 140 140 140 140 140 141 144 144 144 144 144 143 143 143 142 142 143 143 144 144 144 143 143 143 143 143 143 144 144 144 144 144 144 143 143 144 144 144 144 145 145 146 147 147 147 147 148 148 149 149 150 150 150 150 149 149 148 148 149 149 149 149 148 149 149 148 147 147 147 147 148 148 148 147 148 148 149 149 149 148 148 148 148 148 148 148 148 148 148 148 148 148 148 149 149 148 149 148 149 149 149 150 150 150 150 151 151 151 151 151 151 152 151 152 151 151 152 152 152 152 152 152 152 153 153 153 153 153 153 153 154 154 154 154 154 154 154 154 154 154 154 154 154 155 155 155 155 155 155 155 155 155 155 155 155 155 155 155 155 155 156 156 156 156 156 156 156 156 156 157 157 157 157 157 157 157 157 157 157 157 158 158 158 158 158 158 158 158 158 158 158 158 159 158 159 159 159 159 159 159 159 159 159 159 159 159 158 159 159 159 159 159 160 160 160 160 160 159 160 160 161 161 162 161 161 161 161 161 162 162 162 162 162 162 162 162 161 162 161 161 162 162 162 163 162 163 163 162 161 162 162 162 162 163 163 163 164 164 164 163 163 164 164 164 165 165 165 166 166 166 165 166 167 166 166 166 165 166 166 166 166 166 166 166 167 166 167 167 167 168 169 0 0 0 0 0 0 0 0 0 0 0 0 0 0 0 0 0 0 0 0 0 0 0 0 0 0 
0 0 0 0 0 0 0 0 0 0 0 0 0 0 0 0 0 0 0 0 0 0 0 0 0 0 0 0 0 0 0 0 0 0 0 0 0 0 0 0 0 0 0 0 0 0 0 0 0 0 0 0 0 0 0 0 0 0 0 0 0 0 0 0 0 0 0 0 0 0 0 0 0 0 0 0 0 0 0 127 127 127 127 127 127 126 125 125 125 125 126 127 127 128 127 127 126 126 126 126 126 126 127 128 128 128 128 128 129 129 130 130 131 131 131 131 131 132 132 132 132 133 133 133 133 133 133 134 134 134 135 135 135 135 135 135 135 135 136 136 136 136 135 135 136 136 136 136 136 136 136 136 137 137 137 137 138 137 136 136 137 137 137 137 137 137 138 139 139 139 140 139 139 140 140 141 140 140 140 140 140 140 140 140 141 141 140 141 141 141 141 141 144 144 144 144 143 143 143 142 142 143 143 143 144 144 144 144 143 143 143 143 143 144 144 144 144 143 143 144 144 144 145 145 145 146 146 147 147 147 148 148 148 149 149 150 150 150 150 150 150 150 148 149 149 149 149 148 148 148 148 147 147 147 147 147 147 147 147 148 148 148 148 149 149 148 148 148 149 148 148 148 149 149 149 148 148 149 149 149 149 149 149 149 149 149 149 150 150 150 150 151 151 151 151 151 151 152 152 152 152 151 152 152 152 152 152 152 153 153 153 153 153 153 153 153 153 154 154 154 154 154 154 154 154 154 154 154 155 155 155 155 155 155 155 155 156 156 155 155 155 155 155 155 156 156 156 156 156 156 156 156 156 156 156 156 157 157 157 157 157 157 157 158 158 158 158 158 158 158 158 158 158 158 158 158 158 158 158 158 159 159 159 159 159 159 159 159 159 159 159 158 158 158 158 158 157 157 158 159 159 159 159 159 159 160 161 161 161 162 162 162 162 162 162 162 163 163 163 163 163 163 162 162 161 161 162 162 162 162 162 164 163 162 162 162 162 162 162 163 163 163 164 164 164 164 164 164 164 164 165 166 165 165 166 166 165 166 166 166 165 165 165 165 166 166 166 166 166 167 167 168 168 167 168 168 169 170 170 0 0 0 0 0 0 0 0 0 0 0 0 0 0 0 0 0 0 0 0 0 0 0 0 
0 0 0 0 0 0 0 0 0 0 0 0 0 0 0 0 0 0 0 0 0 0 0 0 0 0 0 0 0 0 0 0 0 0 0 0 0 0 0 0 0 0 0 0 0 0 0 0 0 0 0 0 0 0 0 0 0 0 0 0 0 0 0 0 0 0 0 0 0 0 0 0 0 0 0 0 0 0 0 0 127 127 127 127 128 127 126 126 126 126 126 127 127 128 127 127 126 127 126 126 126 127 127 127 128 129 129 129 129 129 129 130 131 131 132 132 131 132 133 133 133 133 133 133 133 133 134 134 134 134 135 135 135 135 135 135 135 135 135 136 136 136 135 135 136 136 136 136 136 136 137 137 137 137 138 138 138 138 137 137 137 137 138 138 138 138 139 138 139 140 140 139 139 140 140 140 141 141 141 141 141 140 141 141 141 141 141 142 142 142 142 141 141 141 141 141 141 140 140 140 140 140 141 141 141 141 141 141 141 141 141 141 141 141 141 141 140 140 140 141 141 141 142 142 142 143 143 144 144 144 146 147 146 146 147 147 148 148 148 148 148 148 147 147 147 147 147 146 146 146 146 146 146 146 146 146 146 146 146 146 146 147 147 147 147 146 146 146 146 146 146 147 147 147 148 147 147 147 147 147 147 147 147 147 148 148 148 147 148 148 149 149 151 152 152 152 152 152 152 152 152 152 152 152 153 153 153 153 153 153 154 154 154 154 154 154 154 154 154 154 154 154 154 154 155 155 155 155 155 155 156 156 156 156 156 156 156 156 156 156 156 156 156 156 157 157 157 157 157 157 157 157 157 157 157 157 157 158 158 158 158 158 158 158 158 158 158 158 159 159 159 159 159 159 159 159 159 159 159 159 159 159 159 159 159 159 160 160 159 159 159 159 159 159 158 158 158 158 159 159 159 158 158 159 159 159 160 160 160 161 162 162 163 163 162 162 163 163 163 163 163 163 163 163 162 161 162 162 162 162 162 163 163 163 162 162 162 162 162 163 163 163 164 164 165 164 164 164 164 165 165 166 165 165 165 165 165 166 166 166 165 166 167 167 167 167 166 167 167 168 168 168 169 169 169 170 170 170 170 170 170 0 0 0 0 0 0 0 0 0 0 0 0 0 0 0 0 0 0 0 0 0 0 
0 0 0 0 0 0 0 0 0 0 0 0 0 0 0 0 0 0 0 0 0 0 0 0 0 0 0 0 0 0 0 0 0 0 0 0 0 0 0 0 0 0 0 0 0 0 0 0 0 0 0 0 0 0 0 0 0 0 0 0 0 0 0 0 0 0 0 0 0 0 0 0 0 0 0 0 0 0 0 0 0 0 0 128 128 128 127 127 126 126 127 127 128 127 127 126 127 127 126 126 127 127 127 127 127 128 129 129 130 130 130 130 130 131 132 132 131 131 132 133 133 133 133 133 134 133 134 134 134 134 135 135 135 135 135 135 135 135 136 136 136 136 135 136 136 136 136 136 136 136 136 137 137 137 137 137 138 138 138 138 137 138 138 138 139 139 139 139 139 139 139 138 139 139 139 140 140 141 141 141 141 141 141 142 141 141 141 142 142 142 142 142 141 141 141 141 141 141 140 140 140 140 141 141 141 141 141 141 141 141 141 141 140 140 140 140 140 141 141 141 141 142 142 142 143 143 143 143 143 144 145 146 147 147 147 147 148 148 148 148 149 149 147 147 147 147 147 147 147 147 146 146 146 146 147 146 146 146 147 146 146 146 146 146 146 146 146 146 147 146 147 147 147 147 148 147 147 147 147 147 147 148 148 148 149 148 148 148 148 148 149 149 151 152 152 152 152 152 152 152 152 152 152 153 153 153 153 153 153 154 154 154 154 154 154 154 154 154 154 154 154 154 155 155 155 155 155 155 155 156 156 156 156 156 156 156 156 156 156 156 156 157 156 156 156 157 157 157 157 157 157 157 157 157 157 157 157 158 158 158 158 158 158 158 158 158 158 158 158 159 159 159 159 159 159 159 159 159 159 159 159 159 159 159 159 160 160 160 159 160 160 161 160 159 159 158 158 159 160 160 160 159 159 159 159 159 159 160 160 161 161 161 161 162 162 162 162 162 163 163 163 163 162 162 162 162 162 162 163 162 162 162 163 163 163 163 163 163 163 163 163 163 164 164 164 164 164 164 164 164 165 165 166 166 166 165 165 165 165 165 165 166 166 166 167 168 168 168 168 168 169 169 170 170 170 170 170 169 169 169 170 0 0 0 0 0 0 0 0 0 0 0 0 0 0 0 0 0 0 0 0 0 0 
0 0 0 0 0 0 0 0 0 0 0 0 0 0 0 0 0 0 0 0 0 0 0 0 0 0 0 0 0 0 0 0 0 0 0 0 0 0 0 0 0 0 0 0 0 0 0 0 0 0 0 0 0 0 0 0 0 0 0 0 0 0 0 0 0 0 0 0 0 0 0 0 0 0 0 0 0 0 0 0 0 0 0 0 0 0 128 127 127 127 127 127 128 127 127 127 127 127 127 127 128 128 127 127 127 127 128 129 129 129 130 130 131 132 132 132 132 132 131 132 132 133 133 134 134 134 134 134 134 135 135 135 135 135 135 135 135 135 136 136 136 136 135 136 136 136 136 136 136 136 136 137 137 137 137 138 138 138 138 138 138 138 138 138 139 139 139 139 139 139 139 138 139 138 138 139 140 141 141 141 141 141 142 142 142 141 142 142 143 143 142 141 140 140 140 141 141 141 141 140 140 140 140 140 140 140 140 141 141 141 141 141 141 141 141 140 141 141 141 141 141 142 142 143 143 143 143 143 143 144 145 146 146 147 147 147 148 148 148 148 149 149 147 147 146 146 147 146 146 146 146 146 146 147 147 147 147 147 147 147 146 146 146 146 147 147 146 146 146 146 146 147 147 147 148 148 147 147 147 147 147 148 148 148 148 148 148 148 148 149 149 149 151 152 152 152 152 152 152 152 152 152 152 153 153 153 153 153 153 154 154 154 154 154 154 154 154 154 154 154 154 154 155 155 155 155 155 155 155 156 156 156 156 156 156 156 156 156 156 156 156 156 156 156 156 157 157 157 157 157 157 157 157 157 157 157 157 158 158 158 158 158 158 158 158 158 158 158 158 158 159 159 159 159 159 159 159 159 159 159 159 159 159 159 159 159 159 159 159 160 160 160 160 160 159 159 159 159 159 160 160 159 159 159 159 159 159 160 160 161 160 161 161 162 161 161 161 161 162 162 162 162 162 162 162 162 162 162 163 162 162 163 162 163 163 163 163 163 163 163 162 162 163 164 164 164 164 164 164 165 165 165 165 165 166 165 166 165 165 165 166 166 166 167 168 168 168 168 169 169 169 169 169 169 170 169 169 169 169 170 171 171 0 0 0 0 0 0 0 0 0 0 0 0 0 0 0 0 0 0 0 0 0 
0 0 0 0 0 0 0 0 0 0 0 0 0 0 0 0 0 0 0 0 0 0 0 0 0 0 0 0 0 0 0 0 0 0 0 0 0 0 0 0 0 0 0 0 0 0 0 0 0 0 0 0 0 0 0 0 0 0 0 0 0 0 0 0 0 0 0 0 0 0 0 0 0 0 0 0 0 0 0 0 0 0 0 0 0 0 0 128 127 127 127 127 127 127 127 127 127 127 128 128 128 128 127 128 128 127 127 127 128 129 129 130 132 132 133 133 133 133 132 132 132 133 133 134 134 134 134 134 135 135 135 135 135 135 135 136 136 136 136 136 136 136 135 136 136 136 136 136 136 136 137 137 137 137 137 138 138 138 138 138 138 138 138 138 139 139 139 139 139 139 138 138 139 138 139 139 140 140 141 141 141 141 142 142 142 142 142 142 143 143 142 141 140 140 140 141 141 141 141 141 141 140 140 140 140 140 140 140 141 141 141 141 141 141 141 141 141 141 141 141 142 142 142 143 143 143 143 143 143 144 144 145 146 147 147 148 148 148 148 148 149 149 147 147 146 146 146 146 146 146 146 146 147 147 148 147 147 147 147 147 147 147 147 147 147 147 146 147 146 146 147 147 147 147 148 148 147 147 147 147 147 148 148 148 148 148 148 148 148 149 149 149 151 152 152 152 152 152 152 152 152 153 153 153 153 153 153 153 154 154 154 154 154 154 154 154 154 154 154 154 154 155 155 155 155 155 155 155 156 156 156 156 156 156 156 156 156 156 156 157 157 156 156 156 156 157 157 157 157 157 157 157 157 157 158 158 157 158 158 158 158 158 158 158 158 158 159 159 159 159 159 159 159 159 159 159 159 159 159 159 159 159 159 159 159 159 159 159 159 159 160 160 160 160 160 160 160 159 159 160 160 160 160 159 159 159 159 159 160 160 161 161 162 161 161 161 162 162 162 162 162 162 163 163 162 162 162 162 163 162 162 162 162 162 163 163 163 163 163 163 163 162 163 163 164 164 164 164 165 165 165 164 165 165 165 165 165 165 165 166 166 166 167 167 168 168 168 168 168 169 169 169 169 168 169 168 168 169 170 171 171 171 171 0 0 0 0 0 0 0 0 0 0 0 0 0 0 0 0 0 0 0 0 
0 0 0 0 0 0 0 0 0 0 0 0 0 0 0 0 0 0 0 0 0 0 0 0 0 0 0 0 0 0 0 0 0 0 0 0 0 0 0 0 0 0 0 0 0 0 0 0 0 0 0 0 0 0 0 0 0 0 0 0 0 0 0 0 0 0 0 0 0 0 0 0 0 0 0 0 0 0 0 0 0 0 0 0 0 0 128 129 128 127 127 127 127 127 127 127 127 128 128 129 128 128 128 129 129 128 128 127 128 129 129 130 132 132 133 133 133 133 133 133 133 133 133 134 134 134 134 134 134 134 135 135 135 135 135 136 136 136 136 136 136 136 136 136 136 136 136 136 137 137 137 137 137 137 137 137 138 138 137 138 138 138 138 138 139 139 139 139 139 139 138 138 138 139 139 139 139 140 141 141 141 141 142 143 143 142 142 143 143 143 142 142 140 140 140 141 141 141 141 140 140 140 140 140 140 140 140 140 140 141 141 141 141 141 141 141 141 142 142 142 143 142 142 142 142 143 143 143 143 144 145 146 146 146 147 147 148 148 148 148 149 149 148 148 147 146 146 146 147 147 147 147 147 147 147 147 146 146 146 147 147 147 147 148 147 148 147 147 146 146 147 147 147 147 148 148 148 147 147 147 148 148 148 148 148 148 148 148 149 149 149 149 152 152 152 152 152 152 152 153 153 153 153 153 153 153 153 153 154 154 154 154 154 154 154 154 154 154 154 155 155 155 155 155 155 155 155 155 156 156 156 156 156 156 156 156 156 157 157 157 157 156 156 156 157 157 157 157 157 157 157 157 157 158 158 158 158 158 158 158 158 158 158 158 158 158 159 159 159 159 159 159 159 159 160 159 159 159 159 159 159 159 159 159 159 159 159 159 159 160 160 160 159 160 160 160 161 160 160 160 160 160 160 160 159 159 159 159 159 160 160 161 161 161 161 162 162 162 162 162 163 163 163 163 163 163 162 162 162 162 162 162 162 162 163 163 163 163 163 164 164 163 163 163 163 164 164 164 165 165 164 164 164 164 164 165 165 166 166 167 167 167 167 168 168 167 167 168 168 169 169 169 168 168 168 169 169 170 171 171 171 170 170 0 0 0 0 0 0 0 0 0 0 0 0 0 0 0 0 0 0 0 0 
0 0 0 0 0 0 0 0 0 0 0 0 0 0 0 0 0 0 0 0 0 0 0 0 0 0 0 0 0 0 0 0 0 0 0 0 0 0 0 0 0 0 0 0 0 0 0 0 0 0 0 0 0 0 0 0 0 0 0 0 0 0 0 0 0 0 0 0 0 0 0 0 0 0 0 0 0 0 0 0 0 0 0 0 0 128 129 128 128 128 128 128 128 127 128 128 128 129 129 129 128 129 129 129 129 129 129 128 128 130 130 130 131 132 133 133 133 134 134 133 134 134 134 134 134 134 134 134 134 134 135 135 135 135 135 135 136 136 136 136 136 137 136 136 136 136 136 136 136 137 137 137 137 137 137 137 137 137 138 137 138 138 138 139 138 139 139 139 139 139 139 138 139 139 140 140 140 139 140 141 141 142 142 142 142 142 142 143 142 142 141 141 140 140 140 140 141 141 141 141 140 140 140 140 140 140 140 140 140 141 141 141 141 141 141 141 141 141 142 142 142 142 142 143 143 143 143 144 144 144 145 146 146 146 147 147 148 148 148 148 149 149 148 147 147 147 146 146 147 147 147 147 147 147 147 147 147 147 146 146 146 147 147 147 147 148 148 147 146 147 147 147 147 147 147 148 148 148 148 148 148 149 149 149 149 149 148 149 149 149 149 150 152 152 152 152 152 152 153 153 153 153 153 153 153 153 153 153 153 154 154 154 154 154 154 154 154 155 155 155 155 155 155 155 155 155 155 155 156 156 156 156 156 156 156 156 156 156 157 157 157 157 156 156 156 157 157 157 157 157 157 157 158 158 158 158 158 158 158 158 158 158 159 159 159 158 159 159 159 159 159 159 159 159 160 160 160 159 159 159 159 159 160 160 160 159 159 159 159 159 160 161 160 160 160 160 160 160 160 160 160 161 160 160 160 160 160 160 160 160 160 160 161 161 161 162 162 161 162 162 163 163 163 163 163 162 162 162 162 162 162 162 162 162 163 163 163 163 163 164 164 164 164 163 163 164 164 164 165 164 164 164 164 165 165 165 165 165 166 166 166 167 167 168 168 166 167 168 168 169 169 169 169 168 168 169 169 169 170 170 170 169 169 0 0 0 0 0 0 0 0 0 0 0 0 0 0 0 0 0 0 0 0 
0 0 0 0 0 0 0 0 0 0 0 0 0 0 0 0 0 0 0 0 0 0 0 0 0 0 0 0 0 0 0 0 0 0 0 0 0 0 0 0 0 0 0 0 0 0 0 0 0 0 0 0 0 0 0 0 0 0 0 0 0 0 0 0 0 0 0 0 0 0 0 0 0 0 0 0 0 0 0 0 0 0 0 0 0 129 129 128 128 128 128 128 128 128 128 129 129 129 128 128 129 129 130 130 129 129 129 128 128 129 130 130 131 132 133 133 133 133 134 134 134 135 135 134 134 134 134 134 134 135 135 135 136 136 135 135 135 136 136 136 136 137 136 136 136 136 136 136 137 137 137 137 137 137 138 137 137 137 138 138 138 138 138 139 139 139 139 139 139 139 138 138 139 139 139 140 140 139 139 140 141 142 142 142 142 142 142 142 142 141 141 141 140 140 140 140 141 141 141 142 141 141 140 140 140 140 141 141 141 141 141 141 141 141 141 141 141 141 141 142 142 143 143 143 143 144 144 144 143 144 145 145 146 146 146 147 147 148 148 149 149 149 148 148 147 146 146 146 147 146 147 147 147 147 147 146 147 147 147 147 147 147 147 147 147 147 148 148 147 148 147 148 148 147 148 148 149 149 149 149 149 149 149 149 149 149 149 149 149 149 149 149 152 152 152 152 152 152 153 153 153 153 153 153 153 153 153 154 154 154 154 154 154 154 154 154 154 155 155 155 155 155 155 155 155 155 155 155 156 156 156 156 156 156 156 157 157 156 157 157 157 157 157 157 157 157 157 157 157 157 157 157 158 158 158 158 158 158 158 158 158 159 159 159 159 159 159 159 159 159 159 159 159 159 159 159 160 160 159 159 159 159 160 160 160 160 160 160 160 159 160 160 160 160 161 160 160 160 161 161 161 161 161 161 161 161 160 160 160 160 160 160 161 161 161 161 161 162 162 162 162 162 162 162 163 162 162 162 162 162 163 163 162 162 163 163 163 163 163 163 164 164 164 164 164 164 164 164 164 164 164 164 165 166 166 165 165 165 165 166 166 166 167 167 167 166 167 168 168 169 169 169 169 168 168 169 169 169 170 170 169 169 169 170 0 0 0 0 0 0 0 0 0 0 0 0 0 0 0 0 0 0 0 
0 0 0 0 0 0 0 0 0 0 0 0 0 0 0 0 0 0 0 0 0 0 0 0 0 0 0 0 0 0 0 0 0 0 0 0 0 0 0 0 0 0 0 0 0 0 0 0 0 0 0 0 0 0 0 0 0 0 0 0 0 0 0 0 0 0 0 0 0 0 0 0 0 0 0 0 0 0 0 0 0 0 0 0 0 0 129 128 129 129 129 129 129 129 129 129 129 128 128 129 130 130 130 130 129 129 128 128 129 130 130 131 131 131 132 132 133 134 134 134 135 135 135 134 134 134 134 134 134 135 135 136 136 136 136 136 136 136 136 136 136 137 136 136 136 137 137 137 137 137 137 137 137 137 138 138 138 138 138 138 138 138 138 139 139 139 139 139 139 139 138 138 139 139 139 140 140 139 139 140 141 141 141 142 142 142 141 141 141 140 141 141 140 140 140 140 140 141 141 141 141 141 141 141 141 141 141 141 141 141 141 141 141 141 141 141 142 142 142 142 142 142 142 143 143 143 143 143 143 144 145 145 145 146 146 146 147 147 148 149 149 149 148 147 146 146 146 146 146 146 146 147 147 147 147 146 146 146 147 147 147 147 148 147 147 147 147 148 148 148 148 148 148 148 148 149 149 149 149 148 149 148 149 149 148 149 149 149 150 150 150 150 152 152 152 152 152 153 153 153 153 153 153 153 153 153 153 154 154 154 154 154 154 154 154 154 155 155 155 155 155 155 155 155 155 155 155 155 156 156 156 156 156 156 156 157 157 157 157 157 157 157 157 157 157 157 157 157 157 157 157 158 158 158 158 158 158 158 158 158 158 158 159 159 159 159 159 159 159 159 159 159 159 159 160 159 159 159 159 159 159 159 159 160 161 161 161 161 160 160 160 160 160 160 160 160 160 161 161 161 161 161 161 161 161 161 161 161 161 160 160 160 161 161 161 161 161 161 161 161 161 162 162 162 163 162 162 162 162 162 162 163 163 163 163 163 163 163 163 163 164 164 164 164 164 164 164 164 164 164 164 165 165 166 166 166 166 165 165 165 166 166 166 167 167 166 167 167 168 168 169 169 169 168 168 169 169 170 170 170 169 169 169 169 169 170 0 0 0 0 0 0 0 0 0 0 0 0 0 0 0 0 0 
0 0 0 0 0 0 0 0 0 0 0 0 0 0 0 0 0 0 0 0 0 0 0 0 0 0 0 0 0 0 0 0 0 0 0 0 0 0 0 0 0 0 0 0 0 0 0 0 0 0 0 0 0 0 0 0 0 0 0 0 0 0 0 0 0 0 0 0 0 0 0 0 0 0 0 0 0 0 0 0 0 0 0 0 0 0 0 129 129 129 129 129 129 129 129 129 129 129 129 129 129 129 129 129 129 129 128 129 130 130 131 130 131 131 131 132 132 133 134 134 134 135 135 134 134 134 135 135 135 135 136 136 136 136 136 136 136 136 137 137 136 136 136 136 136 137 137 137 137 137 137 137 137 137 138 138 138 138 138 138 138 139 139 139 139 139 139 140 140 139 139 138 138 139 139 139 139 139 140 140 140 141 141 141 141 141 141 140 140 140 141 141 140 140 140 140 141 141 141 141 141 141 141 141 141 141 141 141 141 141 141 141 141 141 142 142 142 142 142 142 142 142 142 143 143 143 143 143 144 144 144 145 145 146 146 147 147 147 147 148 148 149 148 147 146 146 146 146 146 146 146 147 147 147 147 147 147 146 146 147 147 147 147 147 147 147 147 147 148 148 149 148 149 148 148 149 149 149 149 149 149 148 148 149 149 149 149 149 150 150 150 150 152 152 152 152 153 153 153 153 153 153 153 153 153 153 153 153 154 154 154 154 154 154 154 155 155 155 155 155 155 155 155 155 155 155 155 155 155 156 156 156 156 156 156 156 157 157 157 157 157 157 157 157 157 157 157 157 158 158 158 158 158 158 158 158 158 158 158 158 158 158 159 159 159 159 159 159 159 159 159 159 159 159 160 159 160 160 160 160 159 159 159 159 160 160 161 161 161 161 160 160 159 160 160 161 161 161 161 161 161 161 161 161 161 161 161 161 161 161 161 161 160 161 161 161 161 161 161 161 161 161 161 162 162 162 162 162 162 162 162 163 163 163 163 163 163 163 163 163 163 164 164 164 164 164 164 164 164 164 164 164 165 165 165 166 166 165 165 165 166 166 166 167 167 166 166 167 167 168 169 169 169 169 168 168 169 169 170 170 169 169 169 169 169 170 0 0 0 0 0 0 0 0 0 0 0 0 0 0 0 0 0 
0 0 0 0 0 0 0 0 0 0 0 0 0 0 0 0 0 0 0 0 0 0 0 0 0 0 0 0 0 0 0 0 0 0 0 0 0 0 0 0 0 0 0 0 0 0 0 0 0 0 0 0 0 0 0 0 0 0 0 0 0 0 0 0 0 0 0 0 0 0 0 0 0 0 0 0 0 0 0 0 0 0 0 0 0 0 0 129 129 129 130 129 129 129 129 129 130 130 130 129 128 128 128 128 129 129 129 129 129 130 130 131 131 131 131 132 132 133 134 134 134 134 134 134 135 135 135 135 135 135 136 136 136 136 136 136 136 137 137 137 137 137 136 136 136 137 137 137 137 137 137 137 137 137 138 138 138 138 139 139 139 139 139 139 139 139 139 139 140 139 139 138 138 138 139 140 140 140 140 140 140 141 141 141 141 140 140 140 140 140 140 140 140 140 140 140 141 141 141 141 141 141 140 141 141 141 141 141 141 141 141 141 141 141 142 142 142 142 142 142 142 142 142 143 143 143 143 143 143 144 144 144 145 145 146 146 146 146 146 147 148 148 147 147 147 146 147 147 146 146 146 146 146 147 146 146 146 146 146 146 146 147 146 146 147 147 147 147 147 148 148 148 148 149 149 149 150 149 149 149 149 149 148 149 149 149 149 149 149 150 150 150 152 152 152 153 153 153 153 153 153 153 153 154 154 154 154 154 154 154 154 154 154 154 154 155 155 155 155 155 155 155 155 155 155 155 155 155 155 156 156 156 156 156 156 156 157 157 157 157 157 157 157 157 157 157 157 157 158 158 158 158 158 158 158 158 158 158 158 158 158 159 159 159 159 159 159 159 159 159 159 159 159 159 160 160 160 160 160 160 160 159 159 159 160 160 160 161 161 161 161 161 160 159 160 160 160 161 161 161 161 161 161 161 161 161 161 161 162 161 161 161 161 161 161 161 161 161 161 161 161 161 161 162 161 162 162 162 162 162 162 163 163 163 163 163 163 163 163 164 163 164 164 164 164 164 164 164 164 165 165 165 165 165 166 166 166 165 165 165 166 166 166 167 166 166 166 167 167 167 168 168 169 169 169 168 169 169 170 170 170 169 169 169 169 170 170 0 0 0 0 0 0 0 0 0 0 0 0 0 0 0 0 
0 0 0 0 0 0 0 0 0 0 0 0 0 0 0 0 0 0 0 0 0 0 0 0 0 0 0 0 0 0 0 0 0 0 0 0 0 0 0 0 0 0 0 0 0 0 0 0 0 0 0 0 0 0 0 0 0 0 0 0 0 0 0 0 0 0 0 0 0 0 0 0 0 0 0 0 0 0 0 0 0 0 0 0 0 0 0 0 130 0 0 130 130 130 130 130 130 130 129 128 128 128 128 129 129 130 130 130 129 130 130 130 130 131 132 132 133 133 133 133 133 134 135 135 135 135 135 135 135 135 136 136 136 136 136 137 137 137 137 137 137 137 136 136 136 137 137 137 137 137 137 137 137 137 137 138 138 138 138 139 139 139 139 139 139 139 139 140 140 140 139 139 139 138 139 139 140 140 140 140 140 141 140 140 140 140 140 140 140 140 140 140 140 140 140 140 141 141 141 141 141 141 141 140 141 141 141 141 141 141 141 141 141 142 142 142 142 142 142 142 142 142 142 143 143 143 143 143 144 144 144 144 145 145 146 145 145 146 146 147 147 147 146 147 147 147 147 147 146 146 146 147 147 147 147 146 147 147 147 147 146 147 147 147 147 148 148 147 147 147 148 148 148 148 149 149 150 149 149 149 149 149 149 149 149 149 149 149 149 150 150 150 152 152 153 153 153 153 153 153 153 153 153 154 154 154 154 154 154 154 154 154 154 154 154 155 155 155 155 155 155 155 155 156 156 155 156 155 156 156 156 156 156 156 156 156 156 157 157 157 157 157 157 157 157 157 157 158 158 158 158 158 158 158 158 158 158 158 158 158 158 159 159 159 159 159 159 159 159 159 159 159 159 160 160 160 160 161 161 160 160 159 159 159 160 160 160 160 160 160 161 162 160 160 160 160 160 161 161 161 161 161 161 161 161 161 161 161 162 162 161 161 161 161 161 161 161 161 161 161 161 161 161 161 162 162 162 162 162 162 162 163 163 163 163 163 163 163 163 163 163 164 164 164 164 164 164 164 165 165 165 165 166 166 167 166 166 166 166 166 166 166 166 166 166 166 167 167 167 167 167 167 168 169 169 168 169 169 170 170 170 170 169 169 169 170 171 170 0 0 0 0 0 0 0 0 0 0 0 0 0 0 0 
0 0 0 0 0 0 0 0 0 0 0 0 0 0 0 0 0 0 0 0 0 0 0 0 0 0 0 0 0 0 0 0 0 0 0 0 0 0 0 0 0 0 0 0 0 0 0 0 0 0 0 0 0 0 0 0 0 0 0 0 0 0 0 0 0 0 0 0 0 0 0 0 0 0 0 0 0 0 0 0 0 0 0 0 0 0 0 0 0 0 0 0 0 130 130 130 130 130 129 128 128 128 129 129 129 129 130 130 129 130 130 130 131 131 132 131 132 132 133 133 133 134 135 135 135 135 134 135 135 136 136 136 136 136 136 136 137 137 137 137 137 137 136 136 136 137 137 137 137 137 138 138 137 137 138 138 138 138 139 139 139 139 139 139 139 139 139 140 140 140 140 140 139 139 139 139 139 139 139 140 140 141 141 141 140 140 140 140 140 140 140 141 140 140 140 140 141 141 141 141 141 141 141 140 140 141 141 141 141 141 141 141 141 142 142 142 143 142 142 142 142 142 142 142 143 143 143 144 144 144 144 145 145 145 145 145 146 146 146 147 146 146 146 146 146 147 147 147 146 146 146 146 147 148 147 147 147 147 148 147 147 148 148 147 148 149 148 148 147 147 148 148 148 148 149 149 149 149 149 149 149 149 149 149 149 149 149 149 149 150 150 150 152 152 152 153 153 153 153 153 153 153 153 153 154 154 154 154 154 154 154 154 154 154 154 155 155 155 155 155 155 155 155 155 155 155 156 156 155 156 156 156 156 156 156 156 157 157 157 157 157 157 157 157 157 157 158 158 158 158 158 158 158 158 158 158 158 159 159 159 159 159 159 159 159 159 159 159 159 159 160 160 160 160 160 160 161 161 161 161 160 160 160 160 160 160 160 160 160 160 161 162 161 160 160 160 160 160 161 161 161 161 161 161 161 161 161 162 162 161 161 161 160 160 160 161 161 161 161 161 161 161 161 161 161 161 162 162 162 162 162 162 163 163 163 163 163 163 163 163 164 164 164 164 164 164 164 165 165 165 165 165 165 166 167 166 166 166 166 166 166 166 166 166 166 167 167 167 166 167 166 167 169 169 169 168 169 169 170 170 170 170 169 169 170 170 170 170 0 0 0 0 0 0 0 0 0 0 0 0 0 0 0 
0 0 0 0 0 0 0 0 0 0 0 0 0 0 0 0 0 0 0 0 0 0 0 0 0 0 0 0 0 0 0 0 0 0 0 0 0 0 0 0 0 0 0 0 0 0 0 0 0 0 0 0 0 0 0 0 0 0 0 0 0 0 0 0 0 0 0 0 0 0 0 0 0 0 0 0 0 0 0 0 0 0 0 0 0 0 0 0 0 0 0 0 0 0 0 0 130 130 129 128 129 129 129 129 130 130 130 129 129 130 130 130 131 131 131 131 132 132 133 133 133 134 135 135 135 135 135 135 135 136 136 136 136 136 136 136 137 137 137 137 137 137 136 137 137 137 137 137 137 137 137 138 138 138 138 138 138 138 139 139 139 139 139 139 139 139 140 140 140 140 140 140 139 139 139 139 139 139 139 140 140 141 141 141 141 140 140 141 140 140 140 140 140 141 140 140 141 141 141 141 142 141 141 141 141 140 141 141 141 141 141 141 141 142 142 142 142 142 142 143 143 143 142 142 143 143 143 143 143 144 144 144 144 145 145 145 145 146 146 147 146 146 145 146 146 146 147 147 147 147 146 146 146 147 147 147 147 148 148 147 147 148 148 148 149 148 148 147 148 148 148 147 147 148 148 148 148 148 149 149 149 149 149 149 149 149 149 149 149 150 150 150 152 152 152 153 153 153 153 153 153 153 153 153 153 154 154 154 154 154 154 154 154 154 154 155 155 155 155 155 155 155 155 155 155 155 155 155 155 155 155 156 156 156 156 156 157 157 157 157 157 157 157 157 158 158 158 158 158 158 158 158 158 158 158 158 159 159 159 159 159 159 159 159 159 159 159 159 160 160 160 161 160 160 161 161 161 161 161 161 160 160 160 160 160 160 160 160 161 161 161 161 161 161 160 160 161 160 161 160 161 161 161 161 161 161 161 161 162 163 162 161 160 160 160 161 161 161 161 161 162 162 161 162 162 162 162 162 162 162 162 162 163 163 162 162 162 163 163 163 163 163 164 164 164 164 165 164 165 165 165 165 165 166 166 166 167 167 167 167 167 167 166 166 166 166 166 166 167 167 167 168 169 169 169 168 168 169 169 169 170 170 169 169 169 169 170 170 171 171 0 0 0 0 0 0 0 0 0 0 0 0 0 
0 0 0 0 0 0 0 0 0 0 0 0 0 0 0 0 0 0 0 0 0 0 0 0 0 0 0 0 0 0 0 0 0 0 0 0 0 0 0 0 0 0 0 0 0 0 0 0 0 0 0 0 0 0 0 0 0 0 0 0 0 0 0 0 0 0 0 0 0 0 0 0 0 0 0 0 0 0 0 0 0 0 0 0 0 0 0 0 0 0 0 0 0 0 0 0 0 130 130 129 129 130 130 130 130 130 130 130 130 130 130 130 130 130 131 131 132 132 133 134 134 134 134 135 135 135 135 135 135 136 136 136 136 136 136 137 137 137 137 137 137 137 136 137 137 137 137 137 137 137 137 138 138 138 138 139 138 138 139 139 139 139 139 139 140 140 140 140 140 140 140 140 139 139 139 139 139 139 139 140 140 141 140 141 141 141 141 141 141 140 140 140 140 140 140 140 140 141 141 141 141 142 141 141 141 141 141 141 141 141 141 141 141 142 142 142 142 143 143 143 143 143 143 143 143 143 143 143 144 144 144 145 145 145 145 146 146 146 146 146 146 146 145 145 146 146 147 147 147 147 147 146 146 147 147 147 147 148 148 148 148 148 148 148 148 148 148 148 148 148 149 148 147 147 148 148 148 148 149 149 149 149 149 149 149 149 149 149 150 150 150 150 152 153 153 153 153 153 153 153 153 153 153 153 153 154 154 154 154 154 154 154 154 154 155 155 155 155 155 155 155 155 155 155 155 155 155 155 155 155 156 156 156 156 156 156 156 156 156 157 157 157 157 157 158 158 158 158 158 158 158 158 158 158 159 159 159 159 159 159 159 159 159 159 159 160 159 160 160 160 160 160 161 161 161 161 160 161 161 160 160 160 160 160 160 160 160 161 161 161 161 161 161 162 161 161 161 161 161 161 161 161 161 161 161 161 161 161 161 162 163 162 161 161 161 161 161 161 161 162 162 162 162 162 162 162 162 162 162 162 162 162 162 163 163 163 163 163 163 163 163 163 164 164 164 165 165 165 165 165 165 165 165 166 166 166 166 166 167 167 167 168 168 167 167 166 166 166 167 167 167 168 168 169 169 169 169 168 169 169 170 169 169 169 170 170 170 171 171 171 172 172 0 0 0 0 0 0 0 0 0 0 0 
0 0 0 0 0 0 0 0 0 0 0 0 0 0 0 0 0 0 0 0 0 0 0 0 0 0 0 0 0 0 0 0 0 0 0 0 0 0 0 0 0 0 0 0 0 0 0 0 0 0 0 0 0 0 0 0 0 0 0 0 0 0 0 0 0 0 0 0 0 0 0 0 0 0 0 0 0 0 0 0 0 0 0 0 0 0 0 0 0 0 0 0 0 0 0 0 0 0 130 130 130 130 129 129 129 130 130 130 130 131 131 132 131 130 131 131 132 132 133 134 134 134 134 134 135 135 136 135 136 136 136 136 136 136 137 137 137 138 138 138 137 137 136 137 137 137 137 137 137 137 137 138 138 138 138 138 138 139 139 139 139 139 139 140 140 140 140 140 140 140 140 140 140 140 139 139 139 139 139 140 140 140 141 141 141 142 141 141 141 141 141 140 140 140 140 141 141 141 141 141 141 142 142 142 142 141 141 141 141 142 142 141 142 142 142 142 143 143 143 144 144 143 143 143 143 143 143 143 144 145 145 145 145 146 146 146 146 146 146 146 146 146 145 146 147 146 146 147 147 147 146 146 147 147 147 147 147 148 148 149 148 148 148 148 148 149 149 148 148 149 149 148 148 147 147 148 147 148 148 149 149 148 149 149 149 150 150 150 150 150 150 150 153 153 153 153 153 153 153 153 154 154 153 153 153 153 154 154 154 154 154 154 154 154 155 155 155 155 155 155 155 155 155 155 155 156 156 156 155 156 156 156 156 156 156 157 156 156 156 157 157 157 157 157 157 158 158 158 158 158 158 158 158 158 158 159 159 159 159 159 159 159 159 159 159 159 160 160 160 160 160 160 160 161 161 160 160 160 160 160 160 160 161 161 161 161 161 161 161 161 161 161 161 161 162 163 162 162 161 161 161 161 161 161 161 161 161 161 161 162 163 163 162 162 161 161 161 161 162 162 162 162 162 162 162 162 162 162 163 162 163 163 163 163 164 164 164 164 164 164 163 163 163 164 164 164 165 165 165 165 165 165 166 166 166 166 166 166 166 166 167 167 168 168 168 168 167 167 166 166 166 167 168 168 169 170 170 169 169 169 170 169 169 170 170 171 171 171 171 171 171 172 172 0 0 0 0 0 0 0 0 0 0 
0 0 0 0 0 0 0 0 0 0 0 0 0 0 0 0 0 0 0 0 0 0 0 0 0 0 0 0 0 0 0 0 0 0 0 0 0 0 0 0 0 0 0 0 0 0 0 0 0 0 0 0 0 0 0 0 0 0 0 0 0 0 0 0 0 0 0 0 0 0 0 0 0 0 0 0 0 0 0 0 0 0 0 0 0 0 0 0 0 0 0 0 0 0 0 0 0 0 131 130 130 129 129 129 129 130 129 130 131 132 132 131 130 130 131 132 133 133 133 134 134 133 134 134 134 135 135 136 136 137 136 136 136 137 137 137 137 138 137 138 138 137 137 137 137 137 137 137 138 137 138 138 138 138 138 138 138 139 139 139 139 139 139 139 140 140 140 140 140 140 141 141 140 139 139 139 139 139 139 139 140 140 141 141 142 142 142 141 141 142 142 141 141 141 141 141 141 141 141 141 141 141 142 142 142 142 141 141 141 142 142 142 142 142 142 143 143 143 143 143 143 143 143 143 143 143 143 143 143 144 144 144 145 146 146 145 146 146 146 146 146 146 146 146 146 146 146 147 147 147 147 147 147 147 147 148 148 148 149 148 148 148 148 148 148 148 148 148 148 149 149 149 148 148 148 149 148 148 148 148 148 148 149 149 149 150 150 150 150 150 150 150 153 153 153 153 153 153 153 154 154 154 154 153 153 153 154 154 154 154 154 154 154 155 155 155 155 155 155 156 155 155 156 156 156 156 156 156 156 156 156 156 156 156 156 156 157 157 157 157 157 157 157 157 157 158 158 158 158 158 158 158 158 158 158 159 159 159 159 159 159 159 159 159 159 159 159 159 160 160 160 160 160 160 160 160 160 160 160 160 161 161 161 161 161 161 161 161 161 161 161 161 161 161 161 162 163 163 163 162 161 161 161 161 161 161 161 161 162 162 163 164 162 162 161 161 161 161 161 162 162 162 162 162 162 162 162 162 163 163 163 163 163 164 164 165 165 165 164 165 164 164 164 164 164 164 165 165 165 165 165 166 166 166 166 166 167 167 166 166 167 167 167 167 167 168 168 168 168 167 167 167 167 167 168 169 170 170 169 169 170 169 169 170 171 171 171 170 170 171 172 172 172 172 172 172 172 173 173 0 0 0 0 
0 0 0 0 0 0 0 0 0 0 0 0 0 0 0 0 0 0 0 0 0 0 0 0 0 0 0 0 0 0 0 0 0 0 0 0 0 0 0 0 0 0 0 0 0 0 0 0 0 0 0 0 0 0 0 0 0 0 0 0 0 0 0 0 0 0 0 0 0 0 0 0 0 0 0 0 0 0 0 0 0 0 0 0 0 0 0 0 0 0 0 0 0 0 0 0 0 0 131 130 130 130 130 130 130 130 130 130 131 131 131 130 130 130 131 132 132 132 132 133 133 133 133 134 134 134 135 136 136 136 136 136 137 137 138 138 138 137 137 138 138 138 137 137 137 137 137 138 138 138 138 138 138 138 138 138 139 139 139 139 139 139 139 139 140 140 140 140 140 141 141 141 140 140 140 140 140 139 139 139 139 140 141 141 141 141 141 141 141 142 142 142 141 141 141 141 141 141 141 141 141 141 142 142 142 142 141 141 142 141 142 142 142 142 143 143 143 143 143 143 143 143 143 143 143 143 143 143 143 144 144 144 145 145 146 146 145 145 146 146 145 146 146 147 146 146 147 147 148 147 147 147 146 147 147 148 148 148 149 149 149 149 149 148 148 148 148 148 149 149 149 148 148 148 148 149 149 149 148 149 148 148 149 149 149 150 150 150 150 150 150 150 153 153 153 153 153 154 154 154 154 154 154 154 153 153 154 154 154 154 154 154 154 155 155 155 155 155 155 156 156 155 156 156 156 157 156 156 156 156 156 156 156 156 156 157 157 157 157 157 157 157 157 157 157 157 158 158 158 158 158 158 158 158 159 159 159 159 159 159 159 159 159 159 159 159 159 159 160 160 160 160 160 160 160 160 160 160 161 161 161 161 161 161 161 161 162 161 161 161 161 161 161 161 161 161 161 162 162 163 162 162 162 161 162 161 161 162 162 162 163 163 163 162 162 161 161 161 161 162 162 163 163 162 162 162 163 163 163 164 164 164 164 164 164 165 165 165 166 166 165 165 165 165 165 165 165 165 165 165 166 166 166 166 166 167 167 167 167 167 167 167 167 167 167 168 168 168 168 168 168 168 167 168 168 169 169 170 169 169 170 170 169 170 171 171 171 170 170 171 171 171 172 172 172 173 172 172 173 173 173 0 0 
0 0 0 0 0 0 0 0 0 0 0 0 0 0 0 0 0 0 0 0 0 0 0 0 0 0 0 0 0 0 0 0 0 0 0 0 0 0 0 0 0 0 0 0 0 0 0 0 0 0 0 0 0 0 0 0 0 0 0 0 0 0 0 0 0 0 0 0 0 0 0 0 0 0 0 0 0 0 0 0 0 0 0 0 0 0 0 0 0 0 0 0 0 0 0 0 0 0 0 0 131 131 131 131 131 130 131 130 130 130 130 130 130 130 131 132 132 132 132 132 132 133 133 134 134 134 135 135 135 136 137 137 137 138 138 137 137 138 138 138 138 138 137 137 137 138 138 138 138 138 138 138 138 138 138 139 139 139 139 139 139 139 140 140 140 140 140 140 140 140 141 140 140 140 141 141 141 140 140 139 139 139 140 141 141 141 141 140 141 141 142 142 141 141 141 141 141 141 141 141 141 141 142 142 142 142 141 141 142 142 142 142 143 142 143 143 143 143 143 143 143 143 143 143 143 143 143 143 143 143 143 144 144 145 145 146 145 145 145 145 146 146 146 147 147 147 147 147 148 148 148 147 147 147 147 148 148 149 149 149 148 149 149 149 149 148 148 148 149 150 149 149 149 148 148 149 150 150 149 149 148 149 149 149 149 149 150 150 150 150 150 150 153 153 153 153 154 154 153 153 153 153 154 154 153 153 153 154 154 155 155 154 154 155 155 155 155 155 155 156 156 156 156 156 157 157 157 156 156 156 156 156 156 157 157 157 157 157 157 157 157 157 157 157 157 158 158 158 158 158 158 158 158 159 159 159 159 159 159 159 159 159 159 159 160 160 160 160 160 160 160 160 160 160 160 161 161 161 161 161 161 161 161 161 161 161 161 161 162 162 162 162 161 161 161 161 161 162 162 162 163 164 164 163 162 162 161 161 161 162 163 164 164 163 162 161 161 161 162 162 162 163 163 163 163 163 163 163 163 163 164 164 165 165 166 166 165 165 165 165 165 165 166 166 166 166 166 166 165 165 165 166 166 166 166 167 167 167 167 168 168 168 167 167 167 167 168 168 168 168 168 168 168 168 168 169 169 170 170 170 169 169 169 170 171 171 171 170 171 171 171 171 171 171 172 172 172 173 173 173 174 174 174 
0 0 0 0 0 0 0 0 0 0 0 0 0 0 0 0 0 0 0 0 0 0 0 0 0 0 0 0 0 0 0 0 0 0 0 0 0 0 0 0 0 0 0 0 0 0 0 0 0 0 0 0 0 0 0 0 0 0 0 0 0 0 0 0 0 0 0 0 0 0 0 0 0 0 0 0 0 0 0 0 0 0 0 0 0 0 0 0 0 0 0 0 0 0 0 0 0 0 0 0 0 0 0 0 131 131 131 130 130 130 131 131 131 131 131 132 133 133 133 134 134 134 134 135 134 134 135 135 136 136 137 137 137 137 137 137 138 138 138 138 138 138 138 137 138 138 138 138 138 139 138 138 138 138 138 138 139 139 139 139 139 139 140 140 140 140 140 140 140 141 141 141 140 141 141 141 141 141 141 141 140 140 139 139 140 141 141 140 140 141 141 141 141 141 141 141 141 141 141 141 141 141 142 142 142 142 141 142 142 142 143 142 143 143 143 144 143 143 143 143 143 143 143 143 143 143 144 143 143 143 144 144 144 144 146 146 145 145 146 146 147 147 146 146 146 146 147 147 147 147 148 147 147 147 147 148 148 149 148 149 148 148 149 150 149 149 148 148 149 150 150 149 148 148 148 149 150 150 150 149 149 149 149 149 149 149 149 149 150 150 150 150 153 153 153 153 153 153 153 153 153 153 153 153 153 153 154 154 154 155 155 155 155 155 155 155 155 155 155 155 155 156 156 157 157 157 156 156 156 156 156 157 156 156 157 157 157 157 158 157 157 157 157 157 157 158 158 158 158 158 158 158 158 159 159 159 159 159 159 159 159 159 159 160 160 160 160 160 160 160 160 160 160 160 160 161 161 161 161 161 161 161 161 161 161 161 161 161 161 161 161 162 161 161 161 161 161 162 162 162 162 164 165 165 164 163 163 162 162 162 163 165 165 164 163 162 162 162 162 162 163 163 163 164 164 164 164 164 164 164 164 164 165 165 165 165 165 165 165 165 165 165 165 166 166 166 166 166 166 166 165 166 166 166 166 167 167 167 167 168 168 168 168 168 168 168 168 168 168 168 168 168 168 168 168 168 169 169 170 170 170 169 170 170 171 171 170 170 171 171 171 171 171 171 171 171 172 173 173 173 173 174 0 
0 0 0 0 0 0 0 0 0 0 0 0 0 0 0 0 0 0 0 0 0 0 0 0 0 0 0 0 0 0 0 0 0 0 0 0 0 0 0 0 0 0 0 0 0 0 0 0 0 0 0 0 0 0 0 0 0 0 0 0 0 0 0 0 0 0 0 0 0 0 0 0 0 0 0 0 0 0 0 0 0 0 0 0 0 0 0 0 0 0 0 0 0 0 0 0 0 0 0 0 0 0 0 0 132 132 132 0 0 131 131 131 131 131 131 132 132 133 133 133 133 133 134 134 134 134 135 135 135 136 137 137 138 138 138 138 138 138 138 138 138 139 138 138 138 138 138 138 138 139 138 138 138 138 138 138 139 139 139 139 139 140 140 140 140 140 140 140 141 141 140 140 141 141 141 141 142 141 141 141 141 141 140 139 139 139 140 140 140 140 140 141 140 141 140 140 141 141 142 142 142 142 141 141 142 142 141 142 142 142 143 143 143 143 143 144 144 143 143 143 143 143 143 143 144 144 144 144 143 143 143 144 144 145 145 146 145 146 147 147 146 146 145 146 146 146 147 147 147 148 148 148 147 147 148 148 148 148 148 148 148 148 148 149 149 149 148 148 149 149 150 149 149 148 148 149 149 150 150 149 149 149 149 150 150 149 149 149 149 150 150 150 153 153 153 153 153 153 153 154 154 153 153 153 153 154 154 154 154 154 155 155 155 155 156 155 155 155 155 155 155 156 156 157 157 157 157 157 156 156 157 157 156 156 157 158 158 158 158 158 157 157 157 157 157 158 158 158 158 158 158 159 159 159 159 159 159 159 159 159 159 159 159 160 160 160 160 160 160 160 160 160 160 160 161 161 161 161 161 161 161 161 162 161 162 161 161 161 161 161 161 161 161 161 161 161 161 161 162 162 162 163 164 165 165 165 165 164 163 163 164 165 165 165 164 163 162 162 162 162 163 163 163 164 165 164 164 164 165 165 165 165 165 165 165 165 165 165 165 165 165 165 165 166 166 166 166 166 166 166 166 166 166 166 166 167 167 167 167 167 167 168 168 168 169 169 169 169 169 168 168 168 168 168 168 168 168 169 169 170 169 170 171 171 170 170 170 171 171 171 172 171 171 171 171 171 172 172 172 173 173 0 0 
0 0 0 0 0 0 0 0 0 0 0 0 0 0 0 0 0 0 0 0 0 0 0 0 0 0 0 0 0 0 0 0 0 0 0 0 0 0 0 0 0 0 0 0 0 0 0 0 0 0 0 0 0 0 0 0 0 0 0 0 0 0 0 0 0 0 0 0 0 0 0 0 0 0 0 0 0 0 0 0 0 0 0 0 0 0 0 0 0 0 0 0 0 0 0 0 0 0 0 0 0 0 0 0 0 0 0 0 0 0 0 131 132 0 0 132 132 132 132 132 133 133 133 134 134 135 136 136 136 136 137 137 138 138 138 138 138 138 138 138 139 139 138 138 138 138 138 139 139 139 139 138 138 138 138 139 139 139 139 140 139 140 140 140 140 140 140 141 140 140 141 141 141 141 141 141 141 141 142 142 142 141 141 140 140 140 139 139 140 140 140 140 140 140 140 140 141 141 141 142 142 142 142 142 141 141 141 142 142 142 143 143 143 143 143 143 144 144 144 143 143 143 144 143 144 145 145 144 143 143 143 144 144 145 145 145 145 146 146 146 146 146 146 146 147 147 147 147 148 148 148 148 148 148 148 148 148 148 148 149 149 149 148 148 148 148 148 148 149 150 150 150 149 149 148 149 150 150 150 150 150 149 149 150 150 149 150 149 150 149 150 150 153 153 153 153 153 153 153 153 153 153 153 153 153 154 154 154 154 155 155 155 156 155 155 155 155 155 155 155 155 156 157 156 156 157 157 157 157 157 157 157 157 156 157 158 158 158 158 158 158 158 158 157 157 158 158 158 158 159 159 159 159 159 159 159 159 159 160 160 159 160 160 160 160 160 160 160 160 160 160 160 160 161 161 161 161 161 161 161 161 161 162 162 162 162 161 161 162 162 161 162 161 161 161 161 161 161 162 162 162 162 162 164 165 165 166 166 166 165 165 166 165 165 165 165 164 163 162 162 162 163 163 164 165 165 165 165 165 165 165 165 165 165 165 165 165 165 165 165 165 165 166 166 166 166 166 166 166 166 166 166 167 167 167 167 167 167 167 167 167 167 167 168 168 168 169 169 169 169 169 168 168 168 168 168 168 168 168 169 169 169 170 170 170 170 170 171 171 171 171 171 172 171 172 172 172 172 173 173 173 0 0 
0 0 0 0 0 0 0 0 0 0 0 0 0 0 0 0 0 0 0 0 0 0 0 0 0 0 0 0 0 0 0 0 0 0 0 0 0 0 0 0 0 0 0 0 0 0 0 0 0 0 0 0 0 0 0 0 0 0 0 0 0 0 0 0 0 0 0 0 0 0 0 0 0 0 0 0 0 0 0 0 0 0 0 0 0 0 0 0 0 0 0 0 0 0 0 0 0 0 0 0 0 0 0 0 0 0 0 0 0 0 0 0 0 0 0 0 132 133 133 133 133 133 134 135 135 135 136 136 136 136 137 137 137 137 137 138 138 138 139 139 139 139 138 138 138 138 138 139 139 139 139 139 138 139 139 139 139 139 140 140 140 140 140 140 140 140 140 140 140 141 141 141 141 141 141 141 141 141 142 142 142 142 142 142 141 141 140 140 141 141 141 140 139 140 140 140 141 141 142 142 142 142 142 142 141 141 142 142 142 142 142 143 143 143 144 144 144 144 144 143 144 144 144 143 144 144 144 144 143 143 144 144 144 145 145 145 145 146 146 146 146 146 146 147 147 146 147 147 148 148 148 148 149 149 148 148 149 148 149 149 149 148 148 148 149 149 149 148 149 149 149 150 150 149 149 149 150 151 151 150 150 150 150 150 150 150 149 150 150 150 150 150 152 153 153 153 153 153 153 153 153 153 153 153 154 154 154 155 154 154 155 155 155 155 155 155 155 155 156 156 156 156 156 156 156 157 157 158 158 157 157 157 157 157 157 158 158 158 158 158 159 158 158 158 158 158 158 158 158 159 159 159 159 159 159 159 159 160 159 160 160 160 160 160 160 160 160 160 161 161 161 161 160 161 161 161 161 161 161 162 162 162 162 162 162 162 162 162 162 162 162 162 161 161 161 161 162 162 162 162 162 162 162 162 164 165 166 166 166 166 166 166 166 166 166 166 165 164 163 162 162 163 163 163 164 165 165 165 166 166 166 165 165 165 165 165 165 165 165 165 165 165 166 166 166 166 166 166 166 166 167 167 167 167 167 167 167 167 167 167 167 167 167 167 168 168 168 169 169 169 169 169 169 169 168 168 168 168 168 168 169 169 169 169 170 170 170 170 171 171 171 171 171 171 172 172 172 172 172 172 173 174 0 
0 0 0 0 0 0 0 0 0 0 0 0 0 0 0 0 0 0 0 0 0 0 0 0 0 0 0 0 0 0 0 0 0 0 0 0 0 0 0 0 0 0 0 0 0 0 0 0 0 0 0 0 0 0 0 0 0 0 0 0 0 0 0 0 0 0 0 0 0 0 0 0 0 0 0 0 0 0 0 0 0 0 0 0 0 0 0 0 0 0 0 0 0 0 0 0 0 0 0 0 0 0 0 0 0 0 0 0 0 0 0 0 0 0 0 0 132 133 134 134 134 134 134 135 136 136 136 136 136 136 137 137 137 137 137 138 138 139 139 139 139 139 138 138 138 138 138 139 139 139 139 139 139 139 139 139 139 140 140 140 140 140 140 140 140 140 140 140 140 141 141 141 141 141 141 141 141 141 142 142 142 142 142 142 142 142 142 142 142 141 142 141 140 140 140 140 141 141 141 141 142 142 142 142 142 142 142 142 142 142 143 143 143 143 143 144 144 144 144 144 144 144 144 144 144 144 144 144 144 144 144 144 144 144 145 145 146 146 146 146 146 146 146 147 146 146 147 147 147 148 148 149 149 149 149 149 148 148 149 149 149 149 149 149 150 150 149 149 148 149 150 150 150 150 150 149 150 151 151 150 150 150 150 150 150 150 150 150 150 150 150 150 152 152 153 153 153 153 153 153 153 153 153 153 153 154 154 155 155 155 155 155 156 155 156 155 155 155 156 156 156 156 156 156 156 156 157 157 158 158 158 158 157 158 157 158 159 159 158 159 159 158 158 158 158 158 158 158 159 159 159 159 159 159 159 159 159 160 160 160 160 160 160 160 160 160 160 160 160 161 161 161 161 161 161 161 161 161 161 162 162 162 162 162 163 163 163 163 162 162 162 162 161 161 161 161 162 162 162 162 162 162 162 162 163 165 166 166 166 166 166 166 166 166 166 165 165 164 164 163 162 163 163 163 164 164 165 165 165 166 166 165 165 165 165 165 165 165 165 165 165 165 166 166 166 166 166 167 167 167 167 167 167 167 167 167 167 167 167 167 167 167 167 168 168 168 169 169 169 169 169 169 170 170 170 170 170 170 170 170 169 169 169 169 169 170 170 170 170 171 171 171 171 171 171 172 172 172 172 173 173 0 0 
0 0 0 0 0 0 0 0 0 0 0 0 0 0 0 0 0 0 0 0 0 0 0 0 0 0 0 0 0 0 0 0 0 0 0 0 0 0 0 0 0 0 0 0 0 0 0 0 0 0 0 0 0 0 0 0 0 0 0 0 0 0 0 0 0 0 0 0 0 0 0 0 0 0 0 0 0 0 0 0 0 0 0 0 0 0 0 0 0 0 0 0 0 0 0 0 0 0 0 0 0 0 0 0 0 0 0 0 0 0 0 0 0 0 0 131 132 133 134 134 134 135 135 135 135 136 136 136 136 136 137 137 137 137 138 138 138 138 138 139 139 139 138 138 138 138 138 139 139 139 139 139 139 139 140 139 139 140 140 140 140 140 140 140 140 140 140 140 140 141 140 141 140 141 141 141 142 142 142 142 142 142 142 142 142 142 142 142 142 141 141 141 141 140 140 140 140 141 141 141 141 141 142 142 142 142 143 143 142 143 143 143 143 143 144 144 144 145 145 145 145 145 145 144 144 145 145 144 144 144 145 144 144 144 145 145 145 145 146 146 146 146 146 146 146 146 147 147 148 148 148 148 148 150 150 149 149 149 150 150 150 150 150 150 150 150 149 149 149 149 149 150 151 151 150 150 150 151 151 151 150 150 150 150 150 150 151 150 150 150 150 150 152 152 152 153 153 153 153 153 153 153 154 154 154 154 154 154 155 155 155 155 156 156 156 156 155 155 156 156 156 156 156 156 156 156 156 157 158 158 157 158 158 158 158 158 159 159 159 159 158 158 158 158 158 158 158 158 159 159 159 159 159 159 159 159 160 160 160 160 160 160 160 160 160 160 160 160 160 161 161 161 161 161 161 161 161 161 161 161 161 162 162 162 162 163 163 163 162 163 162 162 162 162 161 161 162 162 162 162 162 162 162 162 163 164 165 166 166 166 166 166 166 166 166 165 165 164 164 164 164 163 163 164 164 164 164 165 165 165 165 165 165 165 165 166 166 165 165 165 165 165 166 166 166 166 166 167 167 167 167 167 167 167 167 167 167 167 167 167 167 167 167 167 168 168 169 169 169 169 169 169 169 169 170 170 170 170 170 171 171 170 170 169 169 170 170 170 171 170 171 171 171 172 172 172 172 172 173 173 173 0 0 
0 0 0 0 0 0 0 0 0 0 0 0 0 0 0 0 0 0 0 0 0 0 0 0 0 0 0 0 0 0 0 0 0 0 0 0 0 0 0 0 0 0 0 0 0 0 0 0 0 0 0 0 0 0 0 0 0 0 0 0 0 0 0 0 0 0 0 0 0 0 0 0 0 0 0 0 0 0 0 0 0 0 0 0 0 0 0 0 0 0 0 0 0 0 0 0 0 0 0 0 0 0 0 0 0 0 0 0 0 0 0 0 0 0 0 0 133 133 134 134 134 134 135 135 136 136 136 136 136 136 137 137 138 138 138 138 138 138 138 139 139 139 138 138 138 138 139 139 139 139 139 139 139 139 139 140 140 140 140 140 140 140 140 140 140 140 140 140 140 140 140 140 141 141 141 141 142 142 142 142 142 142 142 142 142 142 142 141 141 141 140 141 140 140 140 141 141 141 141 141 141 142 142 142 142 142 142 143 143 143 143 143 143 144 144 144 144 145 145 145 145 145 145 145 145 145 145 145 145 145 145 145 144 144 144 145 145 146 146 146 146 146 146 146 146 146 147 147 148 147 148 148 149 149 150 150 150 150 151 150 150 150 150 151 151 150 150 149 150 150 150 151 151 151 151 151 150 150 151 151 151 151 150 150 150 150 150 150 150 150 150 150 153 152 153 153 153 153 154 154 154 154 154 154 154 154 154 154 154 155 155 156 156 156 156 156 155 155 155 156 156 156 157 157 157 157 157 157 158 158 157 157 157 157 158 158 158 158 159 158 158 158 158 158 158 158 158 158 159 159 159 159 159 159 159 160 160 160 160 160 160 160 160 160 160 160 160 160 160 161 161 161 161 161 161 161 161 161 161 161 162 162 162 162 162 163 163 163 163 163 163 163 162 162 162 162 162 162 162 162 162 162 162 162 163 163 164 165 165 165 166 166 166 166 166 166 165 165 164 164 163 164 163 164 164 165 165 165 165 165 165 165 165 166 166 166 166 166 166 165 166 166 166 166 166 166 166 167 167 167 167 167 167 167 167 168 168 168 168 168 168 167 167 167 168 168 168 169 169 169 169 169 169 170 170 170 169 169 169 170 170 171 171 170 170 169 170 170 171 171 171 171 172 172 172 173 173 173 172 173 173 0 0 
0 0 0 0 0 0 0 0 0 0 0 0 0 0 0 0 0 0 0 0 0 0 0 0 0 0 0 0 0 0 0 0 0 0 0 0 0 0 0 0 0 0 0 0 0 0 0 0 0 0 0 0 0 0 0 0 0 0 0 0 0 0 0 0 0 0 0 0 0 0 0 0 0 0 0 0 0 0 0 0 0 0 0 0 0 0 0 0 0 0 0 0 0 0 0 0 0 0 0 0 0 0 0 0 0 0 0 0 0 0 0 0 0 0 0 0 0 0 133 133 134 134 135 136 136 136 137 137 136 136 136 137 137 137 137 138 138 139 139 139 139 139 138 138 138 138 139 139 139 139 139 139 139 139 139 140 140 140 140 140 140 141 141 140 140 140 140 140 140 140 140 141 141 141 141 141 142 142 142 142 142 142 142 142 142 142 141 141 140 140 141 141 140 141 141 141 141 142 141 141 142 142 142 142 142 142 142 142 143 143 143 143 143 143 144 144 144 145 145 145 145 146 145 145 145 146 146 146 146 146 146 145 145 145 145 145 145 145 145 146 147 147 146 146 146 146 147 147 147 147 148 148 150 150 150 149 150 150 151 150 150 150 150 150 150 150 150 150 150 151 151 151 151 151 151 151 151 151 151 151 151 150 150 150 150 150 150 150 150 150 150 150 152 153 153 153 153 153 153 154 154 154 154 154 154 154 154 154 155 155 155 155 156 156 156 155 156 156 156 156 156 156 156 157 157 158 158 157 157 157 157 157 157 157 158 158 158 158 158 158 158 158 158 158 158 158 158 159 159 159 159 159 159 160 160 160 160 160 160 160 160 160 160 160 160 160 161 160 160 160 161 161 161 161 161 161 161 161 161 161 162 162 162 162 162 162 163 163 163 164 163 163 162 162 162 162 162 162 162 162 163 162 162 162 163 163 163 163 163 164 165 166 167 167 166 166 166 165 165 164 164 164 163 164 164 165 165 165 165 165 165 165 166 166 166 166 166 166 166 166 166 166 167 167 166 166 166 167 167 167 167 167 167 167 167 167 168 168 168 168 168 168 168 168 168 168 168 168 168 169 169 169 169 169 169 169 169 169 169 170 170 170 171 171 170 170 170 170 170 171 171 171 171 172 172 172 172 172 172 173 0 0 0 
0 0 0 0 0 0 0 0 0 0 0 0 0 0 0 0 0 0 0 0 0 0 0 0 0 0 0 0 0 0 0 0 0 0 0 0 0 0 0 0 0 0 0 0 0 0 0 0 0 0 0 0 0 0 0 0 0 0 0 0 0 0 0 0 0 0 0 0 0 0 0 0 0 0 0 0 0 0 0 0 0 0 0 0 0 0 0 0 0 0 0 0 0 0 0 0 0 0 0 0 0 0 0 0 0 0 0 0 0 0 0 0 0 0 0 0 0 0 0 0 0 0 135 135 136 136 136 136 136 136 136 137 137 137 138 138 138 138 139 139 139 139 138 138 138 139 139 139 139 139 139 139 139 139 140 140 140 140 140 140 141 141 141 141 140 141 141 140 140 140 141 141 141 141 141 141 142 142 142 142 142 142 142 142 142 142 141 141 141 141 142 142 141 141 142 142 142 142 142 142 141 142 142 143 143 143 142 142 142 143 143 143 144 144 144 144 144 145 145 145 145 145 146 146 145 146 146 146 146 146 146 146 145 145 145 145 145 145 146 146 146 147 146 146 147 147 147 147 147 148 148 148 149 149 149 149 150 150 151 151 151 151 151 150 150 150 150 151 151 152 151 151 151 151 151 152 151 152 152 152 151 151 151 150 150 150 150 150 151 150 150 151 153 153 154 154 153 153 153 154 154 154 155 155 155 155 155 155 154 155 155 155 156 156 156 156 156 156 156 156 156 156 156 157 157 158 158 157 157 157 157 157 157 157 158 158 158 158 158 158 158 158 158 158 158 159 159 159 159 159 159 159 159 160 160 160 160 160 160 160 160 160 160 160 160 160 161 161 161 161 161 161 161 161 161 161 161 161 162 162 162 162 162 162 162 162 163 163 163 163 163 163 163 163 162 162 162 162 162 162 162 163 163 163 163 163 163 163 163 164 165 165 166 167 167 166 166 166 165 165 165 164 164 164 164 165 165 165 165 165 165 165 166 166 166 166 166 166 166 166 166 166 167 167 167 166 166 167 167 167 167 167 167 167 167 168 168 168 168 168 168 168 168 168 168 168 168 168 169 169 169 169 169 169 169 169 169 169 169 169 169 170 170 171 171 171 171 171 170 171 171 171 172 172 172 172 172 172 172 173 0 0 0 
0 0 0 0 0 0 0 0 0 0 0 0 0 0 0 0 0 0 0 0 0 0 0 0 0 0 0 0 0 0 0 0 0 0 0 0 0 0 0 0 0 0 0 0 0 0 0 0 0 0 0 0 0 0 0 0 0 0 0 0 0 0 0 0 0 0 0 0 0 0 0 0 0 0 0 0 0 0 0 0 0 0 0 0 0 0 0 0 0 0 0 0 0 0 0 0 0 0 0 0 0 0 0 0 0 0 0 0 0 0 0 0 0 0 0 0 0 0 0 0 0 0 134 135 136 0 0 137 137 137 136 137 137 137 138 138 139 0 0 139 139 139 138 138 139 139 139 139 139 139 139 139 140 140 140 140 140 140 140 140 141 141 141 141 141 141 141 141 141 141 141 141 141 141 141 142 142 142 142 142 142 142 142 143 143 143 142 142 141 141 142 142 141 141 142 142 141 141 141 141 142 142 142 142 143 143 143 143 143 143 143 143 143 144 144 144 144 144 145 145 145 145 145 145 145 145 145 145 146 146 146 147 146 145 145 145 145 145 145 146 147 147 146 147 147 147 147 147 147 148 149 148 149 149 148 149 150 151 151 151 151 151 151 151 150 150 150 151 151 151 151 151 151 150 151 152 151 151 152 152 152 151 151 151 151 150 151 151 151 151 151 151 153 153 154 154 153 153 153 154 155 155 155 155 155 155 155 155 155 154 155 155 156 156 156 156 156 157 156 156 157 156 157 157 157 157 157 157 157 157 157 157 157 158 158 158 158 158 158 158 159 159 158 158 158 159 159 159 159 159 159 159 160 160 160 160 160 160 160 160 160 160 160 160 160 160 161 161 161 161 161 161 161 161 161 161 161 162 162 162 162 162 162 162 162 162 163 162 163 163 163 164 163 163 163 162 162 162 162 162 163 163 163 163 163 163 163 163 163 163 164 164 164 165 166 166 166 166 165 165 164 164 164 164 164 165 165 165 165 165 165 165 165 166 166 166 166 167 167 166 167 167 167 167 167 166 167 167 167 167 168 167 167 167 167 168 168 168 168 168 168 168 168 168 168 168 168 168 169 169 169 169 170 170 170 170 170 170 169 169 169 169 170 170 170 171 172 172 171 171 171 171 172 172 172 172 172 172 0 0 0 0 0 
0 0 0 0 0 0 0 0 0 0 0 0 0 0 0 0 0 0 0 0 0 0 0 0 0 0 0 0 0 0 0 0 0 0 0 0 0 0 0 0 0 0 0 0 0 0 0 0 0 0 0 0 0 0 0 0 0 0 0 0 0 0 0 0 0 0 0 0 0 0 0 0 0 0 0 0 0 0 0 0 0 0 0 0 0 0 0 0 0 0 0 0 0 0 0 0 0 0 0 0 0 0 0 0 0 0 0 0 0 0 0 0 0 0 0 0 0 0 0 0 0 0 135 0 0 0 0 0 0 0 136 137 137 137 138 0 0 0 0 139 139 139 139 139 139 139 139 139 139 139 140 140 140 140 140 140 140 140 141 141 141 141 141 141 141 141 141 141 141 141 141 141 141 141 141 141 141 142 142 142 142 142 142 143 143 143 142 142 141 141 142 143 141 141 142 141 141 141 142 141 142 142 142 142 142 143 143 143 143 143 144 143 143 144 144 144 145 144 145 146 146 146 146 145 145 146 146 145 145 145 146 147 146 146 146 146 145 145 146 146 146 146 146 146 146 147 147 148 148 148 148 148 148 148 149 149 150 150 150 151 151 151 151 151 150 150 150 151 151 151 151 151 151 151 151 151 151 151 152 152 151 151 150 150 150 151 151 151 151 151 151 151 153 153 154 154 154 154 153 154 154 155 155 155 155 155 155 155 155 155 155 155 155 156 156 156 156 156 157 156 157 157 157 157 157 157 157 157 157 157 158 158 158 158 158 158 158 158 158 159 159 159 159 159 159 159 159 159 159 159 159 159 160 160 160 160 160 160 160 160 160 160 160 160 161 161 161 161 161 161 161 161 161 161 161 161 162 162 162 162 162 162 162 162 162 162 162 162 163 163 163 163 163 163 163 163 163 163 163 162 163 163 163 163 163 163 163 163 164 164 163 163 164 164 165 166 166 166 165 165 165 165 165 165 165 165 165 165 165 165 166 166 166 166 166 166 166 167 167 166 167 167 167 167 167 167 167 167 168 168 168 168 167 167 167 168 168 168 168 168 168 168 168 168 168 168 168 169 169 169 169 169 170 170 170 170 170 170 169 169 169 169 169 170 170 170 171 171 172 172 171 171 172 172 172 172 172 0 0 0 0 0 0 
0 0 0 0 0 0 0 0 0 0 0 0 0 0 0 0 0 0 0 0 0 0 0 0 0 0 0 0 0 0 0 0 0 0 0 0 0 0 0 0 0 0 0 0 0 0 0 0 0 0 0 0 0 0 0 0 0 0 0 0 0 0 0 0 0 0 0 0 0 0 0 0 0 0 0 0 0 0 0 0 0 0 0 0 0 0 0 0 0 0 0 0 0 0 0 0 0 0 0 0 0 0 0 0 0 0 0 0 0 0 0 0 0 0 0 0 0 0 0 0 0 0 0 0 0 0 0 0 0 0 0 0 0 0 0 0 0 0 0 139 139 139 139 139 139 139 139 139 139 139 140 140 140 140 140 140 140 141 141 141 141 141 141 141 141 141 141 141 142 141 141 141 141 141 141 141 142 142 142 142 142 142 142 142 143 142 142 142 142 142 142 142 141 141 142 141 142 142 142 141 142 142 142 142 142 143 143 144 143 144 144 144 144 144 144 144 145 145 145 145 145 145 145 145 146 146 146 146 145 145 145 146 146 146 146 146 146 146 146 146 146 147 146 146 146 147 147 148 148 148 148 148 148 149 150 150 150 150 150 151 150 151 151 151 150 150 150 151 151 151 151 151 152 152 151 151 151 151 152 152 152 151 151 151 151 151 152 151 151 152 151 151 153 153 154 154 154 154 154 154 154 154 154 155 155 155 155 156 156 156 155 155 155 155 155 156 156 156 156 156 157 157 157 157 157 157 157 157 157 158 158 158 158 158 158 158 158 158 158 159 159 159 159 159 159 159 159 159 159 159 159 159 159 160 160 160 160 160 160 160 160 160 161 161 161 161 161 161 161 161 161 161 161 161 161 161 162 162 162 162 162 162 162 162 162 162 162 163 163 163 163 163 162 163 163 163 163 164 163 163 163 163 163 163 163 163 163 163 163 164 164 164 164 164 164 164 165 165 165 165 165 165 165 165 165 165 165 165 165 165 166 166 166 166 166 166 166 167 167 167 167 167 167 167 167 167 167 167 167 168 168 168 168 167 167 168 168 168 168 168 168 168 168 168 169 169 169 169 169 169 170 170 170 170 170 170 170 170 170 170 170 170 170 170 170 170 170 170 171 171 172 171 172 172 0 0 0 0 0 0 0 0 0 
0 0 0 0 0 0 0 0 0 0 0 0 0 0 0 0 0 0 0 0 0 0 0 0 0 0 0 0 0 0 0 0 0 0 0 0 0 0 0 0 0 0 0 0 0 0 0 0 0 0 0 0 0 0 0 0 0 0 0 0 0 0 0 0 0 0 0 0 0 0 0 0 0 0 0 0 0 0 0 0 0 0 0 0 0 0 0 0 0 0 0 0 0 0 0 0 0 0 0 0 0 0 0 0 0 0 0 0 0 0 0 0 0 0 0 0 0 0 0 0 0 0 0 0 0 0 0 0 0 0 0 0 0 0 0 0 0 0 0 0 139 139 138 138 139 139 139 139 139 139 140 140 140 140 140 140 140 140 141 141 141 141 141 141 141 141 141 141 142 142 141 141 141 142 142 142 142 142 142 142 142 142 142 142 142 142 142 142 143 143 142 142 142 142 142 142 142 142 142 141 142 143 143 143 143 143 143 143 143 143 144 144 144 144 145 145 145 146 146 146 146 146 146 146 146 146 146 146 146 146 146 145 146 146 146 146 146 146 146 146 147 147 146 146 146 146 147 147 147 148 149 149 149 150 150 150 150 150 150 150 151 151 152 151 150 150 150 150 150 150 151 151 152 152 152 152 151 151 152 152 151 151 151 151 150 151 151 151 151 152 151 151 153 153 154 155 154 154 154 154 154 155 155 155 155 156 156 156 156 156 155 156 155 155 155 156 156 156 156 156 157 157 157 157 157 157 157 157 157 158 158 158 158 158 158 158 158 158 158 158 159 159 159 159 159 159 159 159 159 159 159 160 160 160 160 160 160 160 160 160 160 161 161 161 161 161 161 161 161 161 161 161 162 162 161 162 162 162 162 162 162 162 162 162 162 162 163 163 163 163 163 163 162 163 163 163 163 163 164 164 163 163 163 163 163 163 163 163 163 163 164 164 164 164 164 164 165 165 165 165 166 165 165 165 165 165 165 165 165 165 165 166 166 166 166 166 167 167 167 167 167 167 167 167 167 167 167 167 167 167 168 168 168 168 168 168 168 168 168 168 168 168 168 168 168 169 169 169 169 169 170 170 170 170 170 170 170 170 170 170 170 170 170 170 170 170 170 170 170 171 171 172 0 0 0 0 0 0 0 0 0 0 0 
0 0 0 0 0 0 0 0 0 0 0 0 0 0 0 0 0 0 0 0 0 0 0 0 0 0 0 0 0 0 0 0 0 0 0 0 0 0 0 0 0 0 0 0 0 0 0 0 0 0 0 0 0 0 0 0 0 0 0 0 0 0 0 0 0 0 0 0 0 0 0 0 0 0 0 0 0 0 0 0 0 0 0 0 0 0 0 0 0 0 0 0 0 0 0 0 0 0 0 0 0 0 0 0 0 0 0 0 0 0 0 0 0 0 0 0 0 0 0 0 0 0 0 0 0 0 0 0 0 0 0 0 0 0 0 0 0 0 0 0 139 139 139 139 139 139 139 139 139 139 139 140 140 140 140 140 140 141 141 141 141 141 141 141 141 141 141 141 141 142 142 142 142 142 142 142 142 143 143 142 143 143 142 142 142 142 142 143 143 142 142 142 142 143 143 142 142 142 142 142 142 143 143 143 144 143 143 143 144 144 144 144 145 144 145 145 146 146 146 146 147 147 146 146 146 146 146 146 146 146 146 146 146 146 146 146 147 146 146 146 147 147 146 146 147 147 147 148 149 149 149 149 149 150 150 150 150 150 150 150 151 152 152 151 151 150 150 151 151 151 150 150 151 152 151 152 151 151 152 152 152 151 151 151 151 151 151 151 151 151 152 152 154 154 154 154 154 154 154 154 154 155 155 155 156 156 156 156 156 157 156 156 156 156 156 156 156 156 156 156 156 156 157 157 157 157 157 157 158 158 158 158 158 158 158 158 158 158 158 158 159 159 158 159 159 159 159 159 159 159 159 160 160 160 160 160 160 160 160 160 160 161 161 161 161 161 161 161 161 161 161 162 162 162 162 162 162 162 162 162 162 162 163 163 163 163 163 163 163 163 163 163 163 163 163 163 163 164 164 164 163 163 163 163 163 163 163 163 164 164 164 164 164 164 164 165 165 164 165 165 165 166 166 166 166 165 165 166 165 165 165 166 166 166 166 166 167 167 167 167 167 167 168 168 168 168 167 167 167 167 168 168 168 168 168 168 168 168 168 168 168 168 169 169 169 169 169 169 169 169 169 170 170 170 170 170 170 170 170 170 170 170 170 170 170 170 170 170 170 171 171 171 0 0 0 0 0 0 0 0 0 0 0 
0 0 0 0 0 0 0 0 0 0 0 0 0 0 0 0 0 0 0 0 0 0 0 0 0 0 0 0 0 0 0 0 0 0 0 0 0 0 0 0 0 0 0 0 0 0 0 0 0 0 0 0 0 0 0 0 0 0 0 0 0 0 0 0 0 0 0 0 0 0 0 0 0 0 0 0 0 0 0 0 0 0 0 0 0 0 0 0 0 0 0 0 0 0 0 0 0 0 0 0 0 0 0 0 0 0 0 0 0 0 0 0 0 0 0 0 0 0 0 0 0 0 0 0 0 0 0 0 0 0 0 0 0 0 0 0 0 0 0 0 0 140 139 139 139 139 139 139 139 140 139 140 140 140 140 140 140 141 141 141 141 141 141 142 142 141 141 141 141 141 142 142 142 142 142 142 142 142 143 143 143 143 143 143 143 143 142 143 142 142 142 142 142 142 143 142 142 142 143 142 142 142 143 143 143 144 144 144 144 145 145 145 145 145 145 146 146 146 146 146 146 147 147 147 146 146 147 147 147 146 146 146 146 146 146 147 147 146 146 147 147 147 146 146 147 147 148 148 148 148 149 149 150 150 150 150 150 150 150 151 151 151 151 152 151 151 151 151 151 151 151 151 151 151 151 152 151 152 152 152 152 152 151 151 151 152 152 151 151 151 151 151 154 154 155 154 154 154 155 154 154 155 155 155 156 156 156 156 156 157 157 157 157 157 156 157 157 157 157 157 156 157 157 157 157 157 157 157 157 158 158 158 158 158 158 158 158 158 159 159 159 159 158 159 159 159 159 159 159 160 160 160 160 160 160 160 160 160 160 160 161 161 161 161 161 161 161 161 161 161 161 161 161 161 162 162 162 162 162 162 162 162 162 163 163 163 163 163 163 163 163 163 163 163 163 163 163 164 164 164 164 163 163 163 163 163 163 163 164 164 164 164 164 165 165 165 164 164 164 165 165 165 166 166 166 166 165 166 165 165 165 166 166 166 166 166 166 167 167 168 168 168 168 168 168 168 168 168 167 167 167 168 169 168 168 168 168 168 168 168 168 169 169 169 169 169 169 169 169 169 169 170 170 170 170 170 170 171 171 171 170 170 170 171 171 171 171 171 171 171 171 0 0 0 0 0 0 0 0 0 0 0 0 
0 0 0 0 0 0 0 0 0 0 0 0 0 0 0 0 0 0 0 0 0 0 0 0 0 0 0 0 0 0 0 0 0 0 0 0 0 0 0 0 0 0 0 0 0 0 0 0 0 0 0 0 0 0 0 0 0 0 0 0 0 0 0 0 0 0 0 0 0 0 0 0 0 0 0 0 0 0 0 0 0 0 0 0 0 0 0 0 0 0 0 0 0 0 0 0 0 0 0 0 0 0 0 0 0 0 0 0 0 0 0 0 0 0 0 0 0 0 0 0 0 0 0 0 0 0 0 0 0 0 0 0 0 0 0 0 0 0 0 0 0 140 139 139 139 139 139 140 139 139 140 140 140 140 140 140 140 141 141 141 141 141 141 141 142 141 141 142 142 141 141 142 142 142 142 142 142 142 143 143 143 143 143 143 143 143 142 142 142 142 143 143 143 143 142 142 142 142 142 142 142 143 143 144 144 144 144 144 145 145 145 145 146 146 146 145 146 146 146 147 147 147 147 146 147 146 146 146 147 147 146 146 146 146 146 146 146 146 146 146 147 147 146 146 147 147 148 148 148 148 149 150 149 150 150 150 150 150 150 151 150 150 151 151 152 151 152 151 150 151 151 151 151 151 151 151 152 152 152 152 152 152 152 151 151 152 152 152 152 151 151 151 154 154 155 155 154 155 155 155 154 155 155 155 155 155 156 156 156 156 156 157 157 157 157 157 158 158 157 157 157 157 157 157 158 157 157 157 158 158 158 158 158 158 158 158 158 158 159 159 159 159 159 159 159 159 159 159 160 160 160 160 160 160 160 160 160 160 160 160 161 161 161 161 161 161 161 161 162 162 161 161 161 162 162 162 162 162 162 162 162 163 163 163 163 163 163 163 163 163 163 163 163 163 163 163 163 164 164 164 164 164 163 163 163 163 163 163 164 164 164 164 165 165 165 164 164 164 164 165 165 165 165 165 166 166 166 166 165 165 166 166 166 166 166 166 166 166 167 167 167 168 168 168 168 168 168 168 168 167 167 168 169 169 168 168 168 168 168 168 169 169 169 169 169 169 169 169 169 169 169 169 170 170 170 170 170 170 171 170 170 170 171 171 171 171 171 171 171 171 171 0 0 0 0 0 0 0 0 0 0 0 0 
0 0 0 0 0 0 0 0 0 0 0 0 0 0 0 0 0 0 0 0 0 0 0 0 0 0 0 0 0 0 0 0 0 0 0 0 0 0 0 0 0 0 0 0 0 0 0 0 0 0 0 0 0 0 0 0 0 0 0 0 0 0 0 0 0 0 0 0 0 0 0 0 0 0 0 0 0 0 0 0 0 0 0 0 0 0 0 0 0 0 0 0 0 0 0 0 0 0 0 0 0 0 0 0 0 0 0 0 0 0 0 0 0 0 0 0 0 0 0 0 0 0 0 0 0 0 0 0 0 0 0 0 0 0 0 0 0 0 0 0 0 0 0 140 140 139 139 140 139 140 140 140 140 140 140 140 140 141 141 141 141 141 141 142 142 142 142 142 141 141 141 141 141 141 142 142 142 142 142 143 143 143 143 143 143 142 142 142 142 142 143 143 143 142 142 142 142 142 142 142 143 144 144 144 144 144 144 145 145 144 145 145 145 145 145 146 146 146 146 146 147 146 147 147 147 147 147 146 146 146 146 146 146 146 146 146 146 146 146 146 146 147 146 147 148 147 147 147 147 148 149 149 149 150 150 150 150 150 151 151 150 151 152 152 151 152 151 151 150 151 151 151 152 152 152 152 151 152 152 152 152 152 152 152 152 152 152 153 152 152 152 151 154 155 155 155 155 155 155 154 154 155 155 155 155 155 155 156 155 156 156 156 157 157 157 157 158 158 158 157 157 157 157 158 158 157 157 158 158 157 157 157 158 158 158 158 158 158 159 159 159 159 159 159 159 159 159 159 159 160 160 160 160 160 160 160 160 160 160 160 161 161 161 161 161 161 162 162 162 162 162 161 161 162 162 162 162 163 163 163 163 163 163 163 163 163 163 163 163 163 163 163 163 163 163 163 164 164 164 164 164 164 164 164 164 164 163 163 164 164 164 164 164 164 164 164 164 165 165 165 165 165 165 165 165 166 166 166 166 166 166 166 166 166 166 166 166 166 167 167 167 168 168 169 169 169 169 169 168 168 168 168 168 169 169 169 168 168 168 168 169 168 169 169 169 169 169 169 169 169 169 169 170 170 170 170 170 170 170 170 170 170 171 171 171 171 171 171 171 171 0 0 0 0 0 0 0 0 0 0 0 0 0 
0 0 0 0 0 0 0 0 0 0 0 0 0 0 0 0 0 0 0 0 0 0 0 0 0 0 0 0 0 0 0 0 0 0 0 0 0 0 0 0 0 0 0 0 0 0 0 0 0 0 0 0 0 0 0 0 0 0 0 0 0 0 0 0 0 0 0 0 0 0 0 0 0 0 0 0 0 0 0 0 0 0 0 0 0 0 0 0 0 0 0 0 0 0 0 0 0 0 0 0 0 0 0 0 0 0 0 0 0 0 0 0 0 0 0 0 0 0 0 0 0 0 0 0 0 0 0 0 0 0 0 0 0 0 0 0 0 0 0 0 0 0 0 0 140 140 139 140 140 140 140 140 140 141 140 140 140 141 141 141 141 141 141 142 142 142 142 141 141 141 141 142 142 142 142 142 143 142 142 143 143 143 143 143 143 143 143 143 142 142 142 143 143 142 142 142 142 142 142 142 142 143 143 144 143 144 144 144 144 144 145 145 145 145 145 146 146 147 147 146 146 146 146 146 147 147 147 147 147 147 146 146 146 147 146 146 146 146 146 146 146 147 146 146 147 147 147 148 148 148 148 148 149 150 150 150 150 150 151 150 150 151 151 152 152 152 151 151 151 151 151 151 151 152 152 152 151 151 152 152 152 152 152 152 152 152 152 153 153 153 152 152 155 155 155 155 155 155 155 154 155 156 155 155 155 155 155 155 156 156 156 156 156 156 157 157 157 157 158 158 158 158 157 157 157 157 157 158 157 157 158 158 158 158 158 158 158 158 159 159 159 159 159 159 159 159 159 159 159 160 160 160 160 160 160 160 160 160 160 160 161 161 161 161 161 161 161 162 162 162 162 162 162 162 162 162 163 163 163 163 163 163 163 163 163 163 163 163 163 163 163 164 163 163 163 164 164 164 164 164 164 164 165 165 164 164 163 164 164 164 164 164 164 164 164 165 164 165 165 165 165 165 165 165 165 165 166 166 166 166 166 166 166 166 166 167 167 167 167 167 167 167 168 169 169 168 168 168 168 169 169 168 168 169 169 169 169 168 168 168 169 169 169 169 169 169 169 169 169 169 170 170 170 170 170 170 170 170 170 170 170 170 171 171 171 171 171 171 172 172 0 0 0 0 0 0 0 0 0 0 0 0 0 
0 0 0 0 0 0 0 0 0 0 0 0 0 0 0 0 0 0 0 0 0 0 0 0 0 0 0 0 0 0 0 0 0 0 0 0 0 0 0 0 0 0 0 0 0 0 0 0 0 0 0 0 0 0 0 0 0 0 0 0 0 0 0 0 0 0 0 0 0 0 0 0 0 0 0 0 0 0 0 0 0 0 0 0 0 0 0 0 0 0 0 0 0 0 0 0 0 0 0 0 0 0 0 0 0 0 0 0 0 0 0 0 0 0 0 0 0 0 0 0 0 0 0 0 0 0 0 0 0 0 0 0 0 0 0 0 0 0 0 0 0 0 0 0 0 0 0 140 140 140 141 141 141 141 141 141 141 141 141 141 141 141 141 142 142 142 142 142 141 141 142 142 142 142 142 142 143 143 143 142 143 143 143 143 143 143 143 143 143 143 143 143 143 143 143 143 143 142 142 143 143 143 143 143 144 144 144 144 145 145 145 145 145 145 146 146 146 147 147 146 146 146 146 146 146 146 146 147 147 147 147 147 147 147 147 147 147 147 146 146 146 146 146 146 147 147 148 148 147 147 148 149 150 150 149 151 151 150 150 151 150 151 151 152 152 152 152 152 152 151 151 151 151 151 151 152 151 151 152 152 152 152 152 152 153 153 153 153 153 153 153 153 155 155 155 155 154 154 154 154 155 155 156 155 156 156 156 156 156 156 157 157 157 157 157 157 157 157 158 158 158 157 157 158 158 158 158 158 158 158 158 158 158 158 158 158 158 159 159 159 159 159 159 159 159 159 159 159 159 160 160 160 160 160 160 160 160 160 160 161 161 161 161 161 161 161 161 162 162 162 162 162 162 162 162 162 163 163 163 163 163 163 163 163 163 163 163 163 163 164 164 164 163 163 164 164 164 164 164 164 164 164 165 165 165 164 164 164 164 164 164 164 164 164 164 165 164 165 165 165 165 165 165 165 165 165 165 165 165 166 166 166 166 167 167 167 167 167 167 167 168 169 168 169 169 169 168 169 169 169 169 169 168 168 169 169 169 169 169 169 169 169 169 169 169 169 169 169 169 169 170 170 170 170 169 169 169 169 170 170 170 170 170 171 171 171 171 171 0 0 0 0 0 0 0 0 0 0 0 0 0 0 0 
0 0 0 0 0 0 0 0 0 0 0 0 0 0 0 0 0 0 0 0 0 0 0 0 0 0 0 0 0 0 0 0 0 0 0 0 0 0 0 0 0 0 0 0 0 0 0 0 0 0 0 0 0 0 0 0 0 0 0 0 0 0 0 0 0 0 0 0 0 0 0 0 0 0 0 0 0 0 0 0 0 0 0 0 0 0 0 0 0 0 0 0 0 0 0 0 0 0 0 0 0 0 0 0 0 0 0 0 0 0 0 0 0 0 0 0 0 0 0 0 0 0 0 0 0 0 0 0 0 0 0 0 0 0 0 0 0 0 0 0 0 0 0 0 0 0 0 0 140 140 141 141 141 141 141 141 141 141 141 141 141 141 141 142 142 142 142 142 142 142 142 142 142 142 143 142 142 142 143 143 142 143 143 143 143 143 143 143 143 143 143 144 143 143 143 143 143 142 142 143 144 143 144 145 145 144 144 144 145 145 146 146 146 146 146 146 147 147 147 146 146 146 146 146 146 146 146 146 147 147 147 147 147 147 147 147 146 147 146 147 147 146 146 147 148 148 148 147 148 148 148 148 149 149 150 150 150 150 151 151 151 151 152 152 153 152 151 152 152 152 151 151 151 151 151 151 152 152 152 152 152 153 152 152 153 153 153 153 154 153 153 153 155 155 155 155 155 155 155 154 155 155 156 156 156 156 157 156 156 157 157 157 157 157 157 157 158 158 158 158 158 158 158 159 159 158 158 158 158 158 158 158 158 158 158 158 159 159 159 159 159 159 159 159 159 159 159 159 159 160 160 160 160 160 160 160 160 160 161 161 161 161 161 161 161 162 162 162 162 162 162 162 162 162 162 163 163 163 163 163 163 163 163 163 163 163 163 163 163 163 164 164 163 164 164 164 164 163 163 163 164 164 165 165 164 164 164 163 164 165 164 164 164 164 164 164 164 165 165 165 165 165 164 164 165 165 165 165 165 166 167 167 167 167 167 167 167 167 167 167 167 168 168 169 169 169 169 169 169 169 170 169 169 168 168 169 169 169 169 169 169 169 169 170 169 169 169 169 169 169 169 169 169 170 169 169 169 169 169 170 170 170 170 170 171 0 0 0 0 0 0 0 0 0 0 0 0 0 0 0 0 0 0 
0 0 0 0 0 0 0 0 0 0 0 0 0 0 0 0 0 0 0 0 0 0 0 0 0 0 0 0 0 0 0 0 0 0 0 0 0 0 0 0 0 0 0 0 0 0 0 0 0 0 0 0 0 0 0 0 0 0 0 0 0 0 0 0 0 0 0 0 0 0 0 0 0 0 0 0 0 0 0 0 0 0 0 0 0 0 0 0 0 0 0 0 0 0 0 0 0 0 0 0 0 0 0 0 0 0 0 0 0 0 0 0 0 0 0 0 0 0 0 0 0 0 0 0 0 0 0 0 0 0 0 0 0 0 0 0 0 0 0 0 0 0 0 0 0 0 0 0 140 140 141 141 141 141 141 141 141 141 141 141 141 141 142 142 142 142 142 143 142 142 142 142 142 142 142 142 143 142 142 142 142 143 143 143 143 144 144 144 144 144 143 144 143 143 143 143 143 143 143 144 144 144 144 145 145 145 145 145 145 146 147 146 146 146 146 146 146 146 146 146 147 147 146 147 147 146 146 146 146 146 147 147 147 147 147 147 147 147 146 147 147 147 147 148 148 147 147 148 148 149 149 149 149 150 150 149 149 150 150 150 151 151 151 152 152 152 152 151 152 152 151 151 151 151 151 151 152 152 152 152 152 153 153 153 153 153 153 153 153 154 154 154 156 155 155 155 155 155 155 154 155 155 155 156 156 156 156 157 157 157 157 157 158 158 157 157 157 158 158 159 159 159 159 159 159 159 158 158 158 158 158 158 158 159 159 159 159 159 159 159 159 159 159 159 159 159 159 159 160 160 160 160 160 160 160 160 160 161 161 161 161 161 161 161 161 162 162 162 162 162 162 162 162 162 163 163 163 163 163 163 163 163 163 163 163 163 163 163 163 163 164 164 163 163 163 163 164 163 163 164 164 164 164 165 164 164 165 164 164 164 165 165 164 164 164 164 164 164 165 165 164 164 165 165 165 166 165 166 166 166 166 166 167 167 167 167 167 167 167 167 168 168 168 169 169 170 170 170 169 169 170 170 169 168 168 168 169 169 169 169 168 169 169 170 170 170 169 169 169 169 169 169 169 169 169 169 169 169 169 169 169 170 170 170 171 0 0 0 0 0 0 0 0 0 0 0 0 0 0 0 0 0 0 
0 0 0 0 0 0 0 0 0 0 0 0 0 0 0 0 0 0 0 0 0 0 0 0 0 0 0 0 0 0 0 0 0 0 0 0 0 0 0 0 0 0 0 0 0 0 0 0 0 0 0 0 0 0 0 0 0 0 0 0 0 0 0 0 0 0 0 0 0 0 0 0 0 0 0 0 0 0 0 0 0 0 0 0 0 0 0 0 0 0 0 0 0 0 0 0 0 0 0 0 0 0 0 0 0 0 0 0 0 0 0 0 0 0 0 0 0 0 0 0 0 0 0 0 0 0 0 0 0 0 0 0 0 0 0 0 0 0 0 0 0 0 0 0 0 0 0 0 0 141 141 141 141 141 141 141 141 141 141 141 141 142 142 142 141 142 142 143 142 142 142 142 142 142 142 142 142 142 143 143 143 143 143 143 143 143 144 144 144 144 143 143 142 142 143 143 144 144 144 144 144 144 144 145 145 145 145 145 145 145 146 146 146 145 146 146 146 146 146 145 146 146 147 147 147 147 147 147 146 146 146 147 148 147 147 147 147 146 146 147 147 148 147 147 147 147 147 148 148 149 149 150 149 149 149 149 150 150 150 151 151 151 151 152 153 153 152 152 152 153 152 152 151 151 151 151 151 152 152 152 152 153 153 153 153 153 153 153 153 154 154 153 156 155 156 156 155 155 155 155 155 155 156 156 156 156 156 156 156 157 157 157 157 158 158 158 158 158 158 159 159 160 159 159 159 159 158 158 158 158 158 159 159 159 159 159 159 159 159 160 159 159 159 159 159 159 159 160 160 160 160 160 160 160 160 160 160 161 161 161 161 161 162 162 162 162 162 162 162 162 162 162 162 162 163 163 163 163 163 163 163 163 163 163 163 163 163 164 164 164 164 164 163 163 163 163 163 163 164 164 164 164 164 164 164 164 165 165 164 164 165 165 165 165 164 164 164 164 165 164 165 165 166 165 166 166 165 166 167 167 166 166 166 167 167 167 167 167 167 167 167 168 169 169 169 169 169 169 169 169 170 170 169 169 168 168 168 168 168 168 168 169 170 170 170 170 169 169 169 169 169 169 169 169 170 170 170 170 169 169 169 169 170 170 0 0 0 0 0 0 0 0 0 0 0 0 0 0 0 0 0 0 0 
0 0 0 0 0 0 0 0 0 0 0 0 0 0 0 0 0 0 0 0 0 0 0 0 0 0 0 0 0 0 0 0 0 0 0 0 0 0 0 0 0 0 0 0 0 0 0 0 0 0 0 0 0 0 0 0 0 0 0 0 0 0 0 0 0 0 0 0 0 0 0 0 0 0 0 0 0 0 0 0 0 0 0 0 0 0 0 0 0 0 0 0 0 0 0 0 0 0 0 0 0 0 0 0 0 0 0 0 0 0 0 0 0 0 0 0 0 0 0 0 0 0 0 0 0 0 0 0 0 0 0 0 0 0 0 0 0 0 0 0 0 0 0 0 0 0 0 0 0 141 141 141 142 142 142 142 141 141 141 142 142 142 142 142 142 141 142 142 142 142 142 142 142 142 142 142 143 142 143 143 143 143 143 143 143 143 143 144 144 144 144 145 144 143 142 143 144 144 144 144 144 144 144 145 145 144 145 145 145 145 145 145 145 145 146 146 146 146 146 146 145 146 147 147 147 147 148 148 147 146 146 146 147 147 147 147 147 147 147 147 147 148 147 147 147 148 147 147 148 148 149 149 150 150 149 150 150 150 150 150 151 151 151 152 152 152 152 152 152 152 153 152 151 151 151 151 152 152 152 152 152 153 153 153 153 153 153 153 154 154 154 154 156 156 156 156 155 155 155 155 155 156 156 156 156 156 156 156 157 157 157 157 157 157 158 159 159 159 158 159 159 159 159 159 159 159 159 158 158 158 159 159 159 159 159 159 160 160 160 160 160 159 159 159 159 159 159 160 160 160 160 160 160 160 160 160 161 161 161 161 161 162 162 162 162 162 162 162 162 162 162 162 162 162 162 163 163 163 163 163 163 163 163 164 164 163 163 164 164 164 164 164 163 163 163 163 163 163 164 164 164 164 164 164 164 164 164 165 164 164 165 165 165 165 164 164 165 165 165 165 165 165 166 166 166 166 166 166 167 167 166 166 166 166 167 167 167 167 168 168 168 168 168 169 170 169 169 169 169 169 169 170 170 169 169 168 168 168 168 169 169 169 169 170 170 170 170 170 169 170 170 170 170 169 169 170 170 170 170 170 170 170 0 0 0 0 0 0 0 0 0 0 0 0 0 0 0 0 0 0 0 0 0 
0 0 0 0 0 0 0 0 0 0 0 0 0 0 0 0 0 0 0 0 0 0 0 0 0 0 0 0 0 0 0 0 0 0 0 0 0 0 0 0 0 0 0 0 0 0 0 0 0 0 0 0 0 0 0 0 0 0 0 0 0 0 0 0 0 0 0 0 0 0 0 0 0 0 0 0 0 0 0 0 0 0 0 0 0 0 0 0 0 0 0 0 0 0 0 0 0 0 0 0 0 0 0 0 0 0 0 0 0 0 0 0 0 0 0 0 0 0 0 0 0 0 0 0 0 0 0 0 0 0 0 0 0 0 0 0 0 0 0 0 0 0 0 0 0 0 0 0 0 0 0 0 142 142 142 142 141 141 141 142 0 141 141 141 141 141 141 142 142 142 142 142 143 142 142 143 143 143 143 143 143 143 143 143 143 143 144 144 144 144 145 145 144 143 142 142 143 144 144 143 144 144 144 144 144 144 145 145 146 146 146 145 145 145 146 146 146 146 147 146 146 146 147 147 147 148 148 148 148 147 147 146 146 147 147 147 147 148 148 148 147 147 147 147 148 148 149 148 149 148 149 149 150 150 150 150 150 150 151 152 151 152 152 152 152 152 152 152 152 152 153 152 152 151 151 152 152 152 152 152 152 153 153 153 153 153 153 153 153 154 154 154 156 156 156 155 155 155 155 155 155 155 155 155 156 156 156 156 157 156 157 157 157 158 158 159 159 159 158 158 158 159 159 159 159 159 159 159 158 158 159 159 159 159 159 159 159 160 160 159 160 160 159 159 159 160 160 160 160 160 160 160 160 160 161 161 161 161 161 161 161 161 162 162 162 162 162 162 162 162 162 162 162 163 163 163 163 163 163 163 163 163 164 164 164 164 164 164 164 164 164 164 163 163 163 163 164 164 164 164 164 164 164 164 164 164 164 164 164 164 165 165 165 165 164 165 166 165 165 166 165 165 166 166 167 167 166 167 167 167 167 167 167 167 167 167 167 167 167 168 168 168 168 168 169 169 170 169 169 169 169 170 171 170 169 169 168 168 168 169 170 170 170 170 171 170 170 170 170 170 170 170 170 170 170 169 170 170 0 0 0 0 0 0 0 0 0 0 0 0 0 0 0 0 0 0 0 0 0 0 0 0 0 
0 0 0 0 0 0 0 0 0 0 0 0 0 0 0 0 0 0 0 0 0 0 0 0 0 0 0 0 0 0 0 0 0 0 0 0 0 0 0 0 0 0 0 0 0 0 0 0 0 0 0 0 0 0 0 0 0 0 0 0 0 0 0 0 0 0 0 0 0 0 0 0 0 0 0 0 0 0 0 0 0 0 0 0 0 0 0 0 0 0 0 0 0 0 0 0 0 0 0 0 0 0 0 0 0 0 0 0 0 0 0 0 0 0 0 0 0 0 0 0 0 0 0 0 0 0 0 0 0 0 0 0 0 0 0 0 0 0 0 0 0 0 0 0 0 0 0 0 0 0 0 0 0 142 142 142 141 142 0 0 0 141 141 141 141 141 141 141 142 142 142 142 142 142 142 143 143 143 143 143 143 143 143 144 143 143 143 144 144 145 145 145 144 143 143 143 143 144 144 143 143 143 143 144 144 145 145 145 146 146 145 145 145 145 146 146 146 146 147 147 146 146 146 147 147 147 148 148 147 148 148 147 146 146 147 147 147 147 147 148 147 148 147 148 148 148 149 149 149 149 149 149 150 150 150 150 151 150 151 151 152 152 152 153 153 152 152 152 152 152 152 153 152 152 152 152 152 152 152 152 152 153 153 153 153 153 153 153 153 154 154 154 156 156 156 156 156 155 155 156 156 156 156 156 156 156 156 156 156 157 157 158 158 158 158 159 159 159 158 158 158 158 158 159 159 159 159 159 158 158 158 159 159 159 159 160 159 159 159 159 160 160 159 160 160 160 160 160 160 160 160 161 161 161 161 161 161 161 161 161 161 161 162 162 162 162 162 162 162 162 162 162 163 163 163 163 163 163 163 163 163 163 164 164 164 164 164 164 164 164 164 164 163 164 164 164 164 164 164 164 164 164 164 164 164 164 164 164 164 164 164 164 164 164 165 165 166 166 166 166 166 166 166 166 167 167 167 167 168 168 167 167 167 167 167 167 167 167 168 168 168 168 168 168 169 169 170 170 169 169 169 169 171 171 170 170 169 169 168 169 169 169 170 170 170 171 171 171 170 170 170 171 171 171 170 170 0 0 0 0 0 0 0 0 0 0 0 0 0 0 0 0 0 0 0 0 0 0 0 0 0 0 0 
0 0 0 0 0 0 0 0 0 0 0 0 0 0 0 0 0 0 0 0 0 0 0 0 0 0 0 0 0 0 0 0 0 0 0 0 0 0 0 0 0 0 0 0 0 0 0 0 0 0 0 0 0 0 0 0 0 0 0 0 0 0 0 0 0 0 0 0 0 0 0 0 0 0 0 0 0 0 0 0 0 0 0 0 0 0 0 0 0 0 0 0 0 0 0 0 0 0 0 0 0 0 0 0 0 0 0 0 0 0 0 0 0 0 0 0 0 0 0 0 0 0 0 0 0 0 0 0 0 0 0 0 0 0 0 0 0 0 0 0 0 0 0 0 0 0 0 0 0 0 0 0 0 0 0 142 142 142 0 0 0 0 0 142 142 142 141 142 142 142 142 142 143 143 143 143 143 143 143 143 143 143 144 143 143 144 144 144 144 145 145 145 144 144 143 142 142 143 143 143 143 144 144 144 144 144 144 145 146 145 145 145 145 146 145 146 146 146 147 147 146 146 147 147 147 147 147 148 148 147 147 147 147 147 147 147 147 147 147 147 147 148 147 148 148 148 149 149 149 149 149 149 149 150 150 151 151 151 151 151 151 151 152 152 152 152 152 152 153 152 152 152 152 152 152 152 152 152 153 153 153 153 153 153 153 153 153 153 153 154 154 154 156 156 156 156 156 156 156 156 156 156 156 156 156 157 156 156 157 157 157 158 158 158 158 158 159 159 159 158 158 158 158 158 158 159 159 159 159 159 159 159 159 159 159 159 160 160 160 160 160 160 160 160 160 160 160 160 160 160 160 161 161 161 161 161 161 161 161 161 162 162 162 162 162 162 162 162 162 162 162 163 163 163 163 163 163 163 163 163 163 163 164 164 164 164 164 164 164 164 164 164 164 164 164 164 164 164 164 164 164 164 164 164 164 165 165 164 164 164 164 165 165 164 164 164 165 165 165 165 166 166 166 166 167 167 167 167 167 168 168 168 168 167 168 167 167 167 167 168 168 168 168 168 168 169 169 170 170 169 169 169 170 170 170 169 168 169 169 169 169 169 169 169 170 171 171 171 171 171 171 171 171 171 171 170 0 0 0 0 0 0 0 0 0 0 0 0 0 0 0 0 0 0 0 0 0 0 0 0 0 0 0 
0 0 0 0 0 0 0 0 0 0 0 0 0 0 0 0 0 0 0 0 0 0 0 0 0 0 0 0 0 0 0 0 0 0 0 0 0 0 0 0 0 0 0 0 0 0 0 0 0 0 0 0 0 0 0 0 0 0 0 0 0 0 0 0 0 0 0 0 0 0 0 0 0 0 0 0 0 0 0 0 0 0 0 0 0 0 0 0 0 0 0 0 0 0 0 0 0 0 0 0 0 0 0 0 0 0 0 0 0 0 0 0 0 0 0 0 0 0 0 0 0 0 0 0 0 0 0 0 0 0 0 0 0 0 0 0 0 0 0 0 0 0 0 0 0 0 0 0 0 0 0 0 0 0 0 0 0 0 0 0 0 0 0 0 142 142 142 142 142 142 143 142 142 142 143 143 143 143 143 143 143 144 144 143 143 144 144 144 144 145 145 145 143 143 142 143 143 143 143 144 144 144 145 145 144 144 145 145 145 145 144 145 145 146 145 146 146 146 146 147 146 146 146 146 146 147 148 148 148 148 147 147 148 148 148 147 147 147 147 147 148 148 147 148 148 148 148 148 149 149 149 149 150 150 150 151 151 151 151 151 151 151 151 152 152 152 152 152 153 153 152 153 152 152 152 152 152 152 153 153 153 153 153 153 153 153 153 153 154 154 154 154 156 156 156 156 156 156 156 156 156 156 156 156 157 157 157 157 157 158 158 158 158 158 158 159 159 159 159 159 159 158 158 158 158 159 159 159 160 159 159 159 159 159 159 159 159 160 160 160 160 160 160 160 160 160 160 160 160 161 161 161 161 161 161 161 161 161 161 162 162 162 162 162 162 162 162 162 162 162 163 163 163 163 163 163 163 163 163 163 163 163 164 164 164 164 164 164 164 164 164 164 164 164 164 164 164 164 164 164 164 164 164 164 164 165 165 164 165 165 165 165 165 165 165 165 165 165 165 166 166 166 166 166 166 166 167 167 167 167 168 168 169 168 168 168 168 167 167 168 168 168 168 168 168 169 169 170 170 170 169 169 169 169 169 169 168 170 169 169 169 169 169 170 170 171 171 171 171 171 171 171 170 171 171 170 0 0 0 0 0 0 0 0 0 0 0 0 0 0 0 0 0 0 0 0 0 0 0 0 0 0 0 
0 0 0 0 0 0 0 0 0 0 0 0 0 0 0 0 0 0 0 0 0 0 0 0 0 0 0 0 0 0 0 0 0 0 0 0 0 0 0 0 0 0 0 0 0 0 0 0 0 0 0 0 0 0 0 0 0 0 0 0 0 0 0 0 0 0 0 0 0 0 0 0 0 0 0 0 0 0 0 0 0 0 0 0 0 0 0 0 0 0 0 0 0 0 0 0 0 0 0 0 0 0 0 0 0 0 0 0 0 0 0 0 0 0 0 0 0 0 0 0 0 0 0 0 0 0 0 0 0 0 0 0 0 0 0 0 0 0 0 0 0 0 0 0 0 0 0 0 0 0 0 0 0 0 0 0 0 0 0 0 0 0 0 0 0 0 0 0 143 143 143 143 143 143 143 143 143 143 143 143 143 144 144 143 144 144 144 144 144 145 145 145 143 144 144 145 145 143 143 144 144 145 145 144 145 145 145 145 145 145 145 145 145 145 145 146 146 146 146 146 146 146 147 147 147 147 147 147 148 147 148 147 147 148 148 148 148 147 147 148 148 148 147 147 147 147 148 149 149 150 150 150 150 150 150 151 151 151 151 151 151 152 152 152 152 152 153 152 152 152 152 153 152 152 152 152 152 152 153 153 153 153 153 153 153 153 154 154 154 154 154 154 156 156 157 156 156 156 156 156 156 157 157 157 157 158 157 157 157 158 158 158 158 159 159 159 158 159 159 159 159 158 159 159 159 159 159 159 160 160 159 159 159 159 160 160 160 160 160 160 160 160 160 160 160 160 160 160 161 161 161 161 161 161 161 161 161 161 162 162 162 162 162 162 162 162 162 162 162 163 163 163 163 163 163 163 163 163 163 163 163 163 164 164 164 164 164 164 164 164 164 164 164 164 164 164 164 164 164 164 164 164 165 165 165 165 165 165 165 165 165 165 165 165 166 166 166 165 165 166 166 166 166 167 166 166 166 166 167 167 167 168 168 169 169 169 168 168 168 168 169 169 169 169 169 169 169 169 170 170 170 170 169 169 169 168 169 170 171 170 169 170 169 169 170 170 171 171 171 171 171 171 171 170 171 171 0 0 0 0 0 0 0 0 0 0 0 0 0 0 0 0 0 0 0 0 0 0 0 0 0 0 0 
0 0 0 0 0 0 0 0 0 0 0 0 0 0 0 0 0 0 0 0 0 0 0 0 0 0 0 0 0 0 0 0 0 0 0 0 0 0 0 0 0 0 0 0 0 0 0 0 0 0 0 0 0 0 0 0 0 0 0 0 0 0 0 0 0 0 0 0 0 0 0 0 0 0 0 0 0 0 0 0 0 0 0 0 0 0 0 0 0 0 0 0 0 0 0 0 0 0 0 0 0 0 0 0 0 0 0 0 0 0 0 0 0 0 0 0 0 0 0 0 0 0 0 0 0 0 0 0 0 0 0 0 0 0 0 0 0 0 0 0 0 0 0 0 0 0 0 0 0 0 0 0 0 0 0 0 0 0 0 0 0 0 0 0 0 0 0 0 0 143 143 143 143 143 143 143 143 143 143 143 143 144 144 143 143 144 145 145 145 145 145 145 143 144 145 145 145 145 144 145 145 145 145 144 145 145 145 145 146 146 146 145 145 145 145 145 145 146 146 146 146 146 146 147 147 147 147 147 147 147 147 148 147 147 148 148 148 148 148 148 148 148 147 147 147 148 148 149 149 149 150 149 149 150 150 150 150 151 151 151 152 152 152 152 152 152 152 152 152 152 153 153 152 152 152 152 152 152 153 153 153 153 153 153 154 154 154 154 154 154 154 154 156 156 157 156 156 156 157 157 157 157 157 157 157 157 157 157 157 157 158 158 158 158 159 159 159 159 159 159 159 158 158 159 159 159 159 159 159 159 159 159 159 160 160 160 160 160 160 160 160 160 160 160 160 160 160 161 161 161 161 161 161 161 161 161 161 162 162 162 162 162 162 162 162 162 162 162 163 163 163 163 163 163 163 163 163 163 164 163 163 163 164 164 164 164 164 164 164 164 164 164 164 164 164 164 164 164 165 165 165 164 165 165 165 165 165 166 165 166 165 165 166 166 165 165 165 165 165 166 166 166 167 167 167 166 167 167 167 167 168 168 168 169 169 169 169 169 168 168 169 169 169 169 169 169 169 169 169 170 170 171 170 170 169 169 169 170 171 171 170 170 170 170 170 170 171 171 171 171 171 171 171 171 0 0 0 0 0 0 0 0 0 0 0 0 0 0 0 0 0 0 0 0 0 0 0 0 0 0 0 0 0 
0 0 0 0 0 0 0 0 0 0 0 0 0 0 0 0 0 0 0 0 0 0 0 0 0 0 0 0 0 0 0 0 0 0 0 0 0 0 0 0 0 0 0 0 0 0 0 0 0 0 0 0 0 0 0 0 0 0 0 0 0 0 0 0 0 0 0 0 0 0 0 0 0 0 0 0 0 0 0 0 0 0 0 0 0 0 0 0 0 0 0 0 0 0 0 0 0 0 0 0 0 0 0 0 0 0 0 0 0 0 0 0 0 0 0 0 0 0 0 0 0 0 0 0 0 0 0 0 0 0 0 0 0 0 0 0 0 0 0 0 0 0 0 0 0 0 0 0 0 0 0 0 0 0 0 0 0 0 0 0 0 0 0 0 0 0 0 0 0 0 0 0 0 144 143 143 143 143 143 143 143 144 144 144 144 144 144 145 144 144 144 145 143 144 145 145 145 146 145 145 145 146 145 145 145 145 145 145 145 146 146 146 146 145 145 145 145 145 146 146 146 146 146 146 146 147 147 147 147 147 147 147 148 148 147 148 147 148 148 148 148 148 147 147 148 148 148 148 148 149 149 149 149 150 150 150 150 151 152 152 151 152 152 151 152 152 152 152 152 152 152 153 152 152 152 152 152 152 153 153 153 153 153 153 154 154 154 154 154 154 154 154 156 157 157 156 156 157 157 157 157 158 158 158 157 158 157 157 157 158 158 158 158 158 158 158 158 159 159 159 159 158 158 159 159 159 159 159 160 160 159 159 159 160 160 160 160 160 160 160 160 160 160 160 160 160 161 161 161 161 161 161 161 161 161 161 162 162 162 162 162 162 162 162 162 162 163 163 163 163 163 163 163 163 163 163 163 163 164 164 164 164 164 164 164 164 164 164 164 164 164 164 164 164 164 164 164 165 165 165 165 165 165 165 166 165 165 166 166 166 165 166 166 166 166 166 166 166 165 166 166 166 166 166 166 166 166 167 167 168 167 168 168 168 169 169 169 169 169 169 169 170 169 169 170 169 169 169 170 169 170 170 170 170 170 169 169 169 169 170 171 170 171 170 170 171 172 171 171 171 171 171 171 171 171 0 0 0 0 0 0 0 0 0 0 0 0 0 0 0 0 0 0 0 0 0 0 0 0 0 0 0 0 
0 0 0 0 0 0 0 0 0 0 0 0 0 0 0 0 0 0 0 0 0 0 0 0 0 0 0 0 0 0 0 0 0 0 0 0 0 0 0 0 0 0 0 0 0 0 0 0 0 0 0 0 0 0 0 0 0 0 0 0 0 0 0 0 0 0 0 0 0 0 0 0 0 0 0 0 0 0 0 0 0 0 0 0 0 0 0 0 0 0 0 0 0 0 0 0 0 0 0 0 0 0 0 0 0 0 0 0 0 0 0 0 0 0 0 0 0 0 0 0 0 0 0 0 0 0 0 0 0 0 0 0 0 0 0 0 0 0 0 0 0 0 0 0 0 0 0 0 0 0 0 0 0 0 0 0 0 0 0 0 0 0 0 0 0 0 0 0 0 0 0 0 0 0 0 144 144 144 144 144 143 144 144 144 144 144 144 144 144 144 145 144 144 144 145 145 145 146 146 146 146 146 146 146 146 145 145 145 145 145 146 147 147 146 146 146 146 146 146 146 147 146 146 146 146 147 147 147 147 147 147 147 148 148 148 148 148 148 147 148 148 148 147 148 149 149 148 148 148 149 149 149 150 150 150 150 151 151 151 151 151 151 152 151 152 152 152 153 152 152 152 152 153 153 152 152 152 153 153 153 153 153 153 154 154 154 154 154 154 154 154 154 157 157 157 156 156 156 157 157 157 158 158 158 158 158 158 158 157 157 158 158 158 158 158 158 159 159 159 159 158 158 158 158 159 159 159 159 160 160 160 160 160 160 160 160 160 160 160 160 160 161 160 160 160 160 161 161 161 161 161 161 161 161 161 161 161 162 162 162 162 162 162 162 162 162 163 163 163 163 163 163 163 163 163 163 163 163 164 164 164 164 164 164 164 164 164 164 164 165 165 165 164 164 164 164 164 165 165 164 165 165 166 166 165 165 165 166 166 166 166 166 167 167 166 167 167 166 165 165 166 167 167 167 168 167 166 167 167 167 167 167 168 168 168 169 169 169 169 170 170 170 170 171 170 170 170 170 170 170 170 170 170 170 170 170 169 169 169 170 171 171 171 170 170 171 172 172 171 171 171 171 171 171 171 0 0 0 0 0 0 0 0 0 0 0 0 0 0 0 0 0 0 0 0 0 0 0 0 0 0 0 0 
0 0 0 0 0 0 0 0 0 0 0 0 0 0 0 0 0 0 0 0 0 0 0 0 0 0 0 0 0 0 0 0 0 0 0 0 0 0 0 0 0 0 0 0 0 0 0 0 0 0 0 0 0 0 0 0 0 0 0 0 0 0 0 0 0 0 0 0 0 0 0 0 0 0 0 0 0 0 0 0 0 0 0 0 0 0 0 0 0 0 0 0 0 0 0 0 0 0 0 0 0 0 0 0 0 0 0 0 0 0 0 0 0 0 0 0 0 0 0 0 0 0 0 0 0 0 0 0 0 0 0 0 0 0 0 0 0 0 0 0 0 0 0 0 0 0 0 0 0 0 0 0 0 0 0 0 0 0 0 0 0 0 0 0 0 0 0 0 0 0 0 0 0 0 0 0 0 0 144 144 144 144 144 143 143 144 144 145 145 145 146 145 144 144 145 145 145 146 146 146 146 146 146 146 146 146 146 146 146 146 146 146 147 146 146 146 147 146 146 146 147 147 147 146 146 146 147 147 147 148 148 147 147 147 148 148 148 148 148 148 148 148 147 148 149 149 148 148 149 149 149 149 150 150 150 150 150 150 150 151 151 151 151 151 151 152 152 152 153 152 152 152 153 153 152 152 152 153 153 153 153 153 154 154 154 154 154 154 154 154 154 154 157 157 157 157 157 157 157 157 157 158 158 158 158 158 158 158 157 157 157 158 158 158 159 159 159 159 158 158 158 158 159 159 159 159 159 160 159 160 160 160 160 160 160 160 160 161 161 160 161 161 160 161 161 161 161 161 161 161 161 161 161 161 161 161 162 162 162 162 162 162 162 163 162 162 163 163 163 163 163 163 163 163 163 163 163 163 164 164 164 164 164 164 164 164 164 164 165 165 165 165 164 165 165 165 164 164 165 164 164 165 165 166 166 166 166 167 167 167 167 167 168 167 167 167 167 167 167 166 166 166 167 168 168 168 167 167 167 167 167 167 167 168 168 168 169 169 170 169 170 171 171 170 170 170 170 170 171 171 170 170 170 170 171 171 170 170 169 169 170 171 171 171 171 171 172 172 171 171 171 171 171 171 171 0 0 0 0 0 0 0 0 0 0 0 0 0 0 0 0 0 0 0 0 0 0 0 0 0 0 0 0 
0 0 0 0 0 0 0 0 0 0 0 0 0 0 0 0 0 0 0 0 0 0 0 0 0 0 0 0 0 0 0 0 0 0 0 0 0 0 0 0 0 0 0 0 0 0 0 0 0 0 0 0 0 0 0 0 0 0 0 0 0 0 0 0 0 0 0 0 0 0 0 0 0 0 0 0 0 0 0 0 0 0 0 0 0 0 0 0 0 0 0 0 0 0 0 0 0 0 0 0 0 0 0 0 0 0 0 0 0 0 0 0 0 0 0 0 0 0 0 0 0 0 0 0 0 0 0 0 0 0 0 0 0 0 0 0 0 0 0 0 0 0 0 0 0 0 0 0 0 0 0 0 0 0 0 0 0 0 0 0 0 0 0 0 0 0 0 0 0 0 0 0 0 0 0 0 0 0 0 0 0 0 144 143 144 144 145 145 145 145 145 146 144 144 145 145 145 146 146 146 146 146 147 147 146 146 147 147 147 146 146 146 146 146 145 146 146 146 146 146 147 147 147 146 146 146 146 146 146 147 147 147 147 147 147 147 148 148 148 148 148 148 148 148 148 148 148 149 149 149 149 150 150 150 150 150 151 151 151 151 151 151 151 151 151 152 152 152 153 153 152 152 153 153 153 153 153 153 153 153 154 154 154 154 154 154 154 154 154 154 154 155 154 154 154 154 155 155 155 155 155 156 156 156 156 156 156 155 155 155 155 155 156 156 156 157 157 156 156 156 156 156 156 156 156 156 157 157 157 157 157 157 157 158 158 158 158 158 158 158 158 158 161 161 161 161 161 161 161 161 161 161 162 162 162 162 162 162 162 163 163 163 163 163 163 163 163 163 163 163 163 164 164 164 164 164 164 164 164 165 164 165 165 165 165 165 165 165 165 165 165 165 165 165 165 165 165 166 166 166 165 165 166 166 167 167 167 168 168 168 168 168 169 169 169 168 168 168 168 168 167 167 167 167 168 168 169 169 169 169 169 168 168 169 169 168 169 170 170 170 171 171 172 172 172 171 171 171 171 171 172 172 172 171 172 172 172 171 171 171 171 172 172 173 173 173 173 173 173 173 172 173 173 0 0 0 0 0 0 0 0 0 0 0 0 0 0 0 0 0 0 0 0 0 0 0 0 0 0 0 0 0 0 
0 0 0 0 0 0 0 0 0 0 0 0 0 0 0 0 0 0 0 0 0 0 0 0 0 0 0 0 0 0 0 0 0 0 0 0 0 0 0 0 0 0 0 0 0 0 0 0 0 0 0 0 0 0 0 0 0 0 0 0 0 0 0 0 0 0 0 0 0 0 0 0 0 0 0 0 0 0 0 0 0 0 0 0 0 0 0 0 0 0 0 0 0 0 0 0 0 0 0 0 0 0 0 0 0 0 0 0 0 0 0 0 0 0 0 0 0 0 0 0 0 0 0 0 0 0 0 0 0 0 0 0 0 0 0 0 0 0 0 0 0 0 0 0 0 0 0 0 0 0 0 0 0 0 0 0 0 0 0 0 0 0 0 0 0 0 0 0 0 0 0 0 0 0 0 0 0 0 0 0 0 0 0 0 144 145 145 145 145 145 146 146 144 144 145 145 146 146 146 146 146 146 147 148 147 147 147 148 148 148 148 148 146 146 146 146 146 146 147 147 147 147 147 146 146 146 146 146 146 146 147 147 147 147 147 147 148 149 148 148 148 148 148 149 148 148 149 149 149 149 149 150 150 150 150 150 151 151 151 150 151 151 151 151 151 152 152 152 152 152 152 152 153 153 153 153 153 153 153 153 154 154 154 154 154 154 155 155 155 155 155 155 154 155 155 155 155 156 156 156 156 156 156 156 156 156 156 155 155 155 155 156 156 156 156 157 157 157 156 156 156 157 157 157 157 157 157 157 157 157 157 157 157 158 158 158 158 158 158 158 158 158 160 161 161 161 161 161 161 161 161 162 161 162 162 162 162 162 163 163 163 163 163 163 163 163 163 163 163 163 164 164 164 164 164 164 164 164 164 165 165 165 165 165 165 165 165 165 165 165 165 165 165 165 165 165 166 166 166 167 166 165 166 166 167 167 167 168 168 168 168 168 169 169 169 169 169 169 169 168 168 168 168 167 168 169 169 169 170 170 170 169 169 169 169 169 169 169 169 170 170 171 172 172 172 172 172 172 172 171 172 172 172 172 172 173 173 172 172 171 171 172 173 173 173 173 173 173 173 173 173 173 173 0 0 0 0 0 0 0 0 0 0 0 0 0 0 0 0 0 0 0 0 0 0 0 0 0 0 0 0 0 0 
0 0 0 0 0 0 0 0 0 0 0 0 0 0 0 0 0 0 0 0 0 0 0 0 0 0 0 0 0 0 0 0 0 0 0 0 0 0 0 0 0 0 0 0 0 0 0 0 0 0 0 0 0 0 0 0 0 0 0 0 0 0 0 0 0 0 0 0 0 0 0 0 0 0 0 0 0 0 0 0 0 0 0 0 0 0 0 0 0 0 0 0 0 0 0 0 0 0 0 0 0 0 0 0 0 0 0 0 0 0 0 0 0 0 0 0 0 0 0 0 0 0 0 0 0 0 0 0 0 0 0 0 0 0 0 0 0 0 0 0 0 0 0 0 0 0 0 0 0 0 0 0 0 0 0 0 0 0 0 0 0 0 0 0 0 0 0 0 0 0 0 0 0 0 0 0 0 0 0 0 0 0 0 0 144 145 145 146 145 145 146 146 145 145 145 146 146 146 147 147 147 147 147 148 148 148 147 148 148 148 149 148 147 147 147 147 147 147 147 147 147 147 147 147 147 147 147 147 147 147 147 147 147 147 147 147 148 148 149 149 149 149 149 149 149 149 149 149 149 149 149 150 150 150 150 150 150 151 151 151 151 151 151 151 151 151 152 152 152 153 152 152 153 153 153 153 153 153 153 154 154 154 154 154 154 154 155 155 155 155 155 155 155 155 155 155 155 156 156 156 156 156 156 156 156 156 155 155 155 156 156 156 156 156 157 157 156 156 156 156 157 157 157 157 157 157 157 157 157 157 157 157 157 158 158 158 157 157 158 158 158 158 161 161 161 161 161 161 161 162 162 162 161 162 162 162 162 162 163 163 163 163 163 163 163 163 163 163 163 164 164 164 164 164 164 164 164 164 164 165 165 165 165 165 165 165 165 165 165 165 165 165 165 165 165 166 166 166 166 167 166 166 166 166 167 167 167 168 168 168 168 168 169 169 169 169 169 169 168 168 168 167 167 168 168 168 168 168 169 169 170 170 170 170 170 170 170 170 169 169 170 170 172 172 172 173 172 173 172 172 172 173 173 173 172 173 173 173 172 172 171 171 172 173 173 173 173 173 173 173 173 173 0 0 0 0 0 0 0 0 0 0 0 0 0 0 0 0 0 0 0 0 0 0 0 0 0 0 0 0 0 0 0 
0 0 0 0 0 0 0 0 0 0 0 0 0 0 0 0 0 0 0 0 0 0 0 0 0 0 0 0 0 0 0 0 0 0 0 0 0 0 0 0 0 0 0 0 0 0 0 0 0 0 0 0 0 0 0 0 0 0 0 0 0 0 0 0 0 0 0 0 0 0 0 0 0 0 0 0 0 0 0 0 0 0 0 0 0 0 0 0 0 0 0 0 0 0 0 0 0 0 0 0 0 0 0 0 0 0 0 0 0 0 0 0 0 0 0 0 0 0 0 0 0 0 0 0 0 0 0 0 0 0 0 0 0 0 0 0 0 0 0 0 0 0 0 0 0 0 0 0 0 0 0 0 0 0 0 0 0 0 0 0 0 0 0 0 0 0 0 0 0 0 0 0 0 0 0 0 0 0 0 0 0 0 0 0 144 145 145 146 146 146 146 146 145 145 146 146 146 146 146 147 147 147 147 148 148 148 149 148 148 148 149 149 149 148 148 147 147 147 147 147 147 147 148 148 148 148 148 148 148 148 148 148 148 147 147 147 148 148 149 149 149 149 149 149 149 149 149 149 149 149 150 150 151 150 150 150 150 151 151 151 151 151 151 151 151 152 152 152 152 152 153 152 152 153 153 153 153 153 153 154 154 154 154 154 154 155 155 155 155 155 155 155 155 155 155 155 155 155 156 156 156 156 156 156 156 156 156 156 156 156 156 156 156 156 156 156 156 156 156 156 157 157 157 157 157 157 157 157 157 157 157 157 157 157 157 157 157 157 157 158 158 158 161 161 161 161 161 161 161 162 162 162 162 162 162 163 162 163 163 163 163 163 163 163 163 163 163 163 164 164 164 164 164 164 164 164 164 164 164 165 165 165 165 165 165 165 165 165 165 165 165 165 165 165 166 166 166 166 166 166 166 166 166 166 166 166 167 167 168 169 169 169 169 169 168 168 168 168 167 167 168 168 168 168 169 168 169 169 168 169 170 170 171 171 171 170 171 171 170 170 170 170 172 172 172 173 173 173 172 173 173 173 0 0 0 0 0 173 173 172 172 172 172 173 173 173 174 174 174 0 174 174 0 0 0 0 0 0 0 0 0 0 0 0 0 0 0 0 0 0 0 0 0 0 0 0 0 0 0 0 0 0 0 
0 0 0 0 0 0 0 0 0 0 0 0 0 0 0 0 0 0 0 0 0 0 0 0 0 0 0 0 0 0 0 0 0 0 0 0 0 0 0 0 0 0 0 0 0 0 0 0 0 0 0 0 0 0 0 0 0 0 0 0 0 0 0 0 0 0 0 0 0 0 0 0 0 0 0 0 0 0 0 0 0 0 0 0 0 0 0 0 0 0 0 0 0 0 0 0 0 0 0 0 0 0 0 0 0 0 0 0 0 0 0 0 0 0 0 0 0 0 0 0 0 0 0 0 0 0 0 0 0 0 0 0 0 0 0 0 0 0 0 0 0 0 0 0 0 0 0 0 0 0 0 0 0 0 0 0 0 0 0 0 0 0 0 0 0 0 0 0 0 0 0 0 0 0 0 0 0 0 0 0 0 0 0 0 145 145 145 146 146 146 146 146 146 146 147 146 147 147 147 147 147 148 148 148 149 149 149 149 148 148 148 148 149 149 148 148 148 147 147 147 147 147 148 148 148 148 148 148 148 148 148 148 147 148 148 148 148 148 148 149 149 149 148 149 149 149 149 149 149 149 150 150 151 150 150 150 150 150 151 151 151 151 151 151 152 152 152 152 152 152 153 153 152 153 153 154 153 153 153 154 154 154 154 154 154 155 155 155 155 155 155 155 155 155 155 155 155 155 156 156 156 156 156 156 156 156 156 156 156 157 157 157 157 157 157 157 156 156 156 156 157 157 157 157 157 157 157 157 157 157 157 157 157 157 157 157 158 158 158 158 158 158 161 162 161 161 162 162 162 162 162 162 162 162 163 163 163 163 163 163 163 163 163 163 163 163 163 164 164 164 164 164 164 164 164 164 164 164 164 165 164 165 165 165 165 165 165 165 165 165 165 165 164 165 165 165 166 166 165 166 166 167 166 166 167 167 167 168 168 169 169 169 169 169 168 168 168 167 168 168 169 169 168 169 169 169 169 170 169 169 169 170 171 170 170 171 171 171 171 171 171 171 172 173 173 173 0 173 173 173 173 0 0 0 0 0 0 0 0 0 0 0 172 172 173 0 0 0 0 0 0 0 0 0 0 0 0 0 0 0 0 0 0 0 0 0 0 0 0 0 0 0 0 0 0 0 0 0 0 0 0 0 0 
0 0 0 0 0 0 0 0 0 0 0 0 0 0 0 0 0 0 0 0 0 0 0 0 0 0 0 0 0 0 0 0 0 0 0 0 0 0 0 0 0 0 0 0 0 0 0 0 0 0 0 0 0 0 0 0 0 0 0 0 0 0 0 0 0 0 0 0 0 0 0 0 0 0 0 0 0 0 0 0 0 0 0 0 0 0 0 0 0 0 0 0 0 0 0 0 0 0 0 0 0 0 0 0 0 0 0 0 0 0 0 0 0 0 0 0 0 0 0 0 0 0 0 0 0 0 0 0 0 0 0 0 0 0 0 0 0 0 0 0 0 0 0 0 0 0 0 0 0 0 0 0 0 0 0 0 0 0 0 0 0 0 0 0 0 0 0 0 0 0 0 0 0 0 0 0 0 0 0 0 0 0 0 145 146 145 145 146 146 147 147 147 146 147 147 147 147 147 147 147 147 148 148 148 149 149 149 149 148 148 148 148 148 148 148 148 148 148 147 147 147 147 148 148 148 148 148 148 148 148 149 149 148 148 148 148 148 148 148 148 149 149 149 149 149 149 149 149 149 150 150 150 150 150 150 150 151 151 151 151 151 151 151 152 152 153 152 152 152 152 153 153 153 153 154 154 154 154 154 154 154 154 154 154 155 155 155 155 155 155 155 155 155 155 155 156 156 156 156 156 156 156 156 156 156 157 157 157 157 157 157 157 157 157 157 157 156 156 156 156 157 157 156 157 157 157 157 157 158 157 157 157 157 157 158 158 158 158 158 158 158 159 161 162 162 162 162 162 162 163 162 162 162 162 163 163 163 163 163 163 163 163 163 163 163 163 164 164 164 163 163 163 163 164 164 164 164 164 164 165 165 165 165 165 165 165 165 165 165 165 165 165 165 165 165 165 165 165 165 166 166 167 167 166 166 167 168 168 169 169 168 169 169 169 169 168 168 168 169 170 170 169 168 169 170 170 170 170 170 169 169 170 170 170 170 170 170 170 170 171 171 171 172 173 0 0 0 0 0 173 174 0 0 0 0 0 0 0 0 0 0 0 0 173 0 0 0 0 0 0 0 0 0 0 0 0 0 0 0 0 0 0 0 0 0 0 0 0 0 0 0 0 0 0 0 0 0 0 0 0 0 0 0 
0 0 0 0 0 0 0 0 0 0 0 0 0 0 0 0 0 0 0 0 0 0 0 0 0 0 0 0 0 0 0 0 0 0 0 0 0 0 0 0 0 0 0 0 0 0 0 0 0 0 0 0 0 0 0 0 0 0 0 0 0 0 0 0 0 0 0 0 0 0 0 0 0 0 0 0 0 0 0 0 0 0 0 0 0 0 0 0 0 0 0 0 0 0 0 0 0 0 0 0 0 0 0 0 0 0 0 0 0 0 0 0 0 0 0 0 0 0 0 0 0 0 0 0 0 0 0 0 0 0 0 0 0 0 0 0 0 0 0 0 0 0 0 0 0 0 0 0 0 0 0 0 0 0 0 0 0 0 0 0 0 0 0 0 0 0 0 0 0 0 0 0 0 0 0 0 0 0 0 0 0 0 0 145 146 146 146 147 147 146 147 147 146 147 147 147 147 148 147 147 148 148 148 148 149 149 149 149 148 147 147 148 148 148 148 148 148 148 147 147 147 148 148 148 149 149 149 149 149 148 148 149 149 148 148 148 148 149 149 149 149 149 149 149 149 149 150 150 150 150 150 150 150 150 150 150 151 151 151 151 151 151 151 152 152 152 152 152 152 152 153 153 153 153 154 154 154 154 154 154 154 154 154 154 155 155 155 155 155 155 155 155 155 155 156 156 156 156 156 156 156 156 156 156 156 157 156 157 157 157 157 157 157 157 157 157 157 157 156 157 157 157 157 157 157 157 157 157 157 157 158 158 157 157 158 158 158 159 159 158 158 159 162 162 162 162 162 162 162 163 162 162 162 162 163 163 163 163 163 163 163 163 163 163 163 163 163 163 163 163 163 163 163 164 164 164 164 164 165 165 165 165 165 165 165 165 166 166 166 165 165 166 165 166 165 165 164 165 165 165 166 166 167 167 167 167 168 169 168 168 168 169 170 169 169 168 168 169 169 170 170 169 169 169 170 171 170 169 169 169 169 169 170 170 170 170 170 171 171 170 171 171 172 172 0 0 0 0 0 0 0 0 0 0 0 0 0 0 0 0 0 0 0 0 0 0 0 0 0 0 0 0 0 0 0 0 0 0 0 0 0 0 0 0 0 0 0 0 0 0 0 0 0 0 0 0 0 0 0 0 0 0 0 
0 0 0 0 0 0 0 0 0 0 0 0 0 0 0 0 0 0 0 0 0 0 0 0 0 0 0 0 0 0 0 0 0 0 0 0 0 0 0 0 0 0 0 0 0 0 0 0 0 0 0 0 0 0 0 0 0 0 0 0 0 0 0 0 0 0 0 0 0 0 0 0 0 0 0 0 0 0 0 0 0 0 0 0 0 0 0 0 0 0 0 0 0 0 0 0 0 0 0 0 0 0 0 0 0 0 0 0 0 0 0 0 0 0 0 0 0 0 0 0 0 0 0 0 0 0 0 0 0 0 0 0 0 0 0 0 0 0 0 0 0 0 0 0 0 0 0 0 0 0 0 0 0 0 0 0 0 0 0 0 0 0 0 0 0 0 0 0 0 0 0 0 0 0 0 0 0 0 0 0 0 0 0 0 146 146 147 147 147 148 148 148 147 147 147 148 148 148 148 148 148 148 148 148 148 148 148 148 147 147 148 148 148 147 148 147 147 148 148 147 147 148 149 149 148 149 149 149 149 149 148 149 149 149 149 149 149 149 149 149 149 149 149 149 149 150 150 150 150 150 150 150 150 150 150 151 151 151 151 151 151 151 152 152 152 152 152 152 152 152 153 153 153 153 153 154 154 154 154 154 154 154 154 154 155 155 155 155 155 155 155 155 155 155 155 156 156 156 156 156 156 156 156 156 156 156 156 157 157 157 157 157 157 157 158 157 157 157 157 157 158 157 157 157 157 157 157 157 157 157 158 158 157 158 158 158 158 159 158 159 158 159 161 162 162 162 163 163 163 162 162 162 162 162 162 163 163 163 163 163 163 163 163 163 163 163 163 163 163 163 164 163 164 164 165 165 164 164 165 165 165 165 166 165 165 165 166 166 165 166 166 166 165 165 166 165 165 165 165 165 166 166 166 167 168 168 168 168 168 168 168 169 169 169 169 168 168 169 170 170 170 170 170 170 170 170 170 170 170 170 170 171 171 171 171 170 170 171 171 170 171 172 173 0 0 0 0 0 0 0 0 0 0 0 0 0 0 0 0 0 0 0 0 0 0 0 0 0 0 0 0 0 0 0 0 0 0 0 0 0 0 0 0 0 0 0 0 0 0 0 0 0 0 0 0 0 0 0 0 0 0 0 0 
0 0 0 0 0 0 0 0 0 0 0 0 0 0 0 0 0 0 0 0 0 0 0 0 0 0 0 0 0 0 0 0 0 0 0 0 0 0 0 0 0 0 0 0 0 0 0 0 0 0 0 0 0 0 0 0 0 0 0 0 0 0 0 0 0 0 0 0 0 0 0 0 0 0 0 0 0 0 0 0 0 0 0 0 0 0 0 0 0 0 0 0 0 0 0 0 0 0 0 0 0 0 0 0 0 0 0 0 0 0 0 0 0 0 0 0 0 0 0 0 0 0 0 0 0 0 0 0 0 0 0 0 0 0 0 0 0 0 0 0 0 0 0 0 0 0 0 0 0 0 0 0 0 0 0 0 0 0 0 0 0 0 0 0 0 0 0 0 0 0 0 0 0 0 0 0 0 0 0 0 0 0 0 0 148 147 148 148 148 149 149 149 148 148 147 148 148 148 149 149 148 148 148 148 148 148 147 147 147 147 147 147 147 147 147 147 147 148 148 147 147 148 148 149 148 148 149 149 149 149 149 149 149 149 149 149 149 149 149 149 149 150 149 149 149 150 150 150 150 150 150 150 150 151 151 151 151 151 151 151 151 151 152 152 152 152 152 152 152 153 153 153 153 153 153 154 154 154 154 154 154 154 154 154 155 155 155 155 155 155 155 155 155 155 155 156 156 156 156 156 156 156 156 156 156 156 156 157 157 157 157 157 158 158 157 157 157 157 157 157 158 158 158 158 157 157 157 157 157 157 157 157 157 158 158 158 158 158 159 159 159 159 162 162 162 162 163 162 163 162 162 162 162 162 163 163 163 163 163 163 163 163 163 163 163 163 163 163 163 164 164 164 164 165 165 165 165 164 165 165 166 166 166 165 165 166 166 166 166 166 166 165 165 165 165 166 165 165 165 165 166 166 167 167 168 168 168 168 168 168 168 169 169 170 169 169 169 169 169 170 170 171 171 171 171 171 170 171 171 170 170 171 171 171 171 171 171 171 172 171 172 0 0 0 0 0 0 0 0 0 0 0 0 0 0 0 0 0 0 0 0 0 0 0 0 0 0 0 0 0 0 0 0 0 0 0 0 0 0 0 0 0 0 0 0 0 0 0 0 0 0 0 0 0 0 0 0 0 0 0 0 0 0 
0 0 0 0 0 0 0 0 0 0 0 0 0 0 0 0 0 0 0 0 0 0 0 0 0 0 0 0 0 0 0 0 0 0 0 0 0 0 0 0 0 0 0 0 0 0 0 0 0 0 0 0 0 0 0 0 0 0 0 0 0 0 0 0 0 0 0 0 0 0 0 0 0 0 0 0 0 0 0 0 0 0 0 0 0 0 0 0 0 0 0 0 0 0 0 0 0 0 0 0 0 0 0 0 0 0 0 0 0 0 0 0 0 0 0 0 0 0 0 0 0 0 0 0 0 0 0 0 0 0 0 0 0 0 0 0 0 0 0 0 0 0 0 0 0 0 0 0 0 0 0 0 0 0 0 0 0 0 0 0 0 0 0 0 0 0 0 0 0 0 0 0 0 0 0 0 0 0 0 0 0 0 0 0 0 148 149 148 148 149 148 149 148 148 148 148 148 148 148 148 148 148 148 148 148 147 146 147 147 146 146 147 146 146 146 147 147 147 148 147 147 148 149 148 148 148 149 149 149 149 149 150 149 149 149 149 149 149 149 149 150 150 149 149 149 150 150 150 150 150 150 150 151 151 151 151 151 151 151 151 151 151 152 152 152 152 152 153 152 153 153 153 154 154 153 153 154 154 154 154 154 154 154 155 155 155 155 155 155 155 155 155 155 155 155 156 156 156 156 157 157 156 156 156 156 156 156 157 157 157 157 157 158 158 158 157 157 157 157 157 158 158 157 158 158 157 157 158 158 158 157 157 157 158 158 158 158 158 159 159 160 160 162 162 162 162 162 162 162 163 162 162 162 162 163 163 163 163 163 163 163 163 163 163 163 163 164 164 164 164 164 164 164 164 165 166 165 165 165 166 166 166 166 165 165 166 166 166 166 166 166 165 165 166 166 166 165 165 165 166 166 167 166 167 168 167 168 168 168 168 169 169 170 170 170 169 169 169 170 170 170 171 172 172 172 171 170 171 172 171 171 171 171 171 171 172 171 172 172 172 0 0 0 0 0 0 0 0 0 0 0 0 0 0 0 0 0 0 0 0 0 0 0 0 0 0 0 0 0 0 0 0 0 0 0 0 0 0 0 0 0 0 0 0 0 0 0 0 0 0 0 0 0 0 0 0 0 0 0 0 0 0 0 
0 0 0 0 0 0 0 0 0 0 0 0 0 0 0 0 0 0 0 0 0 0 0 0 0 0 0 0 0 0 0 0 0 0 0 0 0 0 0 0 0 0 0 0 0 0 0 0 0 0 0 0 0 0 0 0 0 0 0 0 0 0 0 0 0 0 0 0 0 0 0 0 0 0 0 0 0 0 0 0 0 0 0 0 0 0 0 0 0 0 0 0 0 0 0 0 0 0 0 0 0 0 0 0 0 0 0 0 0 0 0 0 0 0 0 0 0 0 0 0 0 0 0 0 0 0 0 0 0 0 0 0 0 0 0 0 0 0 0 0 0 0 0 0 0 0 0 0 0 0 0 0 0 0 0 0 0 0 0 0 0 0 0 0 0 0 0 0 0 0 0 0 0 0 0 147 0 147 147 148 0 148 148 148 149 149 149 148 148 148 149 149 148 148 148 148 148 148 148 148 148 148 148 148 147 147 146 146 147 147 146 147 146 147 147 147 147 147 147 148 147 148 149 149 148 148 148 149 149 149 150 149 149 149 149 149 150 149 150 149 149 150 149 149 149 150 150 150 150 150 151 150 151 151 151 151 151 151 151 151 152 152 152 152 152 152 152 153 152 153 153 153 153 154 154 154 154 154 154 154 154 154 154 155 155 155 155 155 155 155 155 156 155 155 155 155 155 156 156 156 156 156 156 156 156 157 157 157 157 157 157 157 157 157 158 157 157 157 157 157 157 158 158 158 158 158 158 158 158 158 158 157 157 158 158 158 159 158 158 159 160 160 162 162 162 162 162 162 162 163 163 163 162 162 163 163 163 163 163 163 163 163 164 163 164 164 164 164 164 165 165 165 164 165 165 166 165 165 166 166 166 165 165 165 166 166 167 166 166 166 166 166 166 166 165 165 165 164 165 165 165 166 166 167 167 167 168 169 169 168 169 169 169 170 170 170 169 170 170 171 171 172 172 172 172 172 171 172 172 171 171 171 171 172 172 172 172 0 0 0 0 0 0 0 0 0 0 0 0 0 0 0 0 0 0 0 0 0 0 0 0 0 0 0 0 0 0 0 0 0 0 0 0 0 0 0 0 0 0 0 0 0 0 0 0 0 0 0 0 0 0 0 0 0 0 0 0 0 0 0 0 0 0 
0 0 0 0 0 0 0 0 0 0 0 0 0 0 0 0 0 0 0 0 0 0 0 0 0 0 0 0 0 0 0 0 0 0 0 0 0 0 0 0 0 0 0 0 0 0 0 0 0 0 0 0 0 0 0 0 0 0 0 0 0 0 0 0 0 0 0 0 0 0 0 0 0 0 0 0 0 0 0 0 0 0 0 0 0 0 0 0 0 0 0 0 0 0 0 0 0 0 0 0 0 0 0 0 0 0 0 0 0 0 0 0 0 0 0 0 0 0 0 0 0 0 0 0 0 0 0 0 0 0 0 0 0 0 0 0 0 0 0 0 0 0 0 0 0 0 0 0 0 0 0 0 0 0 0 0 0 0 0 0 0 0 0 0 0 0 0 0 0 0 0 0 0 0 0 147 147 148 148 148 148 148 148 148 148 149 148 148 148 148 149 149 147 147 147 147 147 147 147 147 147 147 148 148 146 146 146 146 147 147 146 146 146 147 147 147 147 147 147 147 147 148 148 148 148 149 149 149 149 150 149 150 150 149 149 150 150 150 150 150 150 150 150 150 150 150 150 150 150 150 151 151 151 151 151 151 151 151 152 152 152 152 152 152 152 152 152 152 153 153 153 153 153 153 154 154 154 154 154 154 154 154 154 155 155 155 155 155 155 156 156 156 155 156 156 156 156 156 156 156 156 156 156 156 157 157 157 157 157 157 157 157 157 157 157 157 157 157 157 157 157 157 157 158 158 158 158 158 159 158 158 158 157 158 158 158 159 159 159 159 159 159 162 162 162 162 163 163 162 163 163 163 163 162 163 163 163 163 164 163 163 164 164 163 164 164 164 164 165 165 165 165 165 165 165 166 165 165 166 166 165 166 166 165 165 166 167 167 167 166 166 166 166 166 165 165 164 165 165 166 166 166 166 166 167 167 168 169 169 169 168 169 169 170 171 170 170 170 171 171 171 172 172 172 172 172 172 172 171 171 171 171 172 172 172 0 0 0 0 0 0 0 0 0 0 0 0 0 0 0 0 0 0 0 0 0 0 0 0 0 0 0 0 0 0 0 0 0 0 0 0 0 0 0 0 0 0 0 0 0 0 0 0 0 0 0 0 0 0 0 0 0 0 0 0 0 0 0 0 0 0 0 0 
0 0 0 0 0 0 0 0 0 0 0 0 0 0 0 0 0 0 0 0 0 0 0 0 0 0 0 0 0 0 0 0 0 0 0 0 0 0 0 0 0 0 0 0 0 0 0 0 0 0 0 0 0 0 0 0 0 0 0 0 0 0 0 0 0 0 0 0 0 0 0 0 0 0 0 0 0 0 0 0 0 0 0 0 0 0 0 0 0 0 0 0 0 0 0 0 0 0 0 0 0 0 0 0 0 0 0 0 0 0 0 0 0 0 0 0 0 0 0 0 0 0 0 0 0 0 0 0 0 0 0 0 0 0 0 0 0 0 0 0 0 0 0 0 0 0 0 0 0 0 0 0 0 0 0 0 0 0 0 0 0 0 0 0 0 0 0 0 0 0 0 0 147 147 147 147 147 148 148 148 148 148 148 148 148 148 148 148 148 148 149 148 147 147 147 146 147 147 147 147 147 147 147 147 146 146 146 146 146 146 146 146 147 147 147 147 147 147 147 147 148 148 148 148 148 149 149 149 149 150 150 150 150 150 149 150 150 150 150 150 150 150 150 150 150 150 150 150 150 150 151 151 151 151 151 151 151 151 152 152 152 152 152 152 152 152 152 152 153 153 153 153 153 153 154 154 154 154 154 154 154 154 155 155 155 155 155 155 156 156 156 156 156 156 156 156 157 156 156 156 156 156 156 156 157 157 157 157 157 157 157 157 157 157 157 157 157 157 158 158 158 158 158 157 158 158 158 158 158 158 158 158 158 158 158 159 159 159 159 160 160 160 162 162 162 162 163 163 163 163 163 163 163 163 162 163 163 163 163 163 163 164 164 164 163 164 164 165 165 165 165 165 165 166 166 166 165 165 166 166 166 167 166 166 165 166 167 167 166 166 166 166 165 165 165 165 165 165 165 166 167 167 167 167 168 168 169 169 169 169 169 169 170 170 171 171 170 170 170 170 171 171 171 172 172 172 172 172 172 171 171 171 171 172 172 0 0 0 0 0 0 0 0 0 0 0 0 0 0 0 0 0 0 0 0 0 0 0 0 0 0 0 0 0 0 0 0 0 0 0 0 0 0 0 0 0 0 0 0 0 0 0 0 0 0 0 0 0 0 0 0 0 0 0 0 0 0 0 0 0 0 0 0 
0 0 0 0 0 0 0 0 0 0 0 0 0 0 0 0 0 0 0 0 0 0 0 0 0 0 0 0 0 0 0 0 0 0 0 0 0 0 0 0 0 0 0 0 0 0 0 0 0 0 0 0 0 0 0 0 0 0 0 0 0 0 0 0 0 0 0 0 0 0 0 0 0 0 0 0 0 0 0 0 0 0 0 0 0 0 0 0 0 0 0 0 0 0 0 0 0 0 0 0 0 0 0 0 0 0 0 0 0 0 0 0 0 0 0 0 0 0 0 0 0 0 0 0 0 0 0 0 0 0 0 0 0 0 0 0 0 0 0 0 0 0 0 0 0 0 0 0 0 0 0 0 0 0 0 0 0 0 0 0 0 0 0 0 0 0 0 0 0 0 0 0 0 147 147 147 148 147 148 148 147 147 147 147 147 148 148 148 147 147 148 148 146 146 146 146 146 146 146 146 146 147 146 146 146 146 146 146 146 146 146 147 147 147 147 147 148 147 148 148 148 148 148 148 148 149 149 149 149 150 150 150 150 150 150 149 150 150 150 150 150 150 150 150 150 150 150 150 150 151 151 151 151 151 151 151 151 151 152 152 152 152 152 152 152 152 152 153 153 153 153 153 153 153 154 154 154 154 154 154 154 155 155 155 155 155 155 155 156 156 156 156 156 156 156 156 157 157 157 156 156 156 157 157 157 157 157 157 157 157 158 158 157 157 157 157 157 157 158 157 158 158 158 158 158 158 158 158 158 158 158 158 159 159 159 159 159 159 159 160 160 160 162 162 162 162 163 163 163 163 163 163 163 163 163 163 163 163 163 163 163 163 164 164 164 165 165 165 165 166 166 165 165 166 167 166 166 166 166 166 166 167 166 166 166 166 167 167 166 166 166 165 164 164 164 165 165 166 166 166 167 168 168 168 168 168 169 169 169 170 170 169 170 171 171 171 171 170 171 171 171 171 171 171 172 172 172 172 172 171 171 171 171 171 171 0 0 0 0 0 0 0 0 0 0 0 0 0 0 0 0 0 0 0 0 0 0 0 0 0 0 0 0 0 0 0 0 0 0 0 0 0 0 0 0 0 0 0 0 0 0 0 0 0 0 0 0 0 0 0 0 0 0 0 0 0 0 0 0 0 0 0 0 
0 0 0 0 0 0 0 0 0 0 0 0 0 0 0 0 0 0 0 0 0 0 0 0 0 0 0 0 0 0 0 0 0 0 0 0 0 0 0 0 0 0 0 0 0 0 0 0 0 0 0 0 0 0 0 0 0 0 0 0 0 0 0 0 0 0 0 0 0 0 0 0 0 0 0 0 0 0 0 0 0 0 0 0 0 0 0 0 0 0 0 0 0 0 0 0 0 0 0 0 0 0 0 0 0 0 0 0 0 0 0 0 0 0 0 0 0 0 0 0 0 0 0 0 0 0 0 0 0 0 0 0 0 0 0 0 0 0 0 0 0 0 0 0 0 0 0 0 0 0 0 0 0 0 0 0 0 0 0 0 0 0 0 0 0 0 0 0 0 0 0 0 0 0 146 147 147 147 147 147 146 146 146 147 147 148 148 147 147 146 147 147 146 145 145 145 145 145 145 146 145 145 145 145 145 146 146 146 146 147 147 147 147 147 147 147 148 148 148 148 148 148 148 148 148 149 149 149 150 149 150 150 150 150 150 149 150 150 150 150 150 151 151 151 150 151 151 151 151 151 151 151 151 151 151 151 151 152 152 152 152 152 152 152 152 152 153 153 153 153 153 153 154 154 154 154 154 154 154 154 154 155 155 155 155 155 155 156 156 156 156 156 156 156 156 156 157 157 156 157 156 156 157 157 157 157 157 157 157 157 158 158 158 157 157 157 157 157 157 157 157 158 158 158 158 158 158 158 158 158 158 158 158 159 159 159 160 160 160 160 160 160 163 162 162 162 163 163 163 162 163 163 163 162 163 163 163 163 163 163 163 164 164 164 165 165 166 165 166 166 166 165 166 166 167 167 167 167 166 166 166 166 166 167 166 167 167 167 167 166 165 165 164 164 165 165 166 167 167 167 167 167 168 169 168 168 169 169 170 170 170 170 170 171 171 171 170 171 171 172 172 171 172 172 172 173 173 172 172 171 171 171 171 171 171 171 0 0 0 0 0 0 0 0 0 0 0 0 0 0 0 0 0 0 0 0 0 0 0 0 0 0 0 0 0 0 0 0 0 0 0 0 0 0 0 0 0 0 0 0 0 0 0 0 0 0 0 0 0 0 0 0 0 0 0 0 0 0 0 0 0 0 0 
0 0 0 0 0 0 0 0 0 0 0 0 0 0 0 0 0 0 0 0 0 0 0 0 0 0 0 0 0 0 0 0 0 0 0 0 0 0 0 0 0 0 0 0 0 0 0 0 0 0 0 0 0 0 0 0 0 0 0 0 0 0 0 0 0 0 0 0 0 0 0 0 0 0 0 0 0 0 0 0 0 0 0 0 0 0 0 0 0 0 0 0 0 0 0 0 0 0 0 0 0 0 0 0 0 0 0 0 0 0 0 0 0 0 0 0 0 0 0 0 0 0 0 0 0 0 0 0 0 0 0 0 0 0 0 0 0 0 0 0 0 0 0 0 0 0 0 0 0 0 0 0 0 0 0 0 0 0 0 0 0 0 0 0 0 0 0 0 0 0 0 0 0 0 146 145 146 147 146 146 146 146 146 146 146 146 146 146 146 145 146 146 144 144 144 144 144 144 144 144 145 145 145 145 146 146 146 146 147 147 147 147 147 148 148 148 148 148 148 148 148 148 149 149 149 149 149 149 150 149 150 150 150 150 150 150 150 150 150 150 151 151 150 151 150 150 151 151 151 151 151 151 151 151 151 151 151 152 152 152 152 152 152 152 152 153 153 153 153 153 153 153 154 154 154 154 154 155 154 154 154 155 155 155 155 155 155 156 156 156 156 156 156 156 156 157 157 157 157 157 156 157 157 157 157 157 157 157 157 157 158 158 158 157 157 157 157 157 157 158 158 158 158 158 158 158 158 158 158 158 159 158 158 159 159 159 159 159 159 160 160 160 163 163 163 163 163 163 162 163 163 163 163 163 163 164 164 164 164 163 163 163 164 164 164 165 166 166 166 166 166 166 166 166 167 167 167 167 167 167 166 166 165 166 167 167 167 166 166 166 165 165 164 165 166 166 167 167 167 167 168 168 168 168 169 169 169 169 170 170 170 170 171 171 171 171 171 171 172 172 172 172 172 173 172 173 173 172 172 171 171 171 171 171 172 172 172 0 0 0 0 0 0 0 0 0 0 0 0 0 0 0 0 0 0 0 0 0 0 0 0 0 0 0 0 0 0 0 0 0 0 0 0 0 0 0 0 0 0 0 0 0 0 0 0 0 0 0 0 0 0 0 0 0 0 0 0 0 0 0 0 0 0 
0 0 0 0 0 0 0 0 0 0 0 0 0 0 0 0 0 0 0 0 0 0 0 0 0 0 0 0 0 0 0 0 0 0 0 0 0 0 0 0 0 0 0 0 0 0 0 0 0 0 0 0 0 0 0 0 0 0 0 0 0 0 0 0 0 0 0 0 0 0 0 0 0 0 0 0 0 0 0 0 0 0 0 0 0 0 0 0 0 0 0 0 0 0 0 0 0 0 0 0 0 0 0 0 0 0 0 0 0 0 0 0 0 0 0 0 0 0 0 0 0 0 0 0 0 0 0 0 0 0 0 0 0 0 0 0 0 0 0 0 0 0 0 0 0 0 0 0 0 0 0 0 0 0 0 0 0 0 0 0 0 0 0 0 0 0 0 0 0 0 0 0 0 0 146 146 145 145 145 144 144 144 145 145 145 145 145 145 145 145 145 145 144 144 144 144 144 145 145 145 145 145 146 146 146 146 146 147 147 147 147 147 148 148 148 148 148 148 148 148 148 148 149 149 149 149 149 149 150 150 150 150 150 150 150 150 150 150 150 150 150 151 150 150 151 151 151 151 151 151 151 151 151 151 151 151 151 152 152 152 152 152 152 152 153 153 153 153 153 153 153 153 154 154 154 154 154 154 154 154 155 155 155 155 156 155 155 156 156 156 156 156 156 156 156 157 157 157 156 156 157 157 157 157 157 157 158 158 157 157 158 158 158 157 157 157 157 157 158 158 158 158 158 158 158 158 158 158 158 159 159 159 158 158 158 159 159 159 159 159 160 160 163 163 164 163 163 163 162 163 163 163 163 163 163 164 164 164 164 163 163 164 164 165 165 165 166 166 166 167 167 166 166 167 167 167 168 167 167 166 167 166 166 165 166 167 167 166 166 166 166 166 165 165 166 167 167 167 167 167 167 168 169 169 169 169 169 170 170 170 170 171 171 171 172 171 171 171 172 172 172 172 172 173 173 172 172 172 172 171 171 171 171 172 172 172 172 0 0 0 0 0 0 0 0 0 0 0 0 0 0 0 0 0 0 0 0 0 0 0 0 0 0 0 0 0 0 0 0 0 0 0 0 0 0 0 0 0 0 0 0 0 0 0 0 0 0 0 0 0 0 0 0 0 0 0 0 0 0 0 0 0 0 
0 0 0 0 0 0 0 0 0 0 0 0 0 0 0 0 0 0 0 0 0 0 0 0 0 0 0 0 0 0 0 0 0 0 0 0 0 0 0 0 0 0 0 0 0 0 0 0 0 0 0 0 0 0 0 0 0 0 0 0 0 0 0 0 0 0 0 0 0 0 0 0 0 0 0 0 0 0 0 0 0 0 0 0 0 0 0 0 0 0 0 0 0 0 0 0 0 0 0 0 0 0 0 0 0 0 0 0 0 0 0 0 0 0 0 0 0 0 0 0 0 0 0 0 0 0 0 0 0 0 0 0 0 0 0 0 0 0 0 0 0 0 0 0 0 0 144 145 145 144 145 145 146 146 0 0 0 0 0 0 0 0 0 0 0 0 0 0 0 0 0 0 0 147 146 145 145 144 144 144 144 144 144 144 144 145 144 144 145 144 145 145 144 144 145 145 145 145 145 146 146 146 146 146 146 147 147 147 147 147 147 148 148 148 148 148 148 148 148 148 148 148 149 149 149 149 149 149 150 150 150 150 150 150 150 150 150 150 150 150 151 151 151 151 151 151 151 151 151 151 151 151 151 151 151 151 151 152 152 152 152 152 152 153 153 153 153 153 153 153 153 154 154 154 154 154 154 154 154 154 155 155 155 156 156 156 156 156 156 156 156 156 156 156 156 157 157 157 157 157 157 157 157 157 158 158 158 158 158 158 158 158 158 157 157 157 158 157 158 158 158 158 158 158 158 158 158 159 159 159 159 158 159 159 158 158 159 159 159 160 160 160 163 163 163 163 163 163 163 164 163 164 163 163 163 164 164 164 163 163 163 164 164 165 165 165 166 166 166 166 167 167 167 166 167 167 168 168 167 166 166 167 166 166 165 166 167 166 166 166 167 166 165 165 166 167 167 166 167 168 168 168 169 169 169 169 169 169 170 170 170 171 171 172 172 171 171 172 172 172 172 172 172 172 172 172 172 171 171 172 171 171 171 172 172 172 172 173 0 0 0 0 0 0 0 0 0 0 0 0 0 0 0 0 0 0 0 0 0 0 0 0 0 0 0 0 0 0 0 0 0 0 0 0 0 0 0 0 0 0 0 0 0 0 0 0 0 0 0 0 0 0 0 0 0 0 0 0 0 0 0 0 0 
0 0 0 0 0 0 0 0 0 0 0 0 0 0 0 0 0 0 0 0 0 0 0 0 0 0 0 0 0 0 0 0 0 0 0 0 0 0 0 0 0 0 0 0 0 0 0 0 0 0 0 0 0 0 0 0 0 0 0 0 0 0 0 0 0 0 0 0 0 0 0 0 0 0 0 0 0 0 0 0 0 0 0 0 0 0 0 0 0 0 0 0 0 0 0 0 0 0 0 0 0 0 0 0 0 0 0 0 0 0 0 0 0 0 0 0 0 0 0 0 0 0 0 0 0 0 0 0 0 0 0 0 0 0 0 0 0 0 0 0 0 0 0 0 0 145 145 144 144 145 144 144 145 145 146 147 147 0 0 0 146 146 0 0 0 0 0 0 0 0 0 0 149 148 147 145 145 144 144 143 144 144 144 145 145 145 145 145 145 145 145 145 145 145 145 145 145 146 146 146 146 146 146 147 147 147 147 147 147 147 148 148 148 148 148 148 148 148 148 148 148 149 149 149 149 149 149 150 150 150 150 150 150 150 150 150 150 150 151 151 151 151 151 151 151 151 151 151 151 151 151 152 151 151 151 151 151 152 152 152 152 152 152 153 153 153 153 153 153 153 154 154 154 154 154 154 154 154 154 154 155 155 155 155 155 156 156 156 156 156 156 156 156 156 157 157 157 157 157 157 157 157 157 157 157 157 158 158 158 158 158 158 158 158 157 158 157 157 157 158 157 157 157 158 158 158 159 159 159 159 159 159 159 159 159 159 159 159 160 160 160 160 163 163 163 163 163 163 164 164 164 163 163 164 164 164 164 164 164 164 164 164 165 165 165 166 166 165 166 166 166 167 167 167 167 168 168 168 167 167 166 166 167 167 166 165 166 166 166 166 167 166 165 165 166 166 166 167 167 168 168 168 169 169 169 169 169 170 170 170 171 171 171 172 172 172 171 172 172 172 172 172 172 172 172 172 172 172 171 172 172 172 172 172 172 172 172 172 173 0 0 0 0 0 0 0 0 0 0 0 0 0 0 0 0 0 0 0 0 0 0 0 0 0 0 0 0 0 0 0 0 0 0 0 0 0 0 0 0 0 0 0 0 0 0 0 0 0 0 0 0 0 0 0 0 0 0 0 0 0 0 0 0 
0 0 0 0 0 0 0 0 0 0 0 0 0 0 0 0 0 0 0 0 0 0 0 0 0 0 0 0 0 0 0 0 0 0 0 0 0 0 0 0 0 0 0 0 0 0 0 0 0 0 0 0 0 0 0 0 0 0 0 0 0 0 0 0 0 0 0 0 0 0 0 0 0 0 0 0 0 0 0 0 0 0 0 0 0 0 0 0 0 0 0 0 0 0 0 0 0 0 0 0 0 0 0 0 0 0 0 0 0 0 0 0 0 0 0 0 0 0 0 0 0 0 0 0 0 0 0 0 0 0 0 0 0 0 0 0 0 0 0 0 0 0 0 0 0 144 145 145 144 144 145 144 145 145 145 145 146 146 147 148 147 146 147 147 0 0 0 0 0 0 149 149 149 148 147 146 145 144 144 144 144 144 145 145 145 145 145 145 145 146 146 146 145 145 145 146 146 146 146 146 146 146 147 147 147 147 147 147 147 147 148 148 148 148 148 148 148 148 148 148 149 149 149 149 149 149 149 150 150 150 150 150 150 150 150 150 150 150 151 151 151 151 151 151 151 151 151 151 151 151 151 152 152 152 152 151 151 152 152 152 152 152 152 153 153 153 153 153 153 153 154 154 154 154 154 154 154 154 154 154 155 155 155 156 156 156 156 156 156 156 156 156 156 156 157 157 157 157 157 157 157 157 157 158 158 158 158 158 159 158 158 158 158 158 158 158 158 158 158 158 158 158 158 158 158 158 158 158 159 159 159 160 159 159 159 159 159 159 159 160 160 160 163 163 163 164 163 164 164 164 164 163 164 164 165 164 164 164 164 164 164 164 165 165 165 165 166 165 166 166 166 166 167 167 167 167 167 167 167 167 167 166 166 166 166 166 166 166 166 166 166 166 166 167 167 167 167 168 167 168 168 168 168 168 169 169 169 170 170 170 170 171 171 172 172 172 172 172 172 172 172 172 172 172 172 172 172 172 172 171 172 172 172 172 172 172 172 172 173 173 0 0 0 0 0 0 0 0 0 0 0 0 0 0 0 0 0 0 0 0 0 0 0 0 0 0 0 0 0 0 0 0 0 0 0 0 0 0 0 0 0 0 0 0 0 0 0 0 0 0 0 0 0 0 0 0 0 0 0 0 0 0 0 
0 0 0 0 0 0 0 0 0 0 0 0 0 0 0 0 0 0 0 0 0 0 0 0 0 0 0 0 0 0 0 0 0 0 0 0 0 0 0 0 0 0 0 0 0 0 0 0 0 0 0 0 0 0 0 0 0 0 0 0 0 0 0 0 0 0 0 0 0 0 0 0 0 0 0 0 0 0 0 0 0 0 0 0 0 0 0 0 0 0 0 0 0 0 0 0 0 0 0 0 0 0 0 0 0 0 0 0 0 0 0 0 0 0 0 0 0 0 0 0 0 0 0 0 0 0 0 0 0 0 0 0 0 0 0 0 0 0 0 0 0 0 0 0 145 144 144 144 144 144 145 144 145 145 144 145 145 146 146 146 146 146 146 147 147 148 147 147 147 148 149 149 149 148 147 146 145 144 144 144 144 145 145 145 145 145 146 146 146 146 146 146 145 146 146 146 146 146 146 146 146 147 147 147 147 147 147 147 147 148 148 148 148 148 148 148 148 148 148 149 149 149 149 149 149 149 150 150 150 150 150 150 150 150 150 150 150 150 151 151 151 151 151 151 151 151 152 151 151 151 152 152 152 152 152 152 152 152 152 152 152 152 153 153 153 153 153 153 153 154 154 154 154 154 154 154 154 154 154 154 155 155 155 155 156 156 156 156 157 157 157 157 156 157 157 157 157 157 157 157 157 157 157 157 157 158 158 158 159 159 159 158 158 158 158 158 158 158 158 159 159 159 158 158 158 159 158 159 159 160 160 159 159 159 159 160 160 160 160 160 160 160 163 163 163 164 164 164 164 164 164 164 164 165 164 164 164 164 164 164 164 164 165 165 165 165 165 165 166 166 166 167 167 167 167 167 167 167 168 167 167 167 167 167 167 166 166 166 166 166 167 167 166 167 167 167 168 168 168 168 169 169 169 169 169 169 169 170 170 170 170 170 171 172 172 172 172 172 172 172 172 172 172 172 173 173 173 172 172 172 172 172 173 173 172 172 172 172 173 173 173 174 0 0 0 0 0 0 0 0 0 0 0 0 0 0 0 0 0 0 0 0 0 0 0 0 0 0 0 0 0 0 0 0 0 0 0 0 0 0 0 0 0 0 0 0 0 0 0 0 0 0 0 0 0 0 0 0 0 0 0 0 0 
0 0 0 0 0 0 0 0 0 0 0 0 0 0 0 0 0 0 0 0 0 0 0 0 0 0 0 0 0 0 0 0 0 0 0 0 0 0 0 0 0 0 0 0 0 0 0 0 0 0 0 0 0 0 0 0 0 0 0 0 0 0 0 0 0 0 0 0 0 0 0 0 0 0 0 0 0 0 0 0 0 0 0 0 0 0 0 0 0 0 0 0 0 0 0 0 0 0 0 0 0 0 0 0 0 0 0 0 0 0 0 0 0 0 0 0 0 0 0 0 0 0 0 0 0 0 0 0 0 0 0 0 0 0 0 0 0 0 0 0 0 0 0 0 144 144 144 144 144 145 145 145 145 145 144 145 145 146 146 145 145 145 145 146 147 148 147 147 147 148 149 149 148 148 147 146 145 144 143 143 144 145 145 145 146 146 146 146 146 146 146 146 146 146 146 146 146 146 146 146 147 147 147 147 147 147 147 147 147 148 147 147 147 148 148 148 148 148 149 149 149 149 149 149 150 149 150 150 150 150 150 150 150 150 150 150 150 150 151 151 151 151 151 151 151 152 152 152 152 152 152 152 152 153 152 152 152 152 152 152 152 153 153 153 153 153 153 153 154 154 154 154 154 154 154 154 154 154 154 155 155 155 155 156 156 156 156 156 156 156 157 157 157 157 157 157 157 157 157 157 157 157 157 157 157 158 158 158 158 159 158 159 158 158 158 158 158 159 159 159 159 159 159 159 158 159 159 159 160 160 160 160 160 159 159 160 160 160 160 160 160 160 163 163 163 164 164 164 164 164 164 165 165 165 165 164 164 165 165 164 164 164 165 165 165 165 166 166 166 166 167 167 167 167 167 167 167 167 168 167 167 167 167 167 167 167 166 166 166 167 167 167 167 167 167 167 167 167 168 168 168 168 169 169 169 169 169 169 169 169 170 170 170 171 172 173 172 172 172 172 172 172 172 172 172 173 173 173 172 172 172 172 173 173 173 172 172 173 173 173 173 174 0 0 0 0 0 0 0 0 0 0 0 0 0 0 0 0 0 0 0 0 0 0 0 0 0 0 0 0 0 0 0 0 0 0 0 0 0 0 0 0 0 0 0 0 0 0 0 0 0 0 0 0 0 0 0 0 0 0 0 0 0 
0 0 0 0 0 0 0 0 0 0 0 0 0 0 0 0 0 0 0 0 0 0 0 0 0 0 0 0 0 0 0 0 0 0 0 0 0 0 0 0 0 0 0 0 0 0 0 0 0 0 0 0 0 0 0 0 0 0 0 0 0 0 0 0 0 0 0 0 0 0 0 0 0 0 0 0 0 0 0 0 0 0 0 0 0 0 0 0 0 0 0 0 0 0 0 0 0 0 0 0 0 0 0 0 0 0 0 0 0 0 0 0 0 0 0 0 0 0 0 0 0 0 0 0 0 0 0 0 0 0 0 0 0 0 0 0 0 0 0 0 0 0 0 0 144 144 144 144 144 145 145 145 145 145 144 145 145 145 145 145 145 144 145 146 147 148 147 147 147 148 148 148 148 147 146 145 145 144 144 144 144 145 145 145 146 146 146 146 146 146 146 146 146 146 146 146 146 146 146 147 147 147 147 147 147 147 147 147 147 147 147 147 148 148 148 148 149 149 149 149 149 149 149 149 150 149 150 150 150 150 150 151 151 151 150 150 151 151 151 151 151 151 151 151 151 152 152 152 152 152 152 152 152 152 153 153 152 152 152 152 152 152 153 153 153 153 153 154 154 154 154 154 154 154 154 154 155 155 155 155 155 155 156 156 156 156 156 157 157 157 157 157 157 157 157 157 157 157 157 157 157 158 158 157 157 158 158 158 158 159 158 158 158 158 158 158 158 158 159 159 159 159 159 160 159 159 160 160 160 160 161 161 160 160 160 160 160 160 160 160 160 160 163 163 164 164 164 164 164 164 165 165 165 164 164 165 165 165 165 165 165 165 165 165 166 166 166 166 166 166 166 167 167 167 167 167 167 167 167 167 167 167 167 167 167 167 167 167 166 166 167 167 167 167 167 167 167 167 167 168 168 168 168 169 169 169 170 170 170 170 170 170 170 171 172 172 173 173 173 173 172 172 172 172 173 173 173 173 173 173 172 172 173 173 173 172 172 173 173 173 174 174 0 0 0 0 0 0 0 0 0 0 0 0 0 0 0 0 0 0 0 0 0 0 0 0 0 0 0 0 0 0 0 0 0 0 0 0 0 0 0 0 0 0 0 0 0 0 0 0 0 0 0 0 0 0 0 0 0 0 0 0 0 
0 0 0 0 0 0 0 0 0 0 0 0 0 0 0 0 0 0 0 0 0 0 0 0 0 0 0 0 0 0 0 0 0 0 0 0 0 0 0 0 0 0 0 0 0 0 0 0 0 0 0 0 0 0 0 0 0 0 0 0 0 0 0 0 0 0 0 0 0 0 0 0 0 0 0 0 0 0 0 0 0 0 0 0 0 0 0 0 0 0 0 0 0 0 0 0 0 0 0 0 0 0 0 0 0 0 0 0 0 0 0 0 0 0 0 0 0 0 0 0 0 0 0 0 0 0 0 0 0 0 0 0 0 0 0 0 0 0 0 0 0 0 0 0 0 145 144 144 144 145 145 145 145 145 145 145 145 145 145 145 144 145 145 146 147 147 147 146 147 147 147 148 148 147 146 146 146 145 144 144 144 145 145 145 146 146 146 146 146 146 146 146 146 146 146 146 146 146 146 147 147 147 147 147 147 147 147 147 147 147 148 148 148 148 148 149 149 149 149 149 149 149 149 150 150 150 150 150 150 150 150 151 151 150 150 151 151 151 151 151 151 151 151 151 152 152 152 152 152 152 152 152 152 152 153 153 153 152 152 152 152 153 153 153 153 153 154 154 154 154 154 154 154 154 154 155 155 155 155 155 155 155 156 156 156 156 156 156 156 157 157 157 157 157 157 158 157 157 157 157 158 158 158 157 158 158 158 158 158 159 159 159 159 159 159 159 159 159 159 159 159 159 159 159 160 160 160 161 160 160 161 161 161 161 161 160 161 160 161 161 161 160 163 163 163 164 164 164 164 164 165 165 165 165 165 165 165 165 165 165 165 165 165 165 165 165 165 166 166 166 166 167 167 167 167 167 167 167 167 167 167 167 167 167 167 167 167 167 167 167 167 167 167 167 167 167 167 167 168 168 168 168 168 168 169 169 170 170 170 170 171 171 171 171 172 173 172 173 173 173 172 172 172 172 173 173 173 173 173 173 172 172 172 173 173 173 172 173 173 173 0 0 0 0 0 0 0 0 0 0 0 0 0 0 0 0 0 0 0 0 0 0 0 0 0 0 0 0 0 0 0 0 0 0 0 0 0 0 0 0 0 0 0 0 0 0 0 0 0 0 0 0 0 0 0 0 0 0 0 0 0 0 0 
0 0 0 0 0 0 0 0 0 0 0 0 0 0 0 0 0 0 0 0 0 0 0 0 0 0 0 0 0 0 0 0 0 0 0 0 0 0 0 0 0 0 0 0 0 0 0 0 0 0 0 0 0 0 0 0 0 0 0 0 0 0 0 0 0 0 0 0 0 0 0 0 0 0 0 0 0 0 0 0 0 0 0 0 0 0 0 0 0 0 0 0 0 0 0 0 0 0 0 0 0 0 0 0 0 0 0 0 0 0 0 0 0 0 0 0 0 0 0 0 0 0 0 0 0 0 0 0 0 0 0 0 0 0 0 0 0 0 0 0 0 0 0 0 144 144 144 144 144 145 145 145 145 145 145 145 144 145 145 144 145 145 145 146 146 147 147 146 146 146 146 148 147 146 146 145 145 145 144 144 145 145 146 146 146 146 146 146 146 146 146 147 146 146 146 146 146 146 147 147 147 147 147 147 147 147 147 147 148 148 148 148 148 148 149 149 149 149 149 149 149 149 149 150 150 150 150 150 150 151 151 151 150 150 151 151 151 151 151 151 151 151 151 151 152 152 152 152 152 152 152 152 152 152 152 153 153 153 152 152 152 153 153 153 153 153 154 154 154 154 154 154 154 154 155 155 155 155 155 155 155 155 155 156 156 156 156 156 156 156 157 157 157 157 157 157 157 157 157 157 157 158 158 158 158 158 158 159 159 159 159 159 159 158 159 159 158 159 159 159 159 159 159 160 160 160 160 161 161 160 161 160 161 161 161 160 160 161 161 160 161 160 163 163 164 164 164 164 165 164 165 165 165 165 165 165 165 165 166 165 165 165 165 165 165 165 166 166 166 166 166 167 167 167 167 166 166 167 166 167 167 167 167 167 167 167 167 167 167 167 167 167 167 167 167 167 168 168 168 168 168 168 168 169 169 169 169 170 170 170 170 171 171 171 172 172 172 172 172 172 173 172 172 173 173 173 173 173 173 173 173 173 173 173 174 173 173 173 174 0 0 0 0 0 0 0 0 0 0 0 0 0 0 0 0 0 0 0 0 0 0 0 0 0 0 0 0 0 0 0 0 0 0 0 0 0 0 0 0 0 0 0 0 0 0 0 0 0 0 0 0 0 0 0 0 0 0 0 0 0 0 0 0 
0 0 0 0 0 0 0 0 0 0 0 0 0 0 0 0 0 0 0 0 0 0 0 0 0 0 0 0 0 0 0 0 0 0 0 0 0 0 0 0 0 0 0 0 0 0 0 0 0 0 0 0 0 0 0 0 0 0 0 0 0 0 0 0 0 0 0 0 0 0 0 0 0 0 0 0 0 0 0 0 0 0 0 0 0 0 0 0 0 0 0 0 0 0 0 0 0 0 0 0 0 0 0 0 0 0 0 0 0 0 0 0 0 0 0 0 0 0 0 0 0 0 0 0 0 0 0 0 0 0 0 0 0 0 0 0 0 0 0 0 0 0 0 0 0 0 144 144 144 144 144 145 146 146 145 144 144 144 144 144 145 145 145 145 146 146 147 147 146 145 145 147 147 146 145 145 144 144 144 145 145 146 146 146 146 146 146 146 146 146 147 147 146 146 146 146 147 147 147 147 147 147 147 147 147 147 147 148 148 148 148 148 148 148 149 149 149 149 149 149 149 150 149 150 150 150 150 150 150 151 151 151 151 151 151 151 151 151 151 151 151 152 151 151 152 152 152 152 152 152 152 152 152 152 152 153 153 153 153 153 152 153 153 153 153 153 154 154 154 154 154 154 154 154 155 155 155 155 155 155 155 155 156 156 156 156 156 156 156 156 156 157 156 156 157 157 157 157 157 158 158 158 158 158 158 158 159 158 158 159 159 159 159 158 159 159 158 158 159 159 159 160 159 159 160 160 160 160 161 160 161 161 161 161 161 161 161 161 161 161 161 161 163 163 164 164 164 164 164 164 165 165 166 166 166 166 166 166 166 166 165 165 165 165 166 165 166 166 166 166 166 167 167 167 167 167 167 166 167 167 167 167 167 167 167 167 167 167 167 167 167 168 167 167 167 167 168 168 168 168 168 168 168 168 169 169 169 169 169 170 170 170 170 171 172 171 171 172 172 172 173 173 173 173 173 173 173 173 173 173 174 174 174 174 174 174 174 174 174 0 0 0 0 0 0 0 0 0 0 0 0 0 0 0 0 0 0 0 0 0 0 0 0 0 0 0 0 0 0 0 0 0 0 0 0 0 0 0 0 0 0 0 0 0 0 0 0 0 0 0 0 0 0 0 0 0 0 0 0 0 0 0 0 
0 0 0 0 0 0 0 0 0 0 0 0 0 0 0 0 0 0 0 0 0 0 0 0 0 0 0 0 0 0 0 0 0 0 0 0 0 0 0 0 0 0 0 0 0 0 0 0 0 0 0 0 0 0 0 0 0 0 0 0 0 0 0 0 0 0 0 0 0 0 0 0 0 0 0 0 0 0 0 0 0 0 0 0 0 0 0 0 0 0 0 0 0 0 0 0 0 0 0 0 0 0 0 0 0 0 0 0 0 0 0 0 0 0 0 0 0 0 0 0 0 0 0 0 0 0 0 0 0 0 0 0 0 0 0 0 0 0 0 0 0 0 0 0 0 0 0 145 146 145 144 144 144 144 143 144 144 144 144 144 144 143 144 144 145 145 146 147 147 148 146 145 145 145 144 144 144 145 145 145 145 146 146 146 146 146 146 147 147 147 147 147 146 146 146 147 147 147 147 147 147 147 147 147 147 147 148 148 148 148 148 148 148 148 149 149 149 149 149 149 149 149 150 150 150 150 150 150 150 151 150 150 151 151 151 151 151 151 151 151 151 152 151 152 152 152 152 152 152 152 152 152 152 152 153 153 153 153 153 153 153 153 153 153 153 153 153 154 154 154 154 154 154 155 155 155 155 155 155 155 155 156 156 156 156 156 156 157 156 156 156 156 156 156 157 157 157 157 157 158 158 158 158 158 158 158 158 158 158 158 158 158 158 158 158 159 158 158 159 159 159 159 160 159 160 160 160 160 161 161 161 160 161 161 161 161 161 161 161 161 161 161 164 164 165 165 165 165 165 165 165 165 165 165 166 166 166 166 166 165 165 165 166 166 166 166 166 166 166 166 167 167 167 167 167 167 167 167 167 167 167 167 167 167 167 167 167 167 167 167 167 168 168 167 167 168 168 168 168 168 168 168 168 168 169 169 169 168 169 169 169 170 170 171 171 172 171 172 172 173 173 173 173 173 173 173 174 174 174 174 174 174 174 174 174 175 175 175 175 0 0 0 0 0 0 0 0 0 0 0 0 0 0 0 0 0 0 0 0 0 0 0 0 0 0 0 0 0 0 0 0 0 0 0 0 0 0 0 0 0 0 0 0 0 0 0 0 0 0 0 0 0 0 0 0 0 0 0 0 0 0 0 0 
0 0 0 0 0 0 0 0 0 0 0 0 0 0 0 0 0 0 0 0 0 0 0 0 0 0 0 0 0 0 0 0 0 0 0 0 0 0 0 0 0 0 0 0 0 0 0 0 0 0 0 0 0 0 0 0 0 0 0 0 0 0 0 0 0 0 0 0 0 0 0 0 0 0 0 0 0 0 0 0 0 0 0 0 0 0 0 0 0 0 0 0 0 0 0 0 0 0 0 0 0 0 0 0 0 0 0 0 0 0 0 0 0 0 0 0 0 0 0 0 0 0 0 0 0 0 0 0 0 0 0 0 0 0 0 0 0 0 0 0 0 0 0 0 0 0 0 0 145 144 144 144 144 143 144 144 145 145 145 146 145 144 144 143 144 145 146 147 148 148 146 146 146 146 145 145 145 145 145 145 145 146 146 146 146 146 147 147 147 147 147 147 146 146 146 147 147 147 147 147 147 147 147 147 148 148 148 148 148 148 148 148 148 149 149 149 149 149 149 149 149 149 150 150 150 150 150 150 150 150 150 150 151 151 151 151 151 151 151 151 152 152 152 152 152 152 152 152 152 152 152 152 152 152 153 153 153 153 153 153 153 153 153 153 154 154 154 154 154 154 154 154 155 155 155 155 155 155 155 155 156 156 156 156 156 156 156 156 157 157 157 157 157 157 156 157 157 157 157 158 158 158 159 159 158 158 158 158 158 158 158 158 158 158 158 158 158 159 159 159 159 159 160 160 160 160 160 160 161 161 161 161 160 160 161 161 161 161 161 161 161 161 164 164 165 165 165 165 165 165 166 165 165 165 165 165 165 165 165 165 165 166 166 165 165 166 166 166 166 166 167 167 167 167 167 167 167 167 167 167 167 167 167 168 168 167 167 167 167 167 168 168 168 168 168 168 168 168 168 168 168 168 168 168 168 168 169 169 169 170 170 170 170 170 171 172 171 172 172 173 173 173 173 173 173 174 174 174 174 174 175 175 174 175 175 175 175 0 0 0 0 0 0 0 0 0 0 0 0 0 0 0 0 0 0 0 0 0 0 0 0 0 0 0 0 0 0 0 0 0 0 0 0 0 0 0 0 0 0 0 0 0 0 0 0 0 0 0 0 0 0 0 0 0 0 0 0 0 0 0 0 0 0 
0 0 0 0 0 0 0 0 0 0 0 0 0 0 0 0 0 0 0 0 0 0 0 0 0 0 0 0 0 0 0 0 0 0 0 0 0 0 0 0 0 0 0 0 0 0 0 0 0 0 0 0 0 0 0 0 0 0 0 0 0 0 0 0 0 0 0 0 0 0 0 0 0 0 0 0 0 0 0 0 0 0 0 0 0 0 0 0 0 0 0 0 0 0 0 0 0 0 0 0 0 0 0 0 0 0 0 0 0 0 0 0 0 0 0 0 0 0 0 0 0 0 0 0 0 0 0 0 0 0 0 0 0 0 0 0 0 0 0 0 0 0 0 0 0 0 0 0 0 0 0 0 145 144 145 145 147 146 147 147 145 145 145 144 144 146 145 146 147 146 146 146 145 145 145 145 145 145 145 145 145 146 146 146 146 147 147 147 147 147 147 147 146 146 147 147 147 147 147 147 147 147 147 148 148 148 148 148 148 148 148 149 149 149 149 149 149 149 149 149 149 150 150 150 150 150 150 150 150 150 151 151 151 151 151 152 152 151 152 152 152 152 152 152 152 152 152 152 152 152 152 152 153 153 153 153 153 153 153 153 153 153 153 154 154 154 154 154 154 154 154 155 155 155 155 155 155 155 155 155 156 156 156 156 156 156 156 156 157 157 157 158 157 157 157 157 157 157 157 157 158 158 159 158 158 158 158 157 158 158 158 158 158 159 159 159 158 158 159 159 159 159 160 160 160 160 160 160 160 160 161 161 161 161 160 161 161 161 161 161 161 162 165 165 165 165 165 165 165 165 165 165 165 165 165 165 166 165 166 166 166 166 166 165 165 166 166 166 166 166 166 167 167 167 167 167 168 167 167 167 167 167 167 167 167 168 168 167 167 168 168 168 168 168 168 168 168 168 168 168 168 168 168 168 169 169 169 169 169 170 170 171 170 170 170 171 171 172 173 173 173 173 173 173 173 174 174 175 174 175 175 174 175 175 175 175 175 176 176 0 0 0 0 0 0 0 0 0 0 0 0 0 0 0 0 0 0 0 0 0 0 0 0 0 0 0 0 0 0 0 0 0 0 0 0 0 0 0 0 0 0 0 0 0 0 0 0 0 0 0 0 0 0 0 0 0 0 0 0 0 0 0 0 
0 0 0 0 0 0 0 0 0 0 0 0 0 0 0 0 0 0 0 0 0 0 0 0 0 0 0 0 0 0 0 0 0 0 0 0 0 0 0 0 0 0 0 0 0 0 0 0 0 0 0 0 0 0 0 0 0 0 0 0 0 0 0 0 0 0 0 0 0 0 0 0 0 0 0 0 0 0 0 0 0 0 0 0 0 0 0 0 0 0 0 0 0 0 0 0 0 0 0 0 0 0 0 0 0 0 0 0 0 0 0 0 0 0 0 0 0 0 0 0 0 0 0 0 0 0 0 0 0 0 0 0 0 0 0 0 0 0 0 0 0 0 0 0 0 0 0 0 0 0 0 0 146 146 146 147 148 148 148 148 147 147 147 148 143 143 144 145 145 145 145 145 144 144 144 145 145 145 145 145 146 146 146 146 146 147 147 147 147 147 147 147 146 147 147 147 147 147 147 147 147 147 147 148 148 148 148 148 148 148 149 149 149 149 149 149 149 149 149 149 150 150 150 150 150 150 150 151 150 151 151 151 151 151 151 152 152 152 152 152 152 152 152 152 152 152 152 152 153 152 152 152 153 153 153 153 153 153 153 153 153 153 154 154 154 154 154 154 154 154 154 155 155 155 155 155 155 155 155 156 156 156 156 156 156 156 156 156 156 157 158 157 157 157 157 157 157 157 157 157 158 158 159 159 158 158 158 158 159 159 158 158 159 159 159 159 159 158 159 159 159 159 160 160 160 160 160 160 160 160 161 161 161 161 161 161 161 161 161 162 162 162 165 165 165 164 165 165 165 165 165 165 165 165 165 166 166 166 166 166 166 165 166 166 166 166 166 166 166 167 166 167 167 167 167 167 167 167 167 167 167 167 167 167 167 167 168 168 168 168 168 168 168 168 168 168 168 168 168 168 168 168 168 169 169 169 169 170 171 171 171 172 172 171 171 171 171 172 173 173 173 173 173 173 173 174 174 174 175 175 174 174 175 175 176 176 176 175 176 0 0 0 0 0 0 0 0 0 0 0 0 0 0 0 0 0 0 0 0 0 0 0 0 0 0 0 0 0 0 0 0 0 0 0 0 0 0 0 0 0 0 0 0 0 0 0 0 0 0 0 0 0 0 0 0 0 0 0 0 0 0 0 0 
0 0 0 0 0 0 0 0 0 0 0 0 0 0 0 0 0 0 0 0 0 0 0 0 0 0 0 0 0 0 0 0 0 0 0 0 0 0 0 0 0 0 0 0 0 0 0 0 0 0 0 0 0 0 0 0 0 0 0 0 0 0 0 0 0 0 0 0 0 0 0 0 0 0 0 0 0 0 0 0 0 0 0 0 0 0 0 0 0 0 0 0 0 0 0 0 0 0 0 0 0 0 0 0 0 0 0 0 0 0 0 0 0 0 0 0 0 0 0 0 0 0 0 0 0 0 0 0 0 0 0 0 0 0 0 0 0 0 0 0 0 0 0 0 0 0 0 0 0 0 0 0 0 0 148 149 149 149 149 149 148 148 149 148 147 146 144 144 144 143 143 144 143 144 144 144 145 145 145 146 146 146 146 147 147 147 147 147 147 147 147 147 147 147 147 147 147 147 147 147 147 147 147 148 148 148 148 148 148 148 148 149 149 149 149 149 149 150 149 149 150 150 150 150 150 150 150 151 150 151 151 151 151 152 152 152 152 152 152 152 152 152 152 152 152 152 152 152 153 153 153 153 153 153 153 153 153 154 154 153 153 153 154 154 154 154 154 154 154 154 154 155 155 155 155 155 155 155 156 156 156 156 156 156 156 156 156 157 157 157 158 158 157 157 157 157 157 157 157 158 158 158 159 158 158 159 159 159 159 159 159 159 159 159 159 159 159 158 159 159 159 159 160 160 160 160 160 160 160 160 161 161 161 162 161 161 161 161 161 161 162 163 165 165 165 165 164 165 165 165 165 165 165 165 166 166 166 166 166 166 166 166 167 166 166 166 166 166 167 167 167 167 167 167 167 166 167 167 167 168 168 168 168 168 168 168 168 168 168 168 168 168 168 168 168 168 168 168 168 168 168 168 168 169 170 170 170 170 170 171 171 172 172 172 172 172 172 171 172 173 173 173 173 173 174 174 175 174 175 175 174 175 175 176 176 175 175 176 0 0 0 0 0 0 0 0 0 0 0 0 0 0 0 0 0 0 0 0 0 0 0 0 0 0 0 0 0 0 0 0 0 0 0 0 0 0 0 0 0 0 0 0 0 0 0 0 0 0 0 0 0 0 0 0 0 0 0 0 0 0 0 0 0 
0 0 0 0 0 0 0 0 0 0 0 0 0 0 0 0 0 0 0 0 0 0 0 0 0 0 0 0 0 0 0 0 0 0 0 0 0 0 0 0 0 0 0 0 0 0 0 0 0 0 0 0 0 0 0 0 0 0 0 0 0 0 0 0 0 0 0 0 0 0 0 0 0 0 0 0 0 0 0 0 0 0 0 0 0 0 0 0 0 0 0 0 0 0 0 0 0 0 0 0 0 0 0 0 0 0 0 0 0 0 0 0 0 0 0 0 0 0 0 0 0 0 0 0 0 0 0 0 0 0 0 0 0 0 0 0 0 0 0 0 0 0 0 0 0 0 0 0 0 0 0 0 0 0 0 149 149 149 149 149 148 148 148 148 147 147 146 145 145 145 146 145 144 145 145 145 145 145 146 146 146 146 147 147 147 147 147 147 147 147 147 148 147 147 147 147 147 147 147 147 148 148 148 148 148 148 148 148 148 149 149 149 149 149 149 149 149 150 149 149 150 150 150 150 150 150 151 150 150 151 151 151 151 152 152 152 152 152 152 152 152 152 152 152 152 152 152 152 153 153 153 153 153 153 153 153 153 153 154 153 153 153 153 153 153 154 154 154 154 154 155 155 155 155 155 155 155 155 156 156 156 156 156 156 156 156 156 157 157 157 157 158 157 157 157 157 157 157 157 157 158 158 158 158 158 158 159 159 159 159 159 159 159 159 159 159 158 159 159 159 159 159 160 160 160 160 160 160 160 160 161 161 161 161 161 162 162 161 161 161 162 162 165 165 164 165 165 165 165 165 165 165 165 166 166 166 167 167 167 166 166 166 167 167 167 167 167 166 167 167 167 167 167 167 167 167 167 167 167 167 167 167 168 168 168 168 168 168 168 168 168 168 168 168 168 168 168 168 169 169 169 169 169 169 170 171 171 171 171 171 171 172 173 173 173 172 172 172 173 173 173 174 174 174 174 175 174 174 174 174 174 175 175 176 175 175 176 0 0 0 0 0 0 0 0 0 0 0 0 0 0 0 0 0 0 0 0 0 0 0 0 0 0 0 0 0 0 0 0 0 0 0 0 0 0 0 0 0 0 0 0 0 0 0 0 0 0 0 0 0 0 0 0 0 0 0 0 0 0 0 0 0 0 
0 0 0 0 0 0 0 0 0 0 0 0 0 0 0 0 0 0 0 0 0 0 0 0 0 0 0 0 0 0 0 0 0 0 0 0 0 0 0 0 0 0 0 0 0 0 0 0 0 0 0 0 0 0 0 0 0 0 0 0 0 0 0 0 0 0 0 0 0 0 0 0 0 0 0 0 0 0 0 0 0 0 0 0 0 0 0 0 0 0 0 0 0 0 0 0 0 0 0 0 0 0 0 0 0 0 0 0 0 0 0 0 0 0 0 0 0 0 0 0 0 0 0 0 0 0 0 0 0 0 0 0 0 0 0 0 0 0 0 0 0 0 0 0 0 0 0 0 0 0 0 0 0 0 148 148 148 148 148 148 148 148 148 147 146 146 146 146 147 148 147 146 145 145 145 145 145 145 146 146 146 146 147 147 147 147 147 147 147 147 147 148 147 147 147 147 147 147 148 148 148 148 148 148 148 148 148 148 148 148 149 149 149 149 149 149 150 149 149 150 150 150 150 150 150 151 151 150 151 151 151 151 152 152 152 152 152 152 152 152 152 152 152 152 152 152 153 153 153 153 153 153 153 153 153 153 153 154 154 154 153 153 153 153 153 154 154 155 155 155 155 155 155 155 155 155 155 156 156 156 156 156 156 156 156 156 157 157 157 157 157 157 157 157 157 157 158 158 158 158 158 158 158 158 158 158 158 158 158 159 159 159 159 158 158 158 159 160 160 159 159 159 159 160 160 160 160 159 160 161 161 161 161 161 161 162 162 161 161 161 162 162 165 165 164 165 165 165 165 165 165 165 166 166 166 167 167 167 167 167 167 167 167 166 166 166 166 167 167 167 167 168 168 167 167 167 167 167 167 167 167 167 167 168 168 168 167 168 168 168 168 168 168 168 168 169 169 169 169 170 169 170 170 169 170 170 171 171 172 172 172 172 173 173 173 173 172 172 173 173 174 174 174 174 174 174 174 174 174 174 174 175 175 175 175 175 176 0 0 0 0 0 0 0 0 0 0 0 0 0 0 0 0 0 0 0 0 0 0 0 0 0 0 0 0 0 0 0 0 0 0 0 0 0 0 0 0 0 0 0 0 0 0 0 0 0 0 0 0 0 0 0 0 0 0 0 0 0 0 0 0 0 0 
0 0 0 0 0 0 0 0 0 0 0 0 0 0 0 0 0 0 0 0 0 0 0 0 0 0 0 0 0 0 0 0 0 0 0 0 0 0 0 0 0 0 0 0 0 0 0 0 0 0 0 0 0 0 0 0 0 0 0 0 0 0 0 0 0 0 0 0 0 0 0 0 0 0 0 0 0 0 0 0 0 0 0 0 0 0 0 0 0 0 0 0 0 0 0 0 0 0 0 0 0 0 0 0 0 0 0 0 0 0 0 0 0 0 0 0 0 0 0 0 0 0 0 0 0 0 0 0 0 0 0 0 0 0 0 0 0 0 0 0 0 0 0 0 0 0 0 0 0 0 0 0 0 148 147 147 147 147 147 148 148 147 148 148 148 148 148 149 149 148 147 146 146 145 145 145 145 145 146 146 146 147 147 147 147 147 147 147 147 147 148 148 147 147 147 147 147 147 147 148 148 148 148 148 148 148 148 148 148 149 149 149 149 149 149 149 149 149 149 150 150 150 150 150 150 151 151 150 151 151 151 151 152 152 152 152 152 152 152 153 152 152 152 152 152 152 153 153 153 153 153 153 153 153 154 154 154 154 154 154 154 154 153 154 154 154 154 155 155 155 155 155 155 155 155 155 156 156 156 156 156 156 156 156 156 157 157 157 157 157 157 157 157 157 157 157 158 158 158 158 158 158 158 159 159 159 158 158 158 158 158 158 159 158 158 159 159 160 160 159 159 159 159 160 159 160 160 159 160 160 160 161 161 161 161 161 161 161 161 161 161 162 164 165 165 165 165 165 165 165 165 166 166 166 167 167 167 167 167 167 168 168 167 167 167 167 167 166 167 167 168 168 168 168 168 168 167 168 167 167 167 167 168 168 168 168 168 168 168 168 169 169 168 168 168 168 169 169 170 170 171 171 171 170 170 170 171 172 173 173 173 173 173 173 174 173 173 172 172 173 173 174 175 175 175 174 174 174 174 174 174 175 175 175 175 175 176 176 0 0 0 0 0 0 0 0 0 0 0 0 0 0 0 0 0 0 0 0 0 0 0 0 0 0 0 0 0 0 0 0 0 0 0 0 0 0 0 0 0 0 0 0 0 0 0 0 0 0 0 0 0 0 0 0 0 0 0 0 0 0 0 0 0 
0 0 0 0 0 0 0 0 0 0 0 0 0 0 0 0 0 0 0 0 0 0 0 0 0 0 0 0 0 0 0 0 0 0 0 0 0 0 0 0 0 0 0 0 0 0 0 0 0 0 0 0 0 0 0 0 0 0 0 0 0 0 0 0 0 0 0 0 0 0 0 0 0 0 0 0 0 0 0 0 0 0 0 0 0 0 0 0 0 0 0 0 0 0 0 0 0 0 0 0 0 0 0 0 0 0 0 0 0 0 0 0 0 0 0 0 0 0 0 0 0 0 0 0 0 0 0 0 0 0 0 0 0 0 0 0 0 0 0 0 0 0 0 0 0 0 0 0 0 0 0 0 0 148 147 148 147 147 146 147 148 148 149 150 150 149 149 150 149 148 147 146 146 145 145 145 145 146 146 146 146 147 147 147 147 147 147 147 147 148 148 148 147 147 147 147 147 147 147 148 148 148 148 148 148 148 148 148 148 149 149 149 149 149 149 149 149 149 149 150 150 150 150 150 150 150 151 150 151 151 151 151 152 152 152 152 152 152 152 152 152 152 152 152 152 152 153 153 153 153 153 153 153 153 153 154 154 154 154 154 154 154 154 154 154 154 155 155 155 155 155 155 155 155 156 156 156 156 156 156 156 156 156 157 157 157 157 157 157 157 157 157 157 157 157 157 158 158 158 158 158 158 158 159 159 159 158 158 158 159 159 158 158 158 159 159 160 160 160 160 160 159 160 160 160 160 160 159 160 160 160 160 161 161 161 161 161 161 161 161 161 162 164 165 165 165 165 165 165 165 166 166 166 166 167 167 167 167 167 168 167 168 168 167 167 166 166 166 167 167 168 169 168 168 168 168 168 168 168 168 168 168 168 168 168 167 168 168 168 168 169 169 168 168 169 168 168 168 169 170 170 171 172 171 170 170 171 172 172 173 172 173 173 174 174 174 173 172 172 173 174 175 175 175 175 175 175 174 174 174 174 175 175 175 175 176 176 0 0 0 0 0 0 0 0 0 0 0 0 0 0 0 0 0 0 0 0 0 0 0 0 0 0 0 0 0 0 0 0 0 0 0 0 0 0 0 0 0 0 0 0 0 0 0 0 0 0 0 0 0 0 0 0 0 0 0 0 0 0 0 0 0 0 
0 0 0 0 0 0 0 0 0 0 0 0 0 0 0 0 0 0 0 0 0 0 0 0 0 0 0 0 0 0 0 0 0 0 0 0 0 0 0 0 0 0 0 0 0 0 0 0 0 0 0 0 0 0 0 0 0 0 0 0 0 0 0 0 0 0 0 0 0 0 0 0 0 0 0 0 0 0 0 0 0 0 0 0 0 0 0 0 0 0 0 0 0 0 0 0 0 0 0 0 0 0 0 0 0 0 0 0 0 0 0 0 0 0 0 0 0 0 0 0 0 0 0 0 0 0 0 0 0 0 0 0 0 0 0 0 0 0 0 0 0 0 0 0 0 0 0 0 0 0 0 148 148 148 149 149 148 148 147 146 147 149 149 149 149 149 150 150 149 148 148 148 147 146 145 145 145 146 146 146 147 147 147 147 147 147 147 147 147 148 148 148 147 147 147 147 147 147 148 148 148 148 148 148 148 149 149 149 148 149 149 149 149 149 149 149 149 150 150 150 150 150 150 150 150 150 150 150 151 151 151 151 152 152 152 152 152 152 152 152 153 152 152 152 152 152 153 153 153 153 153 153 153 153 154 154 154 154 154 154 154 154 154 154 154 154 155 155 155 155 155 155 155 156 156 156 156 156 156 156 156 156 156 157 157 157 157 157 157 157 157 157 157 157 158 157 157 158 158 158 158 158 158 159 159 158 159 158 159 159 159 159 159 159 160 160 160 160 160 160 160 160 160 161 160 160 160 159 160 160 160 160 161 161 161 161 161 161 161 161 161 161 164 164 164 165 165 165 166 165 166 166 167 167 167 167 167 167 167 167 167 167 168 168 167 167 166 167 167 167 168 168 168 167 167 168 167 167 168 168 168 168 167 167 167 167 168 168 168 168 168 169 168 168 169 169 170 170 169 169 170 170 171 172 172 171 171 171 172 172 172 173 173 174 174 174 173 173 173 174 174 174 174 174 175 175 175 175 175 175 175 175 175 175 175 176 176 0 0 0 0 0 0 0 0 0 0 0 0 0 0 0 0 0 0 0 0 0 0 0 0 0 0 0 0 0 0 0 0 0 0 0 0 0 0 0 0 0 0 0 0 0 0 0 0 0 0 0 0 0 0 0 0 0 0 0 0 0 0 0 0 0 0 
0 0 0 0 0 0 0 0 0 0 0 0 0 0 0 0 0 0 0 0 0 0 0 0 0 0 0 0 0 0 0 0 0 0 0 0 0 0 0 0 0 0 0 0 0 0 0 0 0 0 0 0 0 0 0 0 0 0 0 0 0 0 0 0 0 0 0 0 0 0 0 0 0 0 0 0 0 0 0 0 0 0 0 0 0 0 0 0 0 0 0 0 0 0 0 0 0 0 0 0 0 0 0 0 0 0 0 0 0 0 0 0 0 0 0 0 0 0 0 0 0 0 0 0 0 0 0 0 0 0 0 0 0 0 0 0 0 0 0 0 0 0 0 0 0 0 0 0 0 0 0 148 148 149 150 148 148 148 148 146 147 148 148 147 148 147 149 150 149 149 149 149 148 147 145 145 145 146 146 146 147 147 147 147 147 147 147 147 148 148 148 148 147 147 147 147 147 148 148 148 148 148 148 148 148 149 149 149 149 149 149 149 149 149 149 150 150 150 150 150 150 150 150 150 150 150 150 151 151 151 151 151 152 152 152 152 152 152 152 153 153 153 153 152 152 152 153 153 153 153 153 153 153 154 154 154 154 154 154 155 154 154 154 154 154 154 155 155 155 155 155 155 156 156 156 156 156 156 156 156 156 156 157 157 157 157 157 157 157 157 157 158 158 157 157 158 158 158 158 158 158 158 158 159 159 159 159 159 159 160 160 160 160 160 160 160 160 160 160 160 160 160 160 161 161 161 160 160 159 160 160 160 160 160 161 161 161 161 161 161 161 162 164 164 165 165 165 165 166 166 166 166 167 167 166 167 167 167 167 167 167 168 168 168 168 167 167 167 168 168 168 168 167 167 167 167 167 167 167 168 168 167 167 167 167 167 168 168 168 169 168 169 169 169 169 169 170 171 170 170 170 171 171 172 172 172 172 172 172 172 172 172 173 173 174 175 174 174 174 175 175 174 175 174 174 175 175 175 175 175 175 175 175 176 176 176 0 0 0 0 0 0 0 0 0 0 0 0 0 0 0 0 0 0 0 0 0 0 0 0 0 0 0 0 0 0 0 0 0 0 0 0 0 0 0 0 0 0 0 0 0 0 0 0 0 0 0 0 0 0 0 0 0 0 0 0 0 0 0 0 0 0 0 
0 0 0 0 0 0 0 0 0 0 0 0 0 0 0 0 0 0 0 0 0 0 0 0 0 0 0 0 0 0 0 0 0 0 0 0 0 0 0 0 0 0 0 0 0 0 0 0 0 0 0 0 0 0 0 0 0 0 0 0 0 0 0 0 0 0 0 0 0 0 0 0 0 0 0 0 0 0 0 0 0 0 0 0 0 0 0 0 0 0 0 0 0 0 0 0 0 0 0 0 0 0 0 0 0 0 0 0 0 0 0 0 0 0 0 0 0 0 0 0 0 0 0 0 0 0 0 0 0 0 0 0 0 0 0 0 0 0 0 0 0 0 0 0 0 0 0 0 0 0 0 149 149 149 148 147 147 148 148 147 146 147 147 147 147 147 149 150 150 150 150 149 148 147 146 145 145 146 146 146 147 147 147 147 147 147 147 148 147 148 148 148 147 147 148 148 148 148 148 148 148 148 148 148 148 149 149 149 149 149 149 149 149 149 149 150 150 150 150 150 150 150 151 151 151 151 151 151 151 152 152 151 152 152 152 152 152 152 152 153 153 153 153 152 152 152 153 153 153 153 154 154 154 154 154 154 154 154 154 154 154 154 154 154 154 155 155 155 155 155 155 156 156 156 156 156 156 156 156 156 156 157 157 157 157 157 157 157 157 157 157 158 158 158 157 158 158 158 158 158 158 158 158 159 159 159 159 159 159 159 159 160 160 160 160 160 160 160 160 160 160 160 160 161 160 160 160 160 160 160 160 160 160 161 161 161 161 161 161 161 162 162 164 164 165 165 166 166 166 166 167 166 167 166 167 166 166 166 167 167 167 167 168 168 168 168 167 168 168 168 168 168 167 167 167 166 167 167 167 168 168 168 167 167 167 168 168 168 169 169 169 169 169 169 170 170 170 171 171 170 170 171 171 172 172 173 173 173 173 172 172 173 173 174 174 174 175 175 175 175 175 175 175 175 174 174 175 175 175 175 175 176 175 175 175 176 0 0 0 0 0 0 0 0 0 0 0 0 0 0 0 0 0 0 0 0 0 0 0 0 0 0 0 0 0 0 0 0 0 0 0 0 0 0 0 0 0 0 0 0 0 0 0 0 0 0 0 0 0 0 0 0 0 0 0 0 0 0 0 0 0 0 0 
0 0 0 0 0 0 0 0 0 0 0 0 0 0 0 0 0 0 0 0 0 0 0 0 0 0 0 0 0 0 0 0 0 0 0 0 0 0 0 0 0 0 0 0 0 0 0 0 0 0 0 0 0 0 0 0 0 0 0 0 0 0 0 0 0 0 0 0 0 0 0 0 0 0 0 0 0 0 0 0 0 0 0 0 0 0 0 0 0 0 0 0 0 0 0 0 0 0 0 0 0 0 0 0 0 0 0 0 0 0 0 0 0 0 0 0 0 0 0 0 0 0 0 0 0 0 0 0 0 0 0 0 0 0 0 0 0 0 0 0 0 0 0 0 0 0 0 0 0 0 0 0 149 148 147 148 148 147 147 147 147 147 146 147 147 147 148 149 150 151 150 149 148 147 147 146 145 146 146 147 147 147 147 147 148 148 148 148 148 148 148 148 147 147 147 148 148 148 148 148 148 148 148 148 148 149 149 149 149 149 149 149 149 149 149 150 150 150 151 151 151 151 151 151 151 151 151 151 152 152 152 152 152 152 152 152 152 152 152 152 153 153 153 152 152 152 153 153 153 154 154 154 154 154 154 154 154 154 154 154 154 154 154 154 155 155 155 155 155 155 156 156 156 156 156 156 156 156 156 157 157 157 157 157 157 157 157 157 157 157 157 158 158 158 158 158 158 159 159 159 158 158 158 159 159 159 159 159 159 159 159 160 160 160 160 160 160 160 160 160 160 161 161 161 160 160 160 160 160 160 160 160 161 161 161 161 161 161 161 161 162 161 164 165 165 165 165 166 166 166 167 166 166 166 166 166 167 167 167 168 168 168 168 168 168 168 168 167 168 168 168 168 168 167 167 167 167 167 167 167 167 167 167 167 168 168 168 168 168 169 169 169 169 169 170 170 171 171 172 171 171 171 171 172 172 172 173 173 173 173 172 173 173 174 175 174 174 175 175 175 175 175 175 175 175 175 175 175 175 175 175 175 175 175 176 176 0 0 0 0 0 0 0 0 0 0 0 0 0 0 0 0 0 0 0 0 0 0 0 0 0 0 0 0 0 0 0 0 0 0 0 0 0 0 0 0 0 0 0 0 0 0 0 0 0 0 0 0 0 0 0 0 0 0 0 0 0 0 0 0 0 0 0 
0 0 0 0 0 0 0 0 0 0 0 0 0 0 0 0 0 0 0 0 0 0 0 0 0 0 0 0 0 0 0 0 0 0 0 0 0 0 0 0 0 0 0 0 0 0 0 0 0 0 0 0 0 0 0 0 0 0 0 0 0 0 0 0 0 0 0 0 0 0 0 0 0 0 0 0 0 0 0 0 0 0 0 0 0 0 0 0 0 0 0 0 0 0 0 0 0 0 0 0 0 0 0 0 0 0 0 0 0 0 0 0 0 0 0 0 0 0 0 0 0 0 0 0 0 0 0 0 0 0 0 0 0 0 0 0 0 0 0 0 0 0 0 0 0 0 0 0 0 0 0 0 149 149 149 149 149 148 148 148 148 147 146 146 146 147 147 147 149 149 149 148 147 147 146 146 146 146 146 147 147 147 147 148 148 148 148 148 148 148 148 148 148 148 148 148 148 148 148 148 148 149 149 149 149 149 149 149 149 149 149 149 149 149 150 150 150 150 151 151 151 151 151 151 151 152 152 152 152 152 152 152 152 152 152 152 152 153 153 153 153 153 153 153 153 153 153 153 153 154 154 154 154 154 154 154 154 154 154 154 154 154 154 154 155 155 155 155 155 156 156 156 156 156 156 156 156 156 157 157 157 157 157 157 157 157 157 157 157 158 158 158 158 158 158 158 158 158 159 159 159 158 158 159 159 159 159 159 159 159 160 160 160 160 160 160 160 160 160 160 160 161 161 161 160 160 160 160 160 160 160 160 161 161 161 161 162 161 161 162 162 161 164 165 165 165 165 165 166 165 166 166 166 166 166 166 167 167 168 168 168 168 168 168 168 168 168 168 167 168 168 168 168 167 167 167 167 167 167 167 167 167 167 168 168 168 168 168 168 169 169 169 169 170 170 171 171 171 172 172 172 171 171 172 172 172 172 172 173 173 173 174 174 175 174 174 174 174 174 174 174 174 174 174 175 175 175 176 175 175 175 175 175 175 176 0 0 0 0 0 0 0 0 0 0 0 0 0 0 0 0 0 0 0 0 0 0 0 0 0 0 0 0 0 0 0 0 0 0 0 0 0 0 0 0 0 0 0 0 0 0 0 0 0 0 0 0 0 0 0 0 0 0 0 0 0 0 0 0 0 0 0 0 
0 0 0 0 0 0 0 0 0 0 0 0 0 0 0 0 0 0 0 0 0 0 0 0 0 0 0 0 0 0 0 0 0 0 0 0 0 0 0 0 0 0 0 0 0 0 0 0 0 0 0 0 0 0 0 0 0 0 0 0 0 0 0 0 0 0 0 0 0 0 0 0 0 0 0 0 0 0 0 0 0 0 0 0 0 0 0 0 0 0 0 0 0 0 0 0 0 0 0 0 0 0 0 0 0 0 0 0 0 0 0 0 0 0 0 0 0 0 0 0 0 0 0 0 0 0 0 0 0 0 0 0 0 0 0 0 0 0 0 0 0 0 0 0 0 0 0 0 0 0 0 0 0 150 150 150 149 148 147 147 147 147 147 148 147 146 146 147 147 148 149 148 146 146 146 146 146 146 146 147 147 147 147 148 148 148 148 148 148 148 148 148 148 148 148 148 148 148 148 148 148 149 149 149 149 149 149 149 149 149 149 149 149 150 150 150 150 150 151 151 151 151 151 151 152 152 152 152 152 152 152 152 152 152 152 153 153 153 153 153 153 153 153 153 152 153 153 153 153 154 154 154 154 154 154 154 154 154 154 155 155 154 154 154 155 155 155 155 156 156 156 156 156 156 156 156 156 157 157 157 157 157 157 157 157 157 157 157 157 158 158 158 158 158 158 159 159 159 159 159 159 159 159 159 159 159 159 159 159 159 160 160 160 160 160 160 160 160 160 160 160 161 161 161 160 160 160 160 160 161 161 161 161 161 161 162 162 162 161 162 162 162 165 165 165 165 165 165 165 165 165 166 166 166 166 167 167 168 168 168 168 168 167 168 168 167 167 168 167 168 168 167 167 167 167 167 167 167 167 167 167 168 168 168 168 168 168 168 168 168 168 169 169 169 169 170 171 171 172 172 172 172 172 172 172 172 172 173 173 173 173 174 175 175 174 174 174 174 174 174 174 174 174 173 174 174 175 176 175 175 174 174 175 175 176 0 0 0 0 0 0 0 0 0 0 0 0 0 0 0 0 0 0 0 0 0 0 0 0 0 0 0 0 0 0 0 0 0 0 0 0 0 0 0 0 0 0 0 0 0 0 0 0 0 0 0 0 0 0 0 0 0 0 0 0 0 0 0 0 0 0 0 0 
0 0 0 0 0 0 0 0 0 0 0 0 0 0 0 0 0 0 0 0 0 0 0 0 0 0 0 0 0 0 0 0 0 0 0 0 0 0 0 0 0 0 0 0 0 0 0 0 0 0 0 0 0 0 0 0 0 0 0 0 0 0 0 0 0 0 0 0 0 0 0 0 0 0 0 0 0 0 0 0 0 0 0 0 0 0 0 0 0 0 0 0 0 0 0 0 0 0 0 0 0 0 0 0 0 0 0 0 0 0 0 0 0 0 0 0 0 0 0 0 0 0 0 0 0 0 0 0 0 0 0 0 0 0 0 0 0 0 0 0 0 0 0 0 0 0 0 0 0 0 0 0 149 149 150 150 149 147 148 148 149 149 148 148 148 147 146 146 147 149 149 148 147 147 146 146 146 146 147 147 147 147 148 148 148 148 148 148 148 148 148 148 148 148 148 148 148 148 148 148 148 149 149 149 149 149 149 149 149 149 149 149 149 150 150 150 151 151 151 151 151 151 151 151 152 152 152 152 152 152 152 152 152 152 152 153 153 153 153 153 153 153 152 152 153 153 153 153 153 154 154 154 154 154 154 154 154 155 155 155 155 155 154 154 155 155 155 156 156 156 156 156 156 156 156 156 157 157 157 157 157 157 157 157 157 157 158 158 158 158 158 158 158 158 158 158 159 158 158 159 159 159 159 159 159 159 160 160 160 160 160 160 160 160 160 160 160 160 161 160 160 161 161 161 161 161 160 160 160 161 161 161 161 161 161 162 162 162 161 162 162 162 165 165 165 165 165 165 165 165 165 166 166 166 166 167 167 168 168 168 167 167 167 167 167 167 167 167 167 167 167 167 167 167 167 167 167 167 167 168 168 168 168 168 168 168 169 169 170 170 169 169 168 168 169 170 170 171 171 172 172 172 172 173 172 172 173 173 173 174 174 174 174 174 174 174 174 174 175 175 174 175 174 174 173 174 175 175 174 174 174 175 175 176 176 0 0 0 0 0 0 0 0 0 0 0 0 0 0 0 0 0 0 0 0 0 0 0 0 0 0 0 0 0 0 0 0 0 0 0 0 0 0 0 0 0 0 0 0 0 0 0 0 0 0 0 0 0 0 0 0 0 0 0 0 0 0 0 0 0 0 0 0 
0 0 0 0 0 0 0 0 0 0 0 0 0 0 0 0 0 0 0 0 0 0 0 0 0 0 0 0 0 0 0 0 0 0 0 0 0 0 0 0 0 0 0 0 0 0 0 0 0 0 0 0 0 0 0 0 0 0 0 0 0 0 0 0 0 0 0 0 0 0 0 0 0 0 0 0 0 0 0 0 0 0 0 0 0 0 0 0 0 0 0 0 0 0 0 0 0 0 0 0 0 0 0 0 0 0 0 0 0 0 0 0 0 0 0 0 0 0 0 0 0 0 0 0 0 0 0 0 0 0 0 0 0 0 0 0 0 0 0 0 0 0 0 0 0 0 0 0 0 0 0 0 149 149 148 148 148 148 150 150 150 150 149 148 148 147 146 146 146 146 147 147 147 147 147 146 146 147 147 147 147 148 148 148 148 148 148 148 148 148 148 148 148 148 148 148 148 148 148 148 149 149 149 149 149 149 149 149 149 149 149 149 150 150 150 150 151 151 151 151 151 151 151 151 151 152 152 152 152 152 152 152 152 152 152 153 153 153 153 153 153 153 153 153 153 153 153 153 153 153 154 154 154 154 154 154 154 154 155 155 155 155 154 154 155 155 156 156 156 156 156 156 156 156 156 157 157 157 157 157 157 157 157 157 157 158 158 158 158 158 158 158 158 158 158 158 158 158 159 159 159 159 159 159 159 159 160 160 160 160 160 160 161 160 160 160 160 160 160 160 160 161 161 161 161 161 161 161 161 161 161 161 161 161 161 162 162 162 162 162 162 162 165 165 165 165 165 165 165 165 166 166 166 166 166 166 167 167 168 167 167 167 166 166 166 167 167 167 167 167 167 167 167 167 167 167 167 167 167 168 168 168 168 168 169 168 169 169 169 170 170 170 169 169 169 169 170 170 170 171 172 172 172 173 172 172 172 173 173 174 174 175 175 175 175 174 175 175 175 175 175 175 175 174 174 173 174 175 174 175 175 176 176 176 177 177 176 176 0 0 0 0 0 0 0 0 0 0 0 0 0 0 0 0 0 0 0 0 0 0 0 0 0 0 0 0 0 0 0 0 0 0 0 0 0 0 0 0 0 0 0 0 0 0 0 0 0 0 0 0 0 0 0 0 0 0 0 0 0 0 0 0 0 
0 0 0 0 0 0 0 0 0 0 0 0 0 0 0 0 0 0 0 0 0 0 0 0 0 0 0 0 0 0 0 0 0 0 0 0 0 0 0 0 0 0 0 0 0 0 0 0 0 0 0 0 0 0 0 0 0 0 0 0 0 0 0 0 0 0 0 0 0 0 0 0 0 0 0 0 0 0 0 0 0 0 0 0 0 0 0 0 0 0 0 0 0 0 0 0 0 0 0 0 0 0 0 0 0 0 0 0 0 0 0 0 0 0 0 0 0 0 0 0 0 0 0 0 0 0 0 0 0 0 0 0 0 0 0 0 0 0 0 0 0 0 0 0 0 0 0 0 0 0 0 0 150 150 149 149 148 149 150 149 149 149 149 149 148 147 147 147 147 147 146 146 146 147 146 146 147 147 147 147 148 148 148 148 148 148 148 148 148 148 149 149 148 148 148 148 148 148 149 149 149 149 149 149 149 149 149 149 149 149 149 150 150 150 150 150 150 151 151 151 151 151 151 151 151 152 152 152 152 152 152 152 152 152 153 152 153 153 153 153 153 153 153 153 154 154 153 153 153 153 154 154 154 154 154 154 154 154 155 155 155 155 154 155 155 155 156 156 156 156 156 156 156 156 157 157 157 157 157 157 157 157 157 157 157 157 158 158 158 158 158 158 158 158 158 158 159 159 159 159 159 159 159 159 159 159 159 160 160 160 160 160 161 161 160 160 161 161 161 161 161 160 160 161 162 161 161 161 161 161 161 161 161 161 161 162 162 162 162 162 162 162 165 165 165 165 165 165 165 165 166 166 166 166 167 166 167 167 167 167 167 166 166 166 166 167 167 167 167 167 167 167 167 167 167 167 167 168 168 168 168 168 168 169 169 169 169 170 170 170 170 171 169 169 170 170 171 170 171 172 172 172 173 173 173 173 173 173 173 174 174 174 174 175 175 175 175 175 175 176 175 175 174 174 174 174 174 174 174 174 175 176 176 176 176 176 176 176 175 0 0 0 0 0 0 0 0 0 0 0 0 0 0 0 0 0 0 0 0 0 0 0 0 0 0 0 0 0 0 0 0 0 0 0 0 0 0 0 0 0 0 0 0 0 0 0 0 0 0 0 0 0 0 0 0 0 0 0 0 0 0 0 0 
0 0 0 0 0 0 0 0 0 0 0 0 0 0 0 0 0 0 0 0 0 0 0 0 0 0 0 0 0 0 0 0 0 0 0 0 0 0 0 0 0 0 0 0 0 0 0 0 0 0 0 0 0 0 0 0 0 0 0 0 0 0 0 0 0 0 0 0 0 0 0 0 0 0 0 0 0 0 0 0 0 0 0 0 0 0 0 0 0 0 0 0 0 0 0 0 0 0 0 0 0 0 0 0 0 0 0 0 0 0 0 0 0 0 0 0 0 0 0 0 0 0 0 0 0 0 0 0 0 0 0 0 0 0 0 0 0 0 0 0 0 0 0 0 0 0 0 0 0 0 0 0 0 150 150 149 149 150 150 150 149 149 148 148 148 147 147 147 147 147 147 147 146 146 146 147 147 147 147 148 148 148 148 148 148 148 148 148 149 149 149 149 148 148 148 148 148 148 149 149 149 149 149 149 149 149 149 149 149 149 149 150 150 150 150 150 150 151 151 151 151 151 151 151 152 152 152 152 152 152 152 152 152 152 153 153 153 153 153 153 153 153 153 154 154 153 153 153 153 153 154 154 154 154 154 154 154 155 155 155 155 155 155 155 155 155 156 156 156 156 156 156 156 157 157 157 157 157 157 157 157 157 157 158 158 158 158 158 158 158 158 158 158 158 158 159 159 159 159 159 159 159 159 160 160 159 159 160 160 160 161 161 161 161 161 160 161 161 161 161 161 161 161 161 161 162 161 161 161 161 161 161 161 161 161 161 162 162 162 162 163 163 165 165 165 165 165 165 165 166 166 166 166 166 166 167 166 167 167 167 166 166 166 166 167 167 167 167 167 167 167 167 167 167 167 168 168 168 168 168 168 168 168 168 168 169 169 169 170 170 171 171 170 170 170 171 172 171 171 171 172 172 173 173 173 173 173 174 174 174 174 174 174 174 174 174 175 175 176 176 176 175 175 174 174 174 175 175 174 174 174 174 175 175 176 176 176 176 176 175 176 0 0 0 0 0 0 0 0 0 0 0 0 0 0 0 0 0 0 0 0 0 0 0 0 0 0 0 0 0 0 0 0 0 0 0 0 0 0 0 0 0 0 0 0 0 0 0 0 0 0 0 0 0 0 0 0 0 0 0 0 0 0 
0 0 0 0 0 0 0 0 0 0 0 0 0 0 0 0 0 0 0 0 0 0 0 0 0 0 0 0 0 0 0 0 0 0 0 0 0 0 0 0 0 0 0 0 0 0 0 0 0 0 0 0 0 0 0 0 0 0 0 0 0 0 0 0 0 0 0 0 0 0 0 0 0 0 0 0 0 0 0 0 0 0 0 0 0 0 0 0 0 0 0 0 0 0 0 0 0 0 0 0 0 0 0 0 0 0 0 0 0 0 0 0 0 0 0 0 0 0 0 0 0 0 0 0 0 0 0 0 0 0 0 0 0 0 0 0 0 0 0 0 0 0 0 0 0 0 0 0 0 0 0 0 0 0 150 150 150 151 152 151 150 149 149 148 148 148 148 149 148 147 146 146 146 146 147 147 147 147 148 148 148 148 148 148 148 148 149 149 149 149 149 149 148 148 149 149 149 149 149 149 149 149 149 149 149 149 149 150 150 150 150 150 150 150 150 150 151 151 151 151 151 151 151 151 152 152 152 152 152 152 152 152 152 152 153 153 153 153 153 153 153 153 153 154 154 154 154 154 153 153 153 154 154 154 155 155 155 155 155 155 155 155 155 155 155 155 156 156 156 156 156 156 156 157 157 157 157 157 157 157 157 157 158 158 158 158 158 158 158 158 158 158 158 158 159 159 159 159 159 159 159 159 159 160 159 159 159 160 160 160 161 161 161 161 160 160 161 161 161 161 162 161 161 161 161 162 162 161 161 161 161 161 162 161 161 161 162 162 162 162 162 163 165 165 165 165 165 166 166 166 166 167 167 167 166 166 166 167 167 166 166 166 166 167 167 167 167 167 167 167 167 168 168 168 168 168 168 168 168 168 168 169 169 169 169 169 169 170 170 170 171 171 170 170 171 171 172 172 171 171 171 172 172 173 173 174 173 173 174 175 175 175 174 174 174 174 175 175 176 175 175 175 175 175 175 175 176 175 175 175 174 174 174 175 175 175 175 175 176 175 176 176 0 0 0 0 0 0 0 0 0 0 0 0 0 0 0 0 0 0 0 0 0 0 0 0 0 0 0 0 0 0 0 0 0 0 0 0 0 0 0 0 0 0 0 0 0 0 0 0 0 0 0 0 0 0 0 0 0 0 0 0 0 
0 0 0 0 0 0 0 0 0 0 0 0 0 0 0 0 0 0 0 0 0 0 0 0 0 0 0 0 0 0 0 0 0 0 0 0 0 0 0 0 0 0 0 0 0 0 0 0 0 0 0 0 0 0 0 0 0 0 0 0 0 0 0 0 0 0 0 0 0 0 0 0 0 0 0 0 0 0 0 0 0 0 0 0 0 0 0 0 0 0 0 0 0 0 0 0 0 0 0 0 0 0 0 0 0 0 0 0 0 0 0 0 0 0 0 0 0 0 0 0 0 0 0 0 0 0 0 0 0 0 0 0 0 0 0 0 0 0 0 0 0 0 0 0 0 0 0 0 0 0 0 0 0 0 0 151 151 152 151 151 151 150 149 149 149 149 149 149 149 148 147 147 146 146 147 147 147 147 148 148 148 148 148 148 148 148 149 149 149 149 149 149 148 148 149 149 149 149 149 149 149 149 149 149 149 149 149 150 150 150 150 150 150 150 150 151 151 151 151 151 151 151 151 151 152 152 152 152 152 152 152 152 153 153 153 153 153 153 153 153 153 153 153 154 154 154 154 154 154 154 153 154 154 154 155 155 155 155 155 155 155 155 155 155 155 156 156 156 156 156 156 156 157 157 157 157 157 157 157 157 157 158 158 158 158 158 158 158 158 158 158 159 159 158 159 159 158 159 159 159 159 160 160 160 160 159 159 160 160 160 161 161 161 160 161 161 161 161 161 161 161 161 161 161 161 162 162 161 161 161 161 161 162 162 162 162 162 162 162 162 162 162 165 165 165 165 166 166 166 166 166 166 167 167 167 166 166 167 167 166 166 166 167 167 167 167 167 167 167 168 168 168 168 168 168 168 168 168 168 168 169 169 169 170 170 169 169 169 170 170 170 171 170 170 171 171 172 172 172 172 172 172 173 173 174 174 174 175 175 176 175 175 175 175 174 174 175 176 175 174 174 175 175 175 174 175 176 176 176 176 175 175 174 174 174 175 176 175 175 175 176 176 177 0 0 0 0 0 0 0 0 0 0 0 0 0 0 0 0 0 0 0 0 0 0 0 0 0 0 0 0 0 0 0 0 0 0 0 0 0 0 0 0 0 0 0 0 0 0 0 0 0 0 0 0 0 0 0 0 0 0 0 0 
0 0 0 0 0 0 0 0 0 0 0 0 0 0 0 0 0 0 0 0 0 0 0 0 0 0 0 0 0 0 0 0 0 0 0 0 0 0 0 0 0 0 0 0 0 0 0 0 0 0 0 0 0 0 0 0 0 0 0 0 0 0 0 0 0 0 0 0 0 0 0 0 0 0 0 0 0 0 0 0 0 0 0 0 0 0 0 0 0 0 0 0 0 0 0 0 0 0 0 0 0 0 0 0 0 0 0 0 0 0 0 0 0 0 0 0 0 0 0 0 0 0 0 0 0 0 0 0 0 0 0 0 0 0 0 0 0 0 0 0 0 0 0 0 0 0 0 0 0 0 0 0 0 0 0 0 0 151 151 150 150 149 149 149 149 149 148 148 148 148 148 147 146 146 147 147 147 148 148 148 148 148 148 148 149 149 149 149 149 149 149 149 148 149 149 149 149 149 149 149 149 149 149 149 149 149 149 149 150 150 150 150 150 150 150 150 151 151 151 151 151 151 151 152 152 152 152 152 152 152 152 153 153 153 153 153 153 153 153 153 153 153 153 154 154 154 154 154 154 154 154 154 154 154 154 155 155 155 155 155 155 155 155 155 156 156 156 156 156 156 157 157 157 157 157 157 157 157 157 157 158 158 158 158 158 158 158 158 158 158 158 158 158 158 158 158 159 159 159 159 159 160 160 160 160 159 159 159 160 160 161 161 161 161 161 161 161 161 161 161 161 161 161 161 161 161 162 161 161 161 161 161 162 162 162 162 162 162 162 162 162 162 165 165 166 166 166 166 166 166 166 167 167 167 167 167 166 166 166 166 166 167 167 167 167 167 167 167 168 168 168 168 168 168 168 168 168 168 169 169 169 169 169 169 169 170 170 169 169 169 170 170 170 170 171 171 171 172 172 172 173 173 173 173 173 174 174 175 174 175 174 174 174 175 174 174 175 175 175 175 174 174 175 175 175 175 176 176 176 176 176 176 176 175 175 174 175 176 175 175 176 176 177 177 177 0 0 0 0 0 0 0 0 0 0 0 0 0 0 0 0 0 0 0 0 0 0 0 0 0 0 0 0 0 0 0 0 0 0 0 0 0 0 0 0 0 0 0 0 0 0 0 0 0 0 0 0 0 0 0 0 0 0 
0 0 0 0 0 0 0 0 0 0 0 0 0 0 0 0 0 0 0 0 0 0 0 0 0 0 0 0 0 0 0 0 0 0 0 0 0 0 0 0 0 0 0 0 0 0 0 0 0 0 0 0 0 0 0 0 0 0 0 0 0 0 0 0 0 0 0 0 0 0 0 0 0 0 0 0 0 0 0 0 0 0 0 0 0 0 0 0 0 0 0 0 0 0 0 0 0 0 0 0 0 0 0 0 0 0 0 0 0 0 0 0 0 0 0 0 0 0 0 0 0 0 0 0 0 0 0 0 0 0 0 0 0 0 0 0 0 0 0 0 0 0 0 0 0 0 0 0 0 0 0 0 0 0 0 0 0 0 0 0 151 150 150 150 150 149 148 148 147 147 148 147 147 146 147 147 147 148 148 148 148 148 148 148 149 149 149 149 149 149 149 149 149 149 149 149 149 149 149 149 149 149 149 149 149 149 149 149 150 150 150 150 150 150 150 150 151 151 151 151 151 151 151 151 152 152 152 152 152 152 153 153 153 153 153 153 153 153 153 153 153 154 154 154 154 155 154 154 154 154 154 154 154 154 154 155 155 155 155 155 155 155 155 156 156 156 156 156 156 156 157 157 157 157 157 157 157 157 158 158 158 158 158 158 158 158 158 158 158 159 159 159 158 159 159 159 159 160 159 159 159 159 160 160 160 160 160 160 160 160 160 160 161 161 161 161 161 161 161 161 161 161 161 161 161 161 162 162 161 161 161 161 161 162 162 162 162 162 162 162 163 163 166 166 166 166 166 166 166 166 166 166 167 166 166 166 166 166 166 166 167 167 167 167 167 167 167 168 168 168 168 168 168 168 168 168 168 168 168 168 169 169 169 170 170 170 170 170 169 169 170 170 170 171 171 171 171 172 171 172 172 173 173 173 173 173 174 175 174 174 175 174 174 174 174 174 175 175 175 174 175 174 175 175 174 175 176 176 175 175 175 176 175 176 175 175 175 176 175 175 176 176 177 177 177 178 178 0 0 0 0 0 0 0 0 0 0 0 0 0 0 0 0 0 0 0 0 0 0 0 0 0 0 0 0 0 0 0 0 0 0 0 0 0 0 0 0 0 0 0 0 0 0 0 0 0 0 0 0 0 0 0 0 
0 0 0 0 0 0 0 0 0 0 0 0 0 0 0 0 0 0 0 0 0 0 0 0 0 0 0 0 0 0 0 0 0 0 0 0 0 0 0 0 0 0 0 0 0 0 0 0 0 0 0 0 0 0 0 0 0 0 0 0 0 0 0 0 0 0 0 0 0 0 0 0 0 0 0 0 0 0 0 0 0 0 0 0 0 0 0 0 0 0 0 0 0 0 0 0 0 0 0 0 0 0 0 0 0 0 0 0 0 0 0 0 0 0 0 0 0 0 0 0 0 0 0 0 0 0 0 0 0 0 0 0 0 0 0 0 0 0 0 0 0 0 0 0 0 0 0 0 0 0 0 0 0 0 0 0 0 0 0 0 0 0 151 151 151 149 149 148 147 147 147 147 147 147 147 147 148 148 148 148 148 148 148 148 149 149 149 149 149 149 149 149 149 149 149 149 149 149 149 149 149 149 149 149 149 149 149 150 150 150 150 150 150 151 150 150 150 151 151 151 151 151 151 151 152 152 152 152 152 152 153 153 153 153 153 153 153 153 154 153 153 154 154 154 154 155 154 154 154 154 154 154 154 154 154 155 155 155 155 155 156 156 156 156 156 156 156 156 156 156 157 157 157 157 157 157 157 157 158 158 158 158 158 158 158 158 158 159 159 159 159 159 159 159 159 159 159 160 160 160 160 160 160 160 160 160 160 160 160 160 160 161 161 161 161 161 161 161 161 161 161 161 161 161 161 162 162 162 162 161 161 161 162 162 162 162 162 162 162 162 162 163 166 165 166 166 166 166 166 166 166 166 166 166 166 166 166 166 167 167 167 167 167 167 167 167 168 168 168 168 168 168 168 168 168 168 168 168 169 169 170 170 170 170 170 170 171 170 170 170 170 170 170 170 170 170 171 171 171 172 172 172 173 172 173 173 174 175 175 176 176 175 175 175 175 174 174 174 174 174 174 174 174 174 175 176 176 176 175 175 175 175 175 175 175 175 175 175 175 175 176 176 177 177 177 178 178 178 0 0 0 0 0 0 0 0 0 0 0 0 0 0 0 0 0 0 0 0 0 0 0 0 0 0 0 0 0 0 0 0 0 0 0 0 0 0 0 0 0 0 0 0 0 0 0 0 0 0 0 0 0 0 0 
0 0 0 0 0 0 0 0 0 0 0 0 0 0 0 0 0 0 0 0 0 0 0 0 0 0 0 0 0 0 0 0 0 0 0 0 0 0 0 0 0 0 0 0 0 0 0 0 0 0 0 0 0 0 0 0 0 0 0 0 0 0 0 0 0 0 0 0 0 0 0 0 0 0 0 0 0 0 0 0 0 0 0 0 0 0 0 0 0 0 0 0 0 0 0 0 0 0 0 0 0 0 0 0 0 0 0 0 0 0 0 0 0 0 0 0 0 0 0 0 0 0 0 0 0 0 0 0 0 0 0 0 0 0 0 0 0 0 0 0 0 0 0 0 0 0 0 0 0 0 0 0 0 0 0 0 0 0 0 0 0 0 151 150 150 149 149 148 147 146 146 146 146 146 146 146 147 147 147 147 147 148 148 148 148 148 148 148 148 148 148 148 149 149 149 149 149 149 149 149 149 149 149 149 149 149 149 150 150 150 150 150 150 151 150 150 150 150 151 151 151 152 152 152 152 152 152 152 152 153 153 153 153 153 153 153 153 154 154 154 154 154 154 154 155 155 155 155 155 155 155 155 154 154 155 155 155 156 156 156 156 157 156 156 156 156 157 157 157 157 157 157 158 158 158 158 158 158 158 158 158 158 159 159 159 159 159 159 159 159 159 159 159 159 159 160 160 160 160 160 160 161 161 160 160 160 160 160 160 161 161 161 161 161 161 161 161 161 161 161 161 162 162 162 162 162 162 162 162 162 162 162 162 162 162 162 162 162 163 163 163 163 163 163 164 164 164 164 164 164 164 164 164 164 164 164 164 165 165 165 165 165 165 165 165 166 166 166 166 166 166 166 166 166 167 167 166 167 167 167 167 168 168 168 168 168 168 169 169 169 169 169 171 171 172 171 172 172 172 173 173 173 173 173 173 174 174 175 176 175 175 175 175 175 175 175 175 176 176 176 176 176 175 175 175 176 177 177 177 176 175 175 175 175 176 176 176 176 175 176 176 176 177 177 177 177 178 178 0 0 0 0 0 0 0 0 0 0 0 0 0 0 0 0 0 0 0 0 0 0 0 0 0 0 0 0 0 0 0 0 0 0 0 0 0 0 0 0 0 0 0 0 0 0 0 0 0 0 0 0 0 0 0 
0 0 0 0 0 0 0 0 0 0 0 0 0 0 0 0 0 0 0 0 0 0 0 0 0 0 0 0 0 0 0 0 0 0 0 0 0 0 0 0 0 0 0 0 0 0 0 0 0 0 0 0 0 0 0 0 0 0 0 0 0 0 0 0 0 0 0 0 0 0 0 0 0 0 0 0 0 0 0 0 0 0 0 0 0 0 0 0 0 0 0 0 0 0 0 0 0 0 0 0 0 0 0 0 0 0 0 0 0 0 0 0 0 0 0 0 0 0 0 0 0 0 0 0 0 0 0 0 0 0 0 0 0 0 0 0 0 0 0 0 0 0 0 0 0 0 0 0 0 0 0 0 0 0 0 0 0 0 0 0 0 0 0 149 149 149 148 148 147 147 147 146 146 146 146 146 147 147 147 147 147 148 148 148 148 148 148 148 148 148 149 149 149 149 149 149 149 149 149 149 149 149 149 149 149 149 149 150 150 150 150 150 151 151 151 151 151 151 151 151 151 152 152 152 152 152 152 152 153 153 153 153 153 153 153 153 153 154 154 154 154 154 154 154 155 155 155 155 155 155 155 155 155 154 154 155 155 156 156 156 156 157 157 156 156 157 157 157 157 157 157 158 158 158 158 158 158 158 158 158 159 159 159 159 159 159 159 159 159 159 159 159 159 159 159 159 160 160 160 160 160 160 161 160 160 160 160 160 160 161 161 161 161 161 161 161 161 161 161 161 162 162 162 162 162 162 162 163 163 162 162 162 162 162 162 162 163 163 163 163 163 163 163 163 163 164 164 164 164 164 164 164 164 164 164 165 165 165 165 165 165 165 165 165 166 166 166 166 166 166 166 166 166 166 167 167 167 167 167 167 167 167 168 168 169 169 169 169 170 169 169 170 172 172 172 172 173 173 172 172 173 173 173 173 174 174 174 175 175 175 175 175 175 176 176 176 176 176 176 177 177 176 176 176 176 176 176 176 176 175 176 176 176 176 177 176 176 176 176 175 176 177 177 177 177 177 178 178 178 0 0 0 0 0 0 0 0 0 0 0 0 0 0 0 0 0 0 0 0 0 0 0 0 0 0 0 0 0 0 0 0 0 0 0 0 0 0 0 0 0 0 0 0 0 0 0 0 0 0 0 0 0 0 
0 0 0 0 0 0 0 0 0 0 0 0 0 0 0 0 0 0 0 0 0 0 0 0 0 0 0 0 0 0 0 0 0 0 0 0 0 0 0 0 0 0 0 0 0 0 0 0 0 0 0 0 0 0 0 0 0 0 0 0 0 0 0 0 0 0 0 0 0 0 0 0 0 0 0 0 0 0 0 0 0 0 0 0 0 0 0 0 0 0 0 0 0 0 0 0 0 0 0 0 0 0 0 0 0 0 0 0 0 0 0 0 0 0 0 0 0 0 0 0 0 0 0 0 0 0 0 0 0 0 0 0 0 0 0 0 0 0 0 0 0 0 0 0 0 0 0 0 0 0 0 0 0 0 0 0 0 0 0 0 0 0 0 0 149 149 149 148 148 147 147 147 146 146 146 146 147 147 147 147 148 148 148 148 148 148 148 148 148 149 149 149 149 149 149 149 149 149 149 149 149 149 149 149 149 149 149 150 150 150 150 150 151 151 151 152 151 151 151 151 152 152 152 151 152 152 152 152 153 153 153 153 153 153 153 153 154 154 154 154 154 154 154 155 155 155 155 155 155 155 155 155 155 155 155 155 155 156 156 156 157 157 157 157 157 157 157 157 157 157 157 158 158 158 158 158 158 158 158 159 159 159 159 159 159 159 159 159 159 159 159 160 159 159 159 159 160 160 160 160 160 160 161 161 160 160 161 161 161 161 161 161 161 161 161 161 161 161 162 162 162 162 162 162 162 162 162 162 162 162 162 162 162 162 162 163 163 163 163 163 163 163 163 163 163 164 164 164 164 164 164 164 164 165 165 165 165 165 165 165 165 165 165 166 166 166 166 166 166 166 166 166 166 167 167 167 167 167 167 167 168 168 168 168 168 169 170 170 170 170 170 170 172 172 173 173 173 172 173 173 173 173 173 174 174 174 175 176 176 176 175 176 175 176 177 176 176 176 177 177 177 176 176 176 176 177 176 176 176 177 177 177 177 177 177 176 177 176 176 176 176 177 177 177 177 178 178 178 178 0 0 0 0 0 0 0 0 0 0 0 0 0 0 0 0 0 0 0 0 0 0 0 0 0 0 0 0 0 0 0 0 0 0 0 0 0 0 0 0 0 0 0 0 0 0 0 0 0 0 0 0 0 0 
0 0 0 0 0 0 0 0 0 0 0 0 0 0 0 0 0 0 0 0 0 0 0 0 0 0 0 0 0 0 0 0 0 0 0 0 0 0 0 0 0 0 0 0 0 0 0 0 0 0 0 0 0 0 0 0 0 0 0 0 0 0 0 0 0 0 0 0 0 0 0 0 0 0 0 0 0 0 0 0 0 0 0 0 0 0 0 0 0 0 0 0 0 0 0 0 0 0 0 0 0 0 0 0 0 0 0 0 0 0 0 0 0 0 0 0 0 0 0 0 0 0 0 0 0 0 0 0 0 0 0 0 0 0 0 0 0 0 0 0 0 0 0 0 0 0 0 0 0 0 0 0 0 0 0 0 0 0 0 0 0 0 0 0 149 149 148 148 147 147 146 146 146 146 146 146 147 147 147 147 148 148 148 148 148 148 148 148 148 148 149 149 149 149 149 149 149 149 149 149 149 149 149 149 149 149 149 150 150 150 150 150 150 150 151 151 151 152 151 151 152 152 152 152 152 152 152 152 153 153 153 153 153 153 153 153 154 154 154 154 154 154 154 154 154 155 155 155 155 155 155 156 156 156 155 155 155 156 156 156 157 157 157 157 157 157 157 157 157 157 158 158 158 158 158 158 158 158 159 159 159 159 159 159 159 159 159 159 160 159 160 160 159 159 160 159 160 160 160 160 161 161 161 161 161 161 161 161 161 161 161 161 161 161 161 161 162 162 162 162 162 162 162 162 163 163 163 162 162 162 162 162 162 162 163 163 163 163 163 163 163 163 163 164 163 164 164 164 164 164 164 164 165 165 165 165 165 165 165 165 165 166 166 166 166 166 166 166 166 166 166 167 167 167 167 167 167 167 167 167 167 168 168 168 169 169 170 170 170 170 170 171 173 174 173 173 173 173 174 173 173 174 174 174 174 174 175 176 176 176 176 176 176 177 176 176 176 176 177 177 176 176 176 176 176 176 176 176 177 177 178 178 177 177 176 176 176 176 176 176 176 177 177 177 177 178 178 178 0 0 0 0 0 0 0 0 0 0 0 0 0 0 0 0 0 0 0 0 0 0 0 0 0 0 0 0 0 0 0 0 0 0 0 0 0 0 0 0 0 0 0 0 0 0 0 0 0 0 0 0 0 0 0 
0 0 0 0 0 0 0 0 0 0 0 0 0 0 0 0 0 0 0 0 0 0 0 0 0 0 0 0 0 0 0 0 0 0 0 0 0 0 0 0 0 0 0 0 0 0 0 0 0 0 0 0 0 0 0 0 0 0 0 0 0 0 0 0 0 0 0 0 0 0 0 0 0 0 0 0 0 0 0 0 0 0 0 0 0 0 0 0 0 0 0 0 0 0 0 0 0 0 0 0 0 0 0 0 0 0 0 0 0 0 0 0 0 0 0 0 0 0 0 0 0 0 0 0 0 0 0 0 0 0 0 0 0 0 0 0 0 0 0 0 0 0 0 0 0 0 0 0 0 0 0 0 0 0 0 0 0 0 0 0 0 0 0 0 0 0 148 147 147 147 146 146 146 146 146 147 147 147 147 147 148 148 148 148 148 148 148 148 148 149 149 149 149 148 149 149 149 149 149 149 149 149 149 149 149 149 150 150 150 150 150 150 150 150 151 152 152 152 152 152 152 153 153 153 152 152 152 153 153 153 153 154 153 153 153 153 153 154 154 154 154 154 154 154 154 155 155 155 156 156 156 156 156 156 156 156 156 156 156 156 156 157 157 157 157 157 157 157 157 158 158 158 158 158 158 158 158 159 159 159 159 159 159 159 159 159 159 159 160 160 160 160 159 160 160 160 160 160 160 160 161 161 161 161 161 161 161 161 161 161 161 161 161 161 161 162 162 162 162 162 162 162 162 162 162 163 163 163 163 162 162 162 162 162 163 163 163 164 164 163 163 163 164 164 164 163 164 164 164 164 164 165 165 165 165 165 165 165 165 165 166 166 166 166 166 166 166 166 166 166 167 167 167 167 167 167 167 168 167 168 168 168 168 168 169 170 170 170 170 170 171 171 173 174 174 174 174 174 174 173 173 174 174 174 175 175 176 176 176 176 177 177 177 177 176 177 176 177 177 177 177 176 177 176 177 177 177 176 177 177 177 178 178 178 177 176 176 176 176 176 176 176 177 177 178 178 178 0 0 0 0 0 0 0 0 0 0 0 0 0 0 0 0 0 0 0 0 0 0 0 0 0 0 0 0 0 0 0 0 0 0 0 0 0 0 0 0 0 0 0 0 0 0 0 0 0 0 0 0 0 0 0 0 
0 0 0 0 0 0 0 0 0 0 0 0 0 0 0 0 0 0 0 0 0 0 0 0 0 0 0 0 0 0 0 0 0 0 0 0 0 0 0 0 0 0 0 0 0 0 0 0 0 0 0 0 0 0 0 0 0 0 0 0 0 0 0 0 0 0 0 0 0 0 0 0 0 0 0 0 0 0 0 0 0 0 0 0 0 0 0 0 0 0 0 0 0 0 0 0 0 0 0 0 0 0 0 0 0 0 0 0 0 0 0 0 0 0 0 0 0 0 0 0 0 0 0 0 0 0 0 0 0 0 0 0 0 0 0 0 0 0 0 0 0 0 0 0 0 0 0 0 0 0 0 0 0 0 0 0 0 0 0 0 0 0 0 0 0 147 147 146 146 146 146 146 146 146 146 147 147 147 147 148 148 148 148 148 148 148 148 148 148 149 149 149 149 149 149 149 149 149 149 149 149 149 149 149 149 150 150 150 150 150 150 150 150 150 151 151 152 152 152 152 152 152 152 152 152 153 153 153 153 153 153 153 153 153 154 154 154 154 154 154 154 154 154 154 154 154 155 155 155 156 156 156 156 156 156 156 156 156 156 156 156 156 157 157 157 157 157 157 157 158 158 158 158 158 158 158 159 159 159 159 159 159 159 159 159 159 159 159 159 160 160 160 160 160 160 161 161 160 160 160 161 161 161 161 161 161 161 161 161 161 162 162 161 161 161 162 162 162 162 162 162 162 162 162 162 163 163 163 163 163 162 162 162 163 163 163 164 164 164 164 164 164 164 164 164 164 164 164 164 164 165 165 165 165 165 165 165 165 165 166 166 166 166 166 166 166 166 166 166 166 166 167 167 167 167 167 167 168 168 167 168 168 168 169 169 170 170 170 170 171 171 172 174 174 174 175 175 175 174 174 175 175 175 175 176 176 176 176 175 176 176 176 177 177 177 177 177 177 178 177 177 177 177 177 178 177 177 177 177 178 178 177 177 177 176 176 176 176 176 177 177 176 177 177 178 178 178 0 0 0 0 0 0 0 0 0 0 0 0 0 0 0 0 0 0 0 0 0 0 0 0 0 0 0 0 0 0 0 0 0 0 0 0 0 0 0 0 0 0 0 0 0 0 0 0 0 0 0 0 0 0 0 0 
0 0 0 0 0 0 0 0 0 0 0 0 0 0 0 0 0 0 0 0 0 0 0 0 0 0 0 0 0 0 0 0 0 0 0 0 0 0 0 0 0 0 0 0 0 0 0 0 0 0 0 0 0 0 0 0 0 0 0 0 0 0 0 0 0 0 0 0 0 0 0 0 0 0 0 0 0 0 0 0 0 0 0 0 0 0 0 0 0 0 0 0 0 0 0 0 0 0 0 0 0 0 0 0 0 0 0 0 0 0 0 0 0 0 0 0 0 0 0 0 0 0 0 0 0 0 0 0 0 0 0 0 0 0 0 0 0 0 0 0 0 0 0 0 0 0 0 0 0 0 0 0 0 0 0 0 0 0 0 0 0 0 0 0 0 0 0 147 146 146 147 147 147 147 146 147 147 147 148 148 148 148 148 148 148 148 148 148 149 149 149 149 149 149 149 149 149 149 149 149 149 149 149 149 150 150 150 150 150 150 150 150 150 150 150 151 152 152 152 152 151 152 153 152 152 152 152 153 153 153 153 153 153 154 154 154 154 154 154 154 154 154 155 155 155 155 155 155 156 156 156 156 156 156 156 156 156 156 156 157 157 157 156 157 157 157 157 157 158 158 158 158 158 158 158 159 159 159 159 159 159 159 159 159 159 159 160 159 160 160 160 160 160 160 160 160 161 161 161 161 161 161 161 161 161 161 161 161 161 161 162 162 162 161 161 162 162 162 162 162 163 163 163 162 163 163 163 163 163 163 163 163 162 163 163 163 164 164 164 164 164 164 164 164 164 164 164 164 164 165 165 165 165 165 165 165 165 165 165 166 166 166 166 166 166 166 166 166 166 166 167 167 167 167 167 167 167 168 168 168 168 168 169 169 170 171 170 170 170 171 171 171 174 175 175 175 175 174 175 175 175 176 176 176 175 176 176 176 176 176 176 176 176 176 177 177 178 178 178 177 177 176 177 177 178 178 177 177 178 178 177 177 177 177 177 176 176 176 177 177 177 177 177 177 178 178 178 0 0 0 0 0 0 0 0 0 0 0 0 0 0 0 0 0 0 0 0 0 0 0 0 0 0 0 0 0 0 0 0 0 0 0 0 0 0 0 0 0 0 0 0 0 0 0 0 0 0 0 0 0 0 0 0 
0 0 0 0 0 0 0 0 0 0 0 0 0 0 0 0 0 0 0 0 0 0 0 0 0 0 0 0 0 0 0 0 0 0 0 0 0 0 0 0 0 0 0 0 0 0 0 0 0 0 0 0 0 0 0 0 0 0 0 0 0 0 0 0 0 0 0 0 0 0 0 0 0 0 0 0 0 0 0 0 0 0 0 0 0 0 0 0 0 0 0 0 0 0 0 0 0 0 0 0 0 0 0 0 0 0 0 0 0 0 0 0 0 0 0 0 0 0 0 0 0 0 0 0 0 0 0 0 0 0 0 0 0 0 0 0 0 0 0 0 0 0 0 0 0 0 0 0 0 0 0 0 0 0 0 0 0 0 0 0 0 0 0 0 0 0 0 147 147 147 146 146 146 146 147 147 147 148 148 148 148 148 148 148 148 148 148 148 149 149 149 149 149 149 149 149 149 149 149 149 149 150 150 150 150 150 150 150 150 150 150 151 151 151 151 151 151 152 151 151 151 152 152 153 153 153 153 153 153 153 153 153 153 154 154 154 154 154 154 154 154 154 155 155 155 155 155 156 156 156 156 156 156 156 156 157 157 157 156 157 157 157 157 157 157 157 157 157 158 158 158 158 158 158 158 159 159 159 159 159 159 159 159 159 160 160 160 160 160 160 160 160 160 160 160 160 161 161 161 161 161 161 162 161 161 161 161 161 161 161 161 162 162 162 162 162 162 162 162 162 163 163 163 162 163 163 163 163 163 163 163 163 163 163 163 163 164 164 164 164 164 164 164 164 164 164 164 164 165 165 165 165 165 165 165 165 166 166 166 166 166 166 166 166 166 166 166 167 167 167 167 167 167 168 168 168 168 168 168 168 169 169 169 169 170 171 170 170 170 170 170 170 174 174 175 175 175 174 175 175 176 175 176 176 176 175 176 176 176 177 176 176 176 176 177 177 178 177 177 177 177 177 177 177 178 178 177 178 178 178 178 177 177 177 177 177 177 177 177 177 177 177 177 177 178 178 179 0 0 0 0 0 0 0 0 0 0 0 0 0 0 0 0 0 0 0 0 0 0 0 0 0 0 0 0 0 0 0 0 0 0 0 0 0 0 0 0 0 0 0 0 0 0 0 0 0 0 0 0 0 0 0 0 
0 0 0 0 0 0 0 0 0 0 0 0 0 0 0 0 0 0 0 0 0 0 0 0 0 0 0 0 0 0 0 0 0 0 0 0 0 0 0 0 0 0 0 0 0 0 0 0 0 0 0 0 0 0 0 0 0 0 0 0 0 0 0 0 0 0 0 0 0 0 0 0 0 0 0 0 0 0 0 0 0 0 0 0 0 0 0 0 0 0 0 0 0 0 0 0 0 0 0 0 0 0 0 0 0 0 0 0 0 0 0 0 0 0 0 0 0 0 0 0 0 0 0 0 0 0 0 0 0 0 0 0 0 0 0 0 0 0 0 0 0 0 0 0 0 0 0 0 0 0 0 0 0 0 0 0 0 0 0 0 0 0 0 0 0 0 0 0 0 146 146 146 146 147 147 147 147 148 148 148 148 148 148 148 148 148 148 148 149 149 149 149 149 149 149 149 149 149 149 149 149 150 150 150 150 150 150 150 150 150 151 151 151 151 151 151 151 151 151 151 151 152 153 153 153 153 153 153 152 153 153 153 153 153 154 154 153 154 154 154 154 154 154 155 155 155 155 155 156 156 156 156 156 156 157 157 157 157 157 157 157 157 157 157 157 157 157 158 158 158 158 158 158 158 159 159 159 159 159 159 159 159 159 160 160 160 160 160 160 160 160 160 160 160 160 160 160 160 161 161 161 161 161 161 161 161 161 161 161 162 162 161 162 162 162 162 162 162 163 163 163 163 162 162 163 163 162 162 162 162 162 163 163 163 163 163 163 164 164 164 164 164 164 164 164 164 164 165 165 165 165 165 165 165 165 165 166 166 166 166 166 166 166 166 166 166 166 167 167 167 167 167 167 167 168 168 168 168 168 169 169 169 169 169 170 170 170 169 170 170 170 170 173 174 175 175 175 174 174 175 176 176 175 176 176 176 175 176 176 176 176 176 176 177 177 177 177 178 178 177 177 177 178 178 178 179 178 179 179 179 178 178 177 176 177 177 177 177 177 178 178 178 178 178 177 178 0 0 0 0 0 0 0 0 0 0 0 0 0 0 0 0 0 0 0 0 0 0 0 0 0 0 0 0 0 0 0 0 0 0 0 0 0 0 0 0 0 0 0 0 0 0 0 0 0 0 0 0 0 0 0 0 0 
0 0 0 0 0 0 0 0 0 0 0 0 0 0 0 0 0 0 0 0 0 0 0 0 0 0 0 0 0 0 0 0 0 0 0 0 0 0 0 0 0 0 0 0 0 0 0 0 0 0 0 0 0 0 0 0 0 0 0 0 0 0 0 0 0 0 0 0 0 0 0 0 0 0 0 0 0 0 0 0 0 0 0 0 0 0 0 0 0 0 0 0 0 0 0 0 0 0 0 0 0 0 0 0 0 0 0 0 0 0 0 0 0 0 0 0 0 0 0 0 0 0 0 0 0 0 0 0 0 0 0 0 0 0 0 0 0 0 0 0 0 0 0 0 0 0 0 0 0 0 0 0 0 0 0 0 0 0 0 0 0 0 0 0 0 0 0 0 0 146 146 146 147 147 147 147 147 148 148 148 148 148 148 148 148 148 149 149 149 149 149 149 149 149 149 149 149 150 150 150 150 150 150 150 150 150 150 150 150 151 151 151 151 151 151 151 151 151 151 151 152 152 152 153 153 153 153 153 153 153 153 153 153 153 153 153 153 153 154 154 155 155 155 155 155 155 155 155 156 156 156 156 156 156 156 157 157 157 157 157 157 157 157 157 157 157 157 158 158 158 158 158 158 158 159 159 159 159 159 159 159 159 160 160 160 160 160 160 160 160 160 161 160 160 160 160 160 160 161 161 161 161 161 161 161 161 161 162 162 162 162 162 162 162 162 162 162 162 163 163 163 162 162 163 163 163 163 163 163 163 163 163 163 163 163 164 164 164 164 165 164 164 165 165 164 164 165 165 165 165 165 165 166 166 166 166 166 166 166 166 166 166 166 167 167 166 166 167 167 167 167 167 167 168 168 168 168 168 168 168 169 169 169 169 169 170 169 170 171 171 171 171 174 174 175 175 175 175 174 175 175 176 175 176 176 176 175 176 176 176 176 176 176 176 176 177 177 177 177 178 178 178 178 179 179 179 179 179 179 179 178 178 177 177 177 177 177 177 177 177 178 177 178 178 177 178 0 0 0 0 0 0 0 0 0 0 0 0 0 0 0 0 0 0 0 0 0 0 0 0 0 0 0 0 0 0 0 0 0 0 0 0 0 0 0 0 0 0 0 0 0 0 0 0 0 0 0 0 0 0 0 0 0 
0 0 0 0 0 0 0 0 0 0 0 0 0 0 0 0 0 0 0 0 0 0 0 0 0 0 0 0 0 0 0 0 0 0 0 0 0 0 0 0 0 0 0 0 0 0 0 0 0 0 0 0 0 0 0 0 0 0 0 0 0 0 0 0 0 0 0 0 0 0 0 0 0 0 0 0 0 0 0 0 0 0 0 0 0 0 0 0 0 0 0 0 0 0 0 0 0 0 0 0 0 0 0 0 0 0 0 0 0 0 0 0 0 0 0 0 0 0 0 0 0 0 0 0 0 0 0 0 0 0 0 0 0 0 0 0 0 0 0 0 0 0 0 0 0 0 0 0 0 0 0 0 0 0 0 0 0 0 0 0 0 0 0 0 0 0 0 0 0 146 146 147 147 147 147 147 147 148 148 148 148 148 148 148 148 148 148 149 149 149 149 149 149 149 150 150 150 150 150 150 150 150 150 150 150 150 150 150 151 151 151 151 151 151 151 151 151 151 151 151 152 152 152 153 153 153 153 153 153 153 153 153 153 153 153 153 153 153 154 154 155 155 155 155 155 155 155 155 155 155 156 156 156 156 156 157 157 158 158 158 157 157 157 157 157 157 157 158 158 158 158 158 158 158 159 159 159 159 159 159 159 160 160 160 160 160 160 160 160 160 161 161 160 160 160 161 160 160 161 161 161 161 161 161 161 161 161 162 162 162 162 162 162 162 162 162 162 163 163 163 163 163 163 163 163 163 164 164 163 163 163 163 163 163 163 163 164 164 164 165 165 165 165 165 165 165 165 165 165 165 165 166 166 166 166 166 166 166 166 166 166 166 167 167 167 167 166 167 167 167 168 168 168 168 168 168 169 169 169 169 169 169 169 170 169 169 169 170 170 171 171 171 174 175 175 174 175 175 175 175 175 175 175 176 176 176 176 176 176 176 176 177 177 177 177 176 177 177 178 178 178 178 178 179 179 178 179 179 178 178 178 178 178 178 177 177 177 177 177 177 177 177 178 178 178 0 0 0 0 0 0 0 0 0 0 0 0 0 0 0 0 0 0 0 0 0 0 0 0 0 0 0 0 0 0 0 0 0 0 0 0 0 0 0 0 0 0 0 0 0 0 0 0 0 0 0 0 0 0 0 0 0 0 
0 0 0 0 0 0 0 0 0 0 0 0 0 0 0 0 0 0 0 0 0 0 0 0 0 0 0 0 0 0 0 0 0 0 0 0 0 0 0 0 0 0 0 0 0 0 0 0 0 0 0 0 0 0 0 0 0 0 0 0 0 0 0 0 0 0 0 0 0 0 0 0 0 0 0 0 0 0 0 0 0 0 0 0 0 0 0 0 0 0 0 0 0 0 0 0 0 0 0 0 0 0 0 0 0 0 0 0 0 0 0 0 0 0 0 0 0 0 0 0 0 0 0 0 0 0 0 0 0 0 0 0 0 0 0 0 0 0 0 0 0 0 0 0 0 0 0 0 0 0 0 0 0 0 0 0 0 0 0 0 0 0 0 0 0 0 0 146 146 146 146 146 147 147 147 147 147 148 148 148 148 148 148 148 148 148 148 149 149 149 149 149 149 149 150 150 150 150 150 150 150 150 150 150 150 150 150 151 151 151 151 151 151 151 151 152 152 152 152 152 151 152 152 152 152 153 153 153 154 154 154 153 154 154 154 154 153 153 154 154 155 155 155 155 155 155 155 155 155 155 156 155 156 156 156 157 157 157 157 157 156 157 157 157 157 157 157 158 158 158 158 159 158 158 159 159 159 159 159 159 160 160 160 160 160 160 160 160 161 161 161 161 160 160 160 160 160 161 161 161 161 161 161 161 161 161 161 162 162 162 162 162 162 162 162 162 163 163 163 163 163 163 163 163 163 163 164 164 164 163 163 163 163 163 163 164 164 164 165 165 165 165 165 165 165 165 165 165 165 165 165 166 166 166 166 166 166 166 166 166 166 166 167 167 167 167 167 167 167 167 168 168 168 168 168 169 169 169 169 169 169 169 169 169 170 170 169 170 170 170 170 171 174 174 174 173 174 174 175 175 175 175 175 175 175 175 176 176 177 177 176 176 177 177 178 177 177 177 178 179 178 178 178 178 178 178 178 179 178 178 178 178 178 178 177 177 177 177 177 178 178 178 178 178 179 0 0 0 0 0 0 0 0 0 0 0 0 0 0 0 0 0 0 0 0 0 0 0 0 0 0 0 0 0 0 0 0 0 0 0 0 0 0 0 0 0 0 0 0 0 0 0 0 0 0 0 0 0 0 0 0 0 0 
0 0 0 0 0 0 0 0 0 0 0 0 0 0 0 0 0 0 0 0 0 0 0 0 0 0 0 0 0 0 0 0 0 0 0 0 0 0 0 0 0 0 0 0 0 0 0 0 0 0 0 0 0 0 0 0 0 0 0 0 0 0 0 0 0 0 0 0 0 0 0 0 0 0 0 0 0 0 0 0 0 0 0 0 0 0 0 0 0 0 0 0 0 0 0 0 0 0 0 0 0 0 0 0 0 0 0 0 0 0 0 0 0 0 0 0 0 0 0 0 0 0 0 0 0 0 0 0 0 0 0 0 0 0 0 0 0 0 0 0 0 0 0 0 0 0 0 0 0 0 0 0 0 0 0 0 0 0 0 0 0 0 0 0 0 0 0 0 147 147 147 147 147 147 147 147 147 147 148 148 148 148 148 148 149 149 149 149 149 149 149 149 149 149 149 150 150 150 150 150 150 150 150 150 150 150 151 151 151 151 151 151 151 151 151 152 152 152 152 152 152 152 152 152 152 153 153 153 154 154 153 153 154 154 154 154 153 153 154 154 154 154 155 155 155 155 155 155 155 155 155 155 156 156 157 157 157 157 157 157 157 158 158 158 158 157 157 158 158 158 158 158 158 159 159 159 159 159 159 160 160 160 160 160 160 160 160 161 161 161 161 161 160 160 161 161 161 161 161 161 161 161 161 161 161 162 162 162 162 162 162 162 162 162 162 163 163 163 163 163 163 163 163 163 163 163 164 164 164 163 164 163 163 163 164 164 164 165 165 164 164 164 165 165 165 165 165 165 166 166 166 166 166 166 166 166 166 166 167 166 167 167 167 167 167 167 167 167 167 167 168 168 168 168 168 168 169 169 169 169 169 169 169 169 169 169 170 170 170 170 170 171 174 174 174 173 173 174 174 174 174 175 176 176 176 176 176 176 177 177 177 176 176 177 178 178 177 177 178 179 179 178 178 178 178 178 178 178 178 178 178 178 178 179 178 177 177 177 178 178 178 0 0 179 0 0 0 0 0 0 0 0 0 0 0 0 0 0 0 0 0 0 0 0 0 0 0 0 0 0 0 0 0 0 0 0 0 0 0 0 0 0 0 0 0 0 0 0 0 0 0 0 0 0 0 0 0 0 0 0 0 0 0 
0 0 0 0 0 0 0 0 0 0 0 0 0 0 0 0 0 0 0 0 0 0 0 0 0 0 0 0 0 0 0 0 0 0 0 0 0 0 0 0 0 0 0 0 0 0 0 0 0 0 0 0 0 0 0 0 0 0 0 0 0 0 0 0 0 0 0 0 0 0 0 0 0 0 0 0 0 0 0 0 0 0 0 0 0 0 0 0 0 0 0 0 0 0 0 0 0 0 0 0 0 0 0 0 0 0 0 0 0 0 0 0 0 0 0 0 0 0 0 0 0 0 0 0 0 0 0 0 0 0 0 0 0 0 0 0 0 0 0 0 0 0 0 0 0 0 0 0 0 0 0 0 0 0 0 0 0 0 0 0 0 0 0 0 0 0 0 0 0 147 148 147 147 147 147 147 147 147 148 148 148 148 148 148 149 149 149 149 149 149 149 150 149 149 150 150 150 150 150 150 150 150 150 150 150 151 151 151 151 151 151 151 151 152 151 152 152 152 152 152 152 152 152 152 152 153 153 153 153 153 154 153 154 154 154 154 154 154 154 154 154 155 155 155 155 155 155 155 156 156 156 156 156 156 156 157 157 157 157 158 158 158 158 158 157 158 158 158 158 158 158 158 159 159 159 159 159 159 159 160 160 160 160 160 160 161 161 161 161 161 161 161 160 160 161 161 161 161 161 161 161 161 161 161 162 162 162 162 162 162 162 162 162 162 162 163 163 163 163 163 163 163 163 163 163 163 164 164 164 164 164 164 163 163 164 164 165 165 164 164 164 164 165 165 165 165 165 165 166 166 166 166 166 166 167 166 166 167 167 167 167 167 167 167 167 167 167 167 167 168 168 168 168 168 168 169 169 169 168 168 168 168 169 169 169 169 170 170 170 170 170 170 174 173 173 173 173 174 174 175 175 175 175 176 177 177 176 177 176 177 177 177 177 176 177 178 177 178 178 179 178 178 178 179 178 178 178 178 178 178 178 177 178 178 178 177 177 178 178 178 0 0 0 0 0 0 0 0 0 0 0 0 0 0 0 0 0 0 0 0 0 0 0 0 0 0 0 0 0 0 0 0 0 0 0 0 0 0 0 0 0 0 0 0 0 0 0 0 0 0 0 0 0 0 0 0 0 0 0 0 0 0 0 
0 0 0 0 0 0 0 0 0 0 0 0 0 0 0 0 0 0 0 0 0 0 0 0 0 0 0 0 0 0 0 0 0 0 0 0 0 0 0 0 0 0 0 0 0 0 0 0 0 0 0 0 0 0 0 0 0 0 0 0 0 0 0 0 0 0 0 0 0 0 0 0 0 0 0 0 0 0 0 0 0 0 0 0 0 0 0 0 0 0 0 0 0 0 0 0 0 0 0 0 0 0 0 0 0 0 0 0 0 0 0 0 0 0 0 0 0 0 0 0 0 0 0 0 0 0 0 0 0 0 0 0 0 0 0 0 0 0 0 0 0 0 0 0 0 0 0 0 0 0 0 0 0 0 0 0 0 0 0 0 0 0 0 0 0 0 0 0 0 0 0 148 147 147 147 147 147 147 148 148 148 148 148 148 149 149 149 149 149 149 149 149 150 150 150 150 150 150 150 150 150 150 150 151 151 151 151 151 151 151 151 151 151 151 152 152 152 152 152 152 152 152 152 152 153 153 153 153 153 153 153 154 154 154 154 154 154 154 154 154 154 154 155 155 155 155 156 155 155 156 156 156 156 156 157 157 157 157 157 158 159 158 158 158 158 158 158 159 158 159 158 159 159 159 159 159 160 160 160 160 160 160 160 160 161 161 161 161 161 161 161 161 161 160 161 161 161 161 161 161 161 161 161 162 162 162 162 162 162 162 162 162 162 163 163 163 163 163 163 163 163 163 163 163 163 163 164 164 164 164 164 164 164 164 164 164 165 165 165 164 164 164 165 165 165 165 166 166 166 166 166 166 166 166 167 167 167 167 167 168 168 167 167 167 167 167 167 167 167 168 168 168 168 168 169 169 169 168 168 168 168 169 169 169 169 169 170 170 170 169 170 170 174 173 173 173 174 174 175 176 176 176 175 176 177 177 177 177 177 177 177 177 177 176 177 178 178 178 178 179 179 179 179 179 179 179 179 179 179 179 179 178 178 178 178 178 178 179 179 0 0 0 0 0 0 0 0 0 0 0 0 0 0 0 0 0 0 0 0 0 0 0 0 0 0 0 0 0 0 0 0 0 0 0 0 0 0 0 0 0 0 0 0 0 0 0 0 0 0 0 0 0 0 0 0 0 0 0 0 0 0 0 0 
0 0 0 0 0 0 0 0 0 0 0 0 0 0 0 0 0 0 0 0 0 0 0 0 0 0 0 0 0 0 0 0 0 0 0 0 0 0 0 0 0 0 0 0 0 0 0 0 0 0 0 0 0 0 0 0 0 0 0 0 0 0 0 0 0 0 0 0 0 0 0 0 0 0 0 0 0 0 0 0 0 0 0 0 0 0 0 0 0 0 0 0 0 0 0 0 0 0 0 0 0 0 0 0 0 0 0 0 0 0 0 0 0 0 0 0 0 0 0 0 0 0 0 0 0 0 0 0 0 0 0 0 0 0 0 0 0 0 0 0 0 0 0 0 0 0 0 0 0 0 0 0 0 0 0 0 0 0 0 0 0 0 0 0 0 0 0 0 0 0 0 148 148 148 147 147 148 147 147 148 148 148 148 149 149 149 149 149 149 149 149 149 150 150 150 150 150 150 150 150 150 150 150 151 151 151 151 151 151 151 151 151 151 151 152 152 152 152 152 152 152 152 152 153 153 153 153 153 153 153 153 154 154 154 154 154 154 154 154 154 155 155 155 155 155 155 155 155 156 156 156 156 156 157 157 157 157 157 158 158 159 158 159 158 158 158 158 159 159 158 158 158 158 159 159 159 159 160 160 160 160 160 160 160 161 161 161 161 161 161 161 161 161 161 161 161 161 161 161 161 161 162 162 162 162 162 162 162 162 162 162 162 163 163 163 163 163 163 163 163 163 164 164 164 164 164 164 165 165 165 164 164 164 164 164 165 165 165 165 165 165 165 165 165 165 165 166 166 166 166 166 166 166 166 166 167 167 167 168 168 168 167 167 167 167 167 167 167 168 168 168 168 168 169 169 169 169 168 168 169 169 169 169 169 170 170 170 170 170 170 170 170 173 173 173 175 175 174 175 175 176 176 176 176 177 177 177 178 177 177 178 178 177 177 177 178 0 0 179 179 179 178 178 179 179 179 178 178 178 178 178 178 178 178 178 178 179 180 0 0 0 0 0 0 0 0 0 0 0 0 0 0 0 0 0 0 0 0 0 0 0 0 0 0 0 0 0 0 0 0 0 0 0 0 0 0 0 0 0 0 0 0 0 0 0 0 0 0 0 0 0 0 0 0 0 0 0 0 0 0 0 0 0 
0 0 0 0 0 0 0 0 0 0 0 0 0 0 0 0 0 0 0 0 0 0 0 0 0 0 0 0 0 0 0 0 0 0 0 0 0 0 0 0 0 0 0 0 0 0 0 0 0 0 0 0 0 0 0 0 0 0 0 0 0 0 0 0 0 0 0 0 0 0 0 0 0 0 0 0 0 0 0 0 0 0 0 0 0 0 0 0 0 0 0 0 0 0 0 0 0 0 0 0 0 0 0 0 0 0 0 0 0 0 0 0 0 0 0 0 0 0 0 0 0 0 0 0 0 0 0 0 0 0 0 0 0 0 0 0 0 0 0 0 0 0 0 0 0 0 0 0 0 0 0 0 0 0 0 0 0 0 0 0 0 0 0 0 0 0 0 0 0 0 0 149 148 148 148 148 148 148 147 148 148 148 148 148 149 149 149 149 149 149 149 150 150 150 150 150 150 150 150 150 150 150 151 151 151 151 151 151 151 151 151 151 152 151 152 152 152 152 152 152 152 152 153 153 153 153 153 153 153 154 153 154 154 154 154 154 154 154 154 155 155 155 155 155 155 155 155 155 156 156 156 156 156 157 157 157 158 158 158 159 158 158 158 158 158 158 158 158 158 159 159 159 159 159 159 159 159 160 160 160 160 160 160 160 161 161 161 161 161 161 161 161 161 161 161 161 161 161 161 161 162 162 162 162 162 162 162 162 163 163 163 163 163 163 163 163 163 163 163 163 163 163 163 164 164 164 164 165 165 165 165 165 164 165 165 165 165 165 165 165 165 165 165 166 166 166 166 166 166 166 166 166 166 167 167 167 167 168 168 168 168 167 167 167 167 167 168 168 168 168 168 169 169 169 169 169 168 169 169 169 169 170 170 170 170 170 170 171 171 170 170 170 173 174 174 175 175 175 175 175 176 176 177 177 177 177 177 177 177 177 178 178 178 0 177 0 0 0 178 178 179 179 178 178 178 178 178 177 177 177 178 178 178 178 178 179 179 0 0 0 0 0 0 0 0 0 0 0 0 0 0 0 0 0 0 0 0 0 0 0 0 0 0 0 0 0 0 0 0 0 0 0 0 0 0 0 0 0 0 0 0 0 0 0 0 0 0 0 0 0 0 0 0 0 0 0 0 0 0 0 0 0 0 
0 0 0 0 0 0 0 0 0 0 0 0 0 0 0 0 0 0 0 0 0 0 0 0 0 0 0 0 0 0 0 0 0 0 0 0 0 0 0 0 0 0 0 0 0 0 0 0 0 0 0 0 0 0 0 0 0 0 0 0 0 0 0 0 0 0 0 0 0 0 0 0 0 0 0 0 0 0 0 0 0 0 0 0 0 0 0 0 0 0 0 0 0 0 0 0 0 0 0 0 0 0 0 0 0 0 0 0 0 0 0 0 0 0 0 0 0 0 0 0 0 0 0 0 0 0 0 0 0 0 0 0 0 0 0 0 0 0 0 0 0 0 0 0 0 0 0 0 0 0 0 0 0 0 0 0 0 0 0 0 0 0 0 0 0 0 0 0 0 0 0 148 148 147 148 148 148 148 148 148 148 148 148 148 149 149 149 149 150 149 150 150 150 150 150 150 150 150 150 150 150 151 151 151 151 151 151 151 151 151 151 152 152 152 152 152 152 152 152 152 152 153 153 153 153 153 153 154 154 154 154 154 154 154 154 154 154 155 155 155 155 155 155 155 155 155 156 156 156 156 156 156 157 157 157 157 158 158 159 159 158 158 158 158 158 159 160 159 159 159 159 159 159 159 159 159 159 160 160 160 160 160 160 161 161 161 161 161 161 161 161 161 161 161 161 161 161 161 162 162 162 162 162 162 162 162 163 163 163 163 163 163 163 163 163 163 163 164 163 163 163 163 164 164 164 164 165 165 165 165 165 165 165 165 165 165 165 165 165 165 166 166 166 165 166 166 166 166 166 166 166 166 166 166 167 167 167 168 168 167 167 167 167 167 167 168 168 168 168 169 169 169 169 168 168 169 169 169 170 170 170 171 170 170 170 170 170 171 171 170 171 171 173 173 174 174 174 174 175 176 176 176 177 177 177 177 177 177 177 178 178 178 0 0 0 0 0 178 178 178 178 179 178 178 178 178 179 178 178 178 178 178 178 178 178 179 179 0 0 0 0 0 0 0 0 0 0 0 0 0 0 0 0 0 0 0 0 0 0 0 0 0 0 0 0 0 0 0 0 0 0 0 0 0 0 0 0 0 0 0 0 0 0 0 0 0 0 0 0 0 0 0 0 0 0 0 0 0 0 0 0 0 0 
0 0 0 0 0 0 0 0 0 0 0 0 0 0 0 0 0 0 0 0 0 0 0 0 0 0 0 0 0 0 0 0 0 0 0 0 0 0 0 0 0 0 0 0 0 0 0 0 0 0 0 0 0 0 0 0 0 0 0 0 0 0 0 0 0 0 0 0 0 0 0 0 0 0 0 0 0 0 0 0 0 0 0 0 0 0 0 0 0 0 0 0 0 0 0 0 0 0 0 0 0 0 0 0 0 0 0 0 0 0 0 0 0 0 0 0 0 0 0 0 0 0 0 0 0 0 0 0 0 0 0 0 0 0 0 0 0 0 0 0 0 0 0 0 0 0 0 0 0 0 0 0 0 0 0 0 0 0 0 0 0 0 0 0 0 0 0 0 0 0 0 148 148 147 147 148 148 148 148 148 148 148 148 148 149 149 149 149 149 150 150 150 150 150 150 150 150 150 150 150 151 151 151 151 151 151 151 151 151 151 152 152 152 152 152 152 152 152 152 152 152 153 153 153 153 154 153 154 154 154 154 154 154 154 154 155 155 155 155 155 155 155 155 156 156 156 156 156 156 156 156 156 157 157 156 157 157 157 159 159 158 158 159 158 158 159 160 159 159 160 159 159 159 159 159 159 159 159 159 160 160 160 160 161 161 161 161 161 161 161 161 162 161 161 161 161 161 162 162 162 162 162 162 162 162 163 163 163 163 163 163 163 163 163 163 163 163 163 164 163 163 163 163 164 164 165 165 165 165 165 165 165 165 165 165 165 165 165 165 165 166 166 166 165 165 166 166 166 166 167 166 167 167 167 167 167 167 168 167 167 167 167 167 168 168 168 168 168 169 168 169 168 168 168 169 169 169 170 170 171 170 171 171 171 171 171 171 171 171 171 171 171 174 173 174 175 175 174 175 175 176 177 177 177 177 177 177 177 177 178 178 0 0 0 0 0 0 0 178 178 178 178 178 178 178 178 178 178 178 178 178 179 178 178 179 179 179 0 0 0 0 0 0 0 0 0 0 0 0 0 0 0 0 0 0 0 0 0 0 0 0 0 0 0 0 0 0 0 0 0 0 0 0 0 0 0 0 0 0 0 0 0 0 0 0 0 0 0 0 0 0 0 0 0 0 0 0 0 0 0 0 0 0 
0 0 0 0 0 0 0 0 0 0 0 0 0 0 0 0 0 0 0 0 0 0 0 0 0 0 0 0 0 0 0 0 0 0 0 0 0 0 0 0 0 0 0 0 0 0 0 0 0 0 0 0 0 0 0 0 0 0 0 0 0 0 0 0 0 0 0 0 0 0 0 0 0 0 0 0 0 0 0 0 0 0 0 0 0 0 0 0 0 0 0 0 0 0 0 0 0 0 0 0 0 0 0 0 0 0 0 0 0 0 0 0 0 0 0 0 0 0 0 0 0 0 0 0 0 0 0 0 0 0 0 0 0 0 0 0 0 0 0 0 0 0 0 0 0 0 0 0 0 0 0 0 0 0 0 0 0 0 0 0 0 0 0 0 0 0 0 0 0 0 0 148 148 148 148 148 148 148 148 148 149 149 149 148 148 149 149 149 150 150 150 150 150 150 150 150 150 150 150 151 151 151 151 151 151 151 151 151 151 152 152 152 152 152 152 152 152 152 152 152 153 153 153 153 153 154 154 154 154 154 154 154 154 154 154 155 155 155 155 155 155 155 155 156 156 156 156 156 156 156 156 156 156 157 157 157 158 158 159 159 159 158 158 158 159 160 159 159 160 160 159 159 159 159 159 159 159 159 159 160 160 160 160 161 161 161 161 161 161 161 161 161 161 161 161 161 162 162 162 162 162 162 162 162 163 163 163 163 163 163 163 163 163 163 164 164 164 164 164 164 164 164 163 163 164 164 165 165 165 165 165 165 165 165 165 165 165 165 165 165 165 165 165 165 166 166 166 166 167 167 167 167 167 167 167 167 168 168 168 167 167 167 168 168 168 168 169 169 168 168 168 168 168 169 0 0 0 169 170 170 171 172 172 172 172 172 172 172 172 172 172 172 174 174 174 175 175 175 175 175 176 176 177 177 177 0 0 177 0 177 0 0 0 0 0 0 0 0 0 178 178 178 178 178 178 178 178 178 178 178 179 179 179 179 179 179 180 0 0 0 0 0 0 0 0 0 0 0 0 0 0 0 0 0 0 0 0 0 0 0 0 0 0 0 0 0 0 0 0 0 0 0 0 0 0 0 0 0 0 0 0 0 0 0 0 0 0 0 0 0 0 0 0 0 0 0 0 0 0 0 0 0 0 
0 0 0 0 0 0 0 0 0 0 0 0 0 0 0 0 0 0 0 0 0 0 0 0 0 0 0 0 0 0 0 0 0 0 0 0 0 0 0 0 0 0 0 0 0 0 0 0 0 0 0 0 0 0 0 0 0 0 0 0 0 0 0 0 0 0 0 0 0 0 0 0 0 0 0 0 0 0 0 0 0 0 0 0 0 0 0 0 0 0 0 0 0 0 0 0 0 0 0 0 0 0 0 0 0 0 0 0 0 0 0 0 0 0 0 0 0 0 0 0 0 0 0 0 0 0 0 0 0 0 0 0 0 0 0 0 0 0 0 0 0 0 0 0 0 0 0 0 0 0 0 0 0 0 0 0 0 0 0 0 0 0 0 0 0 0 0 0 0 0 0 149 149 148 148 148 149 149 148 148 149 150 149 149 149 149 149 149 149 150 150 150 150 150 150 150 150 150 150 151 151 151 151 151 151 151 152 152 152 152 152 152 152 152 152 152 152 152 152 153 153 153 153 153 153 154 154 154 154 154 154 154 154 154 155 155 155 155 155 155 155 155 156 156 156 156 156 156 156 156 156 156 156 157 157 158 158 159 160 160 159 158 158 159 159 159 159 159 159 160 160 160 159 159 159 159 160 160 160 160 160 160 160 161 161 161 161 161 161 161 161 161 161 161 161 161 162 162 162 162 162 162 162 162 163 163 163 163 163 163 163 163 163 163 163 164 164 164 164 164 164 164 164 163 164 164 164 165 165 165 165 165 165 165 166 166 165 165 165 165 165 165 165 166 166 166 167 167 167 167 167 167 167 167 167 167 168 168 168 168 168 167 168 168 168 168 169 168 168 168 168 168 169 169 0 0 0 0 0 170 170 171 171 171 172 172 172 172 172 172 172 171 174 174 174 174 175 175 175 175 175 176 176 177 0 0 0 0 0 0 0 0 0 0 0 0 0 0 0 0 0 178 179 179 179 179 179 179 179 179 0 0 0 179 179 0 0 0 0 0 0 0 0 0 0 0 0 0 0 0 0 0 0 0 0 0 0 0 0 0 0 0 0 0 0 0 0 0 0 0 0 0 0 0 0 0 0 0 0 0 0 0 0 0 0 0 0 0 0 0 0 0 0 0 0 0 0 0 0 0 0 0 0 
0 0 0 0 0 0 0 0 0 0 0 0 0 0 0 0 0 0 0 0 0 0 0 0 0 0 0 0 0 0 0 0 0 0 0 0 0 0 0 0 0 0 0 0 0 0 0 0 0 0 0 0 0 0 0 0 0 0 0 0 0 0 0 0 0 0 0 0 0 0 0 0 0 0 0 0 0 0 0 0 0 0 0 0 0 0 0 0 0 0 0 0 0 0 0 0 0 0 0 0 0 0 0 0 0 0 0 0 0 0 0 0 0 0 0 0 0 0 0 0 0 0 0 0 0 0 0 0 0 0 0 0 0 0 0 0 0 0 0 0 0 0 0 0 0 0 0 0 0 0 0 0 0 0 0 0 0 0 0 0 0 0 0 0 0 0 0 0 0 0 0 0 0 149 149 0 0 149 149 150 0 0 0 0 150 149 149 149 149 150 150 150 150 150 150 150 150 150 150 151 151 151 151 151 152 152 152 152 152 152 152 152 152 152 152 152 153 152 153 153 153 153 153 153 154 154 154 154 154 154 154 154 155 155 155 155 155 155 155 155 156 156 156 156 156 156 156 156 156 156 156 156 157 157 157 157 158 159 159 160 160 159 160 160 159 160 159 159 160 160 161 161 160 160 160 160 160 160 160 160 160 160 160 161 161 161 161 161 161 161 162 162 161 161 161 161 162 162 162 162 162 162 162 162 163 163 163 163 163 163 163 163 163 163 163 164 164 164 164 165 164 164 164 164 164 164 164 165 165 165 165 165 165 166 166 166 165 165 165 165 165 165 166 166 166 167 167 167 167 167 167 167 167 167 167 168 168 168 168 168 167 168 0 0 0 168 168 168 168 168 169 169 169 170 0 0 0 0 0 0 0 0 171 171 172 172 173 172 172 172 172 172 174 174 174 174 175 175 176 0 175 176 176 0 0 0 0 0 0 0 0 0 0 0 0 0 0 0 0 0 0 0 179 179 179 179 0 0 0 0 0 0 0 0 0 0 0 0 0 0 0 0 0 0 0 0 0 0 0 0 0 0 0 0 0 0 0 0 0 0 0 0 0 0 0 0 0 0 0 0 0 0 0 0 0 0 0 0 0 0 0 0 0 0 0 0 0 0 0 0 0 0 0 0 0 0 0 0 0 0 0 0 0 
0 0 0 0 0 0 0 0 0 0 0 0 0 0 0 0 0 0 0 0 0 0 0 0 0 0 0 0 0 0 0 0 0 0 0 0 0 0 0 0 0 0 0 0 0 0 0 0 0 0 0 0 0 0 0 0 0 0 0 0 0 0 0 0 0 0 0 0 0 0 0 0 0 0 0 0 0 0 0 0 0 0 0 0 0 0 0 0 0 0 0 0 0 0 0 0 0 0 0 0 0 0 0 0 0 0 0 0 0 0 0 0 0 0 0 0 0 0 0 0 0 0 0 0 0 0 0 0 0 0 0 0 0 0 0 0 0 0 0 0 0 0 0 0 0 0 0 0 0 0 0 0 0 0 0 0 0 0 0 0 0 0 0 0 0 0 0 0 0 0 0 0 0 0 0 0 0 0 0 0 0 0 0 0 0 150 149 150 150 150 150 150 150 150 151 151 150 150 150 150 151 151 151 151 151 152 152 152 152 152 152 152 152 152 152 152 152 153 153 153 153 153 153 153 154 154 154 154 154 154 154 154 155 155 155 155 155 155 155 155 156 156 156 156 156 156 156 156 156 156 156 157 157 157 158 158 158 159 160 161 161 161 161 161 161 161 160 160 161 161 161 161 161 160 160 160 160 160 160 160 160 160 161 161 161 161 161 161 162 162 162 162 161 161 161 161 162 162 162 162 162 162 162 162 163 163 163 163 163 163 163 163 163 164 164 163 164 164 164 164 165 165 164 164 164 164 164 165 165 165 165 165 166 166 166 166 166 165 165 165 165 165 166 166 167 167 167 167 167 167 167 167 167 167 167 167 168 168 168 168 168 167 0 0 0 0 168 168 168 168 169 169 170 171 0 0 0 0 0 0 0 0 0 171 171 172 172 172 173 173 172 172 174 174 174 174 0 175 176 0 0 0 0 0 0 0 0 0 0 0 0 0 0 0 0 0 0 0 0 0 0 0 0 0 0 0 0 0 0 0 0 0 0 0 0 0 0 0 0 0 0 0 0 0 0 0 0 0 0 0 0 0 0 0 0 0 0 0 0 0 0 0 0 0 0 0 0 0 0 0 0 0 0 0 0 0 0 0 0 0 0 0 0 0 0 0 0 0 0 0 0 0 0 0 0 0 0 0 0 0 0 0 0 
0 0 0 0 0 0 0 0 0 0 0 0 0 0 0 0 0 0 0 0 0 0 0 0 0 0 0 0 0 0 0 0 0 0 0 0 0 0 0 0 0 0 0 0 0 0 0 0 0 0 0 0 0 0 0 0 0 0 0 0 0 0 0 0 0 0 0 0 0 0 0 0 0 0 0 0 0 0 0 0 0 0 0 0 0 0 0 0 0 0 0 0 0 0 0 0 0 0 0 0 0 0 0 0 0 0 0 0 0 0 0 0 0 0 0 0 0 0 0 0 0 0 0 0 0 0 0 0 0 0 0 0 0 0 0 0 0 0 0 0 0 0 0 0 0 0 0 0 0 0 0 0 0 0 0 0 0 0 0 0 0 0 0 0 0 0 0 0 0 0 0 0 0 0 0 0 0 0 0 0 0 0 0 0 0 0 0 150 150 150 150 150 150 150 151 151 151 151 151 150 150 151 151 151 152 152 152 152 152 152 152 152 152 152 152 152 152 152 152 153 153 153 153 153 154 154 154 154 154 154 154 154 155 155 155 155 155 155 155 156 156 156 156 156 156 156 156 156 156 157 157 157 157 157 158 158 159 159 159 160 161 160 160 160 161 161 161 161 161 161 160 161 161 160 160 160 160 160 160 160 160 160 161 161 161 161 161 161 161 162 162 162 161 161 161 161 162 162 162 162 162 162 162 162 162 162 163 163 163 163 163 163 164 164 164 164 164 164 164 164 165 165 165 164 164 164 164 165 165 166 166 165 166 166 165 166 165 165 165 165 165 166 166 166 167 167 167 167 167 167 167 167 167 167 168 168 168 168 168 168 168 0 0 0 0 0 0 0 0 169 170 0 0 0 0 0 0 0 0 0 0 0 0 0 171 172 172 0 0 173 173 172 175 0 0 0 0 0 0 0 0 0 0 0 0 0 0 0 0 0 0 0 0 0 0 0 0 0 0 0 0 0 0 0 0 0 0 0 0 0 0 0 0 0 0 0 0 0 0 0 0 0 0 0 0 0 0 0 0 0 0 0 0 0 0 0 0 0 0 0 0 0 0 0 0 0 0 0 0 0 0 0 0 0 0 0 0 0 0 0 0 0 0 0 0 0 0 0 0 0 0 0 0 0 0 0 0 0 0 0 0 0 0 
0 0 0 0 0 0 0 0 0 0 0 0 0 0 0 0 0 0 0 0 0 0 0 0 0 0 0 0 0 0 0 0 0 0 0 0 0 0 0 0 0 0 0 0 0 0 0 0 0 0 0 0 0 0 0 0 0 0 0 0 0 0 0 0 0 0 0 0 0 0 0 0 0 0 0 0 0 0 0 0 0 0 0 0 0 0 0 0 0 0 0 0 0 0 0 0 0 0 0 0 0 0 0 0 0 0 0 0 0 0 0 0 0 0 0 0 0 0 0 0 0 0 0 0 0 0 0 0 0 0 0 0 0 0 0 0 0 0 0 0 0 0 0 0 0 0 0 0 0 0 0 0 0 0 0 0 0 0 0 0 0 0 0 0 0 0 0 0 0 0 0 0 0 0 0 0 0 0 0 0 0 0 0 0 0 0 0 0 0 0 151 150 150 151 151 151 151 152 151 150 150 150 151 151 151 151 152 152 152 152 152 152 152 152 152 152 152 152 152 152 153 153 153 154 154 154 154 154 154 154 155 155 155 155 155 155 155 155 155 155 155 155 156 156 156 156 156 156 156 156 157 157 158 158 158 158 158 159 160 161 160 159 159 159 160 161 162 162 161 160 160 160 160 160 160 160 160 160 160 160 160 160 161 161 161 161 161 161 162 162 162 162 162 162 162 162 162 162 162 162 162 162 162 162 162 163 163 163 163 163 163 163 163 164 164 163 164 164 164 164 165 165 165 165 164 164 164 164 165 166 166 166 166 165 166 166 166 166 165 165 165 166 166 167 167 167 167 167 167 167 167 167 168 168 168 168 168 0 168 168 0 0 0 0 0 0 0 0 0 0 0 0 0 0 0 0 0 0 0 0 0 0 0 0 0 0 0 0 0 0 0 0 0 0 0 0 0 0 0 0 0 0 0 0 0 0 0 0 0 0 0 0 0 0 0 0 0 0 0 0 0 0 0 0 0 0 0 0 0 0 0 0 0 0 0 0 0 0 0 0 0 0 0 0 0 0 0 0 0 0 0 0 0 0 0 0 0 0 0 0 0 0 0 0 0 0 0 0 0 0 0 0 0 0 0 0 0 0 0 0 0 0 0 0 0 0 0 0 0 0 0 0 0 0 0 0 0 0 0 0 0 0 0 
0 0 0 0 0 0 0 0 0 0 0 0 0 0 0 0 0 0 0 0 0 0 0 0 0 0 0 0 0 0 0 0 0 0 0 0 0 0 0 0 0 0 0 0 0 0 0 0 0 0 0 0 0 0 0 0 0 0 0 0 0 0 0 0 0 0 0 0 0 0 0 0 0 0 0 0 0 0 0 0 0 0 0 0 0 0 0 0 0 0 0 0 0 0 0 0 0 0 0 0 0 0 0 0 0 0 0 0 0 0 0 0 0 0 0 0 0 0 0 0 0 0 0 0 0 0 0 0 0 0 0 0 0 0 0 0 0 0 0 0 0 0 0 0 0 0 0 0 0 0 0 0 0 0 0 0 0 0 0 0 0 0 0 0 0 0 0 0 0 0 0 0 0 0 0 0 0 0 0 0 0 0 0 0 0 0 0 0 0 0 151 151 151 150 151 151 151 152 151 151 151 150 150 150 151 151 151 152 152 152 152 152 152 152 153 153 153 153 153 153 153 153 153 154 154 154 154 154 154 154 155 155 155 155 155 155 155 155 155 155 155 155 155 156 156 156 156 156 156 157 157 157 157 158 159 159 158 159 159 161 161 160 159 159 159 160 161 161 161 160 160 160 160 160 160 161 161 160 160 161 161 161 161 161 161 161 161 162 162 162 162 162 162 162 162 162 162 162 162 162 162 162 162 163 163 163 163 163 163 163 164 163 164 164 163 163 163 164 164 165 165 165 165 165 165 164 164 165 165 165 166 166 166 166 166 166 166 166 166 165 166 166 167 167 167 167 167 167 167 167 167 168 168 168 168 168 168 0 0 0 0 0 0 0 0 0 0 0 0 0 0 0 0 0 0 0 0 0 0 0 0 0 0 0 0 0 0 0 0 0 0 0 0 0 0 0 0 0 0 0 0 0 0 0 0 0 0 0 0 0 0 0 0 0 0 0 0 0 0 0 0 0 0 0 0 0 0 0 0 0 0 0 0 0 0 0 0 0 0 0 0 0 0 0 0 0 0 0 0 0 0 0 0 0 0 0 0 0 0 0 0 0 0 0 0 0 0 0 0 0 0 0 0 0 0 0 0 0 0 0 0 0 0 0 0 0 0 0 0 0 0 0 0 0 0 0 0 0 0 0 0 0 0 
0 0 0 0 0 0 0 0 0 0 0 0 0 0 0 0 0 0 0 0 0 0 0 0 0 0 0 0 0 0 0 0 0 0 0 0 0 0 0 0 0 0 0 0 0 0 0 0 0 0 0 0 0 0 0 0 0 0 0 0 0 0 0 0 0 0 0 0 0 0 0 0 0 0 0 0 0 0 0 0 0 0 0 0 0 0 0 0 0 0 0 0 0 0 0 0 0 0 0 0 0 0 0 0 0 0 0 0 0 0 0 0 0 0 0 0 0 0 0 0 0 0 0 0 0 0 0 0 0 0 0 0 0 0 0 0 0 0 0 0 0 0 0 0 0 0 0 0 0 0 0 0 0 0 0 0 0 0 0 0 0 0 0 0 0 0 0 0 0 0 0 0 0 0 0 0 0 0 0 0 0 0 0 0 0 0 0 0 0 0 0 0 0 151 151 151 151 152 152 152 151 151 151 151 151 151 151 152 152 152 152 152 152 152 153 153 153 153 153 153 153 153 153 154 154 154 154 154 154 154 155 155 155 155 155 155 155 155 155 155 155 155 155 156 156 156 156 157 157 158 157 158 157 158 159 160 160 160 160 161 161 161 160 160 159 160 160 161 161 161 160 160 161 161 160 160 160 161 161 161 161 161 161 161 161 161 162 162 162 162 162 162 162 162 162 162 162 162 162 162 162 163 163 163 163 163 163 163 163 163 164 164 164 164 164 0 164 164 0 165 165 165 165 165 165 164 165 165 165 165 166 166 166 166 165 165 165 165 166 166 166 166 167 167 167 167 167 167 167 167 167 168 168 168 168 168 0 0 0 0 0 0 0 0 0 0 0 0 0 0 0 0 0 0 0 0 0 0 0 0 0 0 0 0 0 0 0 0 0 0 0 0 0 0 0 0 0 0 0 0 0 0 0 0 0 0 0 0 0 0 0 0 0 0 0 0 0 0 0 0 0 0 0 0 0 0 0 0 0 0 0 0 0 0 0 0 0 0 0 0 0 0 0 0 0 0 0 0 0 0 0 0 0 0 0 0 0 0 0 0 0 0 0 0 0 0 0 0 0 0 0 0 0 0 0 0 0 0 0 0 0 0 0 0 0 0 0 0 0 0 0 0 0 0 0 0 0 0 0 0 0 0 0 
0 0 0 0 0 0 0 0 0 0 0 0 0 0 0 0 0 0 0 0 0 0 0 0 0 0 0 0 0 0 0 0 0 0 0 0 0 0 0 0 0 0 0 0 0 0 0 0 0 0 0 0 0 0 0 0 0 0 0 0 0 0 0 0 0 0 0 0 0 0 0 0 0 0 0 0 0 0 0 0 0 0 0 0 0 0 0 0 0 0 0 0 0 0 0 0 0 0 0 0 0 0 0 0 0 0 0 0 0 0 0 0 0 0 0 0 0 0 0 0 0 0 0 0 0 0 0 0 0 0 0 0 0 0 0 0 0 0 0 0 0 0 0 0 0 0 0 0 0 0 0 0 0 0 0 0 0 0 0 0 0 0 0 0 0 0 0 0 0 0 0 0 0 0 0 0 0 0 0 0 0 0 0 0 0 0 0 0 0 0 0 0 0 0 0 0 0 152 152 152 152 152 151 152 151 151 151 151 151 152 152 152 152 153 153 153 153 153 153 153 153 153 153 154 154 154 154 155 155 155 155 155 155 155 155 155 155 155 155 156 156 156 157 157 158 157 157 158 158 157 158 159 159 158 159 161 161 161 161 161 160 160 160 161 160 160 160 161 161 161 160 160 160 161 160 160 160 160 160 161 160 161 161 161 161 161 161 162 162 162 162 162 161 162 162 162 162 162 162 163 163 163 163 163 163 163 164 164 164 164 164 164 165 165 164 0 0 0 0 0 0 0 166 166 166 165 165 165 165 166 165 166 166 166 166 166 166 166 166 166 166 166 166 167 167 167 167 167 167 167 167 168 168 168 168 0 0 0 0 0 0 0 0 0 0 0 0 0 0 0 0 0 0 0 0 0 0 0 0 0 0 0 0 0 0 0 0 0 0 0 0 0 0 0 0 0 0 0 0 0 0 0 0 0 0 0 0 0 0 0 0 0 0 0 0 0 0 0 0 0 0 0 0 0 0 0 0 0 0 0 0 0 0 0 0 0 0 0 0 0 0 0 0 0 0 0 0 0 0 0 0 0 0 0 0 0 0 0 0 0 0 0 0 0 0 0 0 0 0 0 0 0 0 0 0 0 0 0 0 0 0 0 0 0 0 0 0 0 0 0 0 0 0 0 0 0 0 0 0 0 0 0 0 
0 0 0 0 0 0 0 0 0 0 0 0 0 0 0 0 0 0 0 0 0 0 0 0 0 0 0 0 0 0 0 0 0 0 0 0 0 0 0 0 0 0 0 0 0 0 0 0 0 0 0 0 0 0 0 0 0 0 0 0 0 0 0 0 0 0 0 0 0 0 0 0 0 0 0 0 0 0 0 0 0 0 0 0 0 0 0 0 0 0 0 0 0 0 0 0 0 0 0 0 0 0 0 0 0 0 0 0 0 0 0 0 0 0 0 0 0 0 0 0 0 0 0 0 0 0 0 0 0 0 0 0 0 0 0 0 0 0 0 0 0 0 0 0 0 0 0 0 0 0 0 0 0 0 0 0 0 0 0 0 0 0 0 0 0 0 0 0 0 0 0 0 0 0 0 0 0 0 0 0 0 0 0 0 0 0 0 0 0 0 0 0 0 0 0 0 0 0 153 153 153 153 152 152 151 151 150 151 152 152 151 152 152 153 153 153 153 153 153 153 153 153 154 154 154 154 155 155 155 155 155 155 155 155 155 155 155 155 155 156 157 157 158 158 159 159 159 160 159 158 159 159 160 160 160 161 160 160 161 161 161 160 159 160 160 160 160 161 161 161 160 160 160 160 160 160 160 160 160 161 161 161 161 161 161 161 161 162 162 162 162 162 161 162 162 162 163 163 163 163 163 163 163 163 163 164 163 164 164 164 164 164 165 165 165 0 0 0 0 0 0 0 0 0 166 165 165 165 165 166 166 166 166 166 166 166 166 166 167 167 166 166 166 167 167 167 167 167 168 0 168 168 168 168 0 0 0 0 0 0 0 0 0 0 0 0 0 0 0 0 0 0 0 0 0 0 0 0 0 0 0 0 0 0 0 0 0 0 0 0 0 0 0 0 0 0 0 0 0 0 0 0 0 0 0 0 0 0 0 0 0 0 0 0 0 0 0 0 0 0 0 0 0 0 0 0 0 0 0 0 0 0 0 0 0 0 0 0 0 0 0 0 0 0 0 0 0 0 0 0 0 0 0 0 0 0 0 0 0 0 0 0 0 0 0 0 0 0 0 0 0 0 0 0 0 0 0 0 0 0 0 0 0 0 0 0 0 0 0 0 0 0 0 0 0 0 0 0 0 0 0 0 0 
0 0 0 0 0 0 0 0 0 0 0 0 0 0 0 0 0 0 0 0 0 0 0 0 0 0 0 0 0 0 0 0 0 0 0 0 0 0 0 0 0 0 0 0 0 0 0 0 0 0 0 0 0 0 0 0 0 0 0 0 0 0 0 0 0 0 0 0 0 0 0 0 0 0 0 0 0 0 0 0 0 0 0 0 0 0 0 0 0 0 0 0 0 0 0 0 0 0 0 0 0 0 0 0 0 0 0 0 0 0 0 0 0 0 0 0 0 0 0 0 0 0 0 0 0 0 0 0 0 0 0 0 0 0 0 0 0 0 0 0 0 0 0 0 0 0 0 0 0 0 0 0 0 0 0 0 0 0 0 0 0 0 0 0 0 0 0 0 0 0 0 0 0 0 0 0 0 0 0 0 0 0 0 0 0 0 0 0 0 0 0 0 0 0 0 0 0 0 0 154 154 153 153 152 152 151 151 152 153 152 151 152 153 153 153 153 153 153 153 153 153 154 154 154 154 155 155 155 155 155 155 155 155 155 155 155 155 155 155 156 157 157 158 159 159 160 160 161 160 159 160 161 160 160 160 160 160 160 161 161 161 161 161 160 160 160 160 160 160 160 160 160 160 160 160 160 161 161 161 161 161 161 161 161 161 161 161 162 161 162 162 162 161 162 162 162 162 163 163 163 163 163 163 163 163 164 164 164 164 164 165 165 165 165 0 0 0 0 0 0 0 0 0 0 166 165 165 165 166 166 166 0 0 0 0 0 0 166 166 167 166 166 166 167 167 167 167 167 168 0 0 0 0 0 0 0 0 0 0 0 0 0 0 0 0 0 0 0 0 0 0 0 0 0 0 0 0 0 0 0 0 0 0 0 0 0 0 0 0 0 0 0 0 0 0 0 0 0 0 0 0 0 0 0 0 0 0 0 0 0 0 0 0 0 0 0 0 0 0 0 0 0 0 0 0 0 0 0 0 0 0 0 0 0 0 0 0 0 0 0 0 0 0 0 0 0 0 0 0 0 0 0 0 0 0 0 0 0 0 0 0 0 0 0 0 0 0 0 0 0 0 0 0 0 0 0 0 0 0 0 0 0 0 0 0 0 0 0 0 0 0 0 0 0 0 0 0 0 0 0 0 0 0 
0 0 0 0 0 0 0 0 0 0 0 0 0 0 0 0 0 0 0 0 0 0 0 0 0 0 0 0 0 0 0 0 0 0 0 0 0 0 0 0 0 0 0 0 0 0 0 0 0 0 0 0 0 0 0 0 0 0 0 0 0 0 0 0 0 0 0 0 0 0 0 0 0 0 0 0 0 0 0 0 0 0 0 0 0 0 0 0 0 0 0 0 0 0 0 0 0 0 0 0 0 0 0 0 0 0 0 0 0 0 0 0 0 0 0 0 0 0 0 0 0 0 0 0 0 0 0 0 0 0 0 0 0 0 0 0 0 0 0 0 0 0 0 0 0 0 0 0 0 0 0 0 0 0 0 0 0 0 0 0 0 0 0 0 0 0 0 0 0 0 0 0 0 0 0 0 0 0 0 0 0 0 0 0 0 0 0 0 0 0 0 0 0 0 0 0 0 0 0 0 0 154 153 153 153 153 153 153 153 152 152 153 154 154 153 153 153 154 154 153 154 154 154 154 155 155 155 155 155 155 155 155 155 155 155 155 156 156 156 156 156 157 157 158 158 159 160 161 161 161 161 162 161 160 160 160 159 160 160 160 161 161 161 161 160 160 160 160 161 161 161 161 161 161 161 161 162 162 161 162 162 161 161 161 161 161 161 161 161 161 162 162 161 162 162 162 163 163 163 163 163 163 163 163 163 163 164 164 0 0 0 165 165 165 166 0 0 0 0 0 0 0 0 0 166 166 0 0 0 0 0 0 0 0 0 0 0 0 0 0 0 0 167 167 167 167 168 168 0 0 0 0 0 0 0 0 0 0 0 0 0 0 0 0 0 0 0 0 0 0 0 0 0 0 0 0 0 0 0 0 0 0 0 0 0 0 0 0 0 0 0 0 0 0 0 0 0 0 0 0 0 0 0 0 0 0 0 0 0 0 0 0 0 0 0 0 0 0 0 0 0 0 0 0 0 0 0 0 0 0 0 0 0 0 0 0 0 0 0 0 0 0 0 0 0 0 0 0 0 0 0 0 0 0 0 0 0 0 0 0 0 0 0 0 0 0 0 0 0 0 0 0 0 0 0 0 0 0 0 0 0 0 0 0 0 0 0 0 0 0 0 0 0 0 0 0 0 0 0 0 0 0 0 
0 0 0 0 0 0 0 0 0 0 0 0 0 0 0 0 0 0 0 0 0 0 0 0 0 0 0 0 0 0 0 0 0 0 0 0 0 0 0 0 0 0 0 0 0 0 0 0 0 0 0 0 0 0 0 0 0 0 0 0 0 0 0 0 0 0 0 0 0 0 0 0 0 0 0 0 0 0 0 0 0 0 0 0 0 0 0 0 0 0 0 0 0 0 0 0 0 0 0 0 0 0 0 0 0 0 0 0 0 0 0 0 0 0 0 0 0 0 0 0 0 0 0 0 0 0 0 0 0 0 0 0 0 0 0 0 0 0 0 0 0 0 0 0 0 0 0 0 0 0 0 0 0 0 0 0 0 0 0 0 0 0 0 0 0 0 0 0 0 0 0 0 0 0 0 0 0 0 0 0 0 0 0 0 0 0 0 0 0 0 0 0 0 0 0 0 0 0 0 0 0 0 153 154 154 154 153 153 153 153 153 153 153 153 153 153 153 154 154 153 154 154 154 155 155 155 155 155 155 155 155 155 155 155 155 155 155 156 157 157 158 158 158 158 159 160 160 161 161 162 162 162 161 161 161 160 160 160 160 160 160 160 161 160 160 161 161 161 161 161 161 162 162 162 161 162 163 163 163 162 162 161 161 161 161 162 162 162 161 161 161 162 161 162 162 162 163 163 163 163 163 163 163 164 164 164 164 164 0 0 0 0 0 166 167 0 0 0 0 0 0 0 0 0 0 0 0 0 0 0 0 0 0 0 0 0 0 0 0 0 0 0 0 0 0 168 168 0 0 0 0 0 0 0 0 0 0 0 0 0 0 0 0 0 0 0 0 0 0 0 0 0 0 0 0 0 0 0 0 0 0 0 0 0 0 0 0 0 0 0 0 0 0 0 0 0 0 0 0 0 0 0 0 0 0 0 0 0 0 0 0 0 0 0 0 0 0 0 0 0 0 0 0 0 0 0 0 0 0 0 0 0 0 0 0 0 0 0 0 0 0 0 0 0 0 0 0 0 0 0 0 0 0 0 0 0 0 0 0 0 0 0 0 0 0 0 0 0 0 0 0 0 0 0 0 0 0 0 0 0 0 0 0 0 0 0 0 0 0 0 0 0 0 0 0 0 0 0 0 0 0 0 0 
0 0 0 0 0 0 0 0 0 0 0 0 0 0 0 0 0 0 0 0 0 0 0 0 0 0 0 0 0 0 0 0 0 0 0 0 0 0 0 0 0 0 0 0 0 0 0 0 0 0 0 0 0 0 0 0 0 0 0 0 0 0 0 0 0 0 0 0 0 0 0 0 0 0 0 0 0 0 0 0 0 0 0 0 0 0 0 0 0 0 0 0 0 0 0 0 0 0 0 0 0 0 0 0 0 0 0 0 0 0 0 0 0 0 0 0 0 0 0 0 0 0 0 0 0 0 0 0 0 0 0 0 0 0 0 0 0 0 0 0 0 0 0 0 0 0 0 0 0 0 0 0 0 0 0 0 0 0 0 0 0 0 0 0 0 0 0 0 0 0 0 0 0 0 0 0 0 0 0 0 0 0 0 0 0 0 0 0 0 0 0 0 0 0 0 0 0 0 0 0 0 0 154 155 156 155 155 154 153 153 153 153 153 153 153 153 153 153 153 154 154 154 154 155 155 155 155 155 155 155 155 155 155 155 155 156 156 156 156 157 158 159 159 158 159 160 161 161 160 161 161 161 161 160 161 161 161 161 161 161 160 160 161 160 161 161 161 161 161 162 162 162 163 162 162 162 163 164 163 163 163 162 162 162 162 162 162 162 162 162 162 162 161 161 162 162 163 163 163 163 164 163 163 164 164 164 164 0 0 0 0 0 0 0 0 0 0 0 0 0 0 0 0 0 0 0 0 0 0 0 0 0 0 0 0 0 0 0 0 0 0 0 0 0 0 0 0 0 0 0 0 0 0 0 0 0 0 0 0 0 0 0 0 0 0 0 0 0 0 0 0 0 0 0 0 0 0 0 0 0 0 0 0 0 0 0 0 0 0 0 0 0 0 0 0 0 0 0 0 0 0 0 0 0 0 0 0 0 0 0 0 0 0 0 0 0 0 0 0 0 0 0 0 0 0 0 0 0 0 0 0 0 0 0 0 0 0 0 0 0 0 0 0 0 0 0 0 0 0 0 0 0 0 0 0 0 0 0 0 0 0 0 0 0 0 0 0 0 0 0 0 0 0 0 0 0 0 0 0 0 0 0 0 0 0 0 0 0 0 0 0 0 0 0 0 0 0 0 0 0 0 0 0 
0 0 0 0 0 0 0 0 0 0 0 0 0 0 0 0 0 0 0 0 0 0 0 0 0 0 0 0 0 0 0 0 0 0 0 0 0 0 0 0 0 0 0 0 0 0 0 0 0 0 0 0 0 0 0 0 0 0 0 0 0 0 0 0 0 0 0 0 0 0 0 0 0 0 0 0 0 0 0 0 0 0 0 0 0 0 0 0 0 0 0 0 0 0 0 0 0 0 0 0 0 0 0 0 0 0 0 0 0 0 0 0 0 0 0 0 0 0 0 0 0 0 0 0 0 0 0 0 0 0 0 0 0 0 0 0 0 0 0 0 0 0 0 0 0 0 0 0 0 0 0 0 0 0 0 0 0 0 0 0 0 0 0 0 0 0 0 0 0 0 0 0 0 0 0 0 0 0 0 0 0 0 0 0 0 0 0 0 0 0 0 0 0 0 0 0 0 0 0 0 0 0 0 0 156 156 156 155 154 154 153 153 153 153 153 153 153 153 154 154 154 154 154 155 155 155 155 155 155 155 155 155 155 155 156 156 157 157 157 157 158 158 159 159 159 160 161 162 161 160 160 160 160 160 160 160 161 161 161 161 160 160 161 161 161 161 161 161 161 161 162 163 164 164 164 163 164 164 164 164 164 163 163 162 162 162 162 162 162 162 162 162 161 162 162 162 163 163 163 164 163 164 163 164 164 0 0 0 0 0 0 0 0 0 0 0 0 0 0 0 0 0 0 0 0 0 0 0 0 0 0 0 0 0 0 0 0 0 0 0 0 0 0 0 0 0 0 0 0 0 0 0 0 0 0 0 0 0 0 0 0 0 0 0 0 0 0 0 0 0 0 0 0 0 0 0 0 0 0 0 0 0 0 0 0 0 0 0 0 0 0 0 0 0 0 0 0 0 0 0 0 0 0 0 0 0 0 0 0 0 0 0 0 0 0 0 0 0 0 0 0 0 0 0 0 0 0 0 0 0 0 0 0 0 0 0 0 0 0 0 0 0 0 0 0 0 0 0 0 0 0 0 0 0 0 0 0 0 0 0 0 0 0 0 0 0 0 0 0 0 0 0 0 0 0 0 0 0 0 0 0 0 0 0 0 0 0 0 0 0 0 0 0 0 0 0 0 0 0 0 0 0 0 
0 0 0 0 0 0 0 0 0 0 0 0 0 0 0 0 0 0 0 0 0 0 0 0 0 0 0 0 0 0 0 0 0 0 0 0 0 0 0 0 0 0 0 0 0 0 0 0 0 0 0 0 0 0 0 0 0 0 0 0 0 0 0 0 0 0 0 0 0 0 0 0 0 0 0 0 0 0 0 0 0 0 0 0 0 0 0 0 0 0 0 0 0 0 0 0 0 0 0 0 0 0 0 0 0 0 0 0 0 0 0 0 0 0 0 0 0 0 0 0 0 0 0 0 0 0 0 0 0 0 0 0 0 0 0 0 0 0 0 0 0 0 0 0 0 0 0 0 0 0 0 0 0 0 0 0 0 0 0 0 0 0 0 0 0 0 0 0 0 0 0 0 0 0 0 0 0 0 0 0 0 0 0 0 0 0 0 0 0 0 0 0 0 0 0 0 0 0 0 0 0 0 0 0 0 157 156 155 154 153 153 153 153 153 153 154 154 154 154 154 154 154 155 155 155 155 155 155 155 155 155 155 155 156 156 157 157 157 158 158 159 159 160 161 161 162 162 161 161 160 160 160 160 160 160 160 160 160 160 160 160 161 161 161 161 161 161 162 163 163 163 162 163 165 165 165 166 166 164 163 163 163 163 162 163 163 163 163 163 162 162 162 161 162 162 162 163 163 163 164 164 164 164 164 0 0 0 0 0 0 0 0 0 0 0 0 0 0 0 0 0 0 0 0 0 0 0 0 0 0 0 0 0 0 0 0 0 0 0 0 0 0 0 0 0 0 0 0 0 0 0 0 0 0 0 0 0 0 0 0 0 0 0 0 0 0 0 0 0 0 0 0 0 0 0 0 0 0 0 0 0 0 0 0 0 0 0 0 0 0 0 0 0 0 0 0 0 0 0 0 0 0 0 0 0 0 0 0 0 0 0 0 0 0 0 0 0 0 0 0 0 0 0 0 0 0 0 0 0 0 0 0 0 0 0 0 0 0 0 0 0 0 0 0 0 0 0 0 0 0 0 0 0 0 0 0 0 0 0 0 0 0 0 0 0 0 0 0 0 0 0 0 0 0 0 0 0 0 0 0 0 0 0 0 0 0 0 0 0 0 0 0 0 0 0 0 0 0 0 0 0 0 0 
0 0 0 0 0 0 0 0 0 0 0 0 0 0 0 0 0 0 0 0 0 0 0 0 0 0 0 0 0 0 0 0 0 0 0 0 0 0 0 0 0 0 0 0 0 0 0 0 0 0 0 0 0 0 0 0 0 0 0 0 0 0 0 0 0 0 0 0 0 0 0 0 0 0 0 0 0 0 0 0 0 0 0 0 0 0 0 0 0 0 0 0 0 0 0 0 0 0 0 0 0 0 0 0 0 0 0 0 0 0 0 0 0 0 0 0 0 0 0 0 0 0 0 0 0 0 0 0 0 0 0 0 0 0 0 0 0 0 0 0 0 0 0 0 0 0 0 0 0 0 0 0 0 0 0 0 0 0 0 0 0 0 0 0 0 0 0 0 0 0 0 0 0 0 0 0 0 0 0 0 0 0 0 0 0 0 0 0 0 0 0 0 0 0 0 0 0 0 0 0 0 0 0 0 0 156 155 154 153 153 153 153 153 153 153 153 153 154 154 154 154 154 155 155 155 155 155 155 155 155 155 156 155 155 156 157 157 157 158 158 159 160 159 159 160 161 162 162 161 161 161 161 161 161 161 160 160 160 161 161 161 161 161 161 162 162 162 162 163 164 164 163 164 166 0 0 0 0 165 164 163 162 162 162 162 163 163 163 163 163 162 162 161 162 163 162 162 163 163 163 164 164 0 0 0 0 0 0 0 0 0 0 0 0 0 0 0 0 0 0 0 0 0 0 0 0 0 0 0 0 0 0 0 0 0 0 0 0 0 0 0 0 0 0 0 0 0 0 0 0 0 0 0 0 0 0 0 0 0 0 0 0 0 0 0 0 0 0 0 0 0 0 0 0 0 0 0 0 0 0 0 0 0 0 0 0 0 0 0 0 0 0 0 0 0 0 0 0 0 0 0 0 0 0 0 0 0 0 0 0 0 0 0 0 0 0 0 0 0 0 0 0 0 0 0 0 0 0 0 0 0 0 0 0 0 0 0 0 0 0 0 0 0 0 0 0 0 0 0 0 0 0 0 0 0 0 0 0 0 0 0 0 0 0 0 0 0 0 0 0 0 0 0 0 0 0 0 0 0 0 0 0 0 0 0 0 0 0 0 0 0 0 0 0 0 0 0 0 0 0 0 0 0 
0 0 0 0 0 0 0 0 0 0 0 0 0 0 0 0 0 0 0 0 0 0 0 0 0 0 0 0 0 0 0 0 0 0 0 0 0 0 0 0 0 0 0 0 0 0 0 0 0 0 0 0 0 0 0 0 0 0 0 0 0 0 0 0 0 0 0 0 0 0 0 0 0 0 0 0 0 0 0 0 0 0 0 0 0 0 0 0 0 0 0 0 0 0 0 0 0 0 0 0 0 0 0 0 0 0 0 0 0 0 0 0 0 0 0 0 0 0 0 0 0 0 0 0 0 0 0 0 0 0 0 0 0 0 0 0 0 0 0 0 0 0 0 0 0 0 0 0 0 0 0 0 0 0 0 0 0 0 0 0 0 0 0 0 0 0 0 0 0 0 0 0 0 0 0 0 0 0 0 0 0 0 0 0 0 0 0 0 0 0 0 0 0 0 0 0 0 0 0 0 0 0 0 0 0 154 154 153 153 152 153 153 153 153 153 153 154 154 154 154 154 154 155 155 155 155 155 155 155 155 156 156 155 155 155 156 156 158 159 159 160 160 159 159 160 160 161 162 163 163 163 163 162 162 162 162 162 162 161 161 161 161 161 161 162 163 163 163 164 165 166 165 166 0 0 0 0 0 0 0 0 0 162 162 162 162 163 163 163 163 163 163 161 161 162 162 163 163 164 163 164 164 0 0 0 0 0 0 0 0 0 0 0 0 0 0 0 0 0 0 0 0 0 0 0 0 0 0 0 0 0 0 0 0 0 0 0 0 0 0 0 0 0 0 0 0 0 0 0 0 0 0 0 0 0 0 0 0 0 0 0 0 0 0 0 0 0 0 0 0 0 0 0 0 0 0 0 0 0 0 0 0 0 0 0 0 0 0 0 0 0 0 0 0 0 0 0 0 0 0 0 0 0 0 0 0 0 0 0 0 0 0 0 0 0 0 0 0 0 0 0 0 0 0 0 0 0 0 0 0 0 0 0 0 0 0 0 0 0 0 0 0 0 0 0 0 0 0 0 0 0 0 0 0 0 0 0 0 0 0 0 0 0 0 0 0 0 0 0 0 0 0 0 0 0 0 0 0 0 0 0 0 0 0 0 0 0 0 0 0 0 0 0 0 0 0 0 0 0 0 0 0 0 
0 0 0 0 0 0 0 0 0 0 0 0 0 0 0 0 0 0 0 0 0 0 0 0 0 0 0 0 0 0 0 0 0 0 0 0 0 0 0 0 0 0 0 0 0 0 0 0 0 0 0 0 0 0 0 0 0 0 0 0 0 0 0 0 0 0 0 0 0 0 0 0 0 0 0 0 0 0 0 0 0 0 0 0 0 0 0 0 0 0 0 0 0 0 0 0 0 0 0 0 0 0 0 0 0 0 0 0 0 0 0 0 0 0 0 0 0 0 0 0 0 0 0 0 0 0 0 0 0 0 0 0 0 0 0 0 0 0 0 0 0 0 0 0 0 0 0 0 0 0 0 0 0 0 0 0 0 0 0 0 0 0 0 0 0 0 0 0 0 0 0 0 0 0 0 0 0 0 0 0 0 0 0 0 0 0 0 0 0 0 0 0 0 0 0 0 0 0 0 0 0 0 0 0 0 0 153 153 153 153 153 153 153 153 153 154 154 154 154 154 154 154 154 154 155 155 155 155 155 156 156 156 156 156 156 157 156 157 157 158 158 159 158 158 159 159 160 160 161 161 161 161 161 162 162 163 163 163 162 161 162 162 162 162 163 163 164 165 165 166 0 0 0 0 0 0 0 0 0 0 0 0 163 162 162 162 163 163 163 163 163 163 162 161 162 162 163 163 163 163 164 163 0 0 0 0 0 0 0 0 0 0 0 0 0 0 0 0 0 0 0 0 0 0 0 0 0 0 0 0 0 0 0 0 0 0 0 0 0 0 0 0 0 0 0 0 0 0 0 0 0 0 0 0 0 0 0 0 0 0 0 0 0 0 0 0 0 0 0 0 0 0 0 0 0 0 0 0 0 0 0 0 0 0 0 0 0 0 0 0 0 0 0 0 0 0 0 0 0 0 0 0 0 0 0 0 0 0 0 0 0 0 0 0 0 0 0 0 0 0 0 0 0 0 0 0 0 0 0 0 0 0 0 0 0 0 0 0 0 0 0 0 0 0 0 0 0 0 0 0 0 0 0 0 0 0 0 0 0 0 0 0 0 0 0 0 0 0 0 0 0 0 0 0 0 0 0 0 0 0 0 0 0 0 0 0 0 0 0 0 0 0 0 0 0 0 0 0 0 0 0 0 0 
0 0 0 0 0 0 0 0 0 0 0 0 0 0 0 0 0 0 0 0 0 0 0 0 0 0 0 0 0 0 0 0 0 0 0 0 0 0 0 0 0 0 0 0 0 0 0 0 0 0 0 0 0 0 0 0 0 0 0 0 0 0 0 0 0 0 0 0 0 0 0 0 0 0 0 0 0 0 0 0 0 0 0 0 0 0 0 0 0 0 0 0 0 0 0 0 0 0 0 0 0 0 0 0 0 0 0 0 0 0 0 0 0 0 0 0 0 0 0 0 0 0 0 0 0 0 0 0 0 0 0 0 0 0 0 0 0 0 0 0 0 0 0 0 0 0 0 0 0 0 0 0 0 0 0 0 0 0 0 0 0 0 0 0 0 0 0 0 0 0 0 0 0 0 0 0 0 0 0 0 0 0 0 0 0 0 0 0 0 0 0 0 0 0 0 0 0 0 0 0 0 0 0 0 0 0 152 153 153 153 153 153 153 153 154 154 154 154 154 154 154 154 154 154 154 155 155 155 156 156 157 157 157 157 157 157 157 157 156 157 157 158 158 158 158 159 159 159 159 159 159 160 160 160 161 161 162 163 162 162 163 163 163 163 164 164 164 165 166 0 0 0 0 0 0 0 0 0 0 0 0 0 162 162 162 162 162 163 163 163 163 162 161 161 161 162 162 163 163 163 163 0 0 0 0 0 0 0 0 0 0 0 0 0 0 0 0 0 0 0 0 0 0 0 0 0 0 0 0 0 0 0 0 0 0 0 0 0 0 0 0 0 0 0 0 0 0 0 0 0 0 0 0 0 0 0 0 0 0 0 0 0 0 0 0 0 0 0 0 0 0 0 0 0 0 0 0 0 0 0 0 0 0 0 0 0 0 0 0 0 0 0 0 0 0 0 0 0 0 0 0 0 0 0 0 0 0 0 0 0 0 0 0 0 0 0 0 0 0 0 0 0 0 0 0 0 0 0 0 0 0 0 0 0 0 0 0 0 0 0 0 0 0 0 0 0 0 0 0 0 0 0 0 0 0 0 0 0 0 0 0 0 0 0 0 0 0 0 0 0 0 0 0 0 0 0 0 0 0 0 0 0 0 0 0 0 0 0 0 0 0 0 0 0 0 0 0 0 0 0 0 0 0 
0 0 0 0 0 0 0 0 0 0 0 0 0 0 0 0 0 0 0 0 0 0 0 0 0 0 0 0 0 0 0 0 0 0 0 0 0 0 0 0 0 0 0 0 0 0 0 0 0 0 0 0 0 0 0 0 0 0 0 0 0 0 0 0 0 0 0 0 0 0 0 0 0 0 0 0 0 0 0 0 0 0 0 0 0 0 0 0 0 0 0 0 0 0 0 0 0 0 0 0 0 0 0 0 0 0 0 0 0 0 0 0 0 0 0 0 0 0 0 0 0 0 0 0 0 0 0 0 0 0 0 0 0 0 0 0 0 0 0 0 0 0 0 0 0 0 0 0 0 0 0 0 0 0 0 0 0 0 0 0 0 0 0 0 0 0 0 0 0 0 0 0 0 0 0 0 0 0 0 0 0 0 0 0 0 0 0 0 0 0 0 0 0 0 0 0 0 0 0 0 0 0 0 0 0 0 0 152 152 152 152 152 153 153 154 154 154 154 154 154 154 154 154 155 154 154 155 155 156 156 158 158 158 157 157 157 158 158 157 157 157 158 158 158 158 158 159 158 159 159 160 160 160 160 161 161 162 162 162 162 163 163 164 163 164 164 165 166 0 0 0 0 0 0 0 0 0 0 0 0 0 0 0 162 162 163 163 163 162 162 162 162 161 162 161 161 162 162 163 162 0 0 0 0 0 0 0 0 0 0 0 0 0 0 0 0 0 0 0 0 0 0 0 0 0 0 0 0 0 0 0 0 0 0 0 0 0 0 0 0 0 0 0 0 0 0 0 0 0 0 0 0 0 0 0 0 0 0 0 0 0 0 0 0 0 0 0 0 0 0 0 0 0 0 0 0 0 0 0 0 0 0 0 0 0 0 0 0 0 0 0 0 0 0 0 0 0 0 0 0 0 0 0 0 0 0 0 0 0 0 0 0 0 0 0 0 0 0 0 0 0 0 0 0 0 0 0 0 0 0 0 0 0 0 0 0 0 0 0 0 0 0 0 0 0 0 0 0 0 0 0 0 0 0 0 0 0 0 0 0 0 0 0 0 0 0 0 0 0 0 0 0 0 0 0 0 0 0 0 0 0 0 0 0 0 0 0 0 0 0 0 0 0 0 0 0 0 0 0 0 0 0 0 
0 0 0 0 0 0 0 0 0 0 0 0 0 0 0 0 0 0 0 0 0 0 0 0 0 0 0 0 0 0 0 0 0 0 0 0 0 0 0 0 0 0 0 0 0 0 0 0 0 0 0 0 0 0 0 0 0 0 0 0 0 0 0 0 0 0 0 0 0 0 0 0 0 0 0 0 0 0 0 0 0 0 0 0 0 0 0 0 0 0 0 0 0 0 0 0 0 0 0 0 0 0 0 0 0 0 0 0 0 0 0 0 0 0 0 0 0 0 0 0 0 0 0 0 0 0 0 0 0 0 0 0 0 0 0 0 0 0 0 0 0 0 0 0 0 0 0 0 0 0 0 0 0 0 0 0 0 0 0 0 0 0 0 0 0 0 0 0 0 0 0 0 0 0 0 0 0 0 0 0 0 0 0 0 0 0 0 0 0 0 0 0 0 0 0 0 0 0 0 0 0 0 0 0 0 0 0 152 152 152 153 153 153 153 153 153 153 154 155 155 155 155 155 155 155 155 155 155 155 156 157 157 157 158 159 158 158 158 158 158 158 158 159 159 159 159 159 159 160 160 160 161 161 161 162 162 162 163 163 164 164 164 165 165 166 166 0 0 0 0 0 0 0 0 0 0 0 0 0 0 0 0 0 0 162 163 164 163 163 163 163 163 163 163 162 161 161 162 162 162 0 0 0 0 0 0 0 0 0 0 0 0 0 0 0 0 0 0 0 0 0 0 0 0 0 0 0 0 0 0 0 0 0 0 0 0 0 0 0 0 0 0 0 0 0 0 0 0 0 0 0 0 0 0 0 0 0 0 0 0 0 0 0 0 0 0 0 0 0 0 0 0 0 0 0 0 0 0 0 0 0 0 0 0 0 0 0 0 0 0 0 0 0 0 0 0 0 0 0 0 0 0 0 0 0 0 0 0 0 0 0 0 0 0 0 0 0 0 0 0 0 0 0 0 0 0 0 0 0 0 0 0 0 0 0 0 0 0 0 0 0 0 0 0 0 0 0 0 0 0 0 0 0 0 0 0 0 0 0 0 0 0 0 0 0 0 0 0 0 0 0 0 0 0 0 0 0 0 0 0 0 0 0 0 0 0 0 0 0 0 0 0 0 0 0 0 0 0 0 0 0 0 0 
0 0 0 0 0 0 0 0 0 0 0 0 0 0 0 0 0 0 0 0 0 0 0 0 0 0 0 0 0 0 0 0 0 0 0 0 0 0 0 0 0 0 0 0 0 0 0 0 0 0 0 0 0 0 0 0 0 0 0 0 0 0 0 0 0 0 0 0 0 0 0 0 0 0 0 0 0 0 0 0 0 0 0 0 0 0 0 0 0 0 0 0 0 0 0 0 0 0 0 0 0 0 0 0 0 0 0 0 0 0 0 0 0 0 0 0 0 0 0 0 0 0 0 0 0 0 0 0 0 0 0 0 0 0 0 0 0 0 0 0 0 0 0 0 0 0 0 0 0 0 0 0 0 0 0 0 0 0 0 0 0 0 0 0 0 0 0 0 0 0 0 0 0 0 0 0 0 0 0 0 0 0 0 0 0 0 0 0 0 0 0 0 0 0 0 0 0 0 0 0 0 0 0 0 0 0 0 0 153 153 153 154 154 154 154 155 155 154 155 156 156 156 156 156 156 156 156 156 156 156 156 157 157 158 159 159 158 158 158 158 158 158 159 159 160 160 160 160 160 161 160 161 162 162 163 164 163 164 164 165 166 165 166 167 167 0 0 0 0 0 0 0 0 0 0 0 0 0 0 0 0 0 0 0 0 163 163 163 163 163 164 164 163 163 163 163 162 162 162 163 0 0 0 0 0 0 0 0 0 0 0 0 0 0 0 0 0 0 0 0 0 0 0 0 0 0 0 0 0 0 0 0 0 0 0 0 0 0 0 0 0 0 0 0 0 0 0 0 0 0 0 0 0 0 0 0 0 0 0 0 0 0 0 0 0 0 0 0 0 0 0 0 0 0 0 0 0 0 0 0 0 0 0 0 0 0 0 0 0 0 0 0 0 0 0 0 0 0 0 0 0 0 0 0 0 0 0 0 0 0 0 0 0 0 0 0 0 0 0 0 0 0 0 0 0 0 0 0 0 0 0 0 0 0 0 0 0 0 0 0 0 0 0 0 0 0 0 0 0 0 0 0 0 0 0 0 0 0 0 0 0 0 0 0 0 0 0 0 0 0 0 0 0 0 0 0 0 0 0 0 0 0 0 0 0 0 0 0 0 0 0 0 0 0 0 0 0 0 0 0 0 0 0 
0 0 0 0 0 0 0 0 0 0 0 0 0 0 0 0 0 0 0 0 0 0 0 0 0 0 0 0 0 0 0 0 0 0 0 0 0 0 0 0 0 0 0 0 0 0 0 0 0 0 0 0 0 0 0 0 0 0 0 0 0 0 0 0 0 0 0 0 0 0 0 0 0 0 0 0 0 0 0 0 0 0 0 0 0 0 0 0 0 0 0 0 0 0 0 0 0 0 0 0 0 0 0 0 0 0 0 0 0 0 0 0 0 0 0 0 0 0 0 0 0 0 0 0 0 0 0 0 0 0 0 0 0 0 0 0 0 0 0 0 0 0 0 0 0 0 0 0 0 0 0 0 0 0 0 0 0 0 0 0 0 0 0 0 0 0 0 0 0 0 0 0 0 0 0 0 0 0 0 0 0 0 0 0 0 0 0 0 0 0 0 0 0 0 0 0 0 0 0 0 0 0 0 0 0 0 0 0 0 154 154 154 155 155 155 155 156 156 156 157 157 157 157 157 158 158 158 158 157 157 157 157 158 159 160 159 158 158 158 159 159 159 159 159 159 160 160 161 161 162 161 162 164 164 164 165 166 165 166 166 167 167 0 0 0 0 0 0 0 0 0 0 0 0 0 0 0 0 0 0 0 0 0 0 0 0 162 163 163 163 163 163 163 163 162 162 162 162 162 0 0 0 0 0 0 0 0 0 0 0 0 0 0 0 0 0 0 0 0 0 0 0 0 0 0 0 0 0 0 0 0 0 0 0 0 0 0 0 0 0 0 0 0 0 0 0 0 0 0 0 0 0 0 0 0 0 0 0 0 0 0 0 0 0 0 0 0 0 0 0 0 0 0 0 0 0 0 0 0 0 0 0 0 0 0 0 0 0 0 0 0 0 0 0 0 0 0 0 0 0 0 0 0 0 0 0 0 0 0 0 0 0 0 0 0 0 0 0 0 0 0 0 0 0 0 0 0 0 0 0 0 0 0 0 0 0 0 0 0 0 0 0 0 0 0 0 0 0 0 0 0 0 0 0 0 0 0 0 0 0 0 0 0 0 0 0 0 0 0 0 0 0 0 0 0 0 0 0 0 0 0 0 0 0 0 0 0 0 0 0 0 0 0 0 0 0 0 0 0 0 0 0 0 
0 0 0 0 0 0 0 0 0 0 0 0 0 0 0 0 0 0 0 0 0 0 0 0 0 0 0 0 0 0 0 0 0 0 0 0 0 0 0 0 0 0 0 0 0 0 0 0 0 0 0 0 0 0 0 0 0 0 0 0 0 0 0 0 0 0 0 0 0 0 0 0 0 0 0 0 0 0 0 0 0 0 0 0 0 0 0 0 0 0 0 0 0 0 0 0 0 0 0 0 0 0 0 0 0 0 0 0 0 0 0 0 0 0 0 0 0 0 0 0 0 0 0 0 0 0 0 0 0 0 0 0 0 0 0 0 0 0 0 0 0 0 0 0 0 0 0 0 0 0 0 0 0 0 0 0 0 0 0 0 0 0 0 0 0 0 0 0 0 0 0 0 0 0 0 0 0 0 0 0 0 0 0 0 0 0 0 0 0 0 0 0 0 0 0 0 0 0 0 0 0 0 0 0 0 0 0 0 0 155 155 155 156 156 156 156 157 157 157 157 157 158 158 158 158 159 159 159 159 159 159 159 159 159 159 160 159 159 159 160 160 160 160 160 159 159 160 161 162 163 163 164 165 165 165 0 0 167 0 0 0 0 0 0 0 0 0 0 0 0 0 0 0 0 0 0 0 0 0 0 0 0 0 0 0 0 0 163 163 163 163 163 163 163 163 162 162 162 0 0 0 0 0 0 0 0 0 0 0 0 0 0 0 0 0 0 0 0 0 0 0 0 0 0 0 0 0 0 0 0 0 0 0 0 0 0 0 0 0 0 0 0 0 0 0 0 0 0 0 0 0 0 0 0 0 0 0 0 0 0 0 0 0 0 0 0 0 0 0 0 0 0 0 0 0 0 0 0 0 0 0 0 0 0 0 0 0 0 0 0 0 0 0 0 0 0 0 0 0 0 0 0 0 0 0 0 0 0 0 0 0 0 0 0 0 0 0 0 0 0 0 0 0 0 0 0 0 0 0 0 0 0 0 0 0 0 0 0 0 0 0 0 0 0 0 0 0 0 0 0 0 0 0 0 0 0 0 0 0 0 0 0 0 0 0 0 0 0 0 0 0 0 0 0 0 0 0 0 0 0 0 0 0 0 0 0 0 0 0 0 0 0 0 0 0 0 0 0 0 0 0 0 0 
0 0 0 0 0 0 0 0 0 0 0 0 0 0 0 0 0 0 0 0 0 0 0 0 0 0 0 0 0 0 0 0 0 0 0 0 0 0 0 0 0 0 0 0 0 0 0 0 0 0 0 0 0 0 0 0 0 0 0 0 0 0 0 0 0 0 0 0 0 0 0 0 0 0 0 0 0 0 0 0 0 0 0 0 0 0 0 0 0 0 0 0 0 0 0 0 0 0 0 0 0 0 0 0 0 0 0 0 0 0 0 0 0 0 0 0 0 0 0 0 0 0 0 0 0 0 0 0 0 0 0 0 0 0 0 0 0 0 0 0 0 0 0 0 0 0 0 0 0 0 0 0 0 0 0 0 0 0 0 0 0 0 0 0 0 0 0 0 0 0 0 0 0 0 0 0 0 0 0 0 0 0 0 0 0 0 0 0 0 0 0 0 0 0 0 0 0 0 0 0 0 0 0 0 0 0 0 0 0 0 156 156 156 157 157 157 157 157 157 157 158 158 158 159 158 159 159 159 159 159 159 159 159 159 160 160 161 160 159 159 160 161 161 160 159 159 160 161 161 162 163 165 166 166 0 0 0 0 0 0 0 0 0 0 0 0 0 0 0 0 0 0 0 0 0 0 0 0 0 0 0 0 0 0 0 0 0 0 163 163 163 163 163 163 163 163 162 162 162 0 0 0 0 0 0 0 0 0 0 0 0 0 0 0 0 0 0 0 0 0 0 0 0 0 0 0 0 0 0 0 0 0 0 0 0 0 0 0 0 0 0 0 0 0 0 0 0 0 0 0 0 0 0 0 0 0 0 0 0 0 0 0 0 0 0 0 0 0 0 0 0 0 0 0 0 0 0 0 0 0 0 0 0 0 0 0 0 0 0 0 0 0 0 0 0 0 0 0 0 0 0 0 0 0 0 0 0 0 0 0 0 0 0 0 0 0 0 0 0 0 0 0 0 0 0 0 0 0 0 0 0 0 0 0 0 0 0 0 0 0 0 0 0 0 0 0 0 0 0 0 0 0 0 0 0 0 0 0 0 0 0 0 0 0 0 0 0 0 0 0 0 0 0 0 0 0 0 0 0 0 0 0 0 0 0 0 0 0 0 0 0 0 0 0 0 0 0 0 0 0 0 0 0 
0 0 0 0 0 0 0 0 0 0 0 0 0 0 0 0 0 0 0 0 0 0 0 0 0 0 0 0 0 0 0 0 0 0 0 0 0 0 0 0 0 0 0 0 0 0 0 0 0 0 0 0 0 0 0 0 0 0 0 0 0 0 0 0 0 0 0 0 0 0 0 0 0 0 0 0 0 0 0 0 0 0 0 0 0 0 0 0 0 0 0 0 0 0 0 0 0 0 0 0 0 0 0 0 0 0 0 0 0 0 0 0 0 0 0 0 0 0 0 0 0 0 0 0 0 0 0 0 0 0 0 0 0 0 0 0 0 0 0 0 0 0 0 0 0 0 0 0 0 0 0 0 0 0 0 0 0 0 0 0 0 0 0 0 0 0 0 0 0 0 0 0 0 0 0 0 0 0 0 0 0 0 0 0 0 0 0 0 0 0 0 0 0 0 0 0 0 0 0 0 0 0 0 0 0 0 0 0 0 0 157 157 158 158 158 158 158 157 157 157 158 158 159 159 159 159 159 159 159 159 159 159 159 159 160 160 161 160 160 159 160 161 161 160 160 160 161 161 162 162 163 165 0 0 0 0 0 0 0 0 0 0 0 0 0 0 0 0 0 0 0 0 0 0 0 0 0 0 0 0 0 0 0 0 0 0 0 0 163 163 163 163 163 163 163 163 163 163 163 162 0 0 0 0 0 0 0 0 0 0 0 0 0 0 0 0 0 0 0 0 0 0 0 0 0 0 0 0 0 0 0 0 0 0 0 0 0 0 0 0 0 0 0 0 0 0 0 0 0 0 0 0 0 0 0 0 0 0 0 0 0 0 0 0 0 0 0 0 0 0 0 0 0 0 0 0 0 0 0 0 0 0 0 0 0 0 0 0 0 0 0 0 0 0 0 0 0 0 0 0 0 0 0 0 0 0 0 0 0 0 0 0 0 0 0 0 0 0 0 0 0 0 0 0 0 0 0 0 0 0 0 0 0 0 0 0 0 0 0 0 0 0 0 0 0 0 0 0 0 0 0 0 0 0 0 0 0 0 0 0 0 0 0 0 0 0 0 0 0 0 0 0 0 0 0 0 0 0 0 0 0 0 0 0 0 0 0 0 0 0 0 0 0 0 0 0 0 0 0 0 0 0 0 
0 0 0 0 0 0 0 0 0 0 0 0 0 0 0 0 0 0 0 0 0 0 0 0 0 0 0 0 0 0 0 0 0 0 0 0 0 0 0 0 0 0 0 0 0 0 0 0 0 0 0 0 0 0 0 0 0 0 0 0 0 0 0 0 0 0 0 0 0 0 0 0 0 0 0 0 0 0 0 0 0 0 0 0 0 0 0 0 0 0 0 0 0 0 0 0 0 0 0 0 0 0 0 0 0 0 0 0 0 0 0 0 0 0 0 0 0 0 0 0 0 0 0 0 0 0 0 0 0 0 0 0 0 0 0 0 0 0 0 0 0 0 0 0 0 0 0 0 0 0 0 0 0 0 0 0 0 0 0 0 0 0 0 0 0 0 0 0 0 0 0 0 0 0 0 0 0 0 0 0 0 0 0 0 0 0 0 0 0 0 0 0 0 0 0 0 0 0 0 0 0 0 0 0 0 0 0 0 0 0 158 159 159 159 159 158 158 157 157 158 158 158 158 158 159 159 159 159 159 159 159 160 160 160 160 161 161 161 160 160 160 161 162 162 162 162 162 162 163 163 164 0 0 0 0 0 0 0 0 0 0 0 0 0 0 0 0 0 0 0 0 0 0 0 0 0 0 0 0 0 0 0 0 0 0 0 0 0 163 163 163 163 163 163 164 164 163 164 163 162 0 0 0 0 0 0 0 0 0 0 0 0 0 0 0 0 0 0 0 0 0 0 0 0 0 0 0 0 0 0 0 0 0 0 0 0 0 0 0 0 0 0 0 0 0 0 0 0 0 0 0 0 0 0 0 0 0 0 0 0 0 0 0 0 0 0 0 0 0 0 0 0 0 0 0 0 0 0 0 0 0 0 0 0 0 0 0 0 0 0 0 0 0 0 0 0 0 0 0 0 0 0 0 0 0 0 0 0 0 0 0 0 0 0 0 0 0 0 0 0 0 0 0 0 0 0 0 0 0 0 0 0 0 0 0 0 0 0 0 0 0 0 0 0 0 0 0 0 0 0 0 0 0 0 0 0 0 0 0 0 0 0 0 0 0 0 0 0 0 0 0 0 0 0 0 0 0 0 0 0 0 0 0 0 0 0 0 0 0 0 0 0 0 0 0 0 0 0 0 0 0 0 0 
0 0 0 0 0 0 0 0 0 0 0 0 0 0 0 0 0 0 0 0 0 0 0 0 0 0 0 0 0 0 0 0 0 0 0 0 0 0 0 0 0 0 0 0 0 0 0 0 0 0 0 0 0 0 0 0 0 0 0 0 0 0 0 0 0 0 0 0 0 0 0 0 0 0 0 0 0 0 0 0 0 0 0 0 0 0 0 0 0 0 0 0 0 0 0 0 0 0 0 0 0 0 0 0 0 0 0 0 0 0 0 0 0 0 0 0 0 0 0 0 0 0 0 0 0 0 0 0 0 0 0 0 0 0 0 0 0 0 0 0 0 0 0 0 0 0 0 0 0 0 0 0 0 0 0 0 0 0 0 0 0 0 0 0 0 0 0 0 0 0 0 0 0 0 0 0 0 0 0 0 0 0 0 0 0 0 0 0 0 0 0 0 0 0 0 0 0 0 0 0 0 0 0 0 0 0 0 0 0 0 159 160 158 158 158 158 158 157 158 158 158 158 158 158 159 159 159 159 159 159 159 160 160 160 161 161 162 162 161 161 161 162 163 164 164 164 164 164 164 165 0 0 0 0 0 0 0 0 0 0 0 0 0 0 0 0 0 0 0 0 0 0 0 0 0 0 0 0 0 0 0 0 0 0 0 0 0 0 163 163 163 163 163 163 164 164 0 0 0 0 0 0 0 0 0 0 0 0 0 0 0 0 0 0 0 0 0 0 0 0 0 0 0 0 0 0 0 0 0 0 0 0 0 0 0 0 0 0 0 0 0 0 0 0 0 0 0 0 0 0 0 0 0 0 0 0 0 0 0 0 0 0 0 0 0 0 0 0 0 0 0 0 0 0 0 0 0 0 0 0 0 0 0 0 0 0 0 0 0 0 0 0 0 0 0 0 0 0 0 0 0 0 0 0 0 0 0 0 0 0 0 0 0 0 0 0 0 0 0 0 0 0 0 0 0 0 0 0 0 0 0 0 0 0 0 0 0 0 0 0 0 0 0 0 0 0 0 0 0 0 0 0 0 0 0 0 0 0 0 0 0 0 0 0 0 0 0 0 0 0 0 0 0 0 0 0 0 0 0 0 0 0 0 0 0 0 0 0 0 0 0 0 0 0 0 0 0 0 0 0 0 0 0 
0 0 0 0 0 0 0 0 0 0 0 0 0 0 0 0 0 0 0 0 0 0 0 0 0 0 0 0 0 0 0 0 0 0 0 0 0 0 0 0 0 0 0 0 0 0 0 0 0 0 0 0 0 0 0 0 0 0 0 0 0 0 0 0 0 0 0 0 0 0 0 0 0 0 0 0 0 0 0 0 0 0 0 0 0 0 0 0 0 0 0 0 0 0 0 0 0 0 0 0 0 0 0 0 0 0 0 0 0 0 0 0 0 0 0 0 0 0 0 0 0 0 0 0 0 0 0 0 0 0 0 0 0 0 0 0 0 0 0 0 0 0 0 0 0 0 0 0 0 0 0 0 0 0 0 0 0 0 0 0 0 0 0 0 0 0 0 0 0 0 0 0 0 0 0 0 0 0 0 0 0 0 0 0 0 0 0 0 0 0 0 0 0 0 0 0 0 0 0 0 0 0 0 0 0 0 0 0 0 0 160 159 159 157 157 157 157 158 158 158 158 158 159 159 159 159 159 159 159 160 160 160 161 161 162 163 163 163 162 162 162 163 165 0 0 0 0 0 0 0 0 0 0 0 0 0 0 0 0 0 0 0 0 0 0 0 0 0 0 0 0 0 0 0 0 0 0 0 0 0 0 0 0 0 0 0 0 0 0 0 163 163 163 163 0 0 0 0 0 0 0 0 0 0 0 0 0 0 0 0 0 0 0 0 0 0 0 0 0 0 0 0 0 0 0 0 0 0 0 0 0 0 0 0 0 0 0 0 0 0 0 0 0 0 0 0 0 0 0 0 0 0 0 0 0 0 0 0 0 0 0 0 0 0 0 0 0 0 0 0 0 0 0 0 0 0 0 0 0 0 0 0 0 0 0 0 0 0 0 0 0 0 0 0 0 0 0 0 0 0 0 0 0 0 0 0 0 0 0 0 0 0 0 0 0 0 0 0 0 0 0 0 0 0 0 0 0 0 0 0 0 0 0 0 0 0 0 0 0 0 0 0 0 0 0 0 0 0 0 0 0 0 0 0 0 0 0 0 0 0 0 0 0 0 0 0 0 0 0 0 0 0 0 0 0 0 0 0 0 0 0 0 0 0 0 0 0 0 0 0 0 0 0 0 0 0 0 0 0 0 0 0 0 
0 0 0 0 0 0 0 0 0 0 0 0 0 0 0 0 0 0 0 0 0 0 0 0 0 0 0 0 0 0 0 0 0 0 0 0 0 0 0 0 0 0 0 0 0 0 0 0 0 0 0 0 0 0 0 0 0 0 0 0 0 0 0 0 0 0 0 0 0 0 0 0 0 0 0 0 0 0 0 0 0 0 0 0 0 0 0 0 0 0 0 0 0 0 0 0 0 0 0 0 0 0 0 0 0 0 0 0 0 0 0 0 0 0 0 0 0 0 0 0 0 0 0 0 0 0 0 0 0 0 0 0 0 0 0 0 0 0 0 0 0 0 0 0 0 0 0 0 0 0 0 0 0 0 0 0 0 0 0 0 0 0 0 0 0 0 0 0 0 0 0 0 0 0 0 0 0 0 0 0 0 0 0 0 0 0 0 0 0 0 0 0 0 0 0 0 0 0 0 0 0 0 0 0 0 0 0 0 0 160 160 160 159 158 157 157 157 158 158 158 158 158 159 159 159 159 159 160 160 160 161 161 161 162 163 164 164 164 163 163 163 164 0 0 0 0 0 0 0 0 0 0 0 0 0 0 0 0 0 0 0 0 0 0 0 0 0 0 0 0 0 0 0 0 0 0 0 0 0 0 0 0 0 0 0 0 0 0 0 0 0 0 0 0 0 0 0 0 0 0 0 0 0 0 0 0 0 0 0 0 0 0 0 0 0 0 0 0 0 0 0 0 0 0 0 0 0 0 0 0 0 0 0 0 0 0 0 0 0 0 0 0 0 0 0 0 0 0 0 0 0 0 0 0 0 0 0 0 0 0 0 0 0 0 0 0 0 0 0 0 0 0 0 0 0 0 0 0 0 0 0 0 0 0 0 0 0 0 0 0 0 0 0 0 0 0 0 0 0 0 0 0 0 0 0 0 0 0 0 0 0 0 0 0 0 0 0 0 0 0 0 0 0 0 0 0 0 0 0 0 0 0 0 0 0 0 0 0 0 0 0 0 0 0 0 0 0 0 0 0 0 0 0 0 0 0 0 0 0 0 0 0 0 0 0 0 0 0 0 0 0 0 0 0 0 0 0 0 0 0 0 0 0 0 0 0 0 0 0 0 0 0 0 0 0 0 0 0 0 0 0 0 0 
0 0 0 0 0 0 0 0 0 0 0 0 0 0 0 0 0 0 0 0 0 0 0 0 0 0 0 0 0 0 0 0 0 0 0 0 0 0 0 0 0 0 0 0 0 0 0 0 0 0 0 0 0 0 0 0 0 0 0 0 0 0 0 0 0 0 0 0 0 0 0 0 0 0 0 0 0 0 0 0 0 0 0 0 0 0 0 0 0 0 0 0 0 0 0 0 0 0 0 0 0 0 0 0 0 0 0 0 0 0 0 0 0 0 0 0 0 0 0 0 0 0 0 0 0 0 0 0 0 0 0 0 0 0 0 0 0 0 0 0 0 0 0 0 0 0 0 0 0 0 0 0 0 0 0 0 0 0 0 0 0 0 0 0 0 0 0 0 0 0 0 0 0 0 0 0 0 0 0 0 0 0 0 0 0 0 0 0 0 0 0 0 0 0 0 0 0 0 0 0 0 0 0 0 0 0 0 0 0 161 161 160 159 158 157 157 157 158 158 158 158 158 159 159 159 160 159 160 160 161 162 162 162 162 163 164 0 0 0 0 0 0 0 0 0 0 0 0 0 0 0 0 0 0 0 0 0 0 0 0 0 0 0 0 0 0 0 0 0 0 0 0 0 0 0 0 0 0 0 0 0 0 0 0 0 0 0 0 0 0 0 0 0 0 0 0 0 0 0 0 0 0 0 0 0 0 0 0 0 0 0 0 0 0 0 0 0 0 0 0 0 0 0 0 0 0 0 0 0 0 0 0 0 0 0 0 0 0 0 0 0 0 0 0 0 0 0 0 0 0 0 0 0 0 0 0 0 0 0 0 0 0 0 0 0 0 0 0 0 0 0 0 0 0 0 0 0 0 0 0 0 0 0 0 0 0 0 0 0 0 0 0 0 0 0 0 0 0 0 0 0 0 0 0 0 0 0 0 0 0 0 0 0 0 0 0 0 0 0 0 0 0 0 0 0 0 0 0 0 0 0 0 0 0 0 0 0 0 0 0 0 0 0 0 0 0 0 0 0 0 0 0 0 0 0 0 0 0 0 0 0 0 0 0 0 0 0 0 0 0 0 0 0 0 0 0 0 0 0 0 0 0 0 0 0 0 0 0 0 0 0 0 0 0 0 0 0 0 0 0 0 0 0 
0 0 0 0 0 0 0 0 0 0 0 0 0 0 0 0 0 0 0 0 0 0 0 0 0 0 0 0 0 0 0 0 0 0 0 0 0 0 0 0 0 0 0 0 0 0 0 0 0 0 0 0 0 0 0 0 0 0 0 0 0 0 0 0 0 0 0 0 0 0 0 0 0 0 0 0 0 0 0 0 0 0 0 0 0 0 0 0 0 0 0 0 0 0 0 0 0 0 0 0 0 0 0 0 0 0 0 0 0 0 0 0 0 0 0 0 0 0 0 0 0 0 0 0 0 0 0 0 0 0 0 0 0 0 0 0 0 0 0 0 0 0 0 0 0 0 0 0 0 0 0 0 0 0 0 0 0 0 0 0 0 0 0 0 0 0 0 0 0 0 0 0 0 0 0 0 0 0 0 0 0 0 0 0 0 0 0 0 0 0 0 0 0 0 0 0 0 0 0 0 0 0 0 0 0 0 0 0 0 160 159 158 158 157 157 157 157 158 158 159 159 159 159 159 159 160 160 160 161 161 162 163 163 162 164 165 0 0 0 0 0 0 0 0 0 0 0 0 0 0 0 0 0 0 0 0 0 0 0 0 0 0 0 0 0 0 0 0 0 0 0 0 0 0 0 0 0 0 0 0 0 0 0 0 0 0 0 0 0 0 0 0 0 0 0 0 0 0 0 0 0 0 0 0 0 0 0 0 0 0 0 0 0 0 0 0 0 0 0 0 0 0 0 0 0 0 0 0 0 0 0 0 0 0 0 0 0 0 0 0 0 0 0 0 0 0 0 0 0 0 0 0 0 0 0 0 0 0 0 0 0 0 0 0 0 0 0 0 0 0 0 0 0 0 0 0 0 0 0 0 0 0 0 0 0 0 0 0 0 0 0 0 0 0 0 0 0 0 0 0 0 0 0 0 0 0 0 0 0 0 0 0 0 0 0 0 0 0 0 0 0 0 0 0 0 0 0 0 0 0 0 0 0 0 0 0 0 0 0 0 0 0 0 0 0 0 0 0 0 0 0 0 0 0 0 0 0 0 0 0 0 0 0 0 0 0 0 0 0 0 0 0 0 0 0 0 0 0 0 0 0 0 0 0 0 0 0 0 0 0 0 0 0 0 0 0 0 0 0 0 0 0 0 
0 0 0 0 0 0 0 0 0 0 0 0 0 0 0 0 0 0 0 0 0 0 0 0 0 0 0 0 0 0 0 0 0 0 0 0 0 0 0 0 0 0 0 0 0 0 0 0 0 0 0 0 0 0 0 0 0 0 0 0 0 0 0 0 0 0 0 0 0 0 0 0 0 0 0 0 0 0 0 0 0 0 0 0 0 0 0 0 0 0 0 0 0 0 0 0 0 0 0 0 0 0 0 0 0 0 0 0 0 0 0 0 0 0 0 0 0 0 0 0 0 0 0 0 0 0 0 0 0 0 0 0 0 0 0 0 0 0 0 0 0 0 0 0 0 0 0 0 0 0 0 0 0 0 0 0 0 0 0 0 0 0 0 0 0 0 0 0 0 0 0 0 0 0 0 0 0 0 0 0 0 0 0 0 0 0 0 0 0 0 0 0 0 0 0 0 0 0 0 0 0 0 0 0 0 0 0 0 0 0 158 157 157 157 157 157 158 158 159 159 159 159 159 159 160 160 160 161 161 162 163 164 164 163 164 0 0 0 0 0 0 0 0 0 0 0 0 0 0 0 0 0 0 0 0 0 0 0 0 0 0 0 0 0 0 0 0 0 0 0 0 0 0 0 0 0 0 0 0 0 0 0 0 0 0 0 0 0 0 0 0 0 0 0 0 0 0 0 0 0 0 0 0 0 0 0 0 0 0 0 0 0 0 0 0 0 0 0 0 0 0 0 0 0 0 0 0 0 0 0 0 0 0 0 0 0 0 0 0 0 0 0 0 0 0 0 0 0 0 0 0 0 0 0 0 0 0 0 0 0 0 0 0 0 0 0 0 0 0 0 0 0 0 0 0 0 0 0 0 0 0 0 0 0 0 0 0 0 0 0 0 0 0 0 0 0 0 0 0 0 0 0 0 0 0 0 0 0 0 0 0 0 0 0 0 0 0 0 0 0 0 0 0 0 0 0 0 0 0 0 0 0 0 0 0 0 0 0 0 0 0 0 0 0 0 0 0 0 0 0 0 0 0 0 0 0 0 0 0 0 0 0 0 0 0 0 0 0 0 0 0 0 0 0 0 0 0 0 0 0 0 0 0 0 0 0 0 0 0 0 0 0 0 0 0 0 0 0 0 0 0 0 0 
0 0 0 0 0 0 0 0 0 0 0 0 0 0 0 0 0 0 0 0 0 0 0 0 0 0 0 0 0 0 0 0 0 0 0 0 0 0 0 0 0 0 0 0 0 0 0 0 0 0 0 0 0 0 0 0 0 0 0 0 0 0 0 0 0 0 0 0 0 0 0 0 0 0 0 0 0 0 0 0 0 0 0 0 0 0 0 0 0 0 0 0 0 0 0 0 0 0 0 0 0 0 0 0 0 0 0 0 0 0 0 0 0 0 0 0 0 0 0 0 0 0 0 0 0 0 0 0 0 0 0 0 0 0 0 0 0 0 0 0 0 0 0 0 0 0 0 0 0 0 0 0 0 0 0 0 0 0 0 0 0 0 0 0 0 0 0 0 0 0 0 0 0 0 0 0 0 0 0 0 0 0 0 0 0 0 0 0 0 0 0 0 0 0 0 0 0 0 0 0 0 0 0 0 0 0 0 0 0 0 0 0 157 156 157 158 158 159 159 158 159 159 159 160 160 160 160 161 162 162 163 164 165 0 0 0 0 0 0 0 0 0 0 0 0 0 0 0 0 0 0 0 0 0 0 0 0 0 0 0 0 0 0 0 0 0 0 0 0 0 0 0 0 0 0 0 0 0 0 0 0 0 0 0 0 0 0 0 0 0 0 0 0 0 0 0 0 0 0 0 0 0 0 0 0 0 0 0 0 0 0 0 0 0 0 0 0 0 0 0 0 0 0 0 0 0 0 0 0 0 0 0 0 0 0 0 0 0 0 0 0 0 0 0 0 0 0 0 0 0 0 0 0 0 0 0 0 0 0 0 0 0 0 0 0 0 0 0 0 0 0 0 0 0 0 0 0 0 0 0 0 0 0 0 0 0 0 0 0 0 0 0 0 0 0 0 0 0 0 0 0 0 0 0 0 0 0 0 0 0 0 0 0 0 0 0 0 0 0 0 0 0 0 0 0 0 0 0 0 0 0 0 0 0 0 0 0 0 0 0 0 0 0 0 0 0 0 0 0 0 0 0 0 0 0 0 0 0 0 0 0 0 0 0 0 0 0 0 0 0 0 0 0 0 0 0 0 0 0 0 0 0 0 0 0 0 0 0 0 0 0 0 0 0 0 0 0 0 0 0 0 0 0 
0 0 0 0 0 0 0 0 0 0 0 0 0 0 0 0 0 0 0 0 0 0 0 0 0 0 0 0 0 0 0 0 0 0 0 0 0 0 0 0 0 0 0 0 0 0 0 0 0 0 0 0 0 0 0 0 0 0 0 0 0 0 0 0 0 0 0 0 0 0 0 0 0 0 0 0 0 0 0 0 0 0 0 0 0 0 0 0 0 0 0 0 0 0 0 0 0 0 0 0 0 0 0 0 0 0 0 0 0 0 0 0 0 0 0 0 0 0 0 0 0 0 0 0 0 0 0 0 0 0 0 0 0 0 0 0 0 0 0 0 0 0 0 0 0 0 0 0 0 0 0 0 0 0 0 0 0 0 0 0 0 0 0 0 0 0 0 0 0 0 0 0 0 0 0 0 0 0 0 0 0 0 0 0 0 0 0 0 0 0 0 0 0 0 0 0 0 0 0 0 0 0 0 0 0 0 0 0 0 0 0 0 0 156 158 158 158 158 158 158 159 159 159 159 160 160 160 161 161 162 162 163 164 0 0 0 0 0 0 0 0 0 0 0 0 0 0 0 0 0 0 0 0 0 0 0 0 0 0 0 0 0 0 0 0 0 0 0 0 0 0 0 0 0 0 0 0 0 0 0 0 0 0 0 0 0 0 0 0 0 0 0 0 0 0 0 0 0 0 0 0 0 0 0 0 0 0 0 0 0 0 0 0 0 0 0 0 0 0 0 0 0 0 0 0 0 0 0 0 0 0 0 0 0 0 0 0 0 0 0 0 0 0 0 0 0 0 0 0 0 0 0 0 0 0 0 0 0 0 0 0 0 0 0 0 0 0 0 0 0 0 0 0 0 0 0 0 0 0 0 0 0 0 0 0 0 0 0 0 0 0 0 0 0 0 0 0 0 0 0 0 0 0 0 0 0 0 0 0 0 0 0 0 0 0 0 0 0 0 0 0 0 0 0 0 0 0 0 0 0 0 0 0 0 0 0 0 0 0 0 0 0 0 0 0 0 0 0 0 0 0 0 0 0 0 0 0 0 0 0 0 0 0 0 0 0 0 0 0 0 0 0 0 0 0 0 0 0 0 0 0 0 0 0 0 0 0 0 0 0 0 0 0 0 0 0 0 0 0 0 0 0 0 
0 0 0 0 0 0 0 0 0 0 0 0 0 0 0 0 0 0 0 0 0 0 0 0 0 0 0 0 0 0 0 0 0 0 0 0 0 0 0 0 0 0 0 0 0 0 0 0 0 0 0 0 0 0 0 0 0 0 0 0 0 0 0 0 0 0 0 0 0 0 0 0 0 0 0 0 0 0 0 0 0 0 0 0 0 0 0 0 0 0 0 0 0 0 0 0 0 0 0 0 0 0 0 0 0 0 0 0 0 0 0 0 0 0 0 0 0 0 0 0 0 0 0 0 0 0 0 0 0 0 0 0 0 0 0 0 0 0 0 0 0 0 0 0 0 0 0 0 0 0 0 0 0 0 0 0 0 0 0 0 0 0 0 0 0 0 0 0 0 0 0 0 0 0 0 0 0 0 0 0 0 0 0 0 0 0 0 0 0 0 0 0 0 0 0 0 0 0 0 0 0 0 0 0 0 0 0 0 0 0 0 0 0 157 158 158 159 158 158 158 159 159 160 160 160 160 161 161 162 163 163 163 165 0 0 0 0 0 0 0 0 0 0 0 0 0 0 0 0 0 0 0 0 0 0 0 0 0 0 0 0 0 0 0 0 0 0 0 0 0 0 0 0 0 0 0 0 0 0 0 0 0 0 0 0 0 0 0 0 0 0 0 0 0 0 0 0 0 0 0 0 0 0 0 0 0 0 0 0 0 0 0 0 0 0 0 0 0 0 0 0 0 0 0 0 0 0 0 0 0 0 0 0 0 0 0 0 0 0 0 0 0 0 0 0 0 0 0 0 0 0 0 0 0 0 0 0 0 0 0 0 0 0 0 0 0 0 0 0 0 0 0 0 0 0 0 0 0 0 0 0 0 0 0 0 0 0 0 0 0 0 0 0 0 0 0 0 0 0 0 0 0 0 0 0 0 0 0 0 0 0 0 0 0 0 0 0 0 0 0 0 0 0 0 0 0 0 0 0 0 0 0 0 0 0 0 0 0 0 0 0 0 0 0 0 0 0 0 0 0 0 0 0 0 0 0 0 0 0 0 0 0 0 0 0 0 0 0 0 0 0 0 0 0 0 0 0 0 0 0 0 0 0 0 0 0 0 0 0 0 0 0 0 0 0 0 0 0 0 0 0 0 0 
0 0 0 0 0 0 0 0 0 0 0 0 0 0 0 0 0 0 0 0 0 0 0 0 0 0 0 0 0 0 0 0 0 0 0 0 0 0 0 0 0 0 0 0 0 0 0 0 0 0 0 0 0 0 0 0 0 0 0 0 0 0 0 0 0 0 0 0 0 0 0 0 0 0 0 0 0 0 0 0 0 0 0 0 0 0 0 0 0 0 0 0 0 0 0 0 0 0 0 0 0 0 0 0 0 0 0 0 0 0 0 0 0 0 0 0 0 0 0 0 0 0 0 0 0 0 0 0 0 0 0 0 0 0 0 0 0 0 0 0 0 0 0 0 0 0 0 0 0 0 0 0 0 0 0 0 0 0 0 0 0 0 0 0 0 0 0 0 0 0 0 0 0 0 0 0 0 0 0 0 0 0 0 0 0 0 0 0 0 0 0 0 0 0 0 0 0 0 0 0 0 0 0 0 0 0 0 0 0 0 0 0 0 0 159 159 159 159 158 158 159 159 160 161 161 161 162 162 162 164 164 165 165 0 0 0 0 0 0 0 0 0 0 0 0 0 0 0 0 0 0 0 0 0 0 0 0 0 0 0 0 0 0 0 0 0 0 0 0 0 0 0 0 0 0 0 0 0 0 0 0 0 0 0 0 0 0 0 0 0 0 0 0 0 0 0 0 0 0 0 0 0 0 0 0 0 0 0 0 0 0 0 0 0 0 0 0 0 0 0 0 0 0 0 0 0 0 0 0 0 0 0 0 0 0 0 0 0 0 0 0 0 0 0 0 0 0 0 0 0 0 0 0 0 0 0 0 0 0 0 0 0 0 0 0 0 0 0 0 0 0 0 0 0 0 0 0 0 0 0 0 0 0 0 0 0 0 0 0 0 0 0 0 0 0 0 0 0 0 0 0 0 0 0 0 0 0 0 0 0 0 0 0 0 0 0 0 0 0 0 0 0 0 0 0 0 0 0 0 0 0 0 0 0 0 0 0 0 0 0 0 0 0 0 0 0 0 0 0 0 0 0 0 0 0 0 0 0 0 0 0 0 0 0 0 0 0 0 0 0 0 0 0 0 0 0 0 0 0 0 0 0 0 0 0 0 0 0 0 0 0 0 0 0 0 0 0 0 0 0 0 0 0 
0 0 0 0 0 0 0 0 0 0 0 0 0 0 0 0 0 0 0 0 0 0 0 0 0 0 0 0 0 0 0 0 0 0 0 0 0 0 0 0 0 0 0 0 0 0 0 0 0 0 0 0 0 0 0 0 0 0 0 0 0 0 0 0 0 0 0 0 0 0 0 0 0 0 0 0 0 0 0 0 0 0 0 0 0 0 0 0 0 0 0 0 0 0 0 0 0 0 0 0 0 0 0 0 0 0 0 0 0 0 0 0 0 0 0 0 0 0 0 0 0 0 0 0 0 0 0 0 0 0 0 0 0 0 0 0 0 0 0 0 0 0 0 0 0 0 0 0 0 0 0 0 0 0 0 0 0 0 0 0 0 0 0 0 0 0 0 0 0 0 0 0 0 0 0 0 0 0 0 0 0 0 0 0 0 0 0 0 0 0 0 0 0 0 0 0 0 0 0 0 0 0 0 0 0 0 0 0 0 0 0 0 0 0 160 159 159 159 159 159 159 159 160 161 161 162 162 163 163 164 164 165 164 0 0 0 0 0 0 0 0 0 0 0 0 0 0 0 0 0 0 0 0 0 0 0 0 0 0 0 0 0 0 0 0 0 0 0 0 0 0 0 0 0 0 0 0 0 0 0 0 0 0 0 0 0 0 0 0 0 0 0 0 0 0 0 0 0 0 0 0 0 0 0 0 0 0 0 0 0 0 0 0 0 0 0 0 0 0 0 0 0 0 0 0 0 0 0 0 0 0 0 0 0 0 0 0 0 0 0 0 0 0 0 0 0 0 0 0 0 0 0 0 0 0 0 0 0 0 0 0 0 0 0 0 0 0 0 0 0 0 0 0 0 0 0 0 0 0 0 0 0 0 0 0 0 0 0 0 0 0 0 0 0 0 0 0 0 0 0 0 0 0 0 0 0 0 0 0 0 0 0 0 0 0 0 0 0 0 0 0 0 0 0 0 0 0 0 0 0 0 0 0 0 0 0 0 0 0 0 0 0 0 0 0 0 0 0 0 0 0 0 0 0 0 0 0 0 0 0 0 0 0 0 0 0 0 0 0 0 0 0 0 0 0 0 0 0 0 0 0 0 0 0 0 0 0 0 0 0 0 0 0 0 0 0 0 0 0 0 0 0 0 
0 0 0 0 0 0 0 0 0 0 0 0 0 0 0 0 0 0 0 0 0 0 0 0 0 0 0 0 0 0 0 0 0 0 0 0 0 0 0 0 0 0 0 0 0 0 0 0 0 0 0 0 0 0 0 0 0 0 0 0 0 0 0 0 0 0 0 0 0 0 0 0 0 0 0 0 0 0 0 0 0 0 0 0 0 0 0 0 0 0 0 0 0 0 0 0 0 0 0 0 0 0 0 0 0 0 0 0 0 0 0 0 0 0 0 0 0 0 0 0 0 0 0 0 0 0 0 0 0 0 0 0 0 0 0 0 0 0 0 0 0 0 0 0 0 0 0 0 0 0 0 0 0 0 0 0 0 0 0 0 0 0 0 0 0 0 0 0 0 0 0 0 0 0 0 0 0 0 0 0 0 0 0 0 0 0 0 0 0 0 0 0 0 0 0 0 0 0 0 0 0 0 0 0 0 0 0 0 0 0 0 0 0 0 160 160 160 160 160 160 159 159 159 160 161 162 163 163 164 163 164 165 0 0 0 0 0 0 0 0 0 0 0 0 0 0 0 0 0 0 0 0 0 0 0 0 0 0 0 0 0 0 0 0 0 0 0 0 0 0 0 0 0 0 0 0 0 0 0 0 0 0 0 0 0 0 0 0 0 0 0 0 0 0 0 0 0 0 0 0 0 0 0 0 0 0 0 0 0 0 0 0 0 0 0 0 0 0 0 0 0 0 0 0 0 0 0 0 0 0 0 0 0 0 0 0 0 0 0 0 0 0 0 0 0 0 0 0 0 0 0 0 0 0 0 0 0 0 0 0 0 0 0 0 0 0 0 0 0 0 0 0 0 0 0 0 0 0 0 0 0 0 0 0 0 0 0 0 0 0 0 0 0 0 0 0 0 0 0 0 0 0 0 0 0 0 0 0 0 0 0 0 0 0 0 0 0 0 0 0 0 0 0 0 0 0 0 0 0 0 0 0 0 0 0 0 0 0 0 0 0 0 0 0 0 0 0 0 0 0 0 0 0 0 0 0 0 0 0 0 0 0 0 0 0 0 0 0 0 0 0 0 0 0 0 0 0 0 0 0 0 0 0 0 0 0 0 0 0 0 0 0 0 0 0 0 0 0 0 0 0 0 0 
0 0 0 0 0 0 0 0 0 0 0 0 0 0 0 0 0 0 0 0 0 0 0 0 0 0 0 0 0 0 0 0 0 0 0 0 0 0 0 0 0 0 0 0 0 0 0 0 0 0 0 0 0 0 0 0 0 0 0 0 0 0 0 0 0 0 0 0 0 0 0 0 0 0 0 0 0 0 0 0 0 0 0 0 0 0 0 0 0 0 0 0 0 0 0 0 0 0 0 0 0 0 0 0 0 0 0 0 0 0 0 0 0 0 0 0 0 0 0 0 0 0 0 0 0 0 0 0 0 0 0 0 0 0 0 0 0 0 0 0 0 0 0 0 0 0 0 0 0 0 0 0 0 0 0 0 0 0 0 0 0 0 0 0 0 0 0 0 0 0 0 0 0 0 0 0 0 0 0 0 0 0 0 0 0 0 0 0 0 0 0 0 0 0 0 0 0 0 0 0 0 0 0 0 0 0 0 0 0 0 0 0 0 0 0 159 160 160 160 161 160 160 160 160 160 161 162 162 163 162 164 165 0 0 0 0 0 0 0 0 0 0 0 0 0 0 0 0 0 0 0 0 0 0 0 0 0 0 0 0 0 0 0 0 0 0 0 0 0 0 0 0 0 0 0 0 0 0 0 0 0 0 0 0 0 0 0 0 0 0 0 0 0 0 0 0 0 0 0 0 0 0 0 0 0 0 0 0 0 0 0 0 0 0 0 0 0 0 0 0 0 0 0 0 0 0 0 0 0 0 0 0 0 0 0 0 0 0 0 0 0 0 0 0 0 0 0 0 0 0 0 0 0 0 0 0 0 0 0 0 0 0 0 0 0 0 0 0 0 0 0 0 0 0 0 0 0 0 0 0 0 0 0 0 0 0 0 0 0 0 0 0 0 0 0 0 0 0 0 0 0 0 0 0 0 0 0 0 0 0 0 0 0 0 0 0 0 0 0 0 0 0 0 0 0 0 0 0 0 0 0 0 0 0 0 0 0 0 0 0 0 0 0 0 0 0 0 0 0 0 0 0 0 0 0 0 0 0 0 0 0 0 0 0 0 0 0 0 0 0 0 0 0 0 0 0 0 0 0 0 0 0 0 0 0 0 0 0 0 0 0 0 0 0 0 0 0 0 0 0 0 0 0 
0 0 0 0 0 0 0 0 0 0 0 0 0 0 0 0 0 0 0 0 0 0 0 0 0 0 0 0 0 0 0 0 0 0 0 0 0 0 0 0 0 0 0 0 0 0 0 0 0 0 0 0 0 0 0 0 0 0 0 0 0 0 0 0 0 0 0 0 0 0 0 0 0 0 0 0 0 0 0 0 0 0 0 0 0 0 0 0 0 0 0 0 0 0 0 0 0 0 0 0 0 0 0 0 0 0 0 0 0 0 0 0 0 0 0 0 0 0 0 0 0 0 0 0 0 0 0 0 0 0 0 0 0 0 0 0 0 0 0 0 0 0 0 0 0 0 0 0 0 0 0 0 0 0 0 0 0 0 0 0 0 0 0 0 0 0 0 0 0 0 0 0 0 0 0 0 0 0 0 0 0 0 0 0 0 0 0 0 0 0 0 0 0 0 0 0 0 0 0 0 0 0 0 0 0 0 0 0 0 0 0 0 0 0 0 160 160 160 161 161 161 161 161 162 161 161 161 162 162 162 164 165 0 0 0 0 0 0 0 0 0 0 0 0 0 0 0 0 0 0 0 0 0 0 0 0 0 0 0 0 0 0 0 0 0 0 0 0 0 0 0 0 0 0 0 0 0 0 0 0 0 0 0 0 0 0 0 0 0 0 0 0 0 0 0 0 0 0 0 0 0 0 0 0 0 0 0 0 0 0 0 0 0 0 0 0 0 0 0 0 0 0 0 0 0 0 0 0 0 0 0 0 0 0 0 0 0 0 0 0 0 0 0 0 0 0 0 0 0 0 0 0 0 0 0 0 0 0 0 0 0 0 0 0 0 0 0 0 0 0 0 0 0 0 0 0 0 0 0 0 0 0 0 0 0 0 0 0 0 0 0 0 0 0 0 0 0 0 0 0 0 0 0 0 0 0 0 0 0 0 0 0 0 0 0 0 0 0 0 0 0 0 0 0 0 0 0 0 0 0 0 0 0 0 0 0 0 0 0 0 0 0 0 0 0 0 0 0 0 0 0 0 0 0 0 0 0 0 0 0 0 0 0 0 0 0 0 0 0 0 0 0 0 0 0 0 0 0 0 0 0 0 0 0 0 0 0 0 0 0 0 0 0 0 0 0 0 0 0 0 0 0 0 
0 0 0 0 0 0 0 0 0 0 0 0 0 0 0 0 0 0 0 0 0 0 0 0 0 0 0 0 0 0 0 0 0 0 0 0 0 0 0 0 0 0 0 0 0 0 0 0 0 0 0 0 0 0 0 0 0 0 0 0 0 0 0 0 0 0 0 0 0 0 0 0 0 0 0 0 0 0 0 0 0 0 0 0 0 0 0 0 0 0 0 0 0 0 0 0 0 0 0 0 0 0 0 0 0 0 0 0 0 0 0 0 0 0 0 0 0 0 0 0 0 0 0 0 0 0 0 0 0 0 0 0 0 0 0 0 0 0 0 0 0 0 0 0 0 0 0 0 0 0 0 0 0 0 0 0 0 0 0 0 0 0 0 0 0 0 0 0 0 0 0 0 0 0 0 0 0 0 0 0 0 0 0 0 0 0 0 0 0 0 0 0 0 0 0 0 0 0 0 0 0 0 0 0 0 0 0 0 0 0 0 0 0 0 0 161 160 160 161 161 161 161 162 163 163 162 161 162 163 163 164 165 0 0 0 0 0 0 0 0 0 0 0 0 0 0 0 0 0 0 0 0 0 0 0 0 0 0 0 0 0 0 0 0 0 0 0 0 0 0 0 0 0 0 0 0 0 0 0 0 0 0 0 0 0 0 0 0 0 0 0 0 0 0 0 0 0 0 0 0 0 0 0 0 0 0 0 0 0 0 0 0 0 0 0 0 0 0 0 0 0 0 0 0 0 0 0 0 0 0 0 0 0 0 0 0 0 0 0 0 0 0 0 0 0 0 0 0 0 0 0 0 0 0 0 0 0 0 0 0 0 0 0 0 0 0 0 0 0 0 0 0 0 0 0 0 0 0 0 0 0 0 0 0 0 0 0 0 0 0 0 0 0 0 0 0 0 0 0 0 0 0 0 0 0 0 0 0 0 0 0 0 0 0 0 0 0 0 0 0 0 0 0 0 0 0 0 0 0 0 0 0 0 0 0 0 0 0 0 0 0 0 0 0 0 0 0 0 0 0 0 0 0 0 0 0 0 0 0 0 0 0 0 0 0 0 0 0 0 0 0 0 0 0 0 0 0 0 0 0 0 0 0 0 0 0 0 0 0 0 0 0 0 0 0 0 0 0 0 0 0 0 0 
0 0 0 0 0 0 0 0 0 0 0 0 0 0 0 0 0 0 0 0 0 0 0 0 0 0 0 0 0 0 0 0 0 0 0 0 0 0 0 0 0 0 0 0 0 0 0 0 0 0 0 0 0 0 0 0 0 0 0 0 0 0 0 0 0 0 0 0 0 0 0 0 0 0 0 0 0 0 0 0 0 0 0 0 0 0 0 0 0 0 0 0 0 0 0 0 0 0 0 0 0 0 0 0 0 0 0 0 0 0 0 0 0 0 0 0 0 0 0 0 0 0 0 0 0 0 0 0 0 0 0 0 0 0 0 0 0 0 0 0 0 0 0 0 0 0 0 0 0 0 0 0 0 0 0 0 0 0 0 0 0 0 0 0 0 0 0 0 0 0 0 0 0 0 0 0 0 0 0 0 0 0 0 0 0 0 0 0 0 0 0 0 0 0 0 0 0 0 0 0 0 0 0 0 0 0 0 0 0 0 0 0 0 0 0 0 161 160 160 161 161 161 162 163 163 163 162 162 163 164 164 165 165 0 0 0 0 0 0 0 0 0 0 0 0 0 0 0 0 0 0 0 0 0 0 0 0 0 0 0 0 0 0 0 0 0 0 0 0 0 0 0 0 0 0 0 0 0 0 0 0 0 0 0 0 0 0 0 0 0 0 0 0 0 0 0 0 0 0 0 0 0 0 0 0 0 0 0 0 0 0 0 0 0 0 0 0 0 0 0 0 0 0 0 0 0 0 0 0 0 0 0 0 0 0 0 0 0 0 0 0 0 0 0 0 0 0 0 0 0 0 0 0 0 0 0 0 0 0 0 0 0 0 0 0 0 0 0 0 0 0 0 0 0 0 0 0 0 0 0 0 0 0 0 0 0 0 0 0 0 0 0 0 0 0 0 0 0 0 0 0 0 0 0 0 0 0 0 0 0 0 0 0 0 0 0 0 0 0 0 0 0 0 0 0 0 0 0 0 0 0 0 0 0 0 0 0 0 0 0 0 0 0 0 0 0 0 0 0 0 0 0 0 0 0 0 0 0 0 0 0 0 0 0 0 0 0 0 0 0 0 0 0 0 0 0 0 0 0 0 0 0 0 0 0 0 0 0 0 0 0 0 0 0 0 0 0 0 0 0 0 0 0 
0 0 0 0 0 0 0 0 0 0 0 0 0 0 0 0 0 0 0 0 0 0 0 0 0 0 0 0 0 0 0 0 0 0 0 0 0 0 0 0 0 0 0 0 0 0 0 0 0 0 0 0 0 0 0 0 0 0 0 0 0 0 0 0 0 0 0 0 0 0 0 0 0 0 0 0 0 0 0 0 0 0 0 0 0 0 0 0 0 0 0 0 0 0 0 0 0 0 0 0 0 0 0 0 0 0 0 0 0 0 0 0 0 0 0 0 0 0 0 0 0 0 0 0 0 0 0 0 0 0 0 0 0 0 0 0 0 0 0 0 0 0 0 0 0 0 0 0 0 0 0 0 0 0 0 0 0 0 0 0 0 0 0 0 0 0 0 0 0 0 0 0 0 0 0 0 0 0 0 0 0 0 0 0 0 0 0 0 0 0 0 0 0 0 0 0 0 0 0 0 0 0 0 0 0 0 0 0 0 0 0 0 0 0 0 0 0 161 161 160 161 162 162 162 164 163 163 162 163 163 163 164 165 0 0 0 0 0 0 0 0 0 0 0 0 0 0 0 0 0 0 0 0 0 0 0 0 0 0 0 0 0 0 0 0 0 0 0 0 0 0 0 0 0 0 0 0 0 0 0 0 0 0 0 0 0 0 0 0 0 0 0 0 0 0 0 0 0 0 0 0 0 0 0 0 0 0 0 0 0 0 0 0 0 0 0 0 0 0 0 0 0 0 0 0 0 0 0 0 0 0 0 0 0 0 0 0 0 0 0 0 0 0 0 0 0 0 0 0 0 0 0 0 0 0 0 0 0 0 0 0 0 0 0 0 0 0 0 0 0 0 0 0 0 0 0 0 0 0 0 0 0 0 0 0 0 0 0 0 0 0 0 0 0 0 0 0 0 0 0 0 0 0 0 0 0 0 0 0 0 0 0 0 0 0 0 0 0 0 0 0 0 0 0 0 0 0 0 0 0 0 0 0 0 0 0 0 0 0 0 0 0 0 0 0 0 0 0 0 0 0 0 0 0 0 0 0 0 0 0 0 0 0 0 0 0 0 0 0 0 0 0 0 0 0 0 0 0 0 0 0 0 0 0 0 0 0 0 0 0 0 0 0 0 0 0 0 0 0 0 0 0 0 
0 0 0 0 0 0 0 0 0 0 0 0 0 0 0 0 0 0 0 0 0 0 0 0 0 0 0 0 0 0 0 0 0 0 0 0 0 0 0 0 0 0 0 0 0 0 0 0 0 0 0 0 0 0 0 0 0 0 0 0 0 0 0 0 0 0 0 0 0 0 0 0 0 0 0 0 0 0 0 0 0 0 0 0 0 0 0 0 0 0 0 0 0 0 0 0 0 0 0 0 0 0 0 0 0 0 0 0 0 0 0 0 0 0 0 0 0 0 0 0 0 0 0 0 0 0 0 0 0 0 0 0 0 0 0 0 0 0 0 0 0 0 0 0 0 0 0 0 0 0 0 0 0 0 0 0 0 0 0 0 0 0 0 0 0 0 0 0 0 0 0 0 0 0 0 0 0 0 0 0 0 0 0 0 0 0 0 0 0 0 0 0 0 0 0 0 0 0 0 0 0 0 0 0 0 0 0 0 0 0 0 0 0 0 0 0 0 162 161 161 161 162 163 163 164 164 163 163 164 164 164 164 165 166 0 0 0 0 0 0 0 0 0 0 0 0 0 0 0 0 0 0 0 0 0 0 0 0 0 0 0 0 0 0 0 0 0 0 0 0 0 0 0 0 0 0 0 0 0 0 0 0 0 0 0 0 0 0 0 0 0 0 0 0 0 0 0 0 0 0 0 0 0 0 0 0 0 0 0 0 0 0 0 0 0 0 0 0 0 0 0 0 0 0 0 0 0 0 0 0 0 0 0 0 0 0 0 0 0 0 0 0 0 0 0 0 0 0 0 0 0 0 0 0 0 0 0 0 0 0 0 0 0 0 0 0 0 0 0 0 0 0 0 0 0 0 0 0 0 0 0 0 0 0 0 0 0 0 0 0 0 0 0 0 0 0 0 0 0 0 0 0 0 0 0 0 0 0 0 0 0 0 0 0 0 0 0 0 0 0 0 0 0 0 0 0 0 0 0 0 0 0 0 0 0 0 0 0 0 0 0 0 0 0 0 0 0 0 0 0 0 0 0 0 0 0 0 0 0 0 0 0 0 0 0 0 0 0 0 0 0 0 0 0 0 0 0 0 0 0 0 0 0 0 0 0 0 0 0 0 0 0 0 0 0 0 0 0 0 0 0 0 0 
0 0 0 0 0 0 0 0 0 0 0 0 0 0 0 0 0 0 0 0 0 0 0 0 0 0 0 0 0 0 0 0 0 0 0 0 0 0 0 0 0 0 0 0 0 0 0 0 0 0 0 0 0 0 0 0 0 0 0 0 0 0 0 0 0 0 0 0 0 0 0 0 0 0 0 0 0 0 0 0 0 0 0 0 0 0 0 0 0 0 0 0 0 0 0 0 0 0 0 0 0 0 0 0 0 0 0 0 0 0 0 0 0 0 0 0 0 0 0 0 0 0 0 0 0 0 0 0 0 0 0 0 0 0 0 0 0 0 0 0 0 0 0 0 0 0 0 0 0 0 0 0 0 0 0 0 0 0 0 0 0 0 0 0 0 0 0 0 0 0 0 0 0 0 0 0 0 0 0 0 0 0 0 0 0 0 0 0 0 0 0 0 0 0 0 0 0 0 0 0 0 0 0 0 0 0 0 0 0 0 0 0 0 0 0 0 0 162 161 161 161 163 163 163 164 164 164 163 163 165 165 166 166 167 0 0 0 0 0 0 0 0 0 0 0 0 0 0 0 0 0 0 0 0 0 0 0 0 0 0 0 0 0 0 0 0 0 0 0 0 0 0 0 0 0 0 0 0 0 0 0 0 0 0 0 0 0 0 0 0 0 0 0 0 0 0 0 0 0 0 0 0 0 0 0 0 0 0 0 0 0 0 0 0 0 0 0 0 0 0 0 0 0 0 0 0 0 0 0 0 0 0 0 0 0 0 0 0 0 0 0 0 0 0 0 0 0 0 0 0 0 0 0 0 0 0 0 0 0 0 0 0 0 0 0 0 0 0 0 0 0 0 0 0 0 0 0 0 0 0 0 0 0 0 0 0 0 0 0 0 0 0 0 0 0 0 0 0 0 0 0 0 0 0 0 0 0 0 0 0 0 0 0 0 0 0 0 0 0 0 0 0 0 0 0 0 0 0 0 0 0 0 0 0 0 0 0 0 0 0 0 0 0 0 0 0 0 0 0 0 0 0 0 0 0 0 0 0 0 0 0 0 0 0 0 0 0 0 0 0 0 0 0 0 0 0 0 0 0 0 0 0 0 0 0 0 0 0 0 0 0 0 0 0 0 0 0 0 0 0 0 0 0 
0 0 0 0 0 0 0 0 0 0 0 0 0 0 0 0 0 0 0 0 0 0 0 0 0 0 0 0 0 0 0 0 0 0 0 0 0 0 0 0 0 0 0 0 0 0 0 0 0 0 0 0 0 0 0 0 0 0 0 0 0 0 0 0 0 0 0 0 0 0 0 0 0 0 0 0 0 0 0 0 0 0 0 0 0 0 0 0 0 0 0 0 0 0 0 0 0 0 0 0 0 0 0 0 0 0 0 0 0 0 0 0 0 0 0 0 0 0 0 0 0 0 0 0 0 0 0 0 0 0 0 0 0 0 0 0 0 0 0 0 0 0 0 0 0 0 0 0 0 0 0 0 0 0 0 0 0 0 0 0 0 0 0 0 0 0 0 0 0 0 0 0 0 0 0 0 0 0 0 0 0 0 0 0 0 0 0 0 0 0 0 0 0 0 0 0 0 0 0 0 0 0 0 0 0 0 0 0 0 0 0 0 0 0 0 0 0 162 162 161 161 162 162 163 163 164 164 164 164 164 165 166 167 0 0 0 0 0 0 0 0 0 0 0 0 0 0 0 0 0 0 0 0 0 0 0 0 0 0 0 0 0 0 0 0 0 0 0 0 0 0 0 0 0 0 0 0 0 0 0 0 0 0 0 0 0 0 0 0 0 0 0 0 0 0 0 0 0 0 0 0 0 0 0 0 0 0 0 0 0 0 0 0 0 0 0 0 0 0 0 0 0 0 0 0 0 0 0 0 0 0 0 0 0 0 0 0 0 0 0 0 0 0 0 0 0 0 0 0 0 0 0 0 0 0 0 0 0 0 0 0 0 0 0 0 0 0 0 0 0 0 0 0 0 0 0 0 0 0 0 0 0 0 0 0 0 0 0 0 0 0 0 0 0 0 0 0 0 0 0 0 0 0 0 0 0 0 0 0 0 0 0 0 0 0 0 0 0 0 0 0 0 0 0 0 0 0 0 0 0 0 0 0 0 0 0 0 0 0 0 0 0 0 0 0 0 0 0 0 0 0 0 0 0 0 0 0 0 0 0 0 0 0 0 0 0 0 0 0 0 0 0 0 0 0 0 0 0 0 0 0 0 0 0 0 0 0 0 0 0 0 0 0 0 0 0 0 0 0 0 0 0 0 
0 0 0 0 0 0 0 0 0 0 0 0 0 0 0 0 0 0 0 0 0 0 0 0 0 0 0 0 0 0 0 0 0 0 0 0 0 0 0 0 0 0 0 0 0 0 0 0 0 0 0 0 0 0 0 0 0 0 0 0 0 0 0 0 0 0 0 0 0 0 0 0 0 0 0 0 0 0 0 0 0 0 0 0 0 0 0 0 0 0 0 0 0 0 0 0 0 0 0 0 0 0 0 0 0 0 0 0 0 0 0 0 0 0 0 0 0 0 0 0 0 0 0 0 0 0 0 0 0 0 0 0 0 0 0 0 0 0 0 0 0 0 0 0 0 0 0 0 0 0 0 0 0 0 0 0 0 0 0 0 0 0 0 0 0 0 0 0 0 0 0 0 0 0 0 0 0 0 0 0 0 0 0 0 0 0 0 0 0 0 0 0 0 0 0 0 0 0 0 0 0 0 0 0 0 0 0 0 0 0 0 0 0 0 0 0 163 162 162 162 162 162 162 163 163 163 164 165 165 164 166 166 166 0 0 0 0 0 0 0 0 0 0 0 0 0 0 0 0 0 0 0 0 0 0 0 0 0 0 0 0 0 0 0 0 0 0 0 0 0 0 0 0 0 0 0 0 0 0 0 0 0 0 0 0 0 0 0 0 0 0 0 0 0 0 0 0 0 0 0 0 0 0 0 0 0 0 0 0 0 0 0 0 0 0 0 0 0 0 0 0 0 0 0 0 0 0 0 0 0 0 0 0 0 0 0 0 0 0 0 0 0 0 0 0 0 0 0 0 0 0 0 0 0 0 0 0 0 0 0 0 0 0 0 0 0 0 0 0 0 0 0 0 0 0 0 0 0 0 0 0 0 0 0 0 0 0 0 0 0 0 0 0 0 0 0 0 0 0 0 0 0 0 0 0 0 0 0 0 0 0 0 0 0 0 0 0 0 0 0 0 0 0 0 0 0 0 0 0 0 0 0 0 0 0 0 0 0 0 0 0 0 0 0 0 0 0 0 0 0 0 0 0 0 0 0 0 0 0 0 0 0 0 0 0 0 0 0 0 0 0 0 0 0 0 0 0 0 0 0 0 0 0 0 0 0 0 0 0 0 0 0 0 0 0 0 0 0 0 0 0 0 0 
0 0 0 0 0 0 0 0 0 0 0 0 0 0 0 0 0 0 0 0 0 0 0 0 0 0 0 0 0 0 0 0 0 0 0 0 0 0 0 0 0 0 0 0 0 0 0 0 0 0 0 0 0 0 0 0 0 0 0 0 0 0 0 0 0 0 0 0 0 0 0 0 0 0 0 0 0 0 0 0 0 0 0 0 0 0 0 0 0 0 0 0 0 0 0 0 0 0 0 0 0 0 0 0 0 0 0 0 0 0 0 0 0 0 0 0 0 0 0 0 0 0 0 0 0 0 0 0 0 0 0 0 0 0 0 0 0 0 0 0 0 0 0 0 0 0 0 0 0 0 0 0 0 0 0 0 0 0 0 0 0 0 0 0 0 0 0 0 0 0 0 0 0 0 0 0 0 0 0 0 0 0 0 0 0 0 0 0 0 0 0 0 0 0 0 0 0 0 0 0 0 0 0 0 0 0 0 0 0 0 0 0 0 0 0 163 163 163 163 162 163 162 163 164 165 164 164 165 166 165 165 166 166 166 0 0 0 0 0 0 0 0 0 0 0 0 0 0 0 0 0 0 0 0 0 0 0 0 0 0 0 0 0 0 0 0 0 0 0 0 0 0 0 0 0 0 0 0 0 0 0 0 0 0 0 0 0 0 0 0 0 0 0 0 0 0 0 0 0 0 0 0 0 0 0 0 0 0 0 0 0 0 0 0 0 0 0 0 0 0 0 0 0 0 0 0 0 0 0 0 0 0 0 0 0 0 0 0 0 0 0 0 0 0 0 0 0 0 0 0 0 0 0 0 0 0 0 0 0 0 0 0 0 0 0 0 0 0 0 0 0 0 0 0 0 0 0 0 0 0 0 0 0 0 0 0 0 0 0 0 0 0 0 0 0 0 0 0 0 0 0 0 0 0 0 0 0 0 0 0 0 0 0 0 0 0 0 0 0 0 0 0 0 0 0 0 0 0 0 0 0 0 0 0 0 0 0 0 0 0 0 0 0 0 0 0 0 0 0 0 0 0 0 0 0 0 0 0 0 0 0 0 0 0 0 0 0 0 0 0 0 0 0 0 0 0 0 0 0 0 0 0 0 0 0 0 0 0 0 0 0 0 0 0 0 0 0 0 0 0 0 0 0 
0 0 0 0 0 0 0 0 0 0 0 0 0 0 0 0 0 0 0 0 0 0 0 0 0 0 0 0 0 0 0 0 0 0 0 0 0 0 0 0 0 0 0 0 0 0 0 0 0 0 0 0 0 0 0 0 0 0 0 0 0 0 0 0 0 0 0 0 0 0 0 0 0 0 0 0 0 0 0 0 0 0 0 0 0 0 0 0 0 0 0 0 0 0 0 0 0 0 0 0 0 0 0 0 0 0 0 0 0 0 0 0 0 0 0 0 0 0 0 0 0 0 0 0 0 0 0 0 0 0 0 0 0 0 0 0 0 0 0 0 0 0 0 0 0 0 0 0 0 0 0 0 0 0 0 0 0 0 0 0 0 0 0 0 0 0 0 0 0 0 0 0 0 0 0 0 0 0 0 0 0 0 0 0 0 0 0 0 0 0 0 0 0 0 0 0 0 0 0 0 0 0 0 0 0 0 0 0 0 0 0 0 0 163 163 163 164 164 164 164 164 163 164 164 165 165 164 165 166 166 166 166 166 167 168 0 0 0 0 0 0 0 0 0 0 0 0 0 0 0 0 0 0 0 0 0 0 0 0 0 0 0 0 0 0 0 0 0 0 0 0 0 0 0 0 0 0 0 0 0 0 0 0 0 0 0 0 0 0 0 0 0 0 0 0 0 0 0 0 0 0 0 0 0 0 0 0 0 0 0 0 0 0 0 0 0 0 0 0 0 0 0 0 0 0 0 0 0 0 0 0 0 0 0 0 0 0 0 0 0 0 0 0 0 0 0 0 0 0 0 0 0 0 0 0 0 0 0 0 0 0 0 0 0 0 0 0 0 0 0 0 0 0 0 0 0 0 0 0 0 0 0 0 0 0 0 0 0 0 0 0 0 0 0 0 0 0 0 0 0 0 0 0 0 0 0 0 0 0 0 0 0 0 0 0 0 0 0 0 0 0 0 0 0 0 0 0 0 0 0 0 0 0 0 0 0 0 0 0 0 0 0 0 0 0 0 0 0 0 0 0 0 0 0 0 0 0 0 0 0 0 0 0 0 0 0 0 0 0 0 0 0 0 0 0 0 0 0 0 0 0 0 0 0 0 0 0 0 0 0 0 0 0 0 0 0 0 0 0 0 0 0 0 
0 0 0 0 0 0 0 0 0 0 0 0 0 0 0 0 0 0 0 0 0 0 0 0 0 0 0 0 0 0 0 0 0 0 0 0 0 0 0 0 0 0 0 0 0 0 0 0 0 0 0 0 0 0 0 0 0 0 0 0 0 0 0 0 0 0 0 0 0 0 0 0 0 0 0 0 0 0 0 0 0 0 0 0 0 0 0 0 0 0 0 0 0 0 0 0 0 0 0 0 0 0 0 0 0 0 0 0 0 0 0 0 0 0 0 0 0 0 0 0 0 0 0 0 0 0 0 0 0 0 0 0 0 0 0 0 0 0 0 0 0 0 0 0 0 0 0 0 0 0 0 0 0 0 0 0 0 0 0 0 0 0 0 0 0 0 0 0 0 0 0 0 0 0 0 0 0 0 0 0 0 0 0 0 0 0 0 0 0 0 0 0 0 0 0 0 0 0 0 0 0 0 0 0 0 0 0 0 0 0 0 163 163 163 163 164 164 164 164 164 164 164 165 165 165 165 165 165 166 166 166 166 166 167 0 0 0 0 0 0 0 0 0 0 0 0 0 0 0 0 0 0 0 0 0 0 0 0 0 0 0 0 0 0 0 0 0 0 0 0 0 0 0 0 0 0 0 0 0 0 0 0 0 0 0 0 0 0 0 0 0 0 0 0 0 0 0 0 0 0 0 0 0 0 0 0 0 0 0 0 0 0 0 0 0 0 0 0 0 0 0 0 0 0 0 0 0 0 0 0 0 0 0 0 0 0 0 0 0 0 0 0 0 0 0 0 0 0 0 0 0 0 0 0 0 0 0 0 0 0 0 0 0 0 0 0 0 0 0 0 0 0 0 0 0 0 0 0 0 0 0 0 0 0 0 0 0 0 0 0 0 0 0 0 0 0 0 0 0 0 0 0 0 0 0 0 0 0 0 0 0 0 0 0 0 0 0 0 0 0 0 0 0 0 0 0 0 0 0 0 0 0 0 0 0 0 0 0 0 0 0 0 0 0 0 0 0 0 0 0 0 0 0 0 0 0 0 0 0 0 0 0 0 0 0 0 0 0 0 0 0 0 0 0 0 0 0 0 0 0 0 0 0 0 0 0 0 0 0 0 0 0 0 0 0 0 0 0 0 0 0 0 0 
0 0 0 0 0 0 0 0 0 0 0 0 0 0 0 0 0 0 0 0 0 0 0 0 0 0 0 0 0 0 0 0 0 0 0 0 0 0 0 0 0 0 0 0 0 0 0 0 0 0 0 0 0 0 0 0 0 0 0 0 0 0 0 0 0 0 0 0 0 0 0 0 0 0 0 0 0 0 0 0 0 0 0 0 0 0 0 0 0 0 0 0 0 0 0 0 0 0 0 0 0 0 0 0 0 0 0 0 0 0 0 0 0 0 0 0 0 0 0 0 0 0 0 0 0 0 0 0 0 0 0 0 0 0 0 0 0 0 0 0 0 0 0 0 0 0 0 0 0 0 0 0 0 0 0 0 0 0 0 0 0 0 0 0 0 0 0 0 0 0 0 0 0 0 0 0 0 0 0 0 0 0 0 0 0 0 0 0 0 0 0 0 0 0 0 0 0 0 0 0 0 0 0 0 0 0 0 0 0 0 0 0 162 163 164 164 163 163 164 164 164 165 165 165 166 166 166 166 166 166 166 167 166 0 0 0 0 0 0 0 0 0 0 0 0 0 0 0 0 0 0 0 0 0 0 0 0 0 0 0 0 0 0 0 0 0 0 0 0 0 0 0 0 0 0 0 0 0 0 0 0 0 0 0 0 0 0 0 0 0 0 0 0 0 0 0 0 0 0 0 0 0 0 0 0 0 0 0 0 0 0 0 0 0 0 0 0 0 0 0 0 0 0 0 0 0 0 0 0 0 0 0 0 0 0 0 0 0 0 0 0 0 0 0 0 0 0 0 0 0 0 0 0 0 0 0 0 0 0 0 0 0 0 0 0 0 0 0 0 0 0 0 0 0 0 0 0 0 0 0 0 0 0 0 0 0 0 0 0 0 0 0 0 0 0 0 0 0 0 0 0 0 0 0 0 0 0 0 0 0 0 0 0 0 0 0 0 0 0 0 0 0 0 0 0 0 0 0 0 0 0 0 0 0 0 0 0 0 0 0 0 0 0 0 0 0 0 0 0 0 0 0 0 0 0 0 0 0 0 0 0 0 0 0 0 0 0 0 0 0 0 0 0 0 0 0 0 0 0 0 0 0 0 0 0 0 0 0 0 0 0 0 0 0 0 0 0 0 0 0 0 0 0 
0 0 0 0 0 0 0 0 0 0 0 0 0 0 0 0 0 0 0 0 0 0 0 0 0 0 0 0 0 0 0 0 0 0 0 0 0 0 0 0 0 0 0 0 0 0 0 0 0 0 0 0 0 0 0 0 0 0 0 0 0 0 0 0 0 0 0 0 0 0 0 0 0 0 0 0 0 0 0 0 0 0 0 0 0 0 0 0 0 0 0 0 0 0 0 0 0 0 0 0 0 0 0 0 0 0 0 0 0 0 0 0 0 0 0 0 0 0 0 0 0 0 0 0 0 0 0 0 0 0 0 0 0 0 0 0 0 0 0 0 0 0 0 0 0 0 0 0 0 0 0 0 0 0 0 0 0 0 0 0 0 0 0 0 0 0 0 0 0 0 0 0 0 0 0 0 0 0 0 0 0 0 0 0 0 0 0 0 0 0 0 0 0 0 0 0 0 0 0 0 0 0 0 0 0 0 0 0 0 0 0 0 163 163 163 163 163 164 164 164 164 165 165 165 165 166 166 166 166 166 166 167 0 0 0 0 0 0 0 0 0 0 0 0 0 0 0 0 0 0 0 0 0 0 0 0 0 0 0 0 0 0 0 0 0 0 0 0 0 0 0 0 0 0 0 0 0 0 0 0 0 0 0 0 0 0 0 0 0 0 0 0 0 0 0 0 0 0 0 0 0 0 0 0 0 0 0 0 0 0 0 0 0 0 0 0 0 0 0 0 0 0 0 0 0 0 0 0 0 0 0 0 0 0 0 0 0 0 0 0 0 0 0 0 0 0 0 0 0 0 0 0 0 0 0 0 0 0 0 0 0 0 0 0 0 0 0 0 0 0 0 0 0 0 0 0 0 0 0 0 0 0 0 0 0 0 0 0 0 0 0 0 0 0 0 0 0 0 0 0 0 0 0 0 0 0 0 0 0 0 0 0 0 0 0 0 0 0 0 0 0 0 0 0 0 0 0 0 0 0 0 0 0 0 0 0 0 0 0 0 0 0 0 0 0 0 0 0 0 0 0 0 0 0 0 0 0 0 0 0 0 0 0 0 0 0 0 0 0 0 0 0 0 0 0 0 0 0 0 0 0 0 0 0 0 0 0 0 0 0 0 0 0 0 0 0 0 0 0 0 0 0 0 
0 0 0 0 0 0 0 0 0 0 0 0 0 0 0 0 0 0 0 0 0 0 0 0 0 0 0 0 0 0 0 0 0 0 0 0 0 0 0 0 0 0 0 0 0 0 0 0 0 0 0 0 0 0 0 0 0 0 0 0 0 0 0 0 0 0 0 0 0 0 0 0 0 0 0 0 0 0 0 0 0 0 0 0 0 0 0 0 0 0 0 0 0 0 0 0 0 0 0 0 0 0 0 0 0 0 0 0 0 0 0 0 0 0 0 0 0 0 0 0 0 0 0 0 0 0 0 0 0 0 0 0 0 0 0 0 0 0 0 0 0 0 0 0 0 0 0 0 0 0 0 0 0 0 0 0 0 0 0 0 0 0 0 0 0 0 0 0 0 0 0 0 0 0 0 0 0 0 0 0 0 0 0 0 0 0 0 0 0 0 0 0 0 0 0 0 0 0 0 0 0 0 0 0 0 0 0 0 0 0 0 0 0 164 163 163 164 164 165 164 164 164 164 164 164 165 165 165 166 166 167 0 0 0 0 0 0 0 0 0 0 0 0 0 0 0 0 0 0 0 0 0 0 0 0 0 0 0 0 0 0 0 0 0 0 0 0 0 0 0 0 0 0 0 0 0 0 0 0 0 0 0 0 0 0 0 0 0 0 0 0 0 0 0 0 0 0 0 0 0 0 0 0 0 0 0 0 0 0 0 0 0 0 0 0 0 0 0 0 0 0 0 0 0 0 0 0 0 0 0 0 0 0 0 0 0 0 0 0 0 0 0 0 0 0 0 0 0 0 0 0 0 0 0 0 0 0 0 0 0 0 0 0 0 0 0 0 0 0 0 0 0 0 0 0 0 0 0 0 0 0 0 0 0 0 0 0 0 0 0 0 0 0 0 0 0 0 0 0 0 0 0 0 0 0 0 0 0 0 0 0 0 0 0 0 0 0 0 0 0 0 0 0 0 0 0 0 0 0 0 0 0 0 0 0 0 0 0 0 0 0 0 0 0 0 0 0 0 0 0 0 0 0 0 0 0 0 0 0 0 0 0 0 0 0 0 0 0 0 0 0 0 0 0 0 0 0 0 0 0 0 0 0 0 0 0 0 0 0 0 0 0 0 0 0 0 0 0 0 0 0 0 0 
0 0 0 0 0 0 0 0 0 0 0 0 0 0 0 0 0 0 0 0 0 0 0 0 0 0 0 0 0 0 0 0 0 0 0 0 0 0 0 0 0 0 0 0 0 0 0 0 0 0 0 0 0 0 0 0 0 0 0 0 0 0 0 0 0 0 0 0 0 0 0 0 0 0 0 0 0 0 0 0 0 0 0 0 0 0 0 0 0 0 0 0 0 0 0 0 0 0 0 0 0 0 0 0 0 0 0 0 0 0 0 0 0 0 0 0 0 0 0 0 0 0 0 0 0 0 0 0 0 0 0 0 0 0 0 0 0 0 0 0 0 0 0 0 0 0 0 0 0 0 0 0 0 0 0 0 0 0 0 0 0 0 0 0 0 0 0 0 0 0 0 0 0 0 0 0 0 0 0 0 0 0 0 0 0 0 0 0 0 0 0 0 0 0 0 0 0 0 0 0 0 0 0 0 0 0 0 0 0 0 0 0 0 164 164 164 165 165 164 164 164 164 164 164 165 165 166 166 166 167 0 0 0 0 0 0 0 0 0 0 0 0 0 0 0 0 0 0 0 0 0 0 0 0 0 0 0 0 0 0 0 0 0 0 0 0 0 0 0 0 0 0 0 0 0 0 0 0 0 0 0 0 0 0 0 0 0 0 0 0 0 0 0 0 0 0 0 0 0 0 0 0 0 0 0 0 0 0 0 0 0 0 0 0 0 0 0 0 0 0 0 0 0 0 0 0 0 0 0 0 0 0 0 0 0 0 0 0 0 0 0 0 0 0 0 0 0 0 0 0 0 0 0 0 0 0 0 0 0 0 0 0 0 0 0 0 0 0 0 0 0 0 0 0 0 0 0 0 0 0 0 0 0 0 0 0 0 0 0 0 0 0 0 0 0 0 0 0 0 0 0 0 0 0 0 0 0 0 0 0 0 0 0 0 0 0 0 0 0 0 0 0 0 0 0 0 0 0 0 0 0 0 0 0 0 0 0 0 0 0 0 0 0 0 0 0 0 0 0 0 0 0 0 0 0 0 0 0 0 0 0 0 0 0 0 0 0 0 0 0 0 0 0 0 0 0 0 0 0 0 0 0 0 0 0 0 0 0 0 0 0 0 0 0 0 0 0 0 0 0 0 0 0 
0 0 0 0 0 0 0 0 0 0 0 0 0 0 0 0 0 0 0 0 0 0 0 0 0 0 0 0 0 0 0 0 0 0 0 0 0 0 0 0 0 0 0 0 0 0 0 0 0 0 0 0 0 0 0 0 0 0 0 0 0 0 0 0 0 0 0 0 0 0 0 0 0 0 0 0 0 0 0 0 0 0 0 0 0 0 0 0 0 0 0 0 0 0 0 0 0 0 0 0 0 0 0 0 0 0 0 0 0 0 0 0 0 0 0 0 0 0 0 0 0 0 0 0 0 0 0 0 0 0 0 0 0 0 0 0 0 0 0 0 0 0 0 0 0 0 0 0 0 0 0 0 0 0 0 0 0 0 0 0 0 0 0 0 0 0 0 0 0 0 0 0 0 0 0 0 0 0 0 0 0 0 0 0 0 0 0 0 0 0 0 0 0 0 0 0 0 0 0 0 0 0 0 0 0 0 0 0 0 0 0 0 0 0 164 163 164 164 164 0 0 165 165 165 165 165 166 166 0 0 0 0 0 0 0 0 0 0 0 0 0 0 0 0 0 0 0 0 0 0 0 0 0 0 0 0 0 0 0 0 0 0 0 0 0 0 0 0 0 0 0 0 0 0 0 0 0 0 0 0 0 0 0 0 0 0 0 0 0 0 0 0 0 0 0 0 0 0 0 0 0 0 0 0 0 0 0 0 0 0 0 0 0 0 0 0 0 0 0 0 0 0 0 0 0 0 0 0 0 0 0 0 0 0 0 0 0 0 0 0 0 0 0 0 0 0 0 0 0 0 0 0 0 0 0 0 0 0 0 0 0 0 0 0 0 0 0 0 0 0 0 0 0 0 0 0 0 0 0 0 0 0 0 0 0 0 0 0 0 0 0 0 0 0 0 0 0 0 0 0 0 0 0 0 0 0 0 0 0 0 0 0 0 0 0 0 0 0 0 0 0 0 0 0 0 0 0 0 0 0 0 0 0 0 0 0 0 0 0 0 0 0 0 0 0 0 0 0 0 0 0 0 0 0 0 0 0 0 0 0 0 0 0 0 0 0 0 0 0 0 0 0 0 0 0 0 0 0 0 0 0 0 0 0 0 0 0 0 0 0 0 0 0 0 0 0 0 0 0 0 0 0 0 
0 0 0 0 0 0 0 0 0 0 0 0 0 0 0 0 0 0 0 0 0 0 0 0 0 0 0 0 0 0 0 0 0 0 0 0 0 0 0 0 0 0 0 0 0 0 0 0 0 0 0 0 0 0 0 0 0 0 0 0 0 0 0 0 0 0 0 0 0 0 0 0 0 0 0 0 0 0 0 0 0 0 0 0 0 0 0 0 0 0 0 0 0 0 0 0 0 0 0 0 0 0 0 0 0 0 0 0 0 0 0 0 0 0 0 0 0 0 0 0 0 0 0 0 0 0 0 0 0 0 0 0 0 0 0 0 0 0 0 0 0 0 0 0 0 0 0 0 0 0 0 0 0 0 0 0 0 0 0 0 0 0 0 0 0 0 0 0 0 0 0 0 0 0 0 0 0 0 0 0 0 0 0 0 0 0 0 0 0 0 0 0 0 0 0 0 0 0 0 0 0 0 0 0 0 0 0 0 0 0 0 0 0 0 0 163 164 164 0 0 0 0 165 165 166 166 0 0 0 0 0 0 0 0 0 0 0 0 0 0 0 0 0 0 0 0 0 0 0 0 0 0 0 0 0 0 0 0 0 0 0 0 0 0 0 0 0 0 0 0 0 0 0 0 0 0 0 0 0 0 0 0 0 0 0 0 0 0 0 0 0 0 0 0 0 0 0 0 0 0 0 0 0 0 0 0 0 0 0 0 0 0 0 0 0 0 0 0 0 0 0 0 0 0 0 0 0 0 0 0 0 0 0 0 0 0 0 0 0 0 0 0 0 0 0 0 0 0 0 0 0 0 0 0 0 0 0 0 0 0 0 0 0 0 0 0 0 0 0 0 0 0 0 0 0 0 0 0 0 0 0 0 0 0 0 0 0 0 0 0 0 0 0 0 0 0 0 0 0 0 0 0 0 0 0 0 0 0 0 0 0 0 0 0 0 0 0 0 0 0 0 0 0 0 0 0 0 0 0 0 0 0 0 0 0 0 0 0 0 0 0 0 0 0 0 0 0 0 0 0 0 0 0 0 0 0 0 0 0 0 0 0 0 0 0 0 0 0 0 0 0 0 0 0 0 0 0 0 0 0 0 0 0 0 0 0 0 0 0 0 0 0 0 0 0 0 0 0 0 0 0 0 0 
