0 0 0 0 0 0 0 0 0 0 0 0 0 0 0 0 0 0 0 0 0 0 0 0 0 0 0 0 0 0 0 0 0 0 0 0 0 0 0 0 0 0 0 0 0 0 0 0 0 0 0 0 0 0 0 0 0 0 0 0 0 0 0 0 0 0 0 0 0 0 0 0 0 0 0 0 0 0 0 0 0 0 0 0 0 0 0 0 0 0 0 0 0 0 0 0 0 0 0 0 0 194 0 0 0 0 0 0 0 0 0 0 0 0 0 0 0 0 0 0 0 0 0 0 0 0 0 0 0 0 0 0 0 0 0 0 0 0 0 0 0 0 0 0 0 0 0 0 0 0 0 0 0 0 0 0 0 0 0 0 0 0 0 0 0 0 0 0 0 0 0 0 0 0 0 0 0 0 0 0 0 0 0 0 0 0 0 0 0 0 0 0 0 0 0 0 0 0 0 0 0 0 0 0 0 0 0 0 0 0 0 0 0 0 0 0 0 0 0 0 0 0 0 0 0 0 0 0 0 0 0 0 0 0 0 0 0 0 0 0 0 0 0 0 0 0 0 0 0 0 0 0 0 0 0 0 0 0 0 0 0 0 0 0 0 0 0 0 0 0 0 0 0 0 0 0 0 0 0 0 0 0 0 0 0 0 0 0 0 0 0 0 0 0 0 0 0 0 0 0 0 0 0 0 0 0 0 0 0 0 0 0 0 0 0 0 0 0 0 0 0 0 0 0 0 0 0 0 0 0 0 0 0 0 0 0 0 0 0 0 0 0 0 0 0 0 0 0 0 0 0 0 0 0 0 0 0 0 0 0 0 0 0 0 0 0 0 0 0 0 0 0 0 0 0 0 0 0 0 0 0 0 0 0 0 0 0 0 0 0 0 0 0 0 0 0 0 0 0 0 0 0 0 0 0 0 0 0 0 0 0 0 0 0 0 0 0 0 0 0 0 0 0 0 0 0 0 0 0 0 0 0 0 0 0 0 0 0 0 0 0 0 0 0 0 0 0 0 0 0 0 0 0 0 0 0 0 0 0 0 0 0 0 0 0 0 0 0 0 0 0 0 0 0 0 0 0 0 0 0 0 0 0 0 0 0 0 0 0 0 0 0 0 0 0 0 0 0 0 0 0 0 0 
0 0 0 0 0 0 0 0 0 0 0 0 0 0 0 0 0 0 0 0 0 0 0 0 0 0 0 0 0 0 0 0 0 0 0 0 0 0 0 0 0 0 0 0 0 0 0 0 0 0 0 0 0 0 0 0 0 0 0 0 0 0 0 0 0 0 0 0 0 0 0 0 0 0 0 0 0 0 0 0 0 0 0 0 0 0 0 0 0 0 0 0 0 0 0 0 0 0 0 0 194 195 195 195 195 195 195 0 0 0 0 0 0 0 0 0 0 0 0 0 0 0 0 0 0 0 0 0 0 0 0 0 0 0 0 0 0 0 0 0 0 0 0 0 0 0 0 0 0 0 0 0 0 0 0 0 0 0 0 0 0 0 0 0 0 0 0 0 0 0 0 0 0 0 0 0 0 0 0 0 0 0 0 0 0 0 0 0 0 0 0 0 0 0 0 0 0 0 0 0 0 0 0 0 0 0 0 0 0 0 0 0 0 0 0 0 0 0 0 0 0 0 0 0 0 0 0 0 0 0 0 0 0 0 0 0 0 0 0 0 0 0 0 0 0 0 0 0 0 0 0 0 0 0 0 0 0 0 0 0 0 0 0 0 0 0 0 0 0 0 0 0 0 0 0 0 0 0 0 0 0 0 0 0 0 0 0 0 0 0 0 0 0 0 0 0 0 0 0 0 0 0 0 0 0 0 0 0 0 0 0 0 0 0 0 0 0 0 0 0 0 0 0 0 0 0 0 0 0 0 0 0 0 0 0 0 0 0 0 0 0 0 0 0 0 0 0 0 0 0 0 0 0 0 0 0 0 0 0 0 0 0 0 0 0 0 0 0 0 0 0 0 0 0 0 0 0 0 0 0 0 0 0 0 0 0 0 0 0 0 0 0 0 0 0 0 0 0 0 0 0 0 0 0 0 0 0 0 0 0 0 0 0 0 0 0 0 0 0 0 0 0 0 0 0 0 0 0 0 0 0 0 0 0 0 0 0 0 0 0 0 0 0 0 0 0 0 0 0 0 0 0 0 0 0 0 0 0 0 0 0 0 0 0 0 0 0 0 0 0 0 0 0 0 0 0 0 0 0 0 0 0 0 0 0 0 0 0 0 0 0 0 0 0 0 0 0 0 0 0 0 0 0 
0 0 0 0 0 0 0 0 0 0 0 0 0 0 0 0 0 0 0 0 0 0 0 0 0 0 0 0 0 0 0 0 0 0 0 0 0 0 0 0 0 0 0 0 0 0 0 0 0 0 0 0 0 0 0 0 0 0 0 0 0 0 0 0 0 0 0 0 0 0 0 0 0 0 0 0 0 0 0 0 0 0 0 0 0 0 0 0 0 0 193 193 193 193 194 194 194 0 194 194 195 195 195 195 195 195 195 196 0 0 0 0 0 0 0 0 0 0 0 0 0 0 0 0 0 0 0 0 0 0 0 0 0 199 199 200 200 200 200 200 200 200 200 200 200 0 0 0 0 0 0 0 0 202 0 0 0 0 0 0 0 0 0 0 0 0 0 0 0 0 0 0 0 0 0 0 0 0 0 0 0 0 0 0 0 0 0 0 0 0 0 0 0 0 0 0 0 0 0 0 0 0 0 0 0 0 0 0 0 0 0 0 0 0 0 0 0 0 0 0 0 0 0 0 0 0 0 0 0 0 0 0 0 0 0 0 0 0 0 0 0 0 0 0 0 0 0 0 0 0 0 0 0 0 0 0 0 0 0 0 0 0 0 0 0 0 0 0 0 0 0 0 0 0 0 0 0 0 0 0 0 0 0 0 0 0 0 0 0 0 0 0 0 0 0 0 0 0 0 0 0 0 0 0 0 0 0 0 0 0 0 0 0 0 0 0 0 0 0 0 0 0 0 0 0 0 0 0 0 0 0 0 0 0 0 0 0 0 0 0 0 0 0 0 0 0 0 0 0 0 0 0 0 0 0 0 0 0 0 0 0 0 0 0 0 0 0 0 0 0 0 0 0 0 0 0 0 0 0 0 0 0 0 0 0 0 0 0 0 0 0 0 0 0 0 0 0 0 0 0 0 0 0 0 0 0 0 0 0 0 0 0 0 0 0 0 0 0 0 0 0 0 0 0 0 0 0 0 0 0 0 0 0 0 0 0 0 0 0 0 0 0 0 0 0 0 0 0 0 0 0 0 0 0 0 0 0 0 0 0 0 0 0 0 0 0 0 0 0 0 0 0 0 0 0 0 0 0 0 0 0 0 0 0 0 0 0 0 0 0 0 0 0 0 0 0 0 0 0 0 0 0 0 
0 0 0 0 0 0 0 0 0 0 0 0 0 0 0 0 0 0 0 0 0 0 0 0 0 0 0 0 0 0 0 0 0 0 0 0 0 0 0 0 0 0 0 0 0 0 0 0 0 0 0 0 0 0 0 0 0 0 0 0 0 0 0 0 0 0 0 0 0 0 0 0 0 0 0 0 0 0 0 0 0 0 0 0 0 0 0 0 193 193 193 193 193 194 194 194 194 194 194 194 195 195 195 195 195 195 195 196 196 196 196 0 0 0 0 0 0 0 0 0 0 0 0 0 0 0 0 0 0 0 0 199 199 199 199 200 200 200 200 200 200 200 200 200 201 0 0 0 0 0 0 0 202 202 202 0 0 0 0 0 0 0 0 0 0 0 0 0 0 0 0 0 0 0 0 0 0 0 0 0 0 0 0 0 0 0 0 0 0 0 0 0 0 0 0 0 0 0 0 0 0 0 0 0 0 0 0 0 0 0 0 0 0 0 0 0 0 0 0 0 0 0 0 0 0 0 0 0 0 0 0 0 0 0 0 0 0 0 0 0 0 0 0 0 0 0 0 0 0 0 0 0 0 0 0 0 0 0 0 0 0 0 0 0 0 0 0 0 0 0 0 0 0 0 0 0 0 0 0 0 0 0 0 0 0 0 0 0 0 0 0 0 0 0 0 0 0 0 0 0 0 0 0 0 0 0 0 0 0 0 0 0 0 0 0 0 0 0 0 0 0 0 0 0 0 0 0 0 0 0 0 0 0 0 0 0 0 0 0 0 0 0 0 0 0 0 0 0 0 0 0 0 0 0 0 0 0 0 0 0 0 0 0 0 0 0 0 0 0 0 0 0 0 0 0 0 0 0 0 0 0 0 0 0 0 0 0 0 0 0 0 0 0 0 0 0 0 0 0 0 0 0 0 0 0 0 0 0 0 0 0 0 0 0 0 0 0 0 0 0 0 0 0 0 0 0 0 0 0 0 0 0 0 0 0 0 0 0 0 0 0 0 0 0 0 0 0 0 0 0 0 0 0 0 0 0 0 0 0 0 0 0 0 0 0 0 0 0 0 0 0 0 0 0 0 0 0 0 0 0 0 0 0 0 0 0 0 0 0 0 0 0 0 0 0 0 0 0 0 0 0 0 0 
0 0 0 0 0 0 0 0 0 0 0 0 0 0 0 0 0 0 0 0 0 0 0 0 0 0 0 0 0 0 0 0 0 0 0 0 0 0 0 0 0 0 0 0 0 0 0 0 0 0 0 0 0 0 0 0 0 0 0 0 0 0 0 0 0 0 0 0 0 0 0 0 0 0 0 0 0 0 0 0 0 0 0 0 0 0 0 193 193 193 193 193 193 194 194 194 194 194 194 194 195 195 195 195 195 195 196 196 196 196 196 196 0 0 0 0 0 0 0 0 0 0 0 0 0 0 0 0 199 199 199 199 199 199 200 200 200 200 200 200 200 200 200 200 201 0 0 0 0 0 0 202 202 202 202 202 202 0 0 0 0 0 0 203 203 0 0 0 0 0 0 0 0 0 0 0 0 0 0 0 0 0 0 0 0 0 0 0 0 0 0 0 0 0 0 0 0 0 0 0 0 0 0 0 0 0 0 0 0 0 0 0 0 0 0 0 0 0 0 0 0 0 0 0 0 0 0 0 0 0 0 0 0 0 0 0 0 0 0 0 0 0 0 0 0 0 0 0 0 0 0 0 0 0 0 0 0 0 0 0 0 0 0 0 0 0 0 0 0 0 0 0 0 0 0 0 0 0 0 0 0 0 0 0 0 0 0 0 0 0 0 0 0 0 0 0 0 0 0 0 0 0 0 0 0 0 0 0 0 0 0 0 0 0 0 0 0 0 0 0 0 0 0 0 0 0 0 0 0 0 0 0 0 0 0 0 0 0 0 0 0 0 0 0 0 0 0 0 0 0 0 0 0 0 0 0 0 0 0 0 0 0 0 0 0 0 0 0 0 0 0 0 0 0 0 0 0 0 0 0 0 0 0 0 0 0 0 0 0 0 0 0 0 0 0 0 0 0 0 0 0 0 0 0 0 0 0 0 0 0 0 0 0 0 0 0 0 0 0 0 0 0 0 0 0 0 0 0 0 0 0 0 0 0 0 0 0 0 0 0 0 0 0 0 0 0 0 0 0 0 0 0 0 0 0 0 0 0 0 0 0 0 0 0 0 0 0 0 0 0 0 0 0 0 0 0 0 0 0 0 0 0 0 0 0 0 0 0 0 0 0 0 0 0 0 0 0 0 0 0 0 0 0 
0 0 0 0 0 0 0 0 0 0 0 0 0 0 0 0 0 0 0 0 0 0 0 0 0 0 0 0 0 0 0 0 0 0 0 0 0 0 0 0 0 0 0 0 0 0 0 0 0 0 0 0 0 0 0 0 0 0 0 0 0 0 0 0 0 0 0 0 0 0 0 0 0 0 0 0 0 0 0 0 0 0 0 192 192 193 193 193 193 193 193 193 193 194 194 194 194 194 194 195 195 195 195 195 195 195 196 196 196 196 196 196 196 197 0 0 0 0 0 0 0 0 0 0 198 198 198 199 199 199 199 199 199 199 200 200 200 200 200 200 200 201 200 201 201 201 0 0 201 201 202 202 202 202 202 202 202 202 0 0 203 203 203 203 203 203 204 0 0 0 0 0 0 0 0 0 0 0 0 0 0 0 0 0 0 0 0 0 0 0 0 0 0 0 0 0 0 0 0 0 0 0 0 0 0 0 0 0 0 0 0 0 0 0 0 0 0 0 0 0 0 0 0 0 0 0 0 0 0 0 0 0 0 0 0 0 0 0 0 0 0 0 0 0 0 0 0 0 0 0 0 0 0 0 0 0 0 0 0 0 0 0 0 0 0 0 0 0 0 0 0 0 0 0 0 0 0 0 0 0 0 0 0 0 0 0 0 0 0 0 0 0 0 0 0 0 0 0 0 0 0 0 0 0 0 0 0 0 0 0 0 0 0 0 0 0 0 0 0 0 0 0 0 0 0 0 0 0 0 0 0 0 0 0 0 0 0 0 0 0 0 0 0 0 0 0 0 0 0 0 0 0 0 0 0 0 0 0 0 0 0 0 0 0 0 0 0 0 0 0 0 0 0 0 0 0 0 0 0 0 0 0 0 0 0 0 0 0 0 0 0 0 0 0 0 0 0 0 0 0 0 0 0 0 0 0 0 0 0 0 0 0 0 0 0 0 0 0 0 0 0 0 0 0 0 0 0 0 0 0 0 0 0 0 0 0 0 0 0 0 0 0 0 0 0 0 0 0 0 0 0 0 0 0 0 0 0 0 0 0 0 0 0 0 0 0 0 0 0 0 0 0 0 0 0 0 0 0 0 0 0 0 0 0 0 0 0 0 0 0 0 0 0 0 0 0 0 0 0 0 0 0 0 
0 0 0 0 0 0 0 0 0 0 0 0 0 0 0 0 0 0 0 0 0 0 0 0 0 0 0 0 0 0 0 0 0 0 0 0 0 0 0 0 0 0 0 0 0 0 0 0 0 0 0 0 0 0 0 0 0 0 0 0 0 0 0 0 0 0 0 0 0 0 0 0 0 0 0 0 0 0 0 0 0 0 0 192 192 193 193 193 193 193 193 194 194 194 194 194 194 194 194 195 195 195 195 195 195 195 196 196 196 196 196 196 197 197 197 197 197 197 0 0 0 0 198 198 198 198 199 199 199 199 199 199 199 199 200 200 200 200 200 200 200 201 200 201 201 201 201 201 201 201 202 202 202 202 202 202 202 202 203 203 203 203 203 203 203 204 204 0 0 0 0 0 0 0 0 0 0 0 0 0 0 0 0 0 0 0 0 0 0 0 0 0 0 0 0 0 0 0 0 0 0 0 0 0 0 0 0 0 0 0 0 0 0 0 0 0 0 0 0 0 0 0 0 0 0 0 0 0 0 0 0 0 0 0 0 0 0 0 0 0 0 0 0 0 0 0 0 0 0 0 0 0 0 0 0 0 0 0 0 0 0 0 0 0 0 0 0 0 0 0 0 0 0 0 0 0 0 0 0 0 0 0 0 0 0 0 0 0 0 0 0 0 0 0 0 0 0 0 0 0 0 0 0 0 0 0 0 0 0 0 0 0 0 0 0 0 0 0 0 0 0 0 0 0 0 0 0 0 0 0 0 0 0 0 0 0 0 0 0 0 0 0 0 0 0 0 0 0 0 0 0 0 0 0 0 0 0 0 0 0 0 0 0 0 0 0 0 0 0 0 0 0 0 0 0 0 0 0 0 0 0 0 0 0 0 0 0 0 0 0 0 0 0 0 0 0 0 0 0 0 0 0 0 0 0 0 0 0 0 0 0 0 0 0 0 0 0 0 0 0 0 0 0 0 0 0 0 0 0 0 0 0 0 0 0 0 0 0 0 0 0 0 0 0 0 0 0 0 0 0 0 0 0 0 0 0 0 0 0 0 0 0 0 0 0 0 0 0 0 0 0 0 0 0 0 0 0 0 0 0 0 0 0 0 0 0 0 0 0 0 0 0 0 0 0 0 0 0 0 0 0 0 0 
0 0 0 0 0 0 0 0 0 0 0 0 0 0 0 0 0 0 0 0 0 0 0 0 0 0 0 0 0 0 0 0 0 0 0 0 0 0 0 0 0 0 0 0 0 0 0 0 0 0 0 0 0 0 0 0 0 0 0 0 0 0 0 0 0 0 0 0 0 0 0 0 0 0 0 0 0 0 0 0 0 0 0 0 193 193 193 193 193 193 193 194 194 194 194 194 194 194 195 195 195 195 195 195 195 196 196 196 196 196 196 196 197 197 197 197 197 197 197 198 198 198 198 198 198 198 199 199 199 199 199 199 199 200 200 200 200 200 200 200 201 201 201 201 201 201 201 201 201 202 202 202 202 202 202 202 202 203 203 203 203 203 203 203 203 204 204 204 204 204 0 0 0 0 0 0 0 0 0 0 0 0 0 0 0 0 0 0 0 0 0 0 0 0 0 0 0 0 0 0 0 0 0 0 0 0 0 0 0 0 0 0 0 0 0 0 0 0 0 0 0 0 0 0 0 0 0 0 0 0 0 0 0 0 0 0 0 0 0 0 0 0 0 0 0 0 0 0 0 0 0 0 0 0 0 0 0 0 0 0 0 0 0 0 0 0 0 0 0 0 0 0 0 0 0 0 0 0 0 0 0 0 0 0 0 0 0 0 0 0 0 0 0 0 0 0 0 0 0 0 0 0 0 0 0 0 0 0 0 0 0 0 0 0 0 0 0 0 0 0 0 0 0 0 0 0 0 0 0 0 0 0 0 0 0 0 0 0 0 0 0 0 0 0 0 0 0 0 0 0 0 0 0 0 0 0 0 0 0 0 0 0 0 0 0 0 0 0 0 0 0 0 0 0 0 0 0 0 0 0 0 0 0 0 0 0 0 0 0 0 0 0 0 0 0 0 0 0 0 0 0 0 0 0 0 0 0 0 0 0 0 0 0 0 0 0 0 0 0 0 0 0 0 0 0 0 0 0 0 0 0 0 0 0 0 0 0 0 0 0 0 0 0 0 0 0 0 0 0 0 0 0 0 0 0 0 0 0 0 0 0 0 0 0 0 0 0 0 0 0 0 0 0 0 0 0 0 0 0 0 0 0 0 0 0 0 0 0 0 0 0 0 0 0 0 0 0 0 0 0 0 0 0 
0 0 0 0 0 0 0 0 0 0 0 0 0 0 0 0 0 0 0 0 0 0 0 0 0 0 0 0 0 0 0 0 0 0 0 0 0 0 0 0 0 0 0 0 0 0 0 0 0 0 0 0 0 0 0 0 0 0 0 0 0 0 0 0 0 0 0 0 0 0 0 0 0 0 0 0 0 0 0 0 0 0 0 0 0 193 193 193 193 193 194 194 194 194 194 194 194 194 195 195 195 195 195 195 195 196 196 196 196 196 196 196 197 197 197 197 197 197 197 198 198 198 198 198 198 199 199 199 199 199 199 199 199 200 200 200 200 200 200 200 201 201 201 201 201 201 201 201 201 202 202 202 202 202 202 202 202 203 203 203 203 203 203 203 203 204 204 204 204 204 204 204 0 0 0 0 0 0 0 0 0 0 0 0 0 0 0 0 0 0 0 0 0 0 0 0 0 0 0 0 0 0 0 0 0 0 0 0 0 0 0 0 0 0 0 0 0 0 0 0 0 0 0 0 0 0 0 0 0 0 0 0 0 0 0 0 0 0 0 0 0 0 0 0 0 0 0 0 0 0 0 0 0 0 0 0 0 0 0 0 0 0 0 0 0 0 0 0 0 0 0 0 0 0 0 0 0 0 0 0 0 0 0 0 0 0 0 0 0 0 0 0 0 0 0 0 0 0 0 0 0 0 0 0 0 0 0 0 0 0 0 0 0 0 0 0 0 0 0 0 0 0 0 0 0 0 0 0 0 0 0 0 0 0 0 0 0 0 0 0 0 0 0 0 0 0 0 0 0 0 0 0 0 0 0 0 0 0 0 0 0 0 0 0 0 0 0 0 0 0 0 0 0 0 0 0 0 0 0 0 0 0 0 0 0 0 0 0 0 0 0 0 0 0 0 0 0 0 0 0 0 0 0 0 0 0 0 0 0 0 0 0 0 0 0 0 0 0 0 0 0 0 0 0 0 0 0 0 0 0 0 0 0 0 0 0 0 0 0 0 0 0 0 0 0 0 0 0 0 0 0 0 0 0 0 0 0 0 0 0 0 0 0 0 0 0 0 0 0 0 0 0 0 0 0 0 0 0 0 0 0 0 0 0 0 0 0 0 0 0 0 0 0 0 0 0 0 0 0 0 0 0 0 
0 0 0 0 0 0 0 0 0 0 0 0 0 0 0 0 0 0 0 0 0 0 0 0 0 0 0 0 0 0 0 0 0 0 0 0 0 0 0 0 0 0 0 0 0 0 0 0 0 0 0 0 0 0 0 0 0 0 0 0 0 0 0 0 0 0 0 0 0 0 0 0 0 0 0 0 0 0 0 0 0 0 0 192 193 193 193 193 193 193 194 194 194 194 194 194 194 195 195 195 195 195 195 195 196 196 196 196 196 196 196 197 197 197 197 197 197 197 198 198 198 198 198 198 198 199 199 199 199 199 199 199 200 200 200 200 200 200 200 201 201 201 201 201 201 201 201 201 202 202 202 202 202 202 202 202 203 203 203 203 203 203 203 203 204 204 204 204 204 204 204 204 205 205 205 0 0 0 0 0 0 0 0 0 0 0 0 0 0 0 0 0 0 0 0 0 0 0 0 0 0 0 0 0 0 0 0 0 0 0 0 0 0 0 0 0 0 0 0 0 0 0 0 0 0 0 0 0 0 0 0 0 0 0 0 0 0 0 0 0 0 0 0 0 0 0 0 0 0 0 0 0 0 0 0 0 0 0 0 0 0 0 0 0 0 0 0 0 0 0 0 0 0 0 0 0 0 0 0 0 0 0 0 0 0 0 0 0 0 0 0 0 0 0 0 0 0 0 0 0 0 0 0 0 0 0 0 0 0 0 0 0 0 0 0 0 0 0 0 0 0 0 0 0 0 0 0 0 0 0 0 0 0 0 0 0 0 0 0 0 0 0 0 0 0 0 0 0 0 0 0 0 0 0 0 0 0 0 0 0 0 0 0 0 0 0 0 0 0 0 0 0 0 0 0 0 0 0 0 0 0 0 0 0 0 0 0 0 0 0 0 0 0 0 0 0 0 0 0 0 0 0 0 0 0 0 0 0 0 0 0 0 0 0 0 0 0 0 0 0 0 0 0 0 0 0 0 0 0 0 0 0 0 0 0 0 0 0 0 0 0 0 0 0 0 0 0 0 0 0 0 0 0 0 0 0 0 0 0 0 0 0 0 0 0 0 0 0 0 0 0 0 0 0 0 0 0 0 0 0 0 0 0 0 0 0 0 0 0 0 0 0 0 0 0 0 0 0 0 0 0 0 0 
0 0 0 0 0 0 0 0 0 0 0 0 0 0 0 0 0 0 0 0 0 0 0 0 0 0 0 0 0 0 0 0 0 0 0 0 0 0 0 0 0 0 0 0 0 0 0 0 0 0 0 0 0 0 0 0 0 0 0 0 0 0 0 0 0 0 0 0 0 0 0 0 0 0 0 0 0 0 0 0 0 192 192 193 193 193 193 193 193 194 194 194 194 194 194 194 194 195 195 195 195 195 195 195 196 196 196 196 196 196 197 197 197 197 197 197 197 197 198 198 198 198 198 198 199 199 199 199 199 199 199 199 200 200 200 200 200 200 200 201 201 201 201 201 201 201 201 201 202 202 202 202 202 202 202 202 203 203 203 203 203 203 203 203 204 204 204 204 204 204 204 204 205 205 0 0 0 0 0 0 0 0 0 0 0 0 0 0 0 0 0 0 0 0 0 0 0 0 0 0 0 0 0 0 0 0 0 0 0 0 0 0 0 0 0 0 0 0 0 0 0 0 0 0 0 0 0 0 0 0 0 0 0 0 0 0 0 0 0 0 0 0 0 0 0 0 0 0 0 0 0 0 0 0 0 0 0 0 0 0 0 0 0 0 0 0 0 0 0 0 0 0 0 0 0 0 0 0 0 0 0 0 0 0 0 0 0 0 0 0 0 0 0 0 0 0 0 0 0 0 0 0 0 0 0 0 0 0 0 0 0 0 0 0 0 0 0 0 0 0 0 0 0 0 0 0 0 0 0 0 0 0 0 0 0 0 0 0 0 0 0 0 0 0 0 0 0 0 0 0 0 0 0 0 0 0 0 0 0 0 0 0 0 0 0 0 0 0 0 0 0 0 0 0 0 0 0 0 0 0 0 0 0 0 0 0 0 0 0 0 0 0 0 0 0 0 0 0 0 0 0 0 0 0 0 0 0 0 0 0 0 0 0 0 0 0 0 0 0 0 0 0 0 0 0 0 0 0 0 0 0 0 0 0 0 0 0 0 0 0 0 0 0 0 0 0 0 0 0 0 0 0 0 0 0 0 0 0 0 0 0 0 0 0 0 0 0 0 0 0 0 0 0 0 0 0 0 0 0 0 0 0 0 0 0 0 0 0 0 0 0 0 0 0 0 0 0 0 0 0 0 0 0 
0 0 0 0 0 0 0 0 0 0 0 0 0 0 0 0 0 0 0 0 0 0 0 0 0 0 0 0 0 0 0 0 0 0 0 0 0 0 0 0 0 0 0 0 0 0 0 0 0 0 0 0 0 0 0 0 0 0 0 0 0 0 0 0 0 0 0 0 0 0 0 0 0 0 0 0 0 0 192 192 192 192 192 193 193 193 193 193 193 194 194 194 194 194 194 194 194 195 195 195 195 195 195 196 196 196 196 196 196 196 197 197 197 197 197 197 197 198 198 198 198 198 198 198 199 199 199 199 199 199 199 200 200 200 200 200 200 200 201 201 201 201 201 201 201 201 201 202 202 202 202 202 202 202 202 203 203 203 203 203 203 203 203 204 204 204 204 204 204 204 204 205 205 205 205 205 0 0 0 0 0 0 0 0 0 0 0 0 0 0 0 0 0 0 0 0 0 0 0 0 0 0 0 0 0 0 0 0 0 0 0 0 0 0 0 0 0 0 0 0 0 0 0 0 0 0 0 0 0 0 0 0 0 0 0 0 0 0 0 0 0 0 0 0 0 0 0 0 0 0 0 0 0 0 0 0 0 0 0 0 0 0 0 0 0 0 0 0 0 0 0 0 0 0 0 0 0 0 0 0 0 0 0 0 0 0 0 0 0 0 0 0 0 0 0 0 0 0 0 0 0 0 0 0 0 0 0 0 0 0 0 0 0 0 0 0 0 0 0 0 0 0 0 0 0 0 0 0 0 0 0 0 0 0 0 0 0 0 0 0 0 0 0 0 0 0 0 0 0 0 0 0 0 0 0 0 0 0 0 0 0 0 0 0 0 0 0 0 0 0 0 0 0 0 0 0 0 0 0 0 0 0 0 0 0 0 0 0 0 0 0 0 0 0 0 0 0 0 0 0 0 0 0 0 0 0 0 0 0 0 0 0 0 0 0 0 0 0 0 0 0 0 0 0 0 0 0 0 0 0 0 0 0 0 0 0 0 0 0 0 0 0 0 0 0 0 0 0 0 0 0 0 0 0 0 0 0 0 0 0 0 0 0 0 0 0 0 0 0 0 0 0 0 0 0 0 0 0 0 0 0 0 0 0 0 0 0 0 0 0 0 0 0 0 0 0 0 0 0 0 0 0 0 
0 0 0 0 0 0 0 0 0 0 0 0 0 0 0 0 0 0 0 0 0 0 0 0 0 0 0 0 0 0 0 0 0 0 0 0 0 0 0 0 0 0 0 0 0 0 0 0 0 0 0 0 0 0 0 0 0 0 0 0 0 0 0 0 0 0 0 0 0 0 0 0 0 0 0 0 0 0 192 192 192 192 192 193 193 193 193 193 193 194 194 194 194 194 194 194 195 195 195 195 195 195 195 196 196 196 196 196 196 196 197 197 197 197 197 197 198 198 198 198 198 198 198 199 199 199 199 199 199 199 199 200 200 200 200 200 200 200 201 201 201 201 201 201 201 201 201 202 202 202 202 202 202 202 203 203 203 203 203 203 203 203 203 204 204 204 204 204 204 204 204 205 205 205 205 205 205 205 0 0 0 0 0 0 0 0 0 0 0 0 0 0 0 0 0 0 0 0 0 0 0 0 0 0 0 0 0 0 0 0 0 0 0 0 0 0 0 0 0 0 0 0 0 0 0 0 0 0 0 0 0 0 0 0 0 0 0 0 0 0 0 0 0 0 0 0 0 0 0 0 0 0 0 0 0 0 0 0 0 0 0 0 0 0 0 0 0 0 0 0 0 0 0 0 0 0 0 0 0 0 0 0 0 0 0 0 0 0 0 0 0 0 0 0 0 0 0 0 0 0 0 0 0 0 0 0 0 0 0 0 0 0 0 0 0 0 0 0 0 0 0 0 0 0 0 0 0 0 0 0 0 0 0 0 0 0 0 0 0 0 0 0 0 0 0 0 0 0 0 0 0 0 0 0 0 0 0 0 0 0 0 0 0 0 0 0 0 0 0 0 0 0 0 0 0 0 0 0 0 0 0 0 0 0 0 0 0 0 0 0 0 0 0 0 0 0 0 0 0 0 0 0 0 0 0 0 0 0 0 0 0 0 0 0 0 0 0 0 0 0 0 0 0 0 0 0 0 0 0 0 0 0 0 0 0 0 0 0 0 0 0 0 0 0 0 0 0 0 0 0 0 0 0 0 0 0 0 0 0 0 0 0 0 0 0 0 0 0 0 0 0 0 0 0 0 0 0 0 0 0 0 0 0 0 0 0 0 0 0 0 0 0 0 0 0 0 0 0 0 0 0 0 0 
0 0 0 0 0 0 0 0 0 0 0 0 0 0 0 0 0 0 0 0 0 0 0 0 0 0 0 0 0 0 0 0 0 0 0 0 0 0 0 0 0 0 0 0 0 0 0 0 0 0 0 0 0 0 0 0 0 0 0 0 0 0 0 0 0 0 0 0 0 0 0 0 0 0 0 0 0 192 192 192 192 192 193 193 193 193 193 193 194 194 194 194 194 194 194 194 195 195 195 195 195 195 196 196 196 196 196 196 196 197 197 197 197 197 197 197 198 198 198 198 198 198 198 199 199 199 199 199 199 199 199 200 200 200 200 200 200 201 201 201 201 201 201 201 201 201 202 202 202 202 202 202 202 202 203 203 203 203 203 203 203 203 204 204 204 204 204 204 204 204 205 205 205 205 205 205 205 205 206 0 0 0 0 0 0 0 0 0 0 0 0 0 0 0 0 0 0 0 0 0 0 0 0 0 0 0 0 0 0 0 0 0 0 0 0 0 0 0 0 0 0 0 0 0 0 0 0 0 0 0 0 0 0 0 0 0 0 0 0 0 0 0 0 0 0 0 0 0 0 0 0 0 0 0 0 0 0 0 0 0 0 0 0 0 0 0 0 0 0 0 0 0 0 0 0 0 0 0 0 0 0 0 0 0 0 0 0 0 0 0 0 0 0 0 0 0 0 0 0 0 0 0 0 0 0 0 0 0 0 0 0 0 0 0 0 0 0 0 0 0 0 0 0 0 0 0 0 0 0 0 0 0 0 0 0 0 0 0 0 0 0 0 0 0 0 0 0 0 0 0 0 0 0 0 0 0 0 0 0 0 0 0 0 0 0 0 0 0 0 0 0 0 0 0 0 0 0 0 0 0 0 0 0 0 0 0 0 0 0 0 0 0 0 0 0 0 0 0 0 0 0 0 0 0 0 0 0 0 0 0 0 0 0 0 0 0 0 0 0 0 0 0 0 0 0 0 0 0 0 0 0 0 0 0 0 0 0 0 0 0 0 0 0 0 0 0 0 0 0 0 0 0 0 0 0 0 0 0 0 0 0 0 0 0 0 0 0 0 0 0 0 0 0 0 0 0 0 0 0 0 0 0 0 0 0 0 0 0 0 0 0 0 0 0 0 0 0 0 0 0 0 0 0 
0 0 0 0 0 0 0 0 0 0 0 0 0 0 0 0 0 0 0 0 0 0 0 0 0 0 0 0 0 0 0 0 0 0 0 0 0 0 0 0 0 0 0 0 0 0 0 0 0 0 0 0 0 0 0 0 0 0 0 0 0 0 0 0 0 0 0 0 0 0 0 0 0 0 0 0 192 192 192 192 192 192 193 193 193 193 193 193 194 194 194 194 194 194 194 195 195 195 195 195 195 195 196 196 196 196 196 196 196 197 197 197 197 197 197 198 198 198 198 198 198 198 199 199 199 199 199 199 199 199 200 200 200 200 200 200 200 201 201 201 201 201 201 201 201 201 202 202 202 202 202 202 202 202 203 203 203 203 203 203 203 203 204 204 204 204 204 204 204 204 205 205 205 205 205 205 205 205 206 0 0 0 0 0 0 0 0 0 0 0 0 0 0 0 0 0 0 0 0 0 0 0 0 0 0 0 0 0 0 0 0 0 0 0 0 0 0 0 0 0 0 0 0 0 0 0 0 0 0 0 0 0 0 0 0 0 0 0 0 0 0 0 0 0 0 0 0 0 0 0 0 0 0 0 0 0 0 0 0 0 0 0 0 0 0 0 0 0 0 0 0 0 0 0 0 0 0 0 0 0 0 0 0 0 0 0 0 0 0 0 0 0 0 0 0 0 0 0 0 0 0 0 0 0 0 0 0 0 0 0 0 0 0 0 0 0 0 0 0 0 0 0 0 0 0 0 0 0 0 0 0 0 0 0 0 0 0 0 0 0 0 0 0 0 0 0 0 0 0 0 0 0 0 0 0 0 0 0 0 0 0 0 0 0 0 0 0 0 0 0 0 0 0 0 0 0 0 0 0 0 0 0 0 0 0 0 0 0 0 0 0 0 0 0 0 0 0 0 0 0 0 0 0 0 0 0 0 0 0 0 0 0 0 0 0 0 0 0 0 0 0 0 0 0 0 0 0 0 0 0 0 0 0 0 0 0 0 0 0 0 0 0 0 0 0 0 0 0 0 0 0 0 0 0 0 0 0 0 0 0 0 0 0 0 0 0 0 0 0 0 0 0 0 0 0 0 0 0 0 0 0 0 0 0 0 0 0 0 0 0 0 0 0 0 0 0 0 0 0 0 0 0 0 
0 0 0 0 0 0 0 0 0 0 0 0 0 0 0 0 0 0 0 0 0 0 0 0 0 0 0 0 0 0 0 0 0 0 0 0 0 0 0 0 0 0 0 0 0 0 0 0 0 0 0 0 0 0 0 0 0 0 0 0 0 0 0 0 0 0 0 0 0 0 0 0 0 0 191 192 192 192 192 192 192 192 193 193 193 193 193 193 194 194 194 194 194 194 194 195 195 195 195 195 195 196 196 196 196 196 196 196 197 197 197 197 197 197 197 198 198 198 198 198 198 198 199 199 199 199 199 199 199 200 200 200 200 200 200 200 201 201 201 201 201 201 201 201 201 201 202 202 202 202 202 202 202 202 203 203 203 203 203 203 203 204 204 204 204 204 204 204 204 205 205 205 205 205 205 205 205 206 206 206 206 0 0 0 0 0 0 0 0 0 0 0 0 0 0 0 0 0 0 0 0 0 0 0 0 0 0 0 0 0 0 0 0 0 0 0 0 0 0 0 0 0 0 0 0 0 0 0 0 0 0 0 0 0 0 0 0 0 0 0 0 0 0 0 0 0 0 0 0 0 0 0 0 0 0 0 0 0 0 0 0 0 0 0 0 0 0 0 0 0 0 0 0 0 0 0 0 0 0 0 0 0 0 0 0 0 0 0 0 0 0 0 0 0 0 0 0 0 0 0 0 0 0 0 0 0 0 0 0 0 0 0 0 0 0 0 0 0 0 0 0 0 0 0 0 0 0 0 0 0 0 0 0 0 0 0 0 0 0 0 0 0 0 0 0 0 0 0 0 0 0 0 0 0 0 0 0 0 0 0 0 0 0 0 0 0 0 0 0 0 0 0 0 0 0 0 0 0 0 0 0 0 0 0 0 0 0 0 0 0 0 0 0 0 0 0 0 0 0 0 0 0 0 0 0 0 0 0 0 0 0 0 0 0 0 0 0 0 0 0 0 0 0 0 0 0 0 0 0 0 0 0 0 0 0 0 0 0 0 0 0 0 0 0 0 0 0 0 0 0 0 0 0 0 0 0 0 0 0 0 0 0 0 0 0 0 0 0 0 0 0 0 0 0 0 0 0 0 0 0 0 0 0 0 0 0 0 0 0 0 0 0 0 0 0 0 0 0 0 0 0 0 0 
0 0 0 0 0 0 0 0 0 0 0 0 0 0 0 0 0 0 0 0 0 0 0 0 0 0 0 0 0 0 0 0 0 0 0 0 0 0 0 0 0 0 0 0 0 0 0 0 0 0 0 0 0 0 0 0 0 0 0 0 0 0 0 0 0 0 0 0 0 0 0 0 0 191 191 192 192 192 192 192 192 193 193 193 193 193 193 194 194 194 194 194 194 194 194 195 195 195 195 195 195 196 196 196 196 196 196 196 197 197 197 197 197 197 198 198 198 198 198 198 198 198 199 199 199 199 199 199 199 200 200 200 200 200 200 200 201 201 201 201 201 201 201 201 201 202 202 202 202 202 202 202 202 203 203 203 203 203 203 203 203 204 204 204 204 204 204 204 204 205 205 205 205 205 205 205 205 206 206 206 206 206 0 0 0 0 0 0 0 0 0 0 0 0 0 0 0 0 0 0 0 0 0 0 0 0 0 0 0 0 0 0 0 0 0 0 0 0 0 0 0 0 0 0 0 0 0 0 0 0 0 0 0 0 0 0 0 0 0 0 0 0 0 0 0 0 0 0 0 0 0 0 0 0 0 0 0 0 0 0 0 0 0 0 0 0 0 0 0 0 0 0 0 0 0 0 0 0 0 0 0 0 0 0 0 0 0 0 0 0 0 0 0 0 0 0 0 0 0 0 0 0 0 0 0 0 0 0 0 0 0 0 0 0 0 0 0 0 0 0 0 0 0 0 0 0 0 0 0 0 0 0 0 0 0 0 0 0 0 0 0 0 0 0 0 0 0 0 0 0 0 0 0 0 0 0 0 0 0 0 0 0 0 0 0 0 0 0 0 0 0 0 0 0 0 0 0 0 0 0 0 0 0 0 0 0 0 0 0 0 0 0 0 0 0 0 0 0 0 0 0 0 0 0 0 0 0 0 0 0 0 0 0 0 0 0 0 0 0 0 0 0 0 0 0 0 0 0 0 0 0 0 0 0 0 0 0 0 0 0 0 0 0 0 0 0 0 0 0 0 0 0 0 0 0 0 0 0 0 0 0 0 0 0 0 0 0 0 0 0 0 0 0 0 0 0 0 0 0 0 0 0 0 0 0 0 0 0 0 0 0 0 0 0 0 0 0 0 0 0 0 0 0 
0 0 0 0 0 0 0 0 0 0 0 0 0 0 0 0 0 0 0 0 0 0 0 0 0 0 0 0 0 0 0 0 0 0 0 0 0 0 0 0 0 0 0 0 0 0 0 0 0 0 0 0 0 0 0 0 0 0 0 0 0 0 0 0 190 190 190 0 0 0 0 0 191 191 191 192 192 192 192 192 192 193 193 193 193 193 193 194 194 194 194 194 194 194 195 195 195 195 195 195 195 196 196 196 196 196 196 197 197 197 197 197 197 197 198 198 198 198 198 198 198 199 199 199 199 199 199 199 200 200 200 200 200 200 200 200 201 201 201 201 201 201 201 201 201 202 202 202 202 202 202 202 203 203 203 203 203 203 203 203 204 204 204 204 204 204 204 204 205 205 205 205 205 205 205 205 206 206 206 206 206 206 206 0 0 0 0 0 0 0 0 0 0 0 0 0 0 0 0 0 0 0 0 0 0 0 0 0 0 0 0 0 0 0 0 0 0 0 0 0 0 0 0 0 0 0 0 0 0 0 0 0 0 0 0 0 0 0 0 0 0 0 0 0 0 0 0 0 0 0 0 0 0 0 0 0 0 0 0 0 0 0 0 0 0 0 0 0 0 0 0 0 0 0 0 0 0 0 0 0 0 0 0 0 0 0 0 0 0 0 0 0 0 0 0 0 0 0 0 0 0 0 0 0 0 0 0 0 0 0 0 0 0 0 0 0 0 0 0 0 0 0 0 0 0 0 0 0 0 0 0 0 0 0 0 0 0 0 0 0 0 0 0 0 0 0 0 0 0 0 0 0 0 0 0 0 0 0 0 0 0 0 0 0 0 0 0 0 0 0 0 0 0 0 0 0 0 0 0 0 0 0 0 0 0 0 0 0 0 0 0 0 0 0 0 0 0 0 0 0 0 0 0 0 0 0 0 0 0 0 0 0 0 0 0 0 0 0 0 0 0 0 0 0 0 0 0 0 0 0 0 0 0 0 0 0 0 0 0 0 0 0 0 0 0 0 0 0 0 0 0 0 0 0 0 0 0 0 0 0 0 0 0 0 0 0 0 0 0 0 0 0 0 0 0 0 0 0 0 0 0 0 0 0 0 0 0 0 0 0 0 0 0 0 0 0 0 0 0 0 0 0 0 
0 0 0 0 0 0 0 0 0 0 0 0 0 0 0 0 0 0 0 0 0 0 0 0 0 0 0 0 0 0 0 0 0 0 184 184 184 0 0 0 0 0 0 0 0 0 0 0 0 0 0 0 0 0 0 0 0 0 0 0 0 0 189 190 190 190 190 0 191 191 191 191 191 191 192 192 192 192 192 192 192 193 193 193 193 193 194 194 194 194 194 194 194 194 195 195 195 195 195 195 196 196 196 196 196 196 196 197 197 197 197 197 197 197 198 198 198 198 198 198 199 199 199 199 199 199 199 199 200 200 200 200 200 200 200 201 201 201 201 201 201 201 201 201 201 202 202 202 202 202 202 202 203 203 203 203 203 203 203 203 204 204 204 204 204 204 204 204 205 205 205 205 205 205 205 205 206 206 206 206 206 206 206 0 0 0 0 0 0 0 0 0 0 0 0 0 0 0 0 0 0 0 0 0 0 0 0 0 0 0 0 0 0 0 0 0 0 0 0 0 0 0 0 0 0 0 0 0 0 0 0 0 0 0 0 0 0 0 0 0 0 0 0 0 0 0 0 0 0 0 0 0 0 0 0 0 0 0 0 0 0 0 0 0 0 0 0 0 0 0 0 0 0 0 0 0 0 0 0 0 0 0 0 0 0 0 0 0 0 0 0 0 0 0 0 0 0 0 0 0 0 0 0 0 0 0 0 0 0 0 0 0 0 0 0 0 0 0 0 0 0 0 0 0 0 0 0 0 0 0 0 0 0 0 0 0 0 0 0 0 0 0 0 0 0 0 0 0 0 0 0 0 0 0 0 0 0 0 0 0 0 0 0 0 0 0 0 0 0 0 0 0 0 0 0 0 0 0 0 0 0 0 0 0 0 0 0 0 0 0 0 0 0 0 0 0 0 0 0 0 0 0 0 0 0 0 0 0 0 0 0 0 0 0 0 0 0 0 0 0 0 0 0 0 0 0 0 0 0 0 0 0 0 0 0 0 0 0 0 0 0 0 0 0 0 0 0 0 0 0 0 0 0 0 0 0 0 0 0 0 0 0 0 0 0 0 0 0 0 0 0 0 0 0 0 0 0 0 0 0 0 0 0 0 0 0 0 0 0 0 0 0 0 0 0 0 0 0 0 0 0 0 0 
0 0 0 0 0 0 0 0 0 0 0 0 0 0 0 0 0 0 0 0 0 0 0 0 0 0 0 0 0 0 0 0 0 184 184 184 184 184 184 0 0 0 0 0 0 0 0 0 0 0 0 0 0 0 0 0 0 0 0 0 189 189 190 190 190 190 190 190 191 191 191 191 191 191 192 192 192 192 192 192 193 193 193 193 193 193 194 194 194 194 194 194 194 195 195 195 195 195 195 195 196 196 196 196 196 196 197 197 197 197 197 197 197 198 198 198 198 198 198 198 199 199 199 199 199 199 199 200 200 200 200 200 200 200 200 201 201 201 201 201 201 201 201 201 202 202 202 202 202 202 202 202 203 203 203 203 203 203 203 204 204 204 204 204 204 204 204 204 205 205 205 205 205 205 205 205 206 206 206 206 206 206 206 0 0 0 0 0 0 0 0 0 0 0 0 0 0 0 0 0 0 0 0 0 0 0 0 0 0 0 0 0 0 0 0 0 0 0 0 0 0 0 0 0 0 0 0 0 0 0 0 0 0 0 0 0 0 0 0 0 0 0 0 0 0 0 0 0 0 0 0 0 0 0 0 0 0 0 0 0 0 0 0 0 0 0 0 0 0 0 0 0 0 0 0 0 0 0 0 0 0 0 0 0 0 0 0 0 0 0 0 0 0 0 0 0 0 0 0 0 0 0 0 0 0 0 0 0 0 0 0 0 0 0 0 0 0 0 0 0 0 0 0 0 0 0 0 0 0 0 0 0 0 0 0 0 0 0 0 0 0 0 0 0 0 0 0 0 0 0 0 0 0 0 0 0 0 0 0 0 0 0 0 0 0 0 0 0 0 0 0 0 0 0 0 0 0 0 0 0 0 0 0 0 0 0 0 0 0 0 0 0 0 0 0 0 0 0 0 0 0 0 0 0 0 0 0 0 0 0 0 0 0 0 0 0 0 0 0 0 0 0 0 0 0 0 0 0 0 0 0 0 0 0 0 0 0 0 0 0 0 0 0 0 0 0 0 0 0 0 0 0 0 0 0 0 0 0 0 0 0 0 0 0 0 0 0 0 0 0 0 0 0 0 0 0 0 0 0 0 0 0 0 0 0 0 0 0 0 0 0 0 0 0 0 0 0 0 0 0 0 0 0 
0 0 0 0 0 0 0 0 0 0 0 0 0 0 0 0 0 0 0 0 0 0 0 0 0 0 0 0 0 0 0 0 183 184 184 184 184 184 184 0 0 0 0 0 0 0 0 0 0 0 0 0 0 0 0 0 0 189 189 189 189 189 190 190 190 190 190 190 191 191 191 191 191 191 192 192 192 192 192 192 193 193 193 193 193 193 194 194 194 194 194 194 194 195 195 195 195 195 195 196 196 196 196 196 196 196 197 197 197 197 197 197 197 198 198 198 198 198 198 198 199 199 199 199 199 199 199 200 200 200 200 200 200 200 200 201 201 201 201 201 201 201 201 201 202 202 202 202 202 202 202 203 203 203 203 203 203 203 203 204 204 204 204 204 204 204 204 205 205 205 205 205 205 205 205 206 206 206 206 206 206 206 206 206 0 0 0 0 0 0 0 0 0 0 0 0 0 0 0 0 0 0 0 0 0 0 0 0 0 0 0 0 0 0 0 0 0 0 0 0 0 0 0 0 0 0 0 0 0 0 0 0 0 0 0 0 0 0 0 0 0 0 0 0 0 0 0 0 0 0 0 0 0 0 0 0 0 0 0 0 0 0 0 0 0 0 0 0 0 0 0 0 0 0 0 0 0 0 0 0 0 0 0 0 0 0 0 0 0 0 0 0 0 0 0 0 0 0 0 0 0 0 0 0 0 0 0 0 0 0 0 0 0 0 0 0 0 0 0 0 0 0 0 0 0 0 0 0 0 0 0 0 0 0 0 0 0 0 0 0 0 0 0 0 0 0 0 0 0 0 0 0 0 0 0 0 0 0 0 0 0 0 0 0 0 0 0 0 0 0 0 0 0 0 0 0 0 0 0 0 0 0 0 0 0 0 0 0 0 0 0 0 0 0 0 0 0 0 0 0 0 0 0 0 0 0 0 0 0 0 0 0 0 0 0 0 0 0 0 0 0 0 0 0 0 0 0 0 0 0 0 0 0 0 0 0 0 0 0 0 0 0 0 0 0 0 0 0 0 0 0 0 0 0 0 0 0 0 0 0 0 0 0 0 0 0 0 0 0 0 0 0 0 0 0 0 0 0 0 0 0 0 0 0 0 0 0 0 0 0 0 0 0 0 0 0 0 0 0 0 0 0 0 
0 0 0 0 0 0 0 0 0 0 0 0 0 0 0 0 0 0 0 0 0 0 0 0 0 0 0 0 0 0 0 183 183 184 184 184 184 184 185 0 0 0 0 0 0 0 0 0 0 0 0 0 0 0 0 0 189 189 189 189 189 189 190 190 190 190 190 191 191 191 191 191 191 192 192 192 192 192 192 192 193 193 193 193 193 194 194 194 194 194 194 194 194 195 195 195 195 195 195 196 196 196 196 196 196 196 197 197 197 197 197 197 198 198 198 198 198 198 198 199 199 199 199 199 199 199 200 200 200 200 200 200 200 200 201 201 201 201 201 201 201 202 201 202 202 202 202 202 202 202 203 203 203 203 203 203 203 203 204 204 204 204 204 204 204 204 205 205 205 205 205 205 205 205 205 206 206 206 206 206 206 206 206 207 207 0 0 0 0 0 0 0 0 0 0 0 0 0 0 0 0 0 0 0 0 0 0 0 0 0 0 0 0 0 0 0 0 0 0 0 0 0 0 0 0 0 0 0 0 0 0 0 0 0 0 0 0 0 0 0 0 0 0 0 0 0 0 0 0 0 0 0 0 0 0 0 0 0 0 0 0 0 0 0 0 0 0 0 0 0 0 0 0 0 0 0 0 0 0 0 0 0 0 0 0 0 0 0 0 0 0 0 0 0 0 0 0 0 0 0 0 0 0 0 0 0 0 0 0 0 0 0 0 0 0 0 0 0 0 0 0 0 0 0 0 0 0 0 0 0 0 0 0 0 0 0 0 0 0 0 0 0 0 0 0 0 0 0 0 0 0 0 0 0 0 0 0 0 0 0 0 0 0 0 0 0 0 0 0 0 0 0 0 0 0 0 0 0 0 0 0 0 0 0 0 0 0 0 0 0 0 0 0 0 0 0 0 0 0 0 0 0 0 0 0 0 0 0 0 0 0 0 0 0 0 0 0 0 0 0 0 0 0 0 0 0 0 0 0 0 0 0 0 0 0 0 0 0 0 0 0 0 0 0 0 0 0 0 0 0 0 0 0 0 0 0 0 0 0 0 0 0 0 0 0 0 0 0 0 0 0 0 0 0 0 0 0 0 0 0 0 0 0 0 0 0 0 0 0 0 0 0 0 0 0 0 0 0 0 0 0 0 0 
0 0 0 0 0 0 0 0 0 0 0 0 0 0 0 0 0 0 0 0 0 0 0 0 0 0 0 0 0 0 183 183 183 184 184 184 184 184 185 185 0 0 0 0 0 0 0 0 0 0 0 0 0 0 0 0 0 189 189 189 189 190 190 190 190 190 190 191 191 191 191 191 191 192 192 192 192 192 192 193 193 193 193 193 193 194 194 194 194 194 194 195 195 195 195 195 195 195 195 196 196 196 196 196 196 197 197 197 197 197 197 197 198 198 198 198 198 198 198 199 199 199 199 199 199 199 200 200 200 200 200 200 200 201 201 201 201 201 201 201 201 202 202 202 202 202 202 202 202 202 203 203 203 203 203 203 203 203 204 204 204 204 204 204 204 204 205 205 205 205 205 205 205 205 206 206 206 206 206 206 206 206 206 207 0 0 0 0 0 0 0 0 0 0 0 0 0 0 0 0 0 0 0 0 0 0 0 0 0 0 0 0 0 0 0 0 0 0 0 0 0 0 0 0 0 0 0 0 0 0 0 0 0 0 0 0 0 0 0 0 0 0 0 0 0 0 0 0 0 0 0 0 0 0 0 0 0 0 0 0 0 0 0 0 0 0 0 0 0 0 0 0 0 0 0 0 0 0 0 0 0 0 0 0 0 0 0 0 0 0 0 0 0 0 0 0 0 0 0 0 0 0 0 0 0 0 0 0 0 0 0 0 0 0 0 0 0 0 0 0 0 0 0 0 0 0 0 0 0 0 0 0 0 0 0 0 0 0 0 0 0 0 0 0 0 0 0 0 0 0 0 0 0 0 0 0 0 0 0 0 0 0 0 0 0 0 0 0 0 0 0 0 0 0 0 0 0 0 0 0 0 0 0 0 0 0 0 0 0 0 0 0 0 0 0 0 0 0 0 0 0 0 0 0 0 0 0 0 0 0 0 0 0 0 0 0 0 0 0 0 0 0 0 0 0 0 0 0 0 0 0 0 0 0 0 0 0 0 0 0 0 0 0 0 0 0 0 0 0 0 0 0 0 0 0 0 0 0 0 0 0 0 0 0 0 0 0 0 0 0 0 0 0 0 0 0 0 0 0 0 0 0 0 0 0 0 0 0 0 0 0 0 0 0 0 0 0 0 0 0 0 0 0 
0 0 0 0 0 0 0 0 0 0 0 0 0 0 0 0 0 0 0 0 0 0 0 0 0 0 0 0 0 0 183 183 184 184 184 184 184 184 185 185 185 185 0 0 0 0 187 187 187 187 0 0 188 188 188 189 0 0 189 189 189 190 190 190 190 190 190 191 191 191 191 191 191 192 192 192 192 192 192 193 193 193 193 193 193 194 194 194 194 194 194 195 195 195 195 195 195 195 196 196 196 196 196 196 196 197 197 197 197 197 197 198 198 198 198 198 198 198 199 199 199 199 199 199 199 199 200 200 200 200 200 200 200 201 201 201 201 201 201 201 201 202 202 202 202 202 202 202 202 202 203 203 203 203 203 203 203 204 204 204 204 204 204 204 204 205 205 205 205 205 205 205 205 205 206 206 206 206 206 206 206 206 207 207 207 0 0 0 0 0 0 0 0 0 0 0 0 0 0 0 0 0 0 0 0 0 0 0 0 0 0 0 0 0 0 0 0 0 0 0 0 0 0 0 0 0 0 0 0 0 0 0 0 0 0 0 0 0 0 0 0 0 0 0 0 0 0 0 0 0 0 0 0 0 0 0 0 0 0 0 0 0 0 0 0 0 0 0 0 0 0 0 0 0 0 0 0 0 0 0 0 0 0 0 0 0 0 0 0 0 0 0 0 0 0 0 0 0 0 0 0 0 0 0 0 0 0 0 0 0 0 0 0 0 0 0 0 0 0 0 0 0 0 0 0 0 0 0 0 0 0 0 0 0 0 0 0 0 0 0 0 0 0 0 0 0 0 0 0 0 0 0 0 0 0 0 0 0 0 0 0 0 0 0 0 0 0 0 0 0 0 0 0 0 0 0 0 0 0 0 0 0 0 0 0 0 0 0 0 0 0 0 0 0 0 0 0 0 0 0 0 0 0 0 0 0 0 0 0 0 0 0 0 0 0 0 0 0 0 0 0 0 0 0 0 0 0 0 0 0 0 0 0 0 0 0 0 0 0 0 0 0 0 0 0 0 0 0 0 0 0 0 0 0 0 0 0 0 0 0 0 0 0 0 0 0 0 0 0 0 0 0 0 0 0 0 0 0 0 0 0 0 0 0 0 0 0 0 0 0 0 0 0 0 0 0 0 0 0 0 0 0 0 
0 0 0 0 0 0 0 0 0 0 0 0 0 0 0 0 0 0 0 0 0 0 0 0 0 0 0 0 0 0 0 183 184 184 184 184 184 184 185 185 185 185 186 186 187 187 187 187 187 188 188 188 188 188 188 189 189 189 189 189 190 190 190 190 190 190 190 191 191 191 191 191 191 192 192 192 192 192 192 193 193 193 193 193 194 194 194 194 194 194 194 195 195 195 195 195 195 195 196 196 196 196 196 196 197 197 197 197 197 197 197 198 198 198 198 198 198 198 199 199 199 199 199 199 199 200 200 200 200 200 200 200 201 201 201 201 201 201 201 201 201 202 202 202 202 202 202 202 202 203 203 203 203 203 203 203 203 204 204 204 204 204 204 204 204 205 205 205 205 205 205 205 205 205 206 206 206 206 206 206 206 206 207 207 207 207 0 0 0 0 0 0 0 0 0 0 0 0 0 0 0 0 0 0 0 0 0 0 0 0 0 0 0 0 0 0 0 0 0 0 0 0 0 0 0 0 0 0 0 0 0 0 0 0 0 0 0 0 0 0 0 0 0 0 0 0 0 0 0 0 0 0 0 0 0 0 0 0 0 0 0 0 0 0 0 0 0 0 0 0 0 0 0 0 0 0 0 0 0 0 0 0 0 0 0 0 0 0 0 0 0 0 0 0 0 0 0 0 0 0 0 0 0 0 0 0 0 0 0 0 0 0 0 0 0 0 0 0 0 0 0 0 0 0 0 0 0 0 0 0 0 0 0 0 0 0 0 0 0 0 0 0 0 0 0 0 0 0 0 0 0 0 0 0 0 0 0 0 0 0 0 0 0 0 0 0 0 0 0 0 0 0 0 0 0 0 0 0 0 0 0 0 0 0 0 0 0 0 0 0 0 0 0 0 0 0 0 0 0 0 0 0 0 0 0 0 0 0 0 0 0 0 0 0 0 0 0 0 0 0 0 0 0 0 0 0 0 0 0 0 0 0 0 0 0 0 0 0 0 0 0 0 0 0 0 0 0 0 0 0 0 0 0 0 0 0 0 0 0 0 0 0 0 0 0 0 0 0 0 0 0 0 0 0 0 0 0 0 0 0 0 0 0 0 0 0 0 0 0 0 0 0 0 0 0 0 0 0 0 0 0 0 0 
0 0 0 0 0 0 0 0 0 0 0 0 0 0 0 0 0 0 0 0 0 0 0 0 0 0 0 0 0 0 0 184 184 184 184 184 184 185 185 185 185 185 186 186 187 187 187 187 187 188 188 188 188 188 188 189 189 189 189 189 190 190 190 190 190 190 191 191 191 191 191 191 192 192 192 192 192 192 193 193 193 193 193 193 194 194 194 194 194 194 195 195 195 195 195 195 195 196 196 196 196 196 196 196 197 197 197 197 197 197 197 198 198 198 198 198 198 199 199 199 199 199 199 199 200 200 200 200 200 200 200 200 201 201 201 201 201 201 201 201 202 202 202 202 202 202 202 202 202 203 203 203 203 203 203 203 204 204 204 204 204 204 204 204 205 205 205 205 205 205 205 205 205 206 206 206 206 206 206 206 206 207 207 207 207 207 207 207 0 0 0 0 0 0 0 0 0 0 0 0 0 0 0 0 0 0 0 0 0 0 0 0 0 0 0 0 0 0 0 0 0 0 0 0 0 0 0 0 0 0 0 0 0 0 0 0 0 0 0 0 0 0 0 0 0 0 0 0 0 0 0 0 0 0 0 0 0 0 0 0 0 0 0 0 0 0 0 0 0 0 0 0 0 0 0 0 0 0 0 0 0 0 0 0 0 0 0 0 0 0 0 0 0 0 0 0 0 0 0 0 0 0 0 0 0 0 0 0 0 0 0 0 0 0 0 0 0 0 0 0 0 0 0 0 0 0 0 0 0 0 0 0 0 0 0 0 0 0 0 0 0 0 0 0 0 0 0 0 0 0 0 0 0 0 0 0 0 0 0 0 0 0 0 0 0 0 0 0 0 0 0 0 0 0 0 0 0 0 0 0 0 0 0 0 0 0 0 0 0 0 0 0 0 0 0 0 0 0 0 0 0 0 0 0 0 0 0 0 0 0 0 0 0 0 0 0 0 0 0 0 0 0 0 0 0 0 0 0 0 0 0 0 0 0 0 0 0 0 0 0 0 0 0 0 0 0 0 0 0 0 0 0 0 0 0 0 0 0 0 0 0 0 0 0 0 0 0 0 0 0 0 0 0 0 0 0 0 0 0 0 0 0 0 0 0 0 0 0 0 0 0 0 0 0 0 0 0 0 0 0 0 0 0 
0 0 0 0 0 0 0 0 0 0 0 0 0 0 0 0 0 0 0 0 0 0 0 0 0 0 0 0 0 0 0 184 184 184 184 184 184 185 185 185 185 185 186 187 187 187 187 187 187 188 188 188 188 188 189 189 189 189 189 189 190 190 190 190 190 190 191 191 191 191 191 191 192 192 192 192 192 192 193 193 193 193 193 193 194 194 194 194 194 194 195 195 195 195 195 195 195 196 196 196 196 196 196 196 197 197 197 197 197 197 198 198 198 198 198 198 198 199 199 199 199 199 199 199 200 200 200 200 200 200 200 201 201 201 201 201 201 201 201 202 202 202 202 202 202 202 202 202 203 203 203 203 203 203 203 203 204 204 204 204 204 204 204 204 205 205 205 205 205 205 205 205 205 206 206 206 206 206 206 206 206 207 207 207 207 207 207 207 207 207 0 0 0 0 0 0 0 0 0 0 0 0 0 0 0 0 0 0 0 0 0 0 0 0 0 0 0 0 0 0 0 0 0 0 0 0 0 0 0 0 0 0 0 0 0 0 0 0 0 0 0 0 0 0 0 0 0 0 0 0 0 0 0 0 0 0 0 0 0 0 0 0 0 0 0 0 0 0 0 0 0 0 0 0 0 0 0 0 0 0 0 0 0 0 0 0 0 0 0 0 0 0 0 0 0 0 0 0 0 0 0 0 0 0 0 0 0 0 0 0 0 0 0 0 0 0 0 0 0 0 0 0 0 0 0 0 0 0 0 0 0 0 0 0 0 0 0 0 0 0 0 0 0 0 0 0 0 0 0 0 0 0 0 0 0 0 0 0 0 0 0 0 0 0 0 0 0 0 0 0 0 0 0 0 0 0 0 0 0 0 0 0 0 0 0 0 0 0 0 0 0 0 0 0 0 0 0 0 0 0 0 0 0 0 0 0 0 0 0 0 0 0 0 0 0 0 0 0 0 0 0 0 0 0 0 0 0 0 0 0 0 0 0 0 0 0 0 0 0 0 0 0 0 0 0 0 0 0 0 0 0 0 0 0 0 0 0 0 0 0 0 0 0 0 0 0 0 0 0 0 0 0 0 0 0 0 0 0 0 0 0 0 0 0 0 0 0 0 0 0 0 0 0 0 0 0 0 0 0 0 0 0 0 
0 0 0 0 0 0 0 0 0 0 0 0 0 0 0 0 0 0 0 0 0 0 0 0 182 183 183 183 183 183 183 184 184 184 184 184 185 185 185 185 185 185 186 187 187 187 187 187 187 188 188 188 188 188 189 189 189 189 189 189 190 190 190 190 190 191 191 191 191 191 191 192 192 192 192 192 192 192 193 193 193 193 193 193 194 194 194 194 194 194 195 195 195 195 195 195 195 196 196 196 196 196 196 197 197 197 197 197 197 197 198 198 198 198 198 198 198 199 199 199 199 199 199 200 200 200 200 200 200 200 200 201 201 201 201 201 201 201 202 202 202 202 202 202 202 202 202 202 203 203 203 203 203 203 203 203 204 204 204 204 204 204 204 205 205 205 205 205 205 205 205 205 206 206 206 206 206 206 206 206 206 207 207 207 207 207 207 207 207 207 208 208 208 208 208 208 208 209 0 0 0 0 0 0 0 0 0 0 0 0 0 0 0 0 0 0 0 0 0 0 0 0 0 0 0 0 0 0 0 0 0 0 0 0 0 0 0 0 0 0 0 0 0 0 0 0 0 0 0 0 0 0 0 0 0 0 0 0 0 0 0 0 0 0 0 0 0 0 0 0 0 0 0 0 0 0 0 0 0 0 0 0 0 0 0 0 0 0 0 0 0 0 0 0 0 0 0 0 0 0 0 0 0 0 0 0 0 0 0 0 0 0 0 0 0 0 0 0 0 0 0 0 0 0 0 0 0 0 0 0 0 0 0 0 0 0 0 0 0 0 0 0 0 0 0 0 0 0 0 0 0 0 0 0 0 0 0 0 0 0 0 0 0 0 0 0 0 0 0 0 0 0 0 0 0 0 0 0 0 0 0 0 0 0 0 0 0 0 0 0 0 0 0 0 0 0 0 0 0 0 0 0 0 0 0 0 0 0 0 0 0 0 0 0 0 0 0 0 0 0 0 0 0 0 0 0 0 0 0 0 0 0 0 0 0 0 0 0 0 0 0 0 0 0 0 0 0 0 0 0 0 0 0 0 0 0 0 0 0 0 0 0 0 0 0 0 0 0 0 0 0 0 0 0 0 0 0 0 0 0 0 0 0 0 0 0 0 0 0 0 0 0 0 0 0 0 0 0 0 0 0 0 0 
0 0 0 0 0 0 0 0 0 0 0 0 0 0 0 0 0 0 0 0 0 0 182 182 182 183 183 183 183 183 184 184 184 184 184 184 185 185 185 185 185 185 186 187 187 187 187 187 188 188 188 188 188 188 189 189 189 189 189 190 190 190 190 190 190 191 191 191 191 191 191 192 192 192 192 192 192 193 193 193 193 193 193 194 194 194 194 194 194 195 195 195 195 195 195 195 196 196 196 196 196 196 196 197 197 197 197 197 197 197 198 198 198 198 198 198 199 199 199 199 199 199 199 200 200 200 200 200 200 200 201 201 201 201 201 201 201 201 202 202 202 202 202 202 202 202 202 203 203 203 203 203 203 203 203 204 204 204 204 204 204 204 204 205 205 205 205 205 205 205 205 205 206 206 206 206 206 206 206 206 207 207 207 207 207 207 207 207 207 208 208 208 208 208 208 208 208 209 209 209 0 0 0 0 0 0 0 0 0 0 0 0 0 0 0 0 0 0 0 0 0 0 0 0 0 0 0 0 0 0 0 0 0 0 0 0 0 0 0 0 0 0 0 0 0 0 0 0 0 0 0 0 0 0 0 0 0 0 0 0 0 0 0 0 0 0 0 0 0 0 0 0 0 0 0 0 0 0 0 0 0 0 0 0 0 0 0 0 0 0 0 0 0 0 0 0 0 0 0 0 0 0 0 0 0 0 0 0 0 0 0 0 0 0 0 0 0 0 0 0 0 0 0 0 0 0 0 0 0 0 0 0 0 0 0 0 0 0 0 0 0 0 0 0 0 0 0 0 0 0 0 0 0 0 0 0 0 0 0 0 0 0 0 0 0 0 0 0 0 0 0 0 0 0 0 0 0 0 0 0 0 0 0 0 0 0 0 0 0 0 0 0 0 0 0 0 0 0 0 0 0 0 0 0 0 0 0 0 0 0 0 0 0 0 0 0 0 0 0 0 0 0 0 0 0 0 0 0 0 0 0 0 0 0 0 0 0 0 0 0 0 0 0 0 0 0 0 0 0 0 0 0 0 0 0 0 0 0 0 0 0 0 0 0 0 0 0 0 0 0 0 0 0 0 0 0 0 0 0 0 0 0 0 0 0 0 0 0 0 0 0 0 0 0 0 0 0 0 0 0 0 0 0 
0 0 0 0 0 0 0 0 0 0 0 0 0 0 0 0 0 0 0 0 0 0 182 182 183 183 183 183 183 183 184 184 184 184 184 184 185 185 185 185 185 185 186 187 187 187 187 187 188 188 188 188 188 189 189 189 189 189 189 190 190 190 190 190 190 191 191 191 191 191 192 192 192 192 192 192 193 193 193 193 193 193 193 194 194 194 194 194 194 195 195 195 195 195 195 195 196 196 196 196 196 196 197 197 197 197 197 197 197 198 198 198 198 198 198 198 199 199 199 199 199 199 199 200 200 200 200 200 200 200 201 201 201 201 201 201 201 202 202 202 202 202 202 202 202 202 202 203 203 203 203 203 203 203 203 204 204 204 204 204 204 204 204 205 205 205 205 205 205 205 205 206 206 206 206 206 206 206 206 206 207 207 207 207 207 207 207 207 207 208 208 208 208 208 208 208 208 209 209 209 0 0 0 0 0 0 0 0 0 0 0 0 0 0 0 0 0 0 0 0 0 0 0 0 0 0 0 0 0 0 0 0 0 0 0 0 0 0 0 0 0 0 0 0 0 0 0 0 0 0 0 0 0 0 0 0 0 0 0 0 0 0 0 0 0 0 0 0 0 0 0 0 0 0 0 0 0 0 0 0 0 0 0 0 0 0 0 0 0 0 0 0 0 0 0 0 0 0 0 0 0 0 0 0 0 0 0 0 0 0 0 0 0 0 0 0 0 0 0 0 0 0 0 0 0 0 0 0 0 0 0 0 0 0 0 0 0 0 0 0 0 0 0 0 0 0 0 0 0 0 0 0 0 0 0 0 0 0 0 0 0 0 0 0 0 0 0 0 0 0 0 0 0 0 0 0 0 0 0 0 0 0 0 0 0 0 0 0 0 0 0 0 0 0 0 0 0 0 0 0 0 0 0 0 0 0 0 0 0 0 0 0 0 0 0 0 0 0 0 0 0 0 0 0 0 0 0 0 0 0 0 0 0 0 0 0 0 0 0 0 0 0 0 0 0 0 0 0 0 0 0 0 0 0 0 0 0 0 0 0 0 0 0 0 0 0 0 0 0 0 0 0 0 0 0 0 0 0 0 0 0 0 0 0 0 0 0 0 0 0 0 0 0 0 0 0 0 0 0 0 0 0 0 
0 0 0 0 0 0 0 0 0 0 0 0 0 0 0 0 0 0 0 0 0 0 182 182 183 183 183 183 183 183 184 184 184 184 184 185 185 185 185 185 185 186 187 187 187 187 187 187 188 188 188 188 188 189 189 189 189 189 190 190 190 190 190 190 191 191 191 191 191 191 192 192 192 192 192 192 193 193 193 193 193 193 194 194 194 194 194 194 195 195 195 195 195 195 195 195 196 196 196 196 196 196 197 197 197 197 197 197 197 198 198 198 198 198 198 199 199 199 199 199 199 199 200 200 200 200 200 200 200 201 201 201 201 201 201 201 201 202 202 202 202 202 202 202 202 202 202 203 203 203 203 203 203 203 203 204 204 204 204 204 204 204 204 205 205 205 205 205 205 205 206 206 206 206 206 206 206 206 206 207 207 207 207 207 207 207 207 207 207 208 208 208 208 208 208 208 209 209 209 209 209 0 0 0 0 0 0 0 0 0 0 0 0 0 0 0 0 0 0 0 0 0 0 0 0 0 0 0 0 0 0 0 0 0 0 0 0 0 0 0 0 0 0 0 0 0 0 0 0 0 0 0 0 0 0 0 0 0 0 0 0 0 0 0 0 0 0 0 0 0 0 0 0 0 0 0 0 0 0 0 0 0 0 0 0 0 0 0 0 0 0 0 0 0 0 0 0 0 0 0 0 0 0 0 0 0 0 0 0 0 0 0 0 0 0 0 0 0 0 0 0 0 0 0 0 0 0 0 0 0 0 0 0 0 0 0 0 0 0 0 0 0 0 0 0 0 0 0 0 0 0 0 0 0 0 0 0 0 0 0 0 0 0 0 0 0 0 0 0 0 0 0 0 0 0 0 0 0 0 0 0 0 0 0 0 0 0 0 0 0 0 0 0 0 0 0 0 0 0 0 0 0 0 0 0 0 0 0 0 0 0 0 0 0 0 0 0 0 0 0 0 0 0 0 0 0 0 0 0 0 0 0 0 0 0 0 0 0 0 0 0 0 0 0 0 0 0 0 0 0 0 0 0 0 0 0 0 0 0 0 0 0 0 0 0 0 0 0 0 0 0 0 0 0 0 0 0 0 0 0 0 0 0 0 0 0 0 0 0 0 0 0 0 0 0 0 0 0 0 0 0 0 0 
0 0 0 0 0 0 0 0 0 0 180 180 180 181 181 0 0 0 0 182 182 0 0 182 183 183 183 183 183 184 184 184 184 184 184 185 185 185 185 185 185 186 187 187 187 187 187 187 188 188 188 188 189 189 189 189 189 189 190 190 190 190 190 190 191 191 191 191 191 191 192 192 192 192 192 192 193 193 193 193 193 193 194 194 194 194 194 194 195 195 195 195 195 195 195 196 196 196 196 196 196 196 197 197 197 197 197 197 198 198 198 198 198 198 198 199 199 199 199 199 199 199 200 200 200 200 200 200 200 201 201 201 201 201 201 201 202 202 202 202 202 202 202 202 202 202 203 203 203 203 203 203 203 203 204 204 204 204 204 204 204 204 205 205 205 205 205 205 205 205 206 206 206 206 206 206 206 206 206 207 207 207 207 207 207 207 207 207 208 208 208 208 208 208 208 208 209 209 209 209 209 0 0 0 0 0 0 0 0 0 0 0 0 0 0 0 0 0 0 0 0 0 0 0 0 0 0 0 0 0 0 0 0 0 0 0 0 0 0 0 0 0 0 0 0 0 0 0 0 0 0 0 0 0 0 0 0 0 0 0 0 0 0 0 0 0 0 0 0 0 0 0 0 0 0 0 0 0 0 0 0 0 0 0 0 0 0 0 0 0 0 0 0 0 0 0 0 0 0 0 0 0 0 0 0 0 0 0 0 0 0 0 0 0 0 0 0 0 0 0 0 0 0 0 0 0 0 0 0 0 0 0 0 0 0 0 0 0 0 0 0 0 0 0 0 0 0 0 0 0 0 0 0 0 0 0 0 0 0 0 0 0 0 0 0 0 0 0 0 0 0 0 0 0 0 0 0 0 0 0 0 0 0 0 0 0 0 0 0 0 0 0 0 0 0 0 0 0 0 0 0 0 0 0 0 0 0 0 0 0 0 0 0 0 0 0 0 0 0 0 0 0 0 0 0 0 0 0 0 0 0 0 0 0 0 0 0 0 0 0 0 0 0 0 0 0 0 0 0 0 0 0 0 0 0 0 0 0 0 0 0 0 0 0 0 0 0 0 0 0 0 0 0 0 0 0 0 0 0 0 0 0 0 0 0 0 0 0 0 0 0 0 0 0 0 0 0 0 0 0 0 0 0 
0 0 0 0 0 0 0 0 180 180 180 180 180 181 181 181 181 181 182 182 182 182 182 183 183 183 183 183 183 184 184 184 184 184 184 185 185 185 185 185 186 186 187 187 187 187 187 188 188 188 188 188 189 189 189 189 189 189 190 190 190 190 190 190 191 191 191 191 191 191 192 192 192 192 192 192 193 193 193 193 193 193 194 194 194 194 194 194 195 195 195 195 195 195 195 196 196 196 196 196 196 197 197 197 197 197 197 197 198 198 198 198 198 198 199 199 199 199 199 199 199 200 200 200 200 200 200 200 201 201 201 201 201 201 201 201 202 202 202 202 202 202 202 202 202 202 203 203 203 203 203 203 203 204 204 204 204 204 204 204 204 204 205 205 205 205 205 205 205 205 206 206 206 206 206 206 206 206 206 207 207 207 207 207 207 207 207 207 208 208 208 208 208 208 208 208 209 209 209 209 209 209 0 0 0 0 0 0 0 0 0 0 0 0 0 0 0 0 0 0 0 0 0 0 0 0 0 0 0 0 0 0 0 0 0 0 0 0 0 0 0 0 0 0 0 0 0 0 0 0 0 0 0 0 0 0 0 0 0 0 0 0 0 0 0 0 0 0 0 0 0 0 0 0 0 0 0 0 0 0 0 0 0 0 0 0 0 0 0 0 0 0 0 0 0 0 0 0 0 0 0 0 0 0 0 0 0 0 0 0 0 0 0 0 0 0 0 0 0 0 0 0 0 0 0 0 0 0 0 0 0 0 0 0 0 0 0 0 0 0 0 0 0 0 0 0 0 0 0 0 0 0 0 0 0 0 0 0 0 0 0 0 0 0 0 0 0 0 0 0 0 0 0 0 0 0 0 0 0 0 0 0 0 0 0 0 0 0 0 0 0 0 0 0 0 0 0 0 0 0 0 0 0 0 0 0 0 0 0 0 0 0 0 0 0 0 0 0 0 0 0 0 0 0 0 0 0 0 0 0 0 0 0 0 0 0 0 0 0 0 0 0 0 0 0 0 0 0 0 0 0 0 0 0 0 0 0 0 0 0 0 0 0 0 0 0 0 0 0 0 0 0 0 0 0 0 0 0 0 0 0 0 0 0 0 0 0 0 0 0 0 0 0 0 0 0 0 0 0 0 0 0 0 
178 0 0 0 0 0 179 180 180 180 180 180 180 181 181 181 181 181 182 182 182 182 182 183 183 183 183 183 184 184 184 184 184 184 185 185 185 185 185 185 186 186 187 187 187 187 187 188 188 188 188 188 189 189 189 189 189 189 190 190 190 190 190 191 191 191 191 191 191 192 192 192 192 192 192 193 193 193 193 193 193 194 194 194 194 194 194 195 195 195 195 195 195 195 195 196 196 196 196 196 196 197 197 197 197 197 197 198 198 198 198 198 198 198 199 199 199 199 199 199 199 200 200 200 200 200 200 200 201 201 201 201 201 201 201 201 202 202 202 202 202 202 202 202 202 203 203 203 203 203 203 203 203 204 204 204 204 204 204 204 204 205 205 205 205 205 205 205 205 206 206 206 206 206 206 206 206 206 207 207 207 207 207 207 207 207 207 208 208 208 208 208 208 208 208 209 209 209 209 209 209 209 0 0 0 0 0 0 0 0 0 0 0 0 0 0 0 0 0 0 0 0 0 0 0 0 0 0 0 0 0 0 0 0 0 0 0 0 0 0 0 0 0 0 0 0 0 0 0 0 0 0 0 0 0 0 0 0 0 0 0 0 0 0 0 0 0 0 0 0 0 0 0 0 0 0 0 0 0 0 0 0 0 0 0 0 0 0 0 0 0 0 0 0 0 0 0 0 0 0 0 0 0 0 0 0 0 0 0 0 0 0 0 0 0 0 0 0 0 0 0 0 0 0 0 0 0 0 0 0 0 0 0 0 0 0 0 0 0 0 0 0 0 0 0 0 0 0 0 0 0 0 0 0 0 0 0 0 0 0 0 0 0 0 0 0 0 0 0 0 0 0 0 0 0 0 0 0 0 0 0 0 0 0 0 0 0 0 0 0 0 0 0 0 0 0 0 0 0 0 0 0 0 0 0 0 0 0 0 0 0 0 0 0 0 0 0 0 0 0 0 0 0 0 0 0 0 0 0 0 0 0 0 0 0 0 0 0 0 0 0 0 0 0 0 0 0 0 0 0 0 0 0 0 0 0 0 0 0 0 0 0 0 0 0 0 0 0 0 0 0 0 0 0 0 0 0 0 0 0 0 0 0 0 0 0 0 0 0 0 0 0 0 0 0 0 0 0 0 0 0 0 0 
0 179 179 179 179 179 179 180 180 180 180 180 181 181 181 181 181 181 182 182 182 182 183 183 183 183 183 183 184 184 184 184 184 184 185 185 185 185 185 186 186 186 187 187 187 187 187 188 188 188 188 188 189 189 189 189 189 190 190 190 190 190 190 191 191 191 191 191 191 192 192 192 192 192 192 193 193 193 193 193 193 194 194 194 194 194 194 195 195 195 195 195 195 195 196 196 196 196 196 196 197 197 197 197 197 197 197 198 198 198 198 198 198 198 199 199 199 199 199 199 199 200 200 200 200 200 200 200 201 201 201 201 201 201 201 202 202 202 202 202 202 202 202 202 202 203 203 203 203 203 203 203 204 204 204 204 204 204 204 204 204 205 205 205 205 205 205 205 205 206 206 206 206 206 206 206 206 206 207 207 207 207 207 207 207 207 207 208 208 208 208 208 208 208 208 209 209 209 209 209 209 209 209 0 0 0 0 0 210 210 210 0 0 0 0 0 0 0 0 0 0 0 0 0 0 0 0 0 0 0 0 0 0 0 0 0 0 0 0 0 0 0 0 0 0 0 0 0 0 0 0 0 0 0 0 0 0 0 0 0 0 0 0 0 0 0 0 0 0 0 0 0 0 0 0 0 0 0 0 0 0 0 0 0 0 0 0 0 0 0 0 0 0 0 0 0 0 0 0 0 0 0 0 0 0 0 0 0 0 0 0 0 0 0 0 0 0 0 0 0 0 0 0 0 0 0 0 0 0 0 0 0 0 0 0 0 0 0 0 0 0 0 0 0 0 0 0 0 0 0 0 0 0 0 0 0 0 0 0 0 0 0 0 0 0 0 0 0 0 0 0 0 0 0 0 0 0 0 0 0 0 0 0 0 0 0 0 0 0 0 0 0 0 0 0 0 0 0 0 0 0 0 0 0 0 0 0 0 0 0 0 0 0 0 0 0 0 0 0 0 0 0 0 0 0 0 0 0 0 0 0 0 0 0 0 0 0 0 0 0 0 0 0 0 0 0 0 0 0 0 0 0 0 0 0 0 0 0 0 0 0 0 0 0 0 0 0 0 0 0 0 0 0 0 0 0 0 0 0 0 0 0 0 0 0 0 0 0 0 0 0 0 0 0 0 0 0 0 0 0 0 0 0 
0 179 179 179 179 179 180 180 180 180 180 180 181 181 181 181 181 182 182 182 182 182 183 183 183 183 183 183 184 184 184 184 184 185 185 185 185 185 185 186 186 186 187 187 187 187 188 188 188 188 188 188 189 189 189 189 189 190 190 190 190 190 190 191 191 191 191 191 191 192 192 192 192 192 192 193 193 193 193 193 193 194 194 194 194 194 194 195 195 195 195 195 195 195 196 196 196 196 196 196 197 197 197 197 197 197 197 198 198 198 198 198 198 199 199 199 199 199 199 199 200 200 200 200 200 200 200 201 201 201 201 201 201 201 201 202 202 202 202 202 202 202 202 202 203 203 203 203 203 203 203 204 204 204 204 204 204 204 204 204 205 205 205 205 205 205 205 205 205 206 206 206 206 206 206 206 206 207 207 207 207 207 207 207 207 207 207 208 208 208 208 208 208 208 208 209 209 209 209 209 209 209 209 209 0 0 210 210 210 210 210 0 0 0 0 0 0 0 0 0 0 0 0 0 0 0 0 0 0 0 0 0 0 0 0 0 0 0 0 0 0 0 0 0 0 0 0 0 0 0 0 0 0 0 0 0 0 0 0 0 0 0 0 0 0 0 0 0 0 0 0 0 0 0 0 0 0 0 0 0 0 0 0 0 0 0 0 0 0 0 0 0 0 0 0 0 0 0 0 0 0 0 0 0 0 0 0 0 0 0 0 0 0 0 0 0 0 0 0 0 0 0 0 0 0 0 0 0 0 0 0 0 0 0 0 0 0 0 0 0 0 0 0 0 0 0 0 0 0 0 0 0 0 0 0 0 0 0 0 0 0 0 0 0 0 0 0 0 0 0 0 0 0 0 0 0 0 0 0 0 0 0 0 0 0 0 0 0 0 0 0 0 0 0 0 0 0 0 0 0 0 0 0 0 0 0 0 0 0 0 0 0 0 0 0 0 0 0 0 0 0 0 0 0 0 0 0 0 0 0 0 0 0 0 0 0 0 0 0 0 0 0 0 0 0 0 0 0 0 0 0 0 0 0 0 0 0 0 0 0 0 0 0 0 0 0 0 0 0 0 0 0 0 0 0 0 0 0 0 0 0 0 0 0 0 0 0 0 0 0 0 0 0 0 0 0 0 0 0 0 0 0 0 
0 179 179 179 179 179 180 180 180 180 180 181 181 181 181 181 181 182 182 182 182 182 183 183 183 183 183 184 184 184 184 184 184 185 185 185 185 185 185 186 186 186 187 187 187 187 188 188 188 188 188 188 189 189 189 189 189 190 190 190 190 190 190 191 191 191 191 191 192 192 192 192 192 192 193 193 193 193 193 193 194 194 194 194 194 194 195 195 195 195 195 195 195 195 196 196 196 196 196 196 197 197 197 197 197 197 198 198 198 198 198 198 198 199 199 199 199 199 199 199 200 200 200 200 200 200 200 201 201 201 201 201 201 201 202 202 202 202 202 202 202 202 202 202 203 203 203 203 203 203 203 204 204 204 204 204 204 204 204 204 205 205 205 205 205 205 205 205 206 206 206 206 206 206 206 206 206 207 207 207 207 207 207 207 207 207 208 208 208 208 208 208 208 208 209 209 209 209 209 209 209 209 209 209 210 210 210 210 210 210 210 0 0 0 0 0 0 0 0 0 0 0 0 0 0 0 0 0 0 0 0 0 0 0 0 0 0 0 0 0 0 0 0 0 0 0 0 0 0 0 0 0 0 0 0 0 0 0 0 0 0 0 0 0 0 0 0 0 0 0 0 0 0 0 0 0 0 0 0 0 0 0 0 0 0 0 0 0 0 0 0 0 0 0 0 0 0 0 0 0 0 0 0 0 0 0 0 0 0 0 0 0 0 0 0 0 0 0 0 0 0 0 0 0 0 0 0 0 0 0 0 0 0 0 0 0 0 0 0 0 0 0 0 0 0 0 0 0 0 0 0 0 0 0 0 0 0 0 0 0 0 0 0 0 0 0 0 0 0 0 0 0 0 0 0 0 0 0 0 0 0 0 0 0 0 0 0 0 0 0 0 0 0 0 0 0 0 0 0 0 0 0 0 0 0 0 0 0 0 0 0 0 0 0 0 0 0 0 0 0 0 0 0 0 0 0 0 0 0 0 0 0 0 0 0 0 0 0 0 0 0 0 0 0 0 0 0 0 0 0 0 0 0 0 0 0 0 0 0 0 0 0 0 0 0 0 0 0 0 0 0 0 0 0 0 0 0 0 0 0 0 0 0 0 0 0 0 0 0 0 0 0 0 0 0 0 0 0 0 0 0 0 0 
0 0 179 179 179 179 180 180 180 180 180 181 181 181 181 181 182 182 182 182 182 182 183 183 183 183 183 184 184 184 184 184 184 185 185 185 185 185 186 186 186 186 187 187 187 187 188 188 188 188 188 189 189 189 189 189 189 190 190 190 190 190 191 191 191 191 191 191 192 192 192 192 192 192 193 193 193 193 193 193 194 194 194 194 194 194 195 195 195 195 195 195 195 196 196 196 196 196 196 197 197 197 197 197 197 197 198 198 198 198 198 198 199 199 199 199 199 199 199 200 200 200 200 200 200 200 201 201 201 201 201 201 201 202 202 202 202 202 202 202 202 202 202 203 203 203 203 203 203 203 204 204 204 204 204 204 204 204 204 205 205 205 205 205 205 205 205 205 206 206 206 206 206 206 206 206 206 207 207 207 207 207 207 207 207 207 208 208 208 208 208 208 208 208 209 209 209 209 209 209 209 209 209 209 210 210 210 210 210 210 210 0 0 0 0 0 0 0 0 0 0 0 0 0 0 0 0 0 0 0 0 0 0 0 0 0 0 0 0 0 0 0 0 0 0 0 0 0 0 0 0 0 0 0 0 0 0 0 0 0 0 0 0 0 0 0 0 0 0 0 0 0 0 0 0 0 0 0 0 0 0 0 0 0 0 0 0 0 0 0 0 0 0 0 0 0 0 0 0 0 0 0 0 0 0 0 0 0 0 0 0 0 0 0 0 0 0 0 0 0 0 0 0 0 0 0 0 0 0 0 0 0 0 0 0 0 0 0 0 0 0 0 0 0 0 0 0 0 0 0 0 0 0 0 0 0 0 0 0 0 0 0 0 0 0 0 0 0 0 0 0 0 0 0 0 0 0 0 0 0 0 0 0 0 0 0 0 0 0 0 0 0 0 0 0 0 0 0 0 0 0 0 0 0 0 0 0 0 0 0 0 0 0 0 0 0 0 0 0 0 0 0 0 0 0 0 0 0 0 0 0 0 0 0 0 0 0 0 0 0 0 0 0 0 0 0 0 0 0 0 0 0 0 0 0 0 0 0 0 0 0 0 0 0 0 0 0 0 0 0 0 0 0 0 0 0 0 0 0 0 0 0 0 0 0 0 0 0 0 0 0 0 0 0 0 0 0 0 0 0 0 0 0 
0 0 179 179 179 179 180 180 180 180 180 181 181 181 181 181 182 182 182 182 182 183 183 183 183 183 183 184 184 184 184 184 185 185 185 185 185 185 186 186 186 186 187 187 187 187 188 188 188 188 188 189 189 189 189 189 190 190 190 190 190 190 191 191 191 191 191 191 192 192 192 192 192 192 193 193 193 193 193 193 194 194 194 194 194 194 195 195 195 195 195 195 195 196 196 196 196 196 196 197 197 197 197 197 197 198 198 198 198 198 198 198 199 199 199 199 199 199 199 200 200 200 200 200 200 200 201 201 201 201 201 201 201 202 202 202 202 202 202 202 202 202 202 203 203 203 203 203 203 203 204 204 204 204 204 204 204 204 204 205 205 205 205 205 205 205 205 205 206 206 206 206 206 206 206 206 207 207 207 207 207 207 207 207 207 208 208 208 208 208 208 208 208 208 209 209 209 209 209 209 209 209 209 209 210 210 210 210 210 210 210 210 0 0 0 0 0 0 0 0 0 0 0 0 0 0 0 0 0 0 0 0 0 0 0 0 0 0 0 0 0 0 0 0 0 0 0 0 0 0 0 0 0 0 0 0 0 0 0 0 0 0 0 0 0 0 0 0 0 0 0 0 0 0 0 0 0 0 0 0 0 0 0 0 0 0 0 0 0 0 0 0 0 0 0 0 0 0 0 0 0 0 0 0 0 0 0 0 0 0 0 0 0 0 0 0 0 0 0 0 0 0 0 0 0 0 0 0 0 0 0 0 0 0 0 0 0 0 0 0 0 0 0 0 0 0 0 0 0 0 0 0 0 0 0 0 0 0 0 0 0 0 0 0 0 0 0 0 0 0 0 0 0 0 0 0 0 0 0 0 0 0 0 0 0 0 0 0 0 0 0 0 0 0 0 0 0 0 0 0 0 0 0 0 0 0 0 0 0 0 0 0 0 0 0 0 0 0 0 0 0 0 0 0 0 0 0 0 0 0 0 0 0 0 0 0 0 0 0 0 0 0 0 0 0 0 0 0 0 0 0 0 0 0 0 0 0 0 0 0 0 0 0 0 0 0 0 0 0 0 0 0 0 0 0 0 0 0 0 0 0 0 0 0 0 0 0 0 0 0 0 0 0 0 0 0 0 0 0 0 0 0 0 
0 0 0 0 179 179 180 180 180 180 181 181 181 181 181 181 182 182 182 182 182 183 183 183 183 183 184 184 184 184 184 184 185 185 185 185 185 185 186 186 186 186 187 187 187 188 188 188 188 188 188 189 189 189 189 189 190 190 190 190 190 190 191 191 191 191 191 192 192 192 192 192 192 193 193 193 193 193 193 193 194 194 194 194 194 195 195 195 195 195 195 195 196 196 196 196 196 196 196 197 197 197 197 197 197 198 198 198 198 198 198 198 199 199 199 199 199 199 199 200 200 200 200 200 200 200 201 201 201 201 201 201 201 202 202 202 202 202 202 202 202 203 203 203 203 203 203 203 203 203 204 204 204 204 204 204 204 204 205 205 205 205 205 205 205 205 205 206 206 206 206 206 206 206 206 206 207 207 207 207 207 207 207 207 207 208 208 208 208 208 208 208 208 208 209 209 209 209 209 209 209 209 209 210 210 210 210 210 210 210 210 210 210 210 211 211 0 0 0 0 0 0 0 0 0 0 0 0 0 0 0 0 0 0 0 0 0 0 0 0 0 0 0 0 0 0 0 0 0 0 0 0 0 0 0 0 0 0 0 0 0 0 0 0 0 0 0 0 0 0 0 0 0 0 0 0 0 0 0 0 0 0 0 0 0 0 0 0 0 0 0 0 0 0 0 0 0 0 0 0 0 0 0 0 0 0 0 0 0 0 0 0 0 0 0 0 0 0 0 0 0 0 0 0 0 0 0 0 0 0 0 0 0 0 0 0 0 0 0 0 0 0 0 0 0 0 0 0 0 0 0 0 0 0 0 0 0 0 0 0 0 0 0 0 0 0 0 0 0 0 0 0 0 0 0 0 0 0 0 0 0 0 0 0 0 0 0 0 0 0 0 0 0 0 0 0 0 0 0 0 0 0 0 0 0 0 0 0 0 0 0 0 0 0 0 0 0 0 0 0 0 0 0 0 0 0 0 0 0 0 0 0 0 0 0 0 0 0 0 0 0 0 0 0 0 0 0 0 0 0 0 0 0 0 0 0 0 0 0 0 0 0 0 0 0 0 0 0 0 0 0 0 0 0 0 0 0 0 0 0 0 0 0 0 0 0 0 0 0 0 0 0 0 0 0 0 0 0 0 0 0 0 0 
0 0 0 0 0 179 180 180 180 180 181 181 181 181 181 182 182 182 182 182 182 183 183 183 183 183 184 184 184 184 184 184 185 185 185 185 185 186 186 186 186 186 187 187 187 188 188 188 188 188 188 189 189 189 189 189 190 190 190 190 190 190 191 191 191 191 191 192 192 192 192 192 192 193 193 193 193 193 193 194 194 194 194 194 194 195 195 195 195 195 195 196 196 196 196 196 196 196 197 197 197 197 197 197 197 198 198 198 198 198 198 199 199 199 199 199 199 199 200 200 200 200 200 200 200 201 201 201 201 201 201 201 201 202 202 202 202 202 202 202 203 203 203 203 203 203 203 203 203 204 204 204 204 204 204 204 204 204 205 205 205 205 205 205 205 205 205 206 206 206 206 206 206 206 206 207 207 207 207 207 207 207 207 207 207 208 208 208 208 208 208 208 208 209 209 209 209 209 209 209 209 209 209 210 210 210 210 210 210 210 210 210 210 210 211 211 211 0 0 0 0 0 0 0 0 0 0 0 0 0 0 0 0 0 0 0 0 0 0 0 0 0 0 0 0 0 0 0 0 0 0 0 0 0 0 0 0 0 0 0 0 0 0 0 0 0 0 0 0 0 0 0 0 0 0 0 0 0 0 0 0 0 0 0 0 0 0 0 0 0 0 0 0 0 0 0 0 0 0 0 0 0 0 0 0 0 0 0 0 0 0 0 0 0 0 0 0 0 0 0 0 0 0 0 0 0 0 0 0 0 0 0 0 0 0 0 0 0 0 0 0 0 0 0 0 0 0 0 0 0 0 0 0 0 0 0 0 0 0 0 0 0 0 0 0 0 0 0 0 0 0 0 0 0 0 0 0 0 0 0 0 0 0 0 0 0 0 0 0 0 0 0 0 0 0 0 0 0 0 0 0 0 0 0 0 0 0 0 0 0 0 0 0 0 0 0 0 0 0 0 0 0 0 0 0 0 0 0 0 0 0 0 0 0 0 0 0 0 0 0 0 0 0 0 0 0 0 0 0 0 0 0 0 0 0 0 0 0 0 0 0 0 0 0 0 0 0 0 0 0 0 0 0 0 0 0 0 0 0 0 0 0 0 0 0 0 0 0 0 0 0 0 0 0 0 0 0 0 0 0 0 0 0 
0 0 0 0 0 179 180 180 180 180 181 181 181 181 181 182 182 182 182 182 183 183 183 183 183 183 184 184 184 184 184 185 185 185 185 185 185 186 186 186 186 186 187 187 187 188 188 188 188 188 189 189 189 189 189 189 190 190 190 190 190 191 191 191 191 191 191 192 192 192 192 192 193 193 193 193 193 193 193 194 194 194 194 194 194 195 195 195 195 195 195 196 196 196 196 196 196 196 197 197 197 197 197 197 198 198 198 198 198 198 198 199 199 199 199 199 199 199 200 200 200 200 200 200 200 201 201 201 201 201 201 201 202 202 202 202 202 202 202 202 203 203 203 203 203 203 203 203 203 204 204 204 204 204 204 204 204 204 205 205 205 205 205 205 205 205 206 206 206 206 206 206 206 206 206 207 207 207 207 207 207 207 207 207 208 208 208 208 208 208 208 208 208 209 209 209 209 209 209 209 209 209 209 210 210 210 210 210 210 210 210 210 210 210 211 211 211 211 0 0 0 0 0 0 0 0 0 0 0 0 0 0 0 0 0 0 0 0 0 0 0 0 0 0 0 0 0 0 0 0 0 0 0 0 0 0 0 0 0 0 0 0 0 0 0 0 0 0 0 0 0 0 0 0 0 0 0 0 0 0 0 0 0 0 0 0 0 0 0 0 0 0 0 0 0 0 0 0 0 0 0 0 0 0 0 0 0 0 0 0 0 0 0 0 0 0 0 0 0 0 0 0 0 0 0 0 0 0 0 0 0 0 0 0 0 0 0 0 0 0 0 0 0 0 0 0 0 0 0 0 0 0 0 0 0 0 0 0 0 0 0 0 0 0 0 0 0 0 0 0 0 0 0 0 0 0 0 0 0 0 0 0 0 0 0 0 0 0 0 0 0 0 0 0 0 0 0 0 0 0 0 0 0 0 0 0 0 0 0 0 0 0 0 0 0 0 0 0 0 0 0 0 0 0 0 0 0 0 0 0 0 0 0 0 0 0 0 0 0 0 0 0 0 0 0 0 0 0 0 0 0 0 0 0 0 0 0 0 0 0 0 0 0 0 0 0 0 0 0 0 0 0 0 0 0 0 0 0 0 0 0 0 0 0 0 0 0 0 0 0 0 0 0 0 0 0 0 0 0 0 0 0 0 
0 0 0 0 0 180 180 180 180 180 181 181 181 181 181 182 182 182 182 182 183 183 183 183 183 183 184 184 184 184 184 185 185 185 185 185 186 186 186 186 186 186 187 187 188 188 188 188 188 188 189 189 189 189 189 190 190 190 190 190 190 191 191 191 191 191 191 192 192 192 192 192 193 193 193 193 193 193 193 194 194 194 194 194 194 195 195 195 195 195 195 196 196 196 196 196 196 196 197 197 197 197 197 197 198 198 198 198 198 198 199 199 199 199 199 199 199 199 200 200 200 200 200 200 201 201 201 201 201 201 201 201 202 202 202 202 202 202 202 203 203 203 203 203 203 203 203 203 204 204 204 204 204 204 204 204 204 205 205 205 205 205 205 205 205 205 206 206 206 206 206 206 206 206 207 207 207 207 207 207 207 207 207 207 208 208 208 208 208 208 208 208 209 209 209 209 209 209 209 209 209 209 209 210 210 210 210 210 210 210 210 210 210 210 211 211 211 211 211 211 0 0 0 0 0 0 0 0 0 0 0 0 0 0 0 0 0 0 0 0 0 0 0 0 0 0 0 0 0 0 0 0 0 0 0 0 0 0 0 0 0 0 0 0 0 0 0 0 0 0 0 0 0 0 0 0 0 0 0 0 0 0 0 0 0 0 0 0 0 0 0 0 0 0 0 0 0 0 0 0 0 0 0 0 0 0 0 0 0 0 0 0 0 0 0 0 0 0 0 0 0 0 0 0 0 0 0 0 0 0 0 0 0 0 0 0 0 0 0 0 0 0 0 0 0 0 0 0 0 0 0 0 0 0 0 0 0 0 0 0 0 0 0 0 0 0 0 0 0 0 0 0 0 0 0 0 0 0 0 0 0 0 0 0 0 0 0 0 0 0 0 0 0 0 0 0 0 0 0 0 0 0 0 0 0 0 0 0 0 0 0 0 0 0 0 0 0 0 0 0 0 0 0 0 0 0 0 0 0 0 0 0 0 0 0 0 0 0 0 0 0 0 0 0 0 0 0 0 0 0 0 0 0 0 0 0 0 0 0 0 0 0 0 0 0 0 0 0 0 0 0 0 0 0 0 0 0 0 0 0 0 0 0 0 0 0 0 0 0 0 0 0 0 0 0 0 0 0 0 0 0 0 0 
0 0 0 0 0 180 181 181 181 181 181 182 182 182 182 182 183 183 183 183 183 184 184 184 184 184 185 185 185 185 185 186 186 186 186 186 186 187 187 187 187 187 188 188 188 188 188 188 189 189 189 189 189 189 190 190 190 190 190 191 191 191 191 191 191 192 192 192 192 192 192 193 193 193 193 193 193 194 194 194 194 194 194 195 195 195 195 195 195 196 196 196 196 196 197 197 197 197 197 197 197 198 198 198 198 198 198 199 199 199 199 199 199 199 200 200 200 200 200 200 200 201 201 201 201 201 201 201 202 202 202 202 202 202 202 203 203 203 203 203 203 203 203 203 203 203 204 204 204 204 204 204 204 204 205 205 205 205 205 205 205 205 205 206 206 206 206 206 206 206 206 206 207 207 207 207 207 207 207 207 207 207 208 208 208 208 208 208 208 208 208 209 209 209 209 209 209 209 209 209 209 210 210 210 210 210 210 210 210 210 210 210 211 211 211 211 211 211 211 211 211 0 0 0 0 0 0 0 0 0 0 0 0 0 0 0 0 0 0 0 0 0 0 0 0 0 0 0 0 0 0 0 0 0 0 0 0 0 0 0 0 0 0 0 0 0 0 0 0 0 0 0 0 0 0 0 0 0 0 0 0 0 0 0 0 0 0 0 0 0 0 0 0 0 0 0 0 0 0 0 0 0 0 0 0 0 0 0 0 0 0 0 0 0 0 0 0 0 0 0 0 0 0 0 0 0 0 0 0 0 0 0 0 0 0 0 0 0 0 0 0 0 0 0 0 0 0 0 0 0 0 0 0 0 0 0 0 0 0 0 0 0 0 0 0 0 0 0 0 0 0 0 0 0 0 0 0 0 0 0 0 0 0 0 0 0 0 0 0 0 0 0 0 0 0 0 0 0 0 0 0 0 0 0 0 0 0 0 0 0 0 0 0 0 0 0 0 0 0 0 0 0 0 0 0 0 0 0 0 0 0 0 0 0 0 0 0 0 0 0 0 0 0 0 0 0 0 0 0 0 0 0 0 0 0 0 0 0 0 0 0 0 0 0 0 0 0 0 0 0 0 0 0 0 0 0 0 0 0 0 0 0 0 0 0 0 0 0 0 0 0 0 0 0 0 0 0 0 0 0 0 0 0 
0 0 0 0 180 181 181 181 181 181 182 182 182 182 182 183 183 183 183 183 183 184 184 184 184 184 185 185 185 185 185 186 186 186 186 186 186 187 187 187 187 187 188 188 188 188 188 188 189 189 189 189 189 189 190 190 190 190 190 191 191 191 191 191 191 192 192 192 192 192 193 193 193 193 193 193 194 194 194 194 194 194 194 195 195 195 195 195 195 196 196 196 196 196 197 197 197 197 197 197 198 198 198 198 198 198 198 199 199 199 199 199 199 200 200 200 200 200 200 200 200 201 201 201 201 201 201 201 202 202 202 202 202 202 202 203 203 203 203 203 203 203 203 203 203 203 204 204 204 204 204 204 204 205 205 205 205 205 205 205 205 205 205 206 206 206 206 206 206 206 206 207 207 207 207 207 207 207 207 207 207 208 208 208 208 208 208 208 208 208 208 209 209 209 209 209 209 209 209 209 209 210 210 210 210 210 210 210 210 210 210 210 211 211 211 211 211 211 211 211 211 0 0 0 0 0 0 0 0 0 0 0 0 0 0 0 0 0 0 0 0 0 0 0 0 0 0 0 0 0 0 0 0 0 0 0 0 0 0 0 0 0 0 0 0 0 0 0 0 0 0 0 0 0 0 0 0 0 0 0 0 0 0 0 0 0 0 0 0 0 0 0 0 0 0 0 0 0 0 0 0 0 0 0 0 0 0 0 0 0 0 0 0 0 0 0 0 0 0 0 0 0 0 0 0 0 0 0 0 0 0 0 0 0 0 0 0 0 0 0 0 0 0 0 0 0 0 0 0 0 0 0 0 0 0 0 0 0 0 0 0 0 0 0 0 0 0 0 0 0 0 0 0 0 0 0 0 0 0 0 0 0 0 0 0 0 0 0 0 0 0 0 0 0 0 0 0 0 0 0 0 0 0 0 0 0 0 0 0 0 0 0 0 0 0 0 0 0 0 0 0 0 0 0 0 0 0 0 0 0 0 0 0 0 0 0 0 0 0 0 0 0 0 0 0 0 0 0 0 0 0 0 0 0 0 0 0 0 0 0 0 0 0 0 0 0 0 0 0 0 0 0 0 0 0 0 0 0 0 0 0 0 0 0 0 0 0 0 0 0 0 0 0 0 0 0 0 0 0 0 0 0 0 
0 0 0 0 180 181 181 181 181 181 182 182 182 182 182 183 183 183 183 183 183 184 184 184 184 184 185 185 185 185 185 186 186 186 186 186 187 187 187 187 187 187 188 188 188 188 188 189 189 189 189 189 189 190 190 190 190 190 190 191 191 191 191 191 192 192 192 192 192 192 193 193 193 193 193 193 194 194 194 194 194 194 195 195 195 195 195 195 196 196 196 196 196 196 197 197 197 197 197 197 198 198 198 198 198 198 199 199 199 199 199 199 199 200 200 200 200 200 200 200 200 201 201 201 201 201 201 202 202 202 202 202 202 202 202 203 203 203 203 203 203 203 203 203 203 204 204 204 204 204 204 204 204 205 205 205 205 205 205 205 205 205 206 206 206 206 206 206 206 206 206 207 207 207 207 207 207 207 207 207 207 208 208 208 208 208 208 208 208 208 208 209 209 209 209 209 209 209 209 209 209 210 210 210 210 210 210 210 210 210 210 210 211 211 211 211 211 211 211 211 0 0 0 0 0 0 0 0 0 0 0 0 0 0 0 0 0 0 0 0 0 0 0 0 0 0 0 0 0 0 0 0 0 0 0 0 0 0 0 0 0 0 0 0 0 0 0 0 0 0 0 0 0 0 0 0 0 0 0 0 0 0 0 0 0 0 0 0 0 0 0 0 0 0 0 0 0 0 0 0 0 0 0 0 0 0 0 0 0 0 0 0 0 0 0 0 0 0 0 0 0 0 0 0 0 0 0 0 0 0 0 0 0 0 0 0 0 0 0 0 0 0 0 0 0 0 0 0 0 0 0 0 0 0 0 0 0 0 0 0 0 0 0 0 0 0 0 0 0 0 0 0 0 0 0 0 0 0 0 0 0 0 0 0 0 0 0 0 0 0 0 0 0 0 0 0 0 0 0 0 0 0 0 0 0 0 0 0 0 0 0 0 0 0 0 0 0 0 0 0 0 0 0 0 0 0 0 0 0 0 0 0 0 0 0 0 0 0 0 0 0 0 0 0 0 0 0 0 0 0 0 0 0 0 0 0 0 0 0 0 0 0 0 0 0 0 0 0 0 0 0 0 0 0 0 0 0 0 0 0 0 0 0 0 0 0 0 0 0 0 0 0 0 0 0 0 0 0 0 0 0 0 0 
0 0 0 0 180 181 181 181 181 181 182 182 182 182 182 183 183 183 183 183 183 184 184 184 184 184 185 185 185 185 185 186 186 186 186 186 187 187 187 187 187 187 188 188 188 188 188 189 189 189 189 189 189 190 190 190 190 190 190 191 191 191 191 191 192 192 192 192 192 192 193 193 193 193 193 193 194 194 194 194 194 194 195 195 195 195 195 195 196 196 196 196 196 196 197 197 197 197 197 197 198 198 198 198 198 198 199 199 199 199 199 199 199 200 200 200 200 200 200 200 201 201 201 201 201 201 201 202 202 202 202 202 202 202 203 203 203 203 203 203 203 203 203 203 203 204 204 204 204 204 204 204 204 205 205 205 205 205 205 205 205 205 206 206 206 206 206 206 206 206 206 207 207 207 207 207 207 207 207 207 207 208 208 208 208 208 208 208 208 208 208 209 209 209 209 209 209 209 209 209 210 210 210 210 210 210 210 210 210 210 210 210 211 211 211 211 211 211 211 211 211 0 0 0 0 0 0 0 0 0 0 0 0 0 0 0 0 0 0 0 0 0 0 0 0 0 0 0 0 0 0 0 0 0 0 0 0 0 0 0 0 0 0 0 0 0 0 0 0 0 0 0 0 0 0 0 0 0 0 0 0 0 0 0 0 0 0 0 0 0 0 0 0 0 0 0 0 0 0 0 0 0 0 0 0 0 0 0 0 0 0 0 0 0 0 0 0 0 0 0 0 0 0 0 0 0 0 0 0 0 0 0 0 0 0 0 0 0 0 0 0 0 0 0 0 0 0 0 0 0 0 0 0 0 0 0 0 0 0 0 0 0 0 0 0 0 0 0 0 0 0 0 0 0 0 0 0 0 0 0 0 0 0 0 0 0 0 0 0 0 0 0 0 0 0 0 0 0 0 0 0 0 0 0 0 0 0 0 0 0 0 0 0 0 0 0 0 0 0 0 0 0 0 0 0 0 0 0 0 0 0 0 0 0 0 0 0 0 0 0 0 0 0 0 0 0 0 0 0 0 0 0 0 0 0 0 0 0 0 0 0 0 0 0 0 0 0 0 0 0 0 0 0 0 0 0 0 0 0 0 0 0 0 0 0 0 0 0 0 0 0 0 0 0 0 0 0 0 0 0 0 0 0 
0 0 0 0 180 181 181 181 181 182 182 182 182 182 182 183 183 183 183 183 184 184 184 184 184 185 185 185 185 185 185 186 186 186 186 186 187 187 187 187 187 188 188 188 188 188 188 189 189 189 189 189 189 190 190 190 190 190 191 191 191 191 191 191 192 192 192 192 192 192 193 193 193 193 193 193 194 194 194 194 194 194 195 195 195 195 195 195 196 196 196 196 196 196 197 197 197 197 197 197 198 198 198 198 198 198 199 199 199 199 199 199 199 200 200 200 200 200 200 200 201 201 201 201 201 201 201 202 202 202 202 202 202 202 203 203 203 203 203 203 203 203 203 203 204 204 204 204 204 204 204 204 205 205 205 205 205 205 205 205 205 205 206 206 206 206 206 206 206 206 207 207 207 207 207 207 207 207 207 207 208 208 208 208 208 208 208 208 208 208 209 209 209 209 209 209 209 209 209 209 210 210 210 210 210 210 210 210 210 210 210 210 211 211 211 211 211 211 211 211 211 0 0 211 0 0 0 0 0 0 0 0 0 0 0 0 0 0 0 0 0 0 0 0 0 0 0 0 0 0 0 0 0 0 0 0 0 0 0 0 0 0 0 0 0 0 0 0 0 0 0 0 0 0 0 0 0 0 0 0 0 0 0 0 0 0 0 0 0 0 0 0 0 0 0 0 0 0 0 0 0 0 0 0 0 0 0 0 0 0 0 0 0 0 0 0 0 0 0 0 0 0 0 0 0 0 0 0 0 0 0 0 0 0 0 0 0 0 0 0 0 0 0 0 0 0 0 0 0 0 0 0 0 0 0 0 0 0 0 0 0 0 0 0 0 0 0 0 0 0 0 0 0 0 0 0 0 0 0 0 0 0 0 0 0 0 0 0 0 0 0 0 0 0 0 0 0 0 0 0 0 0 0 0 0 0 0 0 0 0 0 0 0 0 0 0 0 0 0 0 0 0 0 0 0 0 0 0 0 0 0 0 0 0 0 0 0 0 0 0 0 0 0 0 0 0 0 0 0 0 0 0 0 0 0 0 0 0 0 0 0 0 0 0 0 0 0 0 0 0 0 0 0 0 0 0 0 0 0 0 0 0 0 0 0 0 0 0 0 0 0 0 0 0 0 0 0 0 0 0 0 0 0 
0 0 0 0 0 181 181 181 181 182 182 182 182 182 182 183 183 183 183 183 184 184 184 184 184 185 185 185 185 185 186 186 186 186 186 186 187 187 187 187 187 188 188 188 188 188 188 189 189 189 189 189 189 190 190 190 190 190 191 191 191 191 191 191 192 192 192 192 192 193 193 193 193 193 193 194 194 194 194 194 194 195 195 195 195 195 195 195 196 196 196 196 196 197 197 197 197 197 197 198 198 198 198 198 198 199 199 199 199 199 199 199 200 200 200 200 200 200 200 201 201 201 201 201 201 201 201 202 202 202 202 202 202 202 203 203 203 203 203 203 203 204 203 203 204 204 204 204 204 204 204 204 205 205 205 205 205 205 205 205 205 205 206 206 206 206 206 206 206 206 207 207 207 207 207 207 207 207 207 207 208 208 208 208 208 208 208 208 208 208 209 209 209 209 209 209 209 209 209 209 210 210 210 210 210 210 210 210 210 210 210 210 211 211 211 211 211 211 211 211 211 211 211 211 0 0 0 0 0 0 0 0 0 0 0 0 0 0 0 0 0 0 0 0 0 0 0 0 0 0 0 0 0 0 0 0 0 0 0 0 0 0 0 0 0 0 0 0 0 0 0 0 0 0 0 0 0 0 0 0 0 0 0 0 0 0 0 0 0 0 0 0 0 0 0 0 0 0 0 0 0 0 0 0 0 0 0 0 0 0 0 0 0 0 0 0 0 0 0 0 0 0 0 0 0 0 0 0 0 0 0 0 0 0 0 0 0 0 0 0 0 0 0 0 0 0 0 0 0 0 0 0 0 0 0 0 0 0 0 0 0 0 0 0 0 0 0 0 0 0 0 0 0 0 0 0 0 0 0 0 0 0 0 0 0 0 0 0 0 0 0 0 0 0 0 0 0 0 0 0 0 0 0 0 0 0 0 0 0 0 0 0 0 0 0 0 0 0 0 0 0 0 0 0 0 0 0 0 0 0 0 0 0 0 0 0 0 0 0 0 0 0 0 0 0 0 0 0 0 0 0 0 0 0 0 0 0 0 0 0 0 0 0 0 0 0 0 0 0 0 0 0 0 0 0 0 0 0 0 0 0 0 0 0 0 0 0 0 0 0 0 0 0 0 0 0 0 0 0 0 0 0 0 
0 0 0 0 0 0 0 0 181 182 182 182 182 182 182 183 183 183 183 183 184 184 184 184 184 185 185 185 185 185 186 186 186 186 186 186 187 187 187 187 187 188 188 188 188 188 188 189 189 189 189 189 190 190 190 190 190 190 191 191 191 191 191 192 192 192 192 192 192 193 193 193 193 193 193 194 194 194 194 194 194 195 195 195 195 195 195 195 196 196 196 196 196 197 197 197 197 197 197 198 198 198 198 198 198 199 199 199 199 199 199 199 200 200 200 200 200 200 200 201 201 201 201 201 201 201 202 202 202 202 202 202 202 203 203 203 203 203 203 203 203 204 203 203 204 204 204 204 204 204 204 204 205 205 205 205 205 205 205 205 205 206 206 206 206 206 206 206 206 206 207 207 207 207 207 207 207 207 207 207 208 208 208 208 208 208 208 208 208 208 209 209 209 209 209 209 209 209 209 209 210 210 210 210 210 210 210 210 210 210 210 210 211 211 211 211 211 211 211 211 211 211 211 211 212 0 0 0 0 0 0 0 0 0 0 0 212 213 213 0 0 0 0 0 0 0 0 0 0 0 0 0 0 0 0 0 0 0 0 0 0 0 0 0 0 0 0 0 0 0 0 0 0 0 0 0 0 0 0 0 0 0 0 0 0 0 0 0 0 0 0 0 0 0 0 0 0 0 0 0 0 0 0 0 0 0 0 0 0 0 0 0 0 0 0 0 0 0 0 0 0 0 0 0 0 0 0 0 0 0 0 0 0 0 0 0 0 0 0 0 0 0 0 0 0 0 0 0 0 0 0 0 0 0 0 0 0 0 0 0 0 0 0 0 0 0 0 0 0 0 0 0 0 0 0 0 0 0 0 0 0 0 0 0 0 0 0 0 0 0 0 0 0 0 0 0 0 0 0 0 0 0 0 0 0 0 0 0 0 0 0 0 0 0 0 0 0 0 0 0 0 0 0 0 0 0 0 0 0 0 0 0 0 0 0 0 0 0 0 0 0 0 0 0 0 0 0 0 0 0 0 0 0 0 0 0 0 0 0 0 0 0 0 0 0 0 0 0 0 0 0 0 0 0 0 0 0 0 0 0 0 0 0 0 0 0 0 0 0 0 0 0 0 0 0 0 0 0 0 0 0 0 0 
0 0 0 0 0 0 0 0 0 182 182 182 182 182 183 183 183 183 183 183 184 184 184 184 184 185 185 185 185 185 186 186 186 186 186 186 187 187 187 187 187 188 188 188 188 188 189 189 189 189 189 189 190 190 190 190 190 190 191 191 191 191 191 192 192 192 192 192 192 193 193 193 193 193 193 194 194 194 194 194 194 195 195 195 195 195 195 196 196 196 196 196 196 197 197 197 197 197 198 198 198 198 198 198 198 199 199 199 199 199 199 200 200 200 200 200 200 200 200 201 201 201 201 201 201 201 202 202 202 202 202 202 202 203 203 203 203 203 203 203 204 204 203 204 204 204 204 204 204 204 204 205 205 205 205 205 205 205 205 205 206 206 206 206 206 206 206 206 206 206 207 207 207 207 207 207 207 207 207 208 208 208 208 208 208 208 208 208 208 208 209 209 209 209 209 209 209 209 209 209 210 210 210 210 210 210 210 210 210 210 210 210 211 211 211 211 211 211 211 211 211 211 211 211 212 0 0 0 0 0 0 0 0 0 0 212 212 213 213 213 213 0 0 0 0 0 0 0 0 0 0 0 0 0 0 0 0 0 0 0 0 0 0 0 0 0 0 0 0 0 0 0 0 0 0 0 0 0 0 0 0 0 0 0 0 0 0 0 0 0 0 0 0 0 0 0 0 0 0 0 0 0 0 0 0 0 0 0 0 0 0 0 0 0 0 0 0 0 0 0 0 0 0 0 0 0 0 0 0 0 0 0 0 0 0 0 0 0 0 0 0 0 0 0 0 0 0 0 0 0 0 0 0 0 0 0 0 0 0 0 0 0 0 0 0 0 0 0 0 0 0 0 0 0 0 0 0 0 0 0 0 0 0 0 0 0 0 0 0 0 0 0 0 0 0 0 0 0 0 0 0 0 0 0 0 0 0 0 0 0 0 0 0 0 0 0 0 0 0 0 0 0 0 0 0 0 0 0 0 0 0 0 0 0 0 0 0 0 0 0 0 0 0 0 0 0 0 0 0 0 0 0 0 0 0 0 0 0 0 0 0 0 0 0 0 0 0 0 0 0 0 0 0 0 0 0 0 0 0 0 0 0 0 0 0 0 0 0 0 0 0 0 0 0 0 0 0 0 0 0 0 0 0 
0 0 0 0 0 0 0 0 0 182 182 182 182 182 183 183 183 183 183 183 184 184 184 184 185 185 185 185 185 185 186 186 186 186 186 187 187 187 187 187 187 188 188 188 188 188 189 189 189 189 189 189 190 190 190 190 190 190 191 191 191 191 191 192 192 192 192 192 192 193 193 193 193 193 194 194 194 194 194 194 195 195 195 195 195 195 195 196 196 196 196 196 196 197 197 197 197 197 198 198 198 198 198 198 199 199 199 199 199 199 199 200 200 200 200 200 200 200 201 201 201 201 201 201 201 202 202 202 202 202 202 202 202 203 203 203 203 203 203 203 204 204 203 204 204 204 204 204 204 204 204 205 205 205 205 205 205 205 205 205 206 206 206 206 206 206 206 206 206 207 207 207 207 207 207 207 207 207 207 208 208 208 208 208 208 208 208 208 208 209 209 209 209 209 209 209 209 209 209 209 210 210 210 210 210 210 210 210 210 210 210 211 211 211 211 211 211 211 211 211 211 211 211 211 212 0 0 0 0 0 0 0 0 0 0 212 212 212 213 213 0 0 0 0 0 0 0 0 0 0 0 0 0 0 0 0 0 0 0 0 0 0 0 0 0 0 0 0 0 0 0 0 0 0 0 0 0 0 0 0 0 0 0 0 0 0 0 0 0 0 0 0 0 0 0 0 0 0 0 0 0 0 0 0 0 0 0 0 0 0 0 0 0 0 0 0 0 0 0 0 0 0 0 0 0 0 0 0 0 0 0 0 0 0 0 0 0 0 0 0 0 0 0 0 0 0 0 0 0 0 0 0 0 0 0 0 0 0 0 0 0 0 0 0 0 0 0 0 0 0 0 0 0 0 0 0 0 0 0 0 0 0 0 0 0 0 0 0 0 0 0 0 0 0 0 0 0 0 0 0 0 0 0 0 0 0 0 0 0 0 0 0 0 0 0 0 0 0 0 0 0 0 0 0 0 0 0 0 0 0 0 0 0 0 0 0 0 0 0 0 0 0 0 0 0 0 0 0 0 0 0 0 0 0 0 0 0 0 0 0 0 0 0 0 0 0 0 0 0 0 0 0 0 0 0 0 0 0 0 0 0 0 0 0 0 0 0 0 0 0 0 0 0 0 0 0 0 0 0 0 0 0 0 
0 0 0 0 0 0 0 0 0 182 182 182 182 182 183 183 183 183 183 184 184 184 184 184 184 185 185 185 185 185 186 186 186 186 186 187 187 187 187 187 187 188 188 188 188 188 189 189 189 189 189 190 190 190 190 190 190 191 191 191 191 191 191 192 192 192 192 192 193 193 193 193 193 193 194 194 194 194 194 194 195 195 195 195 195 195 195 196 196 196 196 196 196 197 197 197 197 197 198 198 198 198 198 198 199 199 199 199 199 199 199 200 200 200 200 200 200 200 201 201 201 201 201 201 201 202 202 202 202 202 202 202 203 203 203 203 203 203 203 203 204 204 203 204 204 204 204 204 204 204 204 205 205 205 205 205 205 205 205 205 206 206 206 206 206 206 206 206 206 207 207 207 207 207 207 207 207 207 207 208 208 208 208 208 208 208 208 208 208 209 209 209 209 209 209 209 209 209 209 210 210 210 210 210 210 210 210 210 210 210 210 211 211 211 211 211 211 211 211 211 211 211 211 211 212 212 0 0 0 212 212 212 212 212 212 212 212 212 213 213 0 0 0 0 0 0 0 0 0 0 0 0 0 0 0 0 0 0 0 0 0 0 0 0 0 0 0 0 0 0 0 0 0 0 0 0 0 0 0 0 0 0 0 0 0 0 0 0 0 0 0 0 0 0 0 0 0 0 0 0 0 0 0 0 0 0 0 0 0 0 0 0 0 0 0 0 0 0 0 0 0 0 0 0 0 0 0 0 0 0 0 0 0 0 0 0 0 0 0 0 0 0 0 0 0 0 0 0 0 0 0 0 0 0 0 0 0 0 0 0 0 0 0 0 0 0 0 0 0 0 0 0 0 0 0 0 0 0 0 0 0 0 0 0 0 0 0 0 0 0 0 0 0 0 0 0 0 0 0 0 0 0 0 0 0 0 0 0 0 0 0 0 0 0 0 0 0 0 0 0 0 0 0 0 0 0 0 0 0 0 0 0 0 0 0 0 0 0 0 0 0 0 0 0 0 0 0 0 0 0 0 0 0 0 0 0 0 0 0 0 0 0 0 0 0 0 0 0 0 0 0 0 0 0 0 0 0 0 0 0 0 0 0 0 0 0 0 0 0 0 0 0 0 0 0 0 0 0 0 0 0 0 0 
0 0 0 0 0 0 0 0 0 0 182 182 182 182 183 183 183 183 183 184 184 184 184 184 185 185 185 185 185 186 186 186 186 186 186 187 187 187 187 187 188 188 188 188 188 188 189 189 189 189 189 190 190 190 190 190 190 191 191 191 191 191 191 192 192 192 192 192 193 193 193 193 193 193 194 194 194 194 194 194 195 195 195 195 195 195 196 196 196 196 196 196 197 197 197 197 197 197 198 198 198 198 198 198 199 199 199 199 199 199 200 200 200 200 200 200 200 200 201 201 201 201 201 201 202 202 202 202 202 202 202 202 203 203 203 203 203 203 203 204 204 204 204 204 204 204 204 204 204 204 204 205 205 205 205 205 205 205 205 205 206 206 206 206 206 206 206 206 206 207 207 207 207 207 207 207 207 207 207 208 208 208 208 208 208 208 208 208 208 209 209 209 209 209 209 209 209 209 209 210 210 210 210 210 210 210 210 210 210 210 210 211 211 211 211 211 211 211 211 211 211 211 211 211 212 212 212 212 212 212 212 212 212 212 212 212 212 212 213 0 0 0 0 0 0 0 0 0 0 0 0 0 0 0 0 0 0 0 0 0 0 0 0 0 0 0 0 0 0 0 0 0 0 0 0 0 0 0 0 0 0 0 0 0 0 0 0 0 0 0 0 0 0 0 0 0 0 0 0 0 0 0 0 0 0 0 0 0 0 0 0 0 0 0 0 0 0 0 0 0 0 0 0 0 0 0 0 0 0 0 0 0 0 0 0 0 0 0 0 0 0 0 0 0 0 0 0 0 0 0 0 0 0 0 0 0 0 0 0 0 0 0 0 0 0 0 0 0 0 0 0 0 0 0 0 0 0 0 0 0 0 0 0 0 0 0 0 0 0 0 0 0 0 0 0 0 0 0 0 0 0 0 0 0 0 0 0 0 0 0 0 0 0 0 0 0 0 0 0 0 0 0 0 0 0 0 0 0 0 0 0 0 0 0 0 0 0 0 0 0 0 0 0 0 0 0 0 0 0 0 0 0 0 0 0 0 0 0 0 0 0 0 0 0 0 0 0 0 0 0 0 0 0 0 0 0 0 0 0 0 0 0 0 0 0 0 0 0 0 0 0 0 0 0 0 0 0 0 0 0 0 0 0 
0 0 0 0 0 0 0 0 0 0 182 182 182 182 183 183 183 183 183 184 184 184 184 184 185 185 185 185 185 186 186 186 186 186 186 187 187 187 187 187 188 188 188 188 188 188 189 189 189 189 189 190 190 190 190 190 190 191 191 191 191 191 191 192 192 192 192 192 192 193 193 193 193 193 194 194 194 194 194 194 195 195 195 195 195 195 196 196 196 196 196 196 197 197 197 197 197 197 198 198 198 198 198 199 199 199 199 199 199 199 200 200 200 200 200 200 200 201 201 201 201 201 201 201 202 202 202 202 202 202 202 203 203 203 203 203 203 203 203 204 204 204 204 204 204 204 204 204 204 204 205 205 205 205 205 205 205 205 205 206 206 206 206 206 206 206 206 206 207 207 207 207 207 207 207 207 207 207 208 208 208 208 208 208 208 208 208 208 208 209 209 209 209 209 209 209 209 209 209 210 210 210 210 210 210 210 210 210 210 210 210 211 211 211 211 211 211 211 211 211 211 211 211 211 212 212 212 212 212 212 212 212 212 212 212 212 212 212 0 0 0 0 0 0 0 0 0 0 0 0 0 0 0 0 0 0 0 0 0 0 0 0 0 0 0 0 0 0 0 0 0 0 0 0 0 0 0 0 0 0 0 0 0 0 0 0 0 0 0 0 0 0 0 0 0 0 0 0 0 0 0 0 0 0 0 0 0 0 0 0 0 0 0 0 0 0 0 0 0 0 0 0 0 0 0 0 0 0 0 0 0 0 0 0 0 0 0 0 0 0 0 0 0 0 0 0 0 0 0 0 0 0 0 0 0 0 0 0 0 0 0 0 0 0 0 0 0 0 0 0 0 0 0 0 0 0 0 0 0 0 0 0 0 0 0 0 0 0 0 0 0 0 0 0 0 0 0 0 0 0 0 0 0 0 0 0 0 0 0 0 0 0 0 0 0 0 0 0 0 0 0 0 0 0 0 0 0 0 0 0 0 0 0 0 0 0 0 0 0 0 0 0 0 0 0 0 0 0 0 0 0 0 0 0 0 0 0 0 0 0 0 0 0 0 0 0 0 0 0 0 0 0 0 0 0 0 0 0 0 0 0 0 0 0 0 0 0 0 0 0 0 0 0 0 0 0 0 0 0 0 0 0 0 
0 0 0 0 0 0 0 0 0 0 182 182 182 182 183 183 183 183 183 184 184 184 184 184 185 185 185 185 185 186 186 186 186 186 186 187 187 187 187 187 188 188 188 188 188 189 189 189 189 189 189 190 190 190 190 190 190 191 191 191 191 191 192 192 192 192 192 192 193 193 193 193 193 193 194 194 194 194 194 195 195 195 195 195 195 195 196 196 196 196 196 196 197 197 197 197 197 197 198 198 198 198 198 199 199 199 199 199 199 199 200 200 200 200 200 200 200 201 201 201 201 201 201 201 202 202 202 202 202 202 202 203 203 203 203 203 203 203 203 204 204 204 204 204 204 204 204 204 204 204 205 205 205 205 205 205 205 205 205 206 206 206 206 206 206 206 206 206 207 207 207 207 207 207 207 207 207 207 208 208 208 208 208 208 208 208 208 208 208 209 209 209 209 209 209 209 209 209 209 210 210 210 210 210 210 210 210 210 210 210 210 211 211 211 211 211 211 211 211 211 211 211 211 211 212 212 212 212 212 212 212 212 212 212 212 212 212 212 0 0 0 0 0 0 0 0 0 0 0 0 0 0 0 0 0 0 0 0 0 0 0 0 0 0 0 0 0 0 0 0 0 0 0 0 0 0 0 0 0 0 0 0 0 0 0 0 0 0 0 0 0 0 0 0 0 0 0 0 0 0 0 0 0 0 0 0 0 0 0 0 0 0 0 0 0 0 0 0 0 0 0 0 0 0 0 0 0 0 0 0 0 0 0 0 0 0 0 0 0 0 0 0 0 0 0 0 0 0 0 0 0 0 0 0 0 0 0 0 0 0 0 0 0 0 0 0 0 0 0 0 0 0 0 0 0 0 0 0 0 0 0 0 0 0 0 0 0 0 0 0 0 0 0 0 0 0 0 0 0 0 0 0 0 0 0 0 0 0 0 0 0 0 0 0 0 0 0 0 0 0 0 0 0 0 0 0 0 0 0 0 0 0 0 0 0 0 0 0 0 0 0 0 0 0 0 0 0 0 0 0 0 0 0 0 0 0 0 0 0 0 0 0 0 0 0 0 0 0 0 0 0 0 0 0 0 0 0 0 0 0 0 0 0 0 0 0 0 0 0 0 0 0 0 0 0 0 0 0 0 0 0 0 0 
0 0 0 0 0 0 0 0 0 0 182 182 182 183 183 183 183 183 183 184 184 184 184 184 185 185 185 185 185 186 186 186 186 186 187 187 187 187 187 187 188 188 188 188 188 189 189 189 189 189 189 190 190 190 190 190 191 191 191 191 191 191 192 192 192 192 192 192 193 193 193 193 193 194 194 194 194 194 194 195 195 195 195 195 195 196 196 196 196 196 196 197 197 197 197 197 197 197 198 198 198 198 198 199 199 199 199 199 199 200 200 200 200 200 200 200 201 201 201 201 201 201 201 201 202 202 202 202 202 202 202 203 203 203 203 203 203 203 203 204 204 204 204 204 204 204 204 204 204 205 205 205 205 205 205 205 205 205 205 206 206 206 206 206 206 206 206 206 207 207 207 207 207 207 207 207 207 207 208 208 208 208 208 208 208 208 208 208 209 209 209 209 209 209 209 209 209 209 209 210 210 210 210 210 210 210 210 210 210 210 210 211 211 211 211 211 211 211 211 211 211 211 211 211 212 212 212 212 212 212 212 212 212 212 212 212 212 212 0 0 0 0 0 0 0 0 0 0 0 0 0 0 0 0 0 0 0 0 0 0 0 0 0 0 0 0 0 0 0 0 0 0 0 0 0 0 0 0 0 0 0 0 0 0 0 0 0 0 0 0 0 0 0 0 0 0 0 0 0 0 0 0 0 0 0 0 0 0 0 0 0 0 0 0 0 0 0 0 0 0 0 0 0 0 0 0 0 0 0 0 0 0 0 0 0 0 0 0 0 0 0 0 0 0 0 0 0 0 0 0 0 0 0 0 0 0 0 0 0 0 0 0 0 0 0 0 0 0 0 0 0 0 0 0 0 0 0 0 0 0 0 0 0 0 0 0 0 0 0 0 0 0 0 0 0 0 0 0 0 0 0 0 0 0 0 0 0 0 0 0 0 0 0 0 0 0 0 0 0 0 0 0 0 0 0 0 0 0 0 0 0 0 0 0 0 0 0 0 0 0 0 0 0 0 0 0 0 0 0 0 0 0 0 0 0 0 0 0 0 0 0 0 0 0 0 0 0 0 0 0 0 0 0 0 0 0 0 0 0 0 0 0 0 0 0 0 0 0 0 0 0 0 0 0 0 0 0 0 0 0 0 0 0 
0 0 0 0 0 0 0 0 0 0 0 182 182 183 183 183 183 183 184 184 184 184 184 185 185 185 185 185 185 186 186 186 186 186 187 187 187 187 187 187 188 188 188 188 188 189 189 189 189 189 189 190 190 190 190 190 191 191 191 191 191 191 192 192 192 192 192 192 193 193 193 193 193 194 194 194 194 194 194 195 195 195 195 195 195 196 196 196 196 196 196 197 197 197 197 197 197 198 198 198 198 198 198 199 199 199 199 199 199 200 200 200 200 200 200 200 201 201 201 201 201 201 201 202 202 202 202 202 202 202 203 203 203 203 203 203 203 203 204 204 204 204 204 204 204 204 204 204 204 205 205 205 205 205 205 205 205 205 206 206 206 206 206 206 206 206 206 207 207 207 207 207 207 207 207 207 207 208 208 208 208 208 208 208 208 208 208 208 209 209 209 209 209 209 209 209 209 209 209 210 210 210 210 210 210 210 210 210 210 210 210 211 211 211 211 211 211 211 211 211 211 211 211 211 211 212 212 212 212 212 212 212 212 212 212 212 212 212 0 0 0 0 0 0 0 0 0 0 0 0 0 0 0 0 0 0 0 0 0 0 0 0 0 0 0 0 0 0 0 0 0 0 0 0 0 0 0 0 0 0 0 0 0 0 0 0 0 0 0 0 0 0 0 0 0 0 0 0 0 0 0 0 0 0 0 0 0 0 0 0 0 0 0 0 0 0 0 0 0 0 0 0 0 0 0 0 0 0 0 0 0 0 0 0 0 0 0 0 0 0 0 0 0 0 0 0 0 0 0 0 0 0 0 0 0 0 0 0 0 0 0 0 0 0 0 0 0 0 0 0 0 0 0 0 0 0 0 0 0 0 0 0 0 0 0 0 0 0 0 0 0 0 0 0 0 0 0 0 0 0 0 0 0 0 0 0 0 0 0 0 0 0 0 0 0 0 0 0 0 0 0 0 0 0 0 0 0 0 0 0 0 0 0 0 0 0 0 0 0 0 0 0 0 0 0 0 0 0 0 0 0 0 0 0 0 0 0 0 0 0 0 0 0 0 0 0 0 0 0 0 0 0 0 0 0 0 0 0 0 0 0 0 0 0 0 0 0 0 0 0 0 0 0 0 0 0 0 0 0 0 0 0 0 
0 0 0 0 0 0 0 0 0 0 0 182 182 183 183 183 183 183 184 184 184 184 184 185 185 185 185 185 185 186 186 186 186 186 187 187 187 187 187 187 188 188 188 188 188 189 189 189 189 189 190 190 190 190 190 190 191 191 191 191 191 191 192 192 192 192 192 192 193 193 193 193 193 194 194 194 194 194 194 195 195 195 195 195 195 196 196 196 196 196 196 197 197 197 197 197 198 198 198 198 198 198 198 199 199 199 199 199 199 200 200 200 200 200 200 200 201 201 201 201 201 201 201 202 202 202 202 202 202 202 203 203 203 203 203 203 203 203 204 204 204 204 204 204 204 204 204 204 204 205 205 205 205 205 205 205 205 205 206 206 206 206 206 206 206 206 206 207 207 207 207 207 207 207 207 207 207 208 208 208 208 208 208 208 208 208 208 208 209 209 209 209 209 209 209 209 209 209 209 210 210 210 210 210 210 210 210 210 210 210 210 211 211 211 211 211 211 211 211 211 211 211 211 211 211 212 212 212 212 212 212 212 212 212 212 212 212 212 0 0 0 0 0 0 0 0 0 0 0 0 0 0 0 0 0 0 0 0 0 0 0 0 0 0 0 0 0 0 0 0 0 0 0 0 0 0 0 0 0 0 0 0 0 0 0 0 0 0 0 0 0 0 0 0 0 0 0 0 0 0 0 0 0 0 0 0 0 0 0 0 0 0 0 0 0 0 0 0 0 0 0 0 0 0 0 0 0 0 0 0 0 0 0 0 0 0 0 0 0 0 0 0 0 0 0 0 0 0 0 0 0 0 0 0 0 0 0 0 0 0 0 0 0 0 0 0 0 0 0 0 0 0 0 0 0 0 0 0 0 0 0 0 0 0 0 0 0 0 0 0 0 0 0 0 0 0 0 0 0 0 0 0 0 0 0 0 0 0 0 0 0 0 0 0 0 0 0 0 0 0 0 0 0 0 0 0 0 0 0 0 0 0 0 0 0 0 0 0 0 0 0 0 0 0 0 0 0 0 0 0 0 0 0 0 0 0 0 0 0 0 0 0 0 0 0 0 0 0 0 0 0 0 0 0 0 0 0 0 0 0 0 0 0 0 0 0 0 0 0 0 0 0 0 0 0 0 0 0 0 0 0 0 0 
0 0 0 0 0 0 0 0 0 0 0 0 182 183 183 183 183 183 184 184 184 184 184 185 185 185 185 185 185 186 186 186 186 186 187 187 187 187 187 188 188 188 188 188 188 189 189 189 189 189 190 190 190 190 190 190 191 191 191 191 191 192 192 192 192 192 192 192 193 193 193 193 193 194 194 194 194 194 194 195 195 195 195 195 196 196 196 196 196 196 197 197 197 197 197 197 198 198 198 198 198 198 198 199 199 199 199 199 200 200 200 200 200 200 200 201 201 201 201 201 201 201 202 202 202 202 202 202 202 202 203 203 203 203 203 203 203 204 204 204 204 204 204 204 204 204 204 204 205 205 205 205 205 205 205 205 205 206 206 206 206 206 206 206 206 206 206 207 207 207 207 207 207 207 207 207 207 208 208 208 208 208 208 208 208 208 208 208 209 209 209 209 209 209 209 209 209 209 210 210 210 210 210 210 210 210 210 210 210 210 210 211 211 211 211 211 211 211 211 211 211 211 211 211 211 212 212 212 212 212 212 212 212 212 212 212 212 212 0 0 0 0 0 0 0 0 0 0 0 0 0 0 0 0 0 0 0 0 0 0 0 0 0 0 0 0 0 0 0 0 0 0 0 0 0 0 0 0 0 0 0 0 0 0 0 0 0 0 0 0 0 0 0 0 0 0 0 0 0 0 0 0 0 0 0 0 0 0 0 0 0 0 0 0 0 0 0 0 0 0 0 0 0 0 0 0 0 0 0 0 0 0 0 0 0 0 0 0 0 0 0 0 0 0 0 0 0 0 0 0 0 0 0 0 0 0 0 0 0 0 0 0 0 0 0 0 0 0 0 0 0 0 0 0 0 0 0 0 0 0 0 0 0 0 0 0 0 0 0 0 0 0 0 0 0 0 0 0 0 0 0 0 0 0 0 0 0 0 0 0 0 0 0 0 0 0 0 0 0 0 0 0 0 0 0 0 0 0 0 0 0 0 0 0 0 0 0 0 0 0 0 0 0 0 0 0 0 0 0 0 0 0 0 0 0 0 0 0 0 0 0 0 0 0 0 0 0 0 0 0 0 0 0 0 0 0 0 0 0 0 0 0 0 0 0 0 0 0 0 0 0 0 0 0 0 0 0 0 0 0 0 0 0 
0 0 0 0 0 0 0 0 0 0 0 0 0 0 183 183 183 183 184 184 184 184 184 185 185 185 185 185 185 186 186 186 186 186 187 187 187 187 187 188 188 188 188 188 188 189 189 189 189 189 190 190 190 190 190 190 191 191 191 191 191 192 192 192 192 192 192 193 193 193 193 193 193 194 194 194 194 194 194 195 195 195 195 195 196 196 196 196 196 196 197 197 197 197 197 198 198 198 198 198 198 198 199 199 199 199 199 199 200 200 200 200 200 200 200 201 201 201 201 201 201 201 202 202 202 202 202 202 202 203 203 203 203 203 203 203 203 204 204 204 204 204 204 204 204 204 204 204 205 205 205 205 205 205 205 205 205 206 206 206 206 206 206 206 206 206 207 207 207 207 207 207 207 207 207 207 207 208 208 208 208 208 208 208 208 208 208 208 209 209 209 209 209 209 209 209 209 209 210 210 210 210 210 210 210 210 210 210 210 210 210 211 211 211 211 211 211 211 211 211 211 211 211 211 211 212 212 212 212 212 212 212 212 212 212 212 212 212 0 0 0 0 0 0 0 0 0 0 0 0 0 0 0 0 0 0 0 0 0 0 0 0 0 0 0 0 0 0 0 0 0 0 0 0 0 0 0 0 0 0 0 0 0 0 0 0 0 0 0 0 0 0 0 0 0 0 0 0 0 0 0 0 0 0 0 0 0 0 0 0 0 0 0 0 0 0 0 0 0 0 0 0 0 0 0 0 0 0 0 0 0 0 0 0 0 0 0 0 0 0 0 0 0 0 0 0 0 0 0 0 0 0 0 0 0 0 0 0 0 0 0 0 0 0 0 0 0 0 0 0 0 0 0 0 0 0 0 0 0 0 0 0 0 0 0 0 0 0 0 0 0 0 0 0 0 0 0 0 0 0 0 0 0 0 0 0 0 0 0 0 0 0 0 0 0 0 0 0 0 0 0 0 0 0 0 0 0 0 0 0 0 0 0 0 0 0 0 0 0 0 0 0 0 0 0 0 0 0 0 0 0 0 0 0 0 0 0 0 0 0 0 0 0 0 0 0 0 0 0 0 0 0 0 0 0 0 0 0 0 0 0 0 0 0 0 0 0 0 0 0 0 0 0 0 0 0 0 0 0 0 0 0 0 
0 0 0 0 0 0 0 0 0 0 0 0 0 0 0 0 0 183 184 184 184 184 184 185 185 185 185 185 186 186 186 186 186 186 187 187 187 187 187 188 188 188 188 188 189 189 189 189 189 189 190 190 190 190 190 191 191 191 191 191 191 192 192 192 192 192 192 193 193 193 193 193 193 194 194 194 194 194 195 195 195 195 195 195 196 196 196 196 196 196 197 197 197 197 197 198 198 198 198 198 198 198 199 199 199 199 199 199 200 200 200 200 200 200 200 201 201 201 201 201 201 202 202 202 202 202 202 202 202 203 203 203 203 203 203 203 203 204 204 204 204 204 204 204 204 204 204 204 205 205 205 205 205 205 205 205 206 206 206 206 206 206 206 206 206 206 207 207 207 207 207 207 207 207 207 207 208 208 208 208 208 208 208 208 208 208 208 209 209 209 209 209 209 209 209 209 209 209 210 210 210 210 210 210 210 210 210 210 210 210 210 211 211 211 211 211 211 211 211 211 211 211 211 211 211 212 212 212 212 212 212 212 212 212 212 212 212 212 0 0 0 0 0 0 0 0 0 0 0 0 0 0 0 0 0 0 0 0 0 0 0 0 0 0 0 0 0 0 0 0 0 0 0 0 0 0 0 0 0 0 0 0 0 0 0 0 0 0 0 0 0 0 0 0 0 0 0 0 0 0 0 0 0 0 0 0 0 0 0 0 0 0 0 0 0 0 0 0 0 0 0 0 0 0 0 0 0 0 0 0 0 0 0 0 0 0 0 0 0 0 0 0 0 0 0 0 0 0 0 0 0 0 0 0 0 0 0 0 0 0 0 0 0 0 0 0 0 0 0 0 0 0 0 0 0 0 0 0 0 0 0 0 0 0 0 0 0 0 0 0 0 0 0 0 0 0 0 0 0 0 0 0 0 0 0 0 0 0 0 0 0 0 0 0 0 0 0 0 0 0 0 0 0 0 0 0 0 0 0 0 0 0 0 0 0 0 0 0 0 0 0 0 0 0 0 0 0 0 0 0 0 0 0 0 0 0 0 0 0 0 0 0 0 0 0 0 0 0 0 0 0 0 0 0 0 0 0 0 0 0 0 0 0 0 0 0 0 0 0 0 0 0 0 0 0 0 0 0 0 0 0 0 0 
0 0 0 0 0 0 0 0 0 0 0 0 0 0 0 0 0 0 184 184 184 184 184 185 185 185 185 185 186 186 186 186 186 186 187 187 187 187 187 188 188 188 188 188 189 189 189 189 189 189 190 190 190 190 190 191 191 191 191 191 191 192 192 192 192 192 192 193 193 193 193 193 193 194 194 194 194 194 194 195 195 195 195 195 196 196 196 196 196 196 197 197 197 197 197 198 198 198 198 198 198 199 199 199 199 199 199 199 200 200 200 200 200 200 201 201 201 201 201 201 201 202 202 202 202 202 202 202 202 203 203 203 203 203 203 203 204 204 204 204 204 204 204 204 204 204 204 205 205 205 205 205 205 205 205 205 206 206 206 206 206 206 206 206 206 206 207 207 207 207 207 207 207 207 207 207 208 208 208 208 208 208 208 208 208 208 208 209 209 209 209 209 209 209 209 209 209 209 210 210 210 210 210 210 210 210 210 210 210 210 210 211 211 211 211 211 211 211 211 211 211 211 211 211 211 211 212 212 212 212 212 212 212 212 212 212 212 212 0 0 0 0 0 0 0 0 0 0 0 0 0 0 0 0 0 0 0 0 0 0 0 0 0 0 0 0 0 0 0 0 0 0 0 0 0 0 0 0 0 0 0 0 0 0 0 0 0 0 0 0 0 0 0 0 0 0 0 0 0 0 0 0 0 0 0 0 0 0 0 0 0 0 0 0 0 0 0 0 0 0 0 0 0 0 0 0 0 0 0 0 0 0 0 0 0 0 0 0 0 0 0 0 0 0 0 0 0 0 0 0 0 0 0 0 0 0 0 0 0 0 0 0 0 0 0 0 0 0 0 0 0 0 0 0 0 0 0 0 0 0 0 0 0 0 0 0 0 0 0 0 0 0 0 0 0 0 0 0 0 0 0 0 0 0 0 0 0 0 0 0 0 0 0 0 0 0 0 0 0 0 0 0 0 0 0 0 0 0 0 0 0 0 0 0 0 0 0 0 0 0 0 0 0 0 0 0 0 0 0 0 0 0 0 0 0 0 0 0 0 0 0 0 0 0 0 0 0 0 0 0 0 0 0 0 0 0 0 0 0 0 0 0 0 0 0 0 0 0 0 0 0 0 0 0 0 0 0 0 0 0 0 0 0 
0 0 0 0 0 0 0 0 0 0 0 0 0 0 0 0 0 0 184 184 184 184 184 185 185 185 185 185 186 186 186 186 186 187 187 187 187 187 187 188 188 188 188 188 189 189 189 189 189 189 190 190 190 190 190 191 191 191 191 191 191 192 192 192 192 192 193 193 193 193 193 193 194 194 194 194 194 194 195 195 195 195 195 195 196 196 196 196 196 196 197 197 197 197 197 198 198 198 198 198 198 199 199 199 199 199 199 199 200 200 200 200 200 200 201 201 201 201 201 201 201 202 202 202 202 202 202 202 203 203 203 203 203 203 203 203 204 204 204 204 204 204 204 204 204 204 204 205 205 205 205 205 205 205 205 205 206 206 206 206 206 206 206 206 206 207 207 207 207 207 207 207 207 207 207 207 208 208 208 208 208 208 208 208 208 208 208 209 209 209 209 209 209 209 209 209 209 209 210 210 210 210 210 210 210 210 210 210 210 210 210 211 211 211 211 211 211 211 211 211 211 211 211 211 211 211 212 212 212 212 212 212 212 212 212 212 212 212 0 0 0 0 0 0 0 0 0 0 0 0 0 0 0 0 0 0 0 0 0 0 0 0 0 0 0 0 0 0 0 0 0 0 0 0 0 0 0 0 0 0 0 0 0 0 0 0 0 0 0 0 0 0 0 0 0 0 0 0 0 0 0 0 0 0 0 0 0 0 0 0 0 0 0 0 0 0 0 0 0 0 0 0 0 0 0 0 0 0 0 0 0 0 0 0 0 0 0 0 0 0 0 0 0 0 0 0 0 0 0 0 0 0 0 0 0 0 0 0 0 0 0 0 0 0 0 0 0 0 0 0 0 0 0 0 0 0 0 0 0 0 0 0 0 0 0 0 0 0 0 0 0 0 0 0 0 0 0 0 0 0 0 0 0 0 0 0 0 0 0 0 0 0 0 0 0 0 0 0 0 0 0 0 0 0 0 0 0 0 0 0 0 0 0 0 0 0 0 0 0 0 0 0 0 0 0 0 0 0 0 0 0 0 0 0 0 0 0 0 0 0 0 0 0 0 0 0 0 0 0 0 0 0 0 0 0 0 0 0 0 0 0 0 0 0 0 0 0 0 0 0 0 0 0 0 0 0 0 0 0 0 0 0 0 
0 0 0 0 0 0 0 0 0 0 0 0 0 0 0 0 0 184 184 184 184 184 184 185 185 185 185 185 186 186 186 186 186 187 187 187 187 187 187 188 188 188 188 188 189 189 189 189 189 189 190 190 190 190 190 191 191 191 191 191 191 192 192 192 192 192 193 193 193 193 193 193 194 194 194 194 194 194 195 195 195 195 195 195 196 196 196 196 196 197 197 197 197 197 197 198 198 198 198 198 198 199 199 199 199 199 199 199 200 200 200 200 200 200 201 201 201 201 201 201 202 202 202 202 202 202 202 202 203 203 203 203 203 203 203 204 204 204 204 204 204 204 204 204 204 204 205 205 205 205 205 205 205 205 205 206 206 206 206 206 206 206 206 206 206 207 207 207 207 207 207 207 207 207 207 208 208 208 208 208 208 208 208 208 208 208 208 209 209 209 209 209 209 209 209 209 209 209 210 210 210 210 210 210 210 210 210 210 210 210 210 211 211 211 211 211 211 211 211 211 211 211 211 211 211 211 212 212 212 212 212 212 212 212 212 212 212 212 0 0 0 0 0 0 0 0 0 0 0 0 0 0 0 0 0 0 0 0 0 0 0 0 0 0 0 0 0 0 0 0 0 0 0 0 0 0 0 0 0 0 0 0 0 0 0 0 0 0 0 0 0 0 0 0 0 0 0 0 0 0 0 0 0 0 0 0 0 0 0 0 0 0 0 0 0 0 0 0 0 0 0 0 0 0 0 0 0 0 0 0 0 0 0 0 0 0 0 0 0 0 0 0 0 0 0 0 0 0 0 0 0 0 0 0 0 0 0 0 0 0 0 0 0 0 0 0 0 0 0 0 0 0 0 0 0 0 0 0 0 0 0 0 0 0 0 0 0 0 0 0 0 0 0 0 0 0 0 0 0 0 0 0 0 0 0 0 0 0 0 0 0 0 0 0 0 0 0 0 0 0 0 0 0 0 0 0 0 0 0 0 0 0 0 0 0 0 0 0 0 0 0 0 0 0 0 0 0 0 0 0 0 0 0 0 0 0 0 0 0 0 0 0 0 0 0 0 0 0 0 0 0 0 0 0 0 0 0 0 0 0 0 0 0 0 0 0 0 0 0 0 0 0 0 0 0 0 0 0 0 0 0 0 0 
0 0 0 0 0 0 0 0 0 0 0 0 0 0 0 183 183 184 184 184 184 184 185 185 185 185 185 185 186 186 186 186 186 187 187 187 187 187 187 188 188 188 188 188 189 189 189 189 189 190 190 190 190 190 190 191 191 191 191 191 192 192 192 192 192 192 193 193 193 193 193 193 194 194 194 194 194 194 195 195 195 195 195 195 196 196 196 196 196 197 197 197 197 197 198 198 198 198 198 198 198 199 199 199 199 199 199 200 200 200 200 200 200 201 201 201 201 201 201 201 202 202 202 202 202 202 202 202 203 203 203 203 203 203 203 204 204 204 204 204 204 204 204 204 204 204 205 205 205 205 205 205 205 205 205 206 206 206 206 206 206 206 206 206 206 207 207 207 207 207 207 207 207 207 207 208 208 208 208 208 208 208 208 208 208 208 208 209 209 209 209 209 209 209 209 209 209 209 210 210 210 210 210 210 210 210 210 210 210 210 210 211 211 211 211 211 211 211 211 211 211 211 211 211 211 211 212 212 212 212 212 212 212 212 212 212 212 0 0 0 0 0 0 0 0 0 0 0 0 0 0 0 0 0 0 0 0 0 0 0 0 0 0 0 0 0 0 0 0 0 0 0 0 0 0 0 0 0 0 0 0 0 0 0 0 0 0 0 0 0 0 0 0 0 0 0 0 0 0 0 0 0 0 0 0 0 0 0 0 0 0 0 0 0 0 0 0 0 0 0 0 0 0 0 0 0 0 0 0 0 0 0 0 0 0 0 0 0 0 0 0 0 0 0 0 0 0 0 0 0 0 0 0 0 0 0 0 0 0 0 0 0 0 0 0 0 0 0 0 0 0 0 0 0 0 0 0 0 0 0 0 0 0 0 0 0 0 0 0 0 0 0 0 0 0 0 0 0 0 0 0 0 0 0 0 0 0 0 0 0 0 0 0 0 0 0 0 0 0 0 0 0 0 0 0 0 0 0 0 0 0 0 0 0 0 0 0 0 0 0 0 0 0 0 0 0 0 0 0 0 0 0 0 0 0 0 0 0 0 0 0 0 0 0 0 0 0 0 0 0 0 0 0 0 0 0 0 0 0 0 0 0 0 0 0 0 0 0 0 0 0 0 0 0 0 0 0 0 0 0 0 0 0 
0 0 0 0 0 0 0 0 0 0 0 0 0 0 183 183 183 184 184 184 184 184 185 185 185 185 185 185 186 186 186 186 186 187 187 187 187 187 187 188 188 188 188 188 189 189 189 189 189 190 190 190 190 190 190 191 191 191 191 191 192 192 192 192 192 192 193 193 193 193 193 193 194 194 194 194 194 195 195 195 195 195 195 195 196 196 196 196 196 197 197 197 197 197 198 198 198 198 198 198 199 199 199 199 199 199 199 200 200 200 200 200 200 201 201 201 201 201 201 201 202 202 202 202 202 202 202 203 203 203 203 203 203 203 203 204 204 204 204 204 204 204 204 204 204 204 205 205 205 205 205 205 205 205 205 206 206 206 206 206 206 206 206 206 206 207 207 207 207 207 207 207 207 207 207 208 208 208 208 208 208 208 208 208 208 208 209 209 209 209 209 209 209 209 209 209 209 209 210 210 210 210 210 210 210 210 210 210 210 210 210 211 211 211 211 211 211 211 211 211 211 211 211 211 211 211 212 212 212 212 212 212 212 212 212 212 0 0 0 0 0 0 0 0 0 0 0 0 0 0 0 0 0 0 0 0 0 0 0 0 0 0 0 0 0 0 0 0 0 0 0 0 0 0 0 0 0 0 0 0 0 0 0 0 0 0 0 0 0 0 0 0 0 0 0 0 0 0 0 0 0 0 0 0 0 0 0 0 0 0 0 0 0 0 0 0 0 0 0 0 0 0 0 0 0 0 0 0 0 0 0 0 0 0 0 0 0 0 0 0 0 0 0 0 0 0 0 0 0 0 0 0 0 0 0 0 0 0 0 0 0 0 0 0 0 0 0 0 0 0 0 0 0 0 0 0 0 0 0 0 0 0 0 0 0 0 0 0 0 0 0 0 0 0 0 0 0 0 0 0 0 0 0 0 0 0 0 0 0 0 0 0 0 0 0 0 0 0 0 0 0 0 0 0 0 0 0 0 0 0 0 0 0 0 0 0 0 0 0 0 0 0 0 0 0 0 0 0 0 0 0 0 0 0 0 0 0 0 0 0 0 0 0 0 0 0 0 0 0 0 0 0 0 0 0 0 0 0 0 0 0 0 0 0 0 0 0 0 0 0 0 0 0 0 0 0 0 0 0 0 0 0 0 
0 0 0 0 0 0 0 0 0 0 0 0 0 0 183 183 183 184 184 184 184 184 185 185 185 185 185 185 186 186 186 186 186 187 187 187 187 187 188 188 188 188 188 188 189 189 189 189 189 190 190 190 190 190 190 191 191 191 191 191 192 192 192 192 192 192 193 193 193 193 193 194 194 194 194 194 194 195 195 195 195 195 195 195 196 196 196 196 196 197 197 197 197 197 198 198 198 198 198 198 199 199 199 199 199 199 200 200 200 200 200 200 200 201 201 201 201 201 201 202 202 202 202 202 202 202 202 203 203 203 203 203 203 203 204 204 204 204 204 204 204 204 204 204 204 205 205 205 205 205 205 205 205 205 205 206 206 206 206 206 206 206 206 206 207 207 207 207 207 207 207 207 207 207 207 208 208 208 208 208 208 208 208 208 208 208 209 209 209 209 209 209 209 209 209 209 209 209 210 210 210 210 210 210 210 210 210 210 210 210 210 211 211 211 211 211 211 211 211 211 211 211 211 211 211 211 212 212 212 212 212 212 212 212 212 212 0 0 0 0 0 0 0 0 0 0 0 0 0 0 0 0 0 0 0 0 0 0 0 0 0 0 0 0 0 0 0 0 0 0 0 0 0 0 0 0 0 0 0 0 0 0 0 0 0 0 0 0 0 0 0 0 0 0 0 0 0 0 0 0 0 0 0 0 0 0 0 0 0 0 0 0 0 0 0 0 0 0 0 0 0 0 0 0 0 0 0 0 0 0 0 0 0 0 0 0 0 0 0 0 0 0 0 0 0 0 0 0 0 0 0 0 0 0 0 0 0 0 0 0 0 0 0 0 0 0 0 0 0 0 0 0 0 0 0 0 0 0 0 0 0 0 0 0 0 0 0 0 0 0 0 0 0 0 0 0 0 0 0 0 0 0 0 0 0 0 0 0 0 0 0 0 0 0 0 0 0 0 0 0 0 0 0 0 0 0 0 0 0 0 0 0 0 0 0 0 0 0 0 0 0 0 0 0 0 0 0 0 0 0 0 0 0 0 0 0 0 0 0 0 0 0 0 0 0 0 0 0 0 0 0 0 0 0 0 0 0 0 0 0 0 0 0 0 0 0 0 0 0 0 0 0 0 0 0 0 0 0 0 0 0 0 0 
0 0 0 0 0 0 0 0 0 0 0 182 183 183 183 183 183 184 184 184 184 184 185 185 185 185 185 185 186 186 186 186 186 187 187 187 187 187 188 188 188 188 188 188 189 189 189 189 189 190 190 190 190 190 191 191 191 191 191 191 192 192 192 192 192 192 193 193 193 193 193 194 194 194 194 194 194 195 195 195 195 195 195 196 196 196 196 196 196 197 197 197 197 197 198 198 198 198 198 198 199 199 199 199 199 199 200 200 200 200 200 200 201 201 201 201 201 201 201 202 202 202 202 202 202 202 203 203 203 203 203 203 203 203 204 204 204 204 204 204 204 204 204 204 204 205 205 205 205 205 205 205 205 205 205 206 206 206 206 206 206 206 206 206 207 207 207 207 207 207 207 207 207 207 208 208 208 208 208 208 208 208 208 208 208 208 209 209 209 209 209 209 209 209 209 209 209 209 210 210 210 210 210 210 210 210 210 210 210 210 210 211 211 211 211 211 211 211 211 211 211 211 211 211 211 211 212 212 212 212 212 212 212 212 212 0 0 0 0 0 0 0 0 0 0 0 0 0 0 0 0 0 0 0 0 0 0 0 0 0 0 0 0 0 0 0 0 0 0 0 0 0 0 0 0 0 0 0 0 0 0 0 0 0 0 0 0 0 0 0 0 0 0 0 0 0 0 0 0 0 0 0 0 0 0 0 0 0 0 0 0 0 0 0 0 0 0 0 0 0 0 0 0 0 0 0 0 0 0 0 0 0 0 0 0 0 0 0 0 0 0 0 0 0 0 0 0 0 0 0 0 0 0 0 0 0 0 0 0 0 0 0 0 0 0 0 0 0 0 0 0 0 0 0 0 0 0 0 0 0 0 0 0 0 0 0 0 0 0 0 0 0 0 0 0 0 0 0 0 0 0 0 0 0 0 0 0 0 0 0 0 0 0 0 0 0 0 0 0 0 0 0 0 0 0 0 0 0 0 0 0 0 0 0 0 0 0 0 0 0 0 0 0 0 0 0 0 0 0 0 0 0 0 0 0 0 0 0 0 0 0 0 0 0 0 0 0 0 0 0 0 0 0 0 0 0 0 0 0 0 0 0 0 0 0 0 0 0 0 0 0 0 0 0 0 0 0 0 0 0 0 0 0 
0 0 0 0 0 0 0 0 0 0 0 183 183 183 183 183 183 184 184 184 184 184 185 185 185 185 185 185 186 186 186 186 186 187 187 187 187 187 188 188 188 188 188 188 189 189 189 189 189 190 190 190 190 190 191 191 191 191 191 191 192 192 192 192 192 193 193 193 193 193 193 194 194 194 194 194 194 195 195 195 195 195 196 196 196 196 196 196 196 197 197 197 197 197 198 198 198 198 198 198 199 199 199 199 199 199 200 200 200 200 200 200 201 201 201 201 201 201 201 202 202 202 202 202 202 202 203 203 203 203 203 203 203 203 204 204 204 204 204 204 204 204 204 204 205 205 205 205 205 205 205 205 205 205 206 206 206 206 206 206 206 206 206 206 207 207 207 207 207 207 207 207 207 207 208 208 208 208 208 208 208 208 208 208 208 208 209 209 209 209 209 209 209 209 209 209 209 210 210 210 210 210 210 210 210 210 210 210 210 210 210 211 211 211 211 211 211 211 211 211 211 211 211 211 211 211 211 212 212 212 212 212 212 212 0 0 0 0 0 0 0 0 0 0 0 0 0 0 0 0 0 0 0 0 0 0 0 0 0 0 0 0 0 0 0 0 0 0 0 0 0 0 0 0 0 0 0 0 0 0 0 0 0 0 0 0 0 0 0 0 0 0 0 0 0 0 0 0 0 0 0 0 0 0 0 0 0 0 0 0 0 0 0 0 0 0 0 0 0 0 0 0 0 0 0 0 0 0 0 0 0 0 0 0 0 0 0 0 0 0 0 0 0 0 0 0 0 0 0 0 0 0 0 0 0 0 0 0 0 0 0 0 0 0 0 0 0 0 0 0 0 0 0 0 0 0 0 0 0 0 0 0 0 0 0 0 0 0 0 0 0 0 0 0 0 0 0 0 0 0 0 0 0 0 0 0 0 0 0 0 0 0 0 0 0 0 0 0 0 0 0 0 0 0 0 0 0 0 0 0 0 0 0 0 0 0 0 0 0 0 0 0 0 0 0 0 0 0 0 0 0 0 0 0 0 0 0 0 0 0 0 0 0 0 0 0 0 0 0 0 0 0 0 0 0 0 0 0 0 0 0 0 0 0 0 0 0 0 0 0 0 0 0 0 0 0 0 0 0 0 0 0 0 
0 0 0 0 0 0 0 0 0 0 0 183 183 183 183 183 183 184 184 184 184 184 185 185 185 185 185 186 186 186 186 186 186 187 187 187 187 187 188 188 188 188 188 188 189 189 189 189 189 190 190 190 190 190 191 191 191 191 191 191 192 192 192 192 192 193 193 193 193 193 193 194 194 194 194 194 194 195 195 195 195 195 196 196 196 196 196 196 196 197 197 197 197 197 198 198 198 198 198 199 199 199 199 199 199 200 200 200 200 200 200 200 201 201 201 201 201 201 202 202 202 202 202 202 202 202 203 203 203 203 203 203 203 204 204 204 204 204 204 204 204 205 204 204 205 205 205 205 205 205 205 205 205 205 206 206 206 206 206 206 206 206 206 206 207 207 207 207 207 207 207 207 207 207 208 208 208 208 208 208 208 208 208 208 208 208 209 209 209 209 209 209 209 209 209 209 209 210 210 210 210 210 210 210 210 210 210 210 210 210 210 210 211 211 211 211 211 211 211 211 211 211 211 211 211 211 211 212 212 212 212 212 212 212 0 0 0 0 0 0 0 0 0 0 0 0 0 0 0 0 0 0 0 0 0 0 0 0 0 0 0 0 0 0 0 0 0 0 0 0 0 0 0 0 0 0 0 0 0 0 0 0 0 0 0 0 0 0 0 0 0 0 0 0 0 0 0 0 0 0 0 0 0 0 0 0 0 0 0 0 0 0 0 0 0 0 0 0 0 0 0 0 0 0 0 0 0 0 0 0 0 0 0 0 0 0 0 0 0 0 0 0 0 0 0 0 0 0 0 0 0 0 0 0 0 0 0 0 0 0 0 0 0 0 0 0 0 0 0 0 0 0 0 0 0 0 0 0 0 0 0 0 0 0 0 0 0 0 0 0 0 0 0 0 0 0 0 0 0 0 0 0 0 0 0 0 0 0 0 0 0 0 0 0 0 0 0 0 0 0 0 0 0 0 0 0 0 0 0 0 0 0 0 0 0 0 0 0 0 0 0 0 0 0 0 0 0 0 0 0 0 0 0 0 0 0 0 0 0 0 0 0 0 0 0 0 0 0 0 0 0 0 0 0 0 0 0 0 0 0 0 0 0 0 0 0 0 0 0 0 0 0 0 0 0 0 0 0 0 0 0 0 0 
0 0 0 0 0 0 0 0 0 0 0 0 183 183 183 183 183 184 184 184 184 184 185 185 185 185 185 186 186 186 186 186 186 187 187 187 187 187 188 188 188 188 188 188 189 189 189 189 189 190 190 190 190 190 191 191 191 191 191 191 192 192 192 192 192 193 193 193 193 193 193 194 194 194 194 194 195 195 195 195 195 195 196 196 196 196 196 196 197 197 197 197 197 198 198 198 198 198 198 199 199 199 199 199 199 200 200 200 200 200 200 201 201 201 201 201 201 201 202 202 202 202 202 202 202 203 203 203 203 203 203 203 203 204 204 204 204 204 204 204 204 205 204 204 205 205 205 205 205 205 205 205 205 206 206 206 206 206 206 206 206 206 206 207 207 207 207 207 207 207 207 207 207 207 208 208 208 208 208 208 208 208 208 208 208 208 209 209 209 209 209 209 209 209 209 209 209 210 210 210 210 210 210 210 210 210 210 210 210 210 210 210 211 211 211 211 211 211 211 211 211 211 211 211 211 211 211 212 212 212 212 212 212 212 0 0 0 0 0 0 0 0 0 0 0 0 0 0 0 0 0 0 0 0 0 0 0 0 0 0 0 0 0 0 0 0 0 0 0 0 0 0 0 0 0 0 0 0 0 0 0 0 0 0 0 0 0 0 0 0 0 0 0 0 0 0 0 0 0 0 0 0 0 0 0 0 0 0 0 0 0 0 0 0 0 0 0 0 0 0 0 0 0 0 0 0 0 0 0 0 0 0 0 0 0 0 0 0 0 0 0 0 0 0 0 0 0 0 0 0 0 0 0 0 0 0 0 0 0 0 0 0 0 0 0 0 0 0 0 0 0 0 0 0 0 0 0 0 0 0 0 0 0 0 0 0 0 0 0 0 0 0 0 0 0 0 0 0 0 0 0 0 0 0 0 0 0 0 0 0 0 0 0 0 0 0 0 0 0 0 0 0 0 0 0 0 0 0 0 0 0 0 0 0 0 0 0 0 0 0 0 0 0 0 0 0 0 0 0 0 0 0 0 0 0 0 0 0 0 0 0 0 0 0 0 0 0 0 0 0 0 0 0 0 0 0 0 0 0 0 0 0 0 0 0 0 0 0 0 0 0 0 0 0 0 0 0 0 0 0 0 0 0 
0 0 0 0 0 0 0 0 0 0 182 183 183 183 183 183 183 184 184 184 184 184 185 185 185 185 185 186 186 186 186 186 186 187 187 187 187 187 188 188 188 188 188 188 189 189 189 189 189 190 190 190 190 190 191 191 191 191 191 191 192 192 192 192 192 193 193 193 193 193 193 194 194 194 194 194 195 195 195 195 195 195 196 196 196 196 196 196 197 197 197 197 197 198 198 198 198 198 198 199 199 199 199 199 199 200 200 200 200 200 200 201 201 201 201 201 201 201 202 202 202 202 202 202 202 203 203 203 203 203 203 203 204 204 204 204 204 204 204 204 204 205 204 205 205 205 205 205 205 205 205 205 205 206 206 206 206 206 206 206 206 206 206 207 207 207 207 207 207 207 207 207 207 208 208 208 208 208 208 208 208 208 208 208 208 209 209 209 209 209 209 209 209 209 209 209 209 210 210 210 210 210 210 210 210 210 210 210 210 210 210 210 211 211 211 211 211 211 211 211 211 211 211 211 211 211 211 211 212 212 212 212 212 212 212 0 0 0 0 0 0 0 0 0 0 0 0 0 0 0 0 0 0 0 0 0 0 0 0 0 0 0 0 0 0 0 0 0 0 0 0 0 0 0 0 0 0 0 0 0 0 0 0 0 0 0 0 0 0 0 0 0 0 0 0 0 0 0 0 0 0 0 0 0 0 0 0 0 0 0 0 0 0 0 0 0 0 0 0 0 0 0 0 0 0 0 0 0 0 0 0 0 0 0 0 0 0 0 0 0 0 0 0 0 0 0 0 0 0 0 0 0 0 0 0 0 0 0 0 0 0 0 0 0 0 0 0 0 0 0 0 0 0 0 0 0 0 0 0 0 0 0 0 0 0 0 0 0 0 0 0 0 0 0 0 0 0 0 0 0 0 0 0 0 0 0 0 0 0 0 0 0 0 0 0 0 0 0 0 0 0 0 0 0 0 0 0 0 0 0 0 0 0 0 0 0 0 0 0 0 0 0 0 0 0 0 0 0 0 0 0 0 0 0 0 0 0 0 0 0 0 0 0 0 0 0 0 0 0 0 0 0 0 0 0 0 0 0 0 0 0 0 0 0 0 0 0 0 0 0 0 0 0 0 0 0 0 0 0 0 0 0 0 
0 0 0 0 0 0 0 0 0 182 182 183 183 183 183 183 183 184 184 184 184 184 185 185 185 185 185 186 186 186 186 186 186 187 187 187 187 187 188 188 188 188 188 188 189 189 189 189 189 190 190 190 190 190 191 191 191 191 191 191 192 192 192 192 192 193 193 193 193 193 193 194 194 194 194 194 195 195 195 195 195 195 196 196 196 196 196 197 197 197 197 197 198 198 198 198 198 198 198 199 199 199 199 199 200 200 200 200 200 200 200 201 201 201 201 201 201 202 202 202 202 202 202 202 203 203 203 203 203 203 203 203 204 204 204 204 204 204 204 204 205 205 204 205 205 205 205 205 205 205 205 205 205 206 206 206 206 206 206 206 206 206 206 207 207 207 207 207 207 207 207 207 207 208 208 208 208 208 208 208 208 208 208 208 208 209 209 209 209 209 209 209 209 209 209 209 209 210 210 210 210 210 210 210 210 210 210 210 210 210 210 210 211 211 211 211 211 211 211 211 211 211 211 211 211 211 211 211 212 212 212 212 212 212 212 212 212 212 0 0 0 0 0 0 0 0 0 0 0 0 0 0 0 0 0 0 0 0 0 0 0 0 0 0 0 0 0 0 0 0 0 0 0 0 0 0 0 0 0 0 0 0 0 0 0 0 0 0 0 0 0 0 0 0 0 0 0 0 0 0 0 0 0 0 0 0 0 0 0 0 0 0 0 0 0 0 0 0 0 0 0 0 0 0 0 0 0 0 0 0 0 0 0 0 0 0 0 0 0 0 0 0 0 0 0 0 0 0 0 0 0 0 0 0 0 0 0 0 0 0 0 0 0 0 0 0 0 0 0 0 0 0 0 0 0 0 0 0 0 0 0 0 0 0 0 0 0 0 0 0 0 0 0 0 0 0 0 0 0 0 0 0 0 0 0 0 0 0 0 0 0 0 0 0 0 0 0 0 0 0 0 0 0 0 0 0 0 0 0 0 0 0 0 0 0 0 0 0 0 0 0 0 0 0 0 0 0 0 0 0 0 0 0 0 0 0 0 0 0 0 0 0 0 0 0 0 0 0 0 0 0 0 0 0 0 0 0 0 0 0 0 0 0 0 0 0 0 0 0 0 0 0 0 0 0 0 0 0 0 0 0 0 0 
0 0 0 0 0 0 0 0 0 182 182 183 183 183 183 183 183 184 184 184 184 184 185 185 185 185 185 185 186 186 186 186 186 187 187 187 187 187 188 188 188 188 188 189 189 189 189 189 189 190 190 190 190 190 191 191 191 191 191 192 192 192 192 192 192 193 193 193 193 193 194 194 194 194 194 194 195 195 195 195 195 195 196 196 196 196 196 197 197 197 197 197 198 198 198 198 198 198 199 199 199 199 199 199 200 200 200 200 200 200 200 201 201 201 201 201 201 202 202 202 202 202 202 202 203 203 203 203 203 203 203 203 204 204 204 204 204 204 204 204 205 205 204 205 205 205 205 205 205 205 205 205 206 206 206 206 206 206 206 206 206 206 207 207 207 207 207 207 207 207 207 207 207 208 208 208 208 208 208 208 208 208 208 208 208 209 209 209 209 209 209 209 209 209 209 209 209 210 210 210 210 210 210 210 210 210 210 210 210 210 210 210 211 211 211 211 211 211 211 211 211 211 211 211 211 211 211 211 212 212 212 212 212 212 212 212 212 212 212 0 0 0 0 0 0 0 0 0 0 0 0 0 0 0 0 0 0 0 0 0 0 0 0 0 0 0 0 0 0 0 0 0 0 0 0 0 0 0 0 0 0 0 0 0 0 0 0 0 0 0 0 0 0 0 0 0 0 0 0 0 0 0 0 0 0 0 0 0 0 0 0 0 0 0 0 0 0 0 0 0 0 0 0 0 0 0 0 0 0 0 0 0 0 0 0 0 0 0 0 0 0 0 0 0 0 0 0 0 0 0 0 0 0 0 0 0 0 0 0 0 0 0 0 0 0 0 0 0 0 0 0 0 0 0 0 0 0 0 0 0 0 0 0 0 0 0 0 0 0 0 0 0 0 0 0 0 0 0 0 0 0 0 0 0 0 0 0 0 0 0 0 0 0 0 0 0 0 0 0 0 0 0 0 0 0 0 0 0 0 0 0 0 0 0 0 0 0 0 0 0 0 0 0 0 0 0 0 0 0 0 0 0 0 0 0 0 0 0 0 0 0 0 0 0 0 0 0 0 0 0 0 0 0 0 0 0 0 0 0 0 0 0 0 0 0 0 0 0 0 0 0 0 0 0 0 0 0 0 0 0 0 0 0 
0 0 0 0 0 0 0 0 0 182 182 183 183 183 183 183 183 184 184 184 184 184 185 185 185 185 185 185 186 186 186 186 186 187 187 187 187 187 188 188 188 188 188 189 189 189 189 189 189 190 190 190 190 190 191 191 191 191 191 192 192 192 192 192 192 193 193 193 193 193 194 194 194 194 194 194 195 195 195 195 195 196 196 196 196 196 196 197 197 197 197 197 198 198 198 198 198 198 199 199 199 199 199 199 200 200 200 200 200 200 201 201 201 201 201 201 201 202 202 202 202 202 202 202 203 203 203 203 203 203 203 204 204 204 204 204 204 204 204 205 205 205 205 205 205 205 205 205 205 205 205 205 206 206 206 206 206 206 206 206 206 206 207 207 207 207 207 207 207 207 207 207 207 208 208 208 208 208 208 208 208 208 208 208 208 209 209 209 209 209 209 209 209 209 209 209 209 210 210 210 210 210 210 210 210 210 210 210 210 210 210 210 211 211 211 211 211 211 211 211 211 211 211 211 211 211 211 211 211 212 212 212 212 212 212 212 212 212 212 212 0 0 0 0 0 0 0 0 0 0 0 0 0 0 0 0 0 0 0 0 0 0 0 0 0 0 0 0 0 0 0 0 0 0 0 0 0 0 0 0 0 0 0 0 0 0 0 0 0 0 0 0 0 0 0 0 0 0 0 0 0 0 0 0 0 0 0 0 0 0 0 0 0 0 0 0 0 0 0 0 0 0 0 0 0 0 0 0 0 0 0 0 0 0 0 0 0 0 0 0 0 0 0 0 0 0 0 0 0 0 0 0 0 0 0 0 0 0 0 0 0 0 0 0 0 0 0 0 0 0 0 0 0 0 0 0 0 0 0 0 0 0 0 0 0 0 0 0 0 0 0 0 0 0 0 0 0 0 0 0 0 0 0 0 0 0 0 0 0 0 0 0 0 0 0 0 0 0 0 0 0 0 0 0 0 0 0 0 0 0 0 0 0 0 0 0 0 0 0 0 0 0 0 0 0 0 0 0 0 0 0 0 0 0 0 0 0 0 0 0 0 0 0 0 0 0 0 0 0 0 0 0 0 0 0 0 0 0 0 0 0 0 0 0 0 0 0 0 0 0 0 0 0 0 0 0 0 0 0 0 0 0 0 
0 0 0 0 0 0 0 0 0 0 0 0 183 183 183 183 183 184 184 184 184 184 184 0 0 185 185 185 186 186 186 186 186 187 187 187 187 187 188 188 188 188 188 189 189 189 189 189 189 190 190 190 190 190 191 191 191 191 191 192 192 192 192 192 192 193 193 193 193 193 194 194 194 194 194 194 195 195 195 195 195 196 196 196 196 196 196 197 197 197 197 197 198 198 198 198 198 198 199 199 199 199 199 199 200 200 200 200 200 200 201 201 201 201 201 201 202 202 202 202 202 202 202 203 203 203 203 203 203 203 203 204 204 204 204 204 204 204 204 205 205 205 205 205 205 205 205 205 205 205 205 206 206 206 206 206 206 206 206 206 206 206 207 207 207 207 207 207 207 207 207 207 207 208 208 208 208 208 208 208 208 208 208 208 208 209 209 209 209 209 209 209 209 209 209 209 209 210 210 210 210 210 210 210 210 210 210 210 210 210 210 210 211 211 211 211 211 211 211 211 211 211 211 211 211 211 211 211 211 212 212 212 212 212 212 212 212 212 212 212 212 0 0 0 0 0 0 0 0 0 0 0 0 0 0 0 0 0 0 0 0 0 0 0 0 0 0 0 0 0 0 0 0 0 0 0 0 0 0 0 0 0 0 0 0 0 0 0 0 0 0 0 0 0 0 0 0 0 0 0 0 0 0 0 0 0 0 0 0 0 0 0 0 0 0 0 0 0 0 0 0 0 0 0 0 0 0 0 0 0 0 0 0 0 0 0 0 0 0 0 0 0 0 0 0 0 0 0 0 0 0 0 0 0 0 0 0 0 0 0 0 0 0 0 0 0 0 0 0 0 0 0 0 0 0 0 0 0 0 0 0 0 0 0 0 0 0 0 0 0 0 0 0 0 0 0 0 0 0 0 0 0 0 0 0 0 0 0 0 0 0 0 0 0 0 0 0 0 0 0 0 0 0 0 0 0 0 0 0 0 0 0 0 0 0 0 0 0 0 0 0 0 0 0 0 0 0 0 0 0 0 0 0 0 0 0 0 0 0 0 0 0 0 0 0 0 0 0 0 0 0 0 0 0 0 0 0 0 0 0 0 0 0 0 0 0 0 0 0 0 0 0 0 0 0 0 0 0 0 0 0 0 0 
0 0 0 0 0 0 0 0 0 0 0 0 0 183 183 183 183 184 184 184 184 184 0 0 0 0 185 185 186 186 186 186 186 187 187 187 187 187 188 188 188 188 188 189 189 189 189 189 189 190 190 190 190 190 191 191 191 191 191 192 192 192 192 192 192 193 193 193 193 193 194 194 194 194 194 194 195 195 195 195 195 196 196 196 196 196 196 197 197 197 197 197 198 198 198 198 198 199 199 199 199 199 199 200 200 200 200 200 200 200 201 201 201 201 201 201 202 202 202 202 202 202 202 203 203 203 203 203 203 203 204 204 204 204 204 204 204 204 204 205 205 205 205 205 205 205 205 205 205 205 205 206 206 206 206 206 206 206 206 206 206 206 207 207 207 207 207 207 207 207 207 207 208 208 208 208 208 208 208 208 208 208 208 208 208 209 209 209 209 209 209 209 209 209 209 209 209 210 210 210 210 210 210 210 210 210 210 210 210 210 210 210 211 211 211 211 211 211 211 211 211 211 211 211 211 211 211 211 211 212 212 212 212 212 212 212 212 212 212 212 212 0 0 0 0 0 0 0 0 0 0 0 0 0 0 0 0 0 0 0 0 0 0 0 0 0 0 0 0 0 0 0 0 0 0 0 0 0 0 0 0 0 0 0 0 0 0 0 0 0 0 0 0 0 0 0 0 0 0 0 0 0 0 0 0 0 0 0 0 0 0 0 0 0 0 0 0 0 0 0 0 0 0 0 0 0 0 0 0 0 0 0 0 0 0 0 0 0 0 0 0 0 0 0 0 0 0 0 0 0 0 0 0 0 0 0 0 0 0 0 0 0 0 0 0 0 0 0 0 0 0 0 0 0 0 0 0 0 0 0 0 0 0 0 0 0 0 0 0 0 0 0 0 0 0 0 0 0 0 0 0 0 0 0 0 0 0 0 0 0 0 0 0 0 0 0 0 0 0 0 0 0 0 0 0 0 0 0 0 0 0 0 0 0 0 0 0 0 0 0 0 0 0 0 0 0 0 0 0 0 0 0 0 0 0 0 0 0 0 0 0 0 0 0 0 0 0 0 0 0 0 0 0 0 0 0 0 0 0 0 0 0 0 0 0 0 0 0 0 0 0 0 0 0 0 0 0 0 0 0 0 0 0 
0 0 0 0 0 0 0 0 0 0 0 0 0 0 0 183 183 183 183 184 0 0 0 0 0 0 185 185 185 186 186 186 186 187 187 187 187 187 188 188 188 188 188 189 189 189 189 189 189 190 190 190 190 190 191 191 191 191 191 192 192 192 192 192 192 193 193 193 193 193 194 194 194 194 194 194 195 195 195 195 195 196 196 196 196 196 196 197 197 197 197 197 198 198 198 198 198 199 199 199 199 199 199 200 200 200 200 200 200 201 201 201 201 201 201 201 202 202 202 202 202 202 202 203 203 203 203 203 203 203 204 204 204 204 204 204 204 204 205 205 205 205 205 205 205 205 205 205 205 205 205 206 206 206 206 206 206 206 206 206 206 207 207 207 207 207 207 207 207 207 207 207 208 208 208 208 208 208 208 208 208 208 208 208 208 209 209 209 209 209 209 209 209 209 209 209 209 210 210 210 210 210 210 210 210 210 210 210 210 210 210 210 211 211 211 211 211 211 211 211 211 211 211 211 211 211 211 211 211 211 212 212 212 212 212 212 212 212 212 212 212 212 0 0 0 0 0 0 0 0 0 0 0 0 0 0 0 0 0 0 0 0 0 0 0 0 0 0 0 0 0 0 0 0 0 0 0 0 0 0 0 0 0 0 0 0 0 0 0 0 0 0 0 0 0 0 0 0 0 0 0 0 0 0 0 0 0 0 0 0 0 0 0 0 0 0 0 0 0 0 0 0 0 0 0 0 0 0 0 0 0 0 0 0 0 0 0 0 0 0 0 0 0 0 0 0 0 0 0 0 0 0 0 0 0 0 0 0 0 0 0 0 0 0 0 0 0 0 0 0 0 0 0 0 0 0 0 0 0 0 0 0 0 0 0 0 0 0 0 0 0 0 0 0 0 0 0 0 0 0 0 0 0 0 0 0 0 0 0 0 0 0 0 0 0 0 0 0 0 0 0 0 0 0 0 0 0 0 0 0 0 0 0 0 0 0 0 0 0 0 0 0 0 0 0 0 0 0 0 0 0 0 0 0 0 0 0 0 0 0 0 0 0 0 0 0 0 0 0 0 0 0 0 0 0 0 0 0 0 0 0 0 0 0 0 0 0 0 0 0 0 0 0 0 0 0 0 0 0 0 0 0 0 
0 0 0 0 0 0 0 0 0 0 0 0 0 0 0 0 0 0 0 0 0 0 0 0 0 0 0 0 0 0 0 186 186 187 187 187 187 187 188 188 188 188 188 189 189 189 189 189 190 190 190 190 190 190 191 191 191 191 191 192 192 192 192 192 192 193 193 193 193 193 194 194 194 194 194 195 195 195 195 195 195 196 196 196 196 196 197 197 197 197 197 197 198 198 198 198 198 199 199 199 199 199 199 200 200 200 200 200 200 201 201 201 201 201 201 202 202 202 202 202 202 202 203 203 203 203 203 203 203 203 204 204 204 204 204 204 204 204 205 205 205 205 205 205 205 205 205 205 205 205 206 206 206 206 206 206 206 206 206 206 206 207 207 207 207 207 207 207 207 207 207 207 208 208 208 208 208 208 208 208 208 208 208 208 208 209 209 209 209 209 209 209 209 209 209 209 209 210 210 210 210 210 210 210 210 210 210 210 210 210 210 210 210 211 211 211 211 211 211 211 211 211 211 211 211 211 211 211 211 211 212 212 212 212 212 212 212 212 212 212 212 0 0 0 0 0 0 0 0 0 0 0 0 0 0 0 0 0 0 0 0 0 0 0 0 0 0 0 0 0 0 0 0 0 0 0 0 0 0 0 0 0 0 0 0 0 0 0 0 0 0 0 0 0 0 0 0 0 0 0 0 0 0 0 0 0 0 0 0 0 0 0 0 0 0 0 0 0 0 0 0 0 0 0 0 0 0 0 0 0 0 0 0 0 0 0 0 0 0 0 0 0 0 0 0 0 0 0 0 0 0 0 0 0 0 0 0 0 0 0 0 0 0 0 0 0 0 0 0 0 0 0 0 0 0 0 0 0 0 0 0 0 0 0 0 0 0 0 0 0 0 0 0 0 0 0 0 0 0 0 0 0 0 0 0 0 0 0 0 0 0 0 0 0 0 0 0 0 0 0 0 0 0 0 0 0 0 0 0 0 0 0 0 0 0 0 0 0 0 0 0 0 0 0 0 0 0 0 0 0 0 0 0 0 0 0 0 0 0 0 0 0 0 0 0 0 0 0 0 0 0 0 0 0 0 0 0 0 0 0 0 0 0 0 0 0 0 0 0 0 0 0 0 0 0 0 0 0 0 0 0 0 0 
0 0 0 0 0 0 0 0 0 0 0 0 0 0 0 0 0 0 0 0 0 0 0 0 0 0 0 0 0 0 0 0 0 187 187 187 187 187 188 188 188 188 188 189 189 189 189 189 190 190 190 190 190 190 191 191 191 191 191 192 192 192 192 192 193 193 193 193 193 193 194 194 194 194 194 195 195 195 195 195 195 196 196 196 196 196 197 197 197 197 197 197 198 198 198 198 198 199 199 199 199 199 199 200 200 200 200 200 200 201 201 201 201 201 201 202 202 202 202 202 202 202 203 203 203 203 203 203 203 204 204 204 204 204 204 204 204 205 205 205 205 205 205 205 205 205 205 205 205 205 206 206 206 206 206 206 206 206 206 206 206 207 207 207 207 207 207 207 207 207 207 207 208 208 208 208 208 208 208 208 208 208 208 208 208 209 209 209 209 209 209 209 209 209 209 209 209 210 210 210 210 210 210 210 210 210 210 210 210 210 210 210 210 211 211 211 211 211 211 211 211 211 211 211 211 211 211 211 211 211 211 212 212 212 212 212 212 212 212 212 0 0 0 0 0 0 0 0 0 0 0 0 0 0 0 0 0 0 0 0 0 0 0 0 0 0 0 0 0 0 0 0 0 0 0 0 0 0 0 0 0 0 0 0 0 0 0 0 0 0 0 0 0 0 0 0 0 0 0 0 0 0 0 0 0 0 0 0 0 0 0 0 0 0 0 0 0 0 0 0 0 0 0 0 0 0 0 0 0 0 0 0 0 0 0 0 0 0 0 0 0 0 0 0 0 0 0 0 0 0 0 0 0 0 0 0 0 0 0 0 0 0 0 0 0 0 0 0 0 0 0 0 0 0 0 0 0 0 0 0 0 0 0 0 0 0 0 0 0 0 0 0 0 0 0 0 0 0 0 0 0 0 0 0 0 0 0 0 0 0 0 0 0 0 0 0 0 0 0 0 0 0 0 0 0 0 0 0 0 0 0 0 0 0 0 0 0 0 0 0 0 0 0 0 0 0 0 0 0 0 0 0 0 0 0 0 0 0 0 0 0 0 0 0 0 0 0 0 0 0 0 0 0 0 0 0 0 0 0 0 0 0 0 0 0 0 0 0 0 0 0 0 0 0 0 0 0 0 0 0 0 0 0 
0 0 0 0 0 0 0 0 0 0 0 0 0 0 0 0 0 0 0 0 0 0 0 0 0 0 0 0 0 0 0 0 0 0 187 187 187 187 188 188 188 188 188 189 189 189 189 189 190 190 190 190 190 190 191 191 191 191 191 192 192 192 192 192 193 193 193 193 193 193 194 194 194 194 194 195 195 195 195 195 195 196 196 196 196 196 197 197 197 197 197 197 198 198 198 198 198 199 199 199 199 199 199 200 200 200 200 200 200 201 201 201 201 201 201 202 202 202 202 202 202 202 203 203 203 203 203 203 203 204 204 204 204 204 204 204 204 205 205 205 205 205 205 205 205 205 205 205 205 205 206 206 206 206 206 206 206 206 206 206 206 207 207 207 207 207 207 207 207 207 207 207 208 208 208 208 208 208 208 208 208 208 208 208 209 209 209 209 209 209 209 209 209 209 209 209 209 210 210 210 210 210 210 210 210 210 210 210 210 210 210 210 210 211 211 211 211 211 211 211 211 211 211 211 211 211 211 211 211 211 211 212 212 212 212 212 212 212 0 0 0 0 0 0 0 0 0 0 0 0 0 0 0 0 0 0 0 0 0 0 0 0 0 0 0 0 0 0 0 0 0 0 0 0 0 0 0 0 0 0 0 0 0 0 0 0 0 0 0 0 0 0 0 0 0 0 0 0 0 0 0 0 0 0 0 0 0 0 0 0 0 0 0 0 0 0 0 0 0 0 0 0 0 0 0 0 0 0 0 0 0 0 0 0 0 0 0 0 0 0 0 0 0 0 0 0 0 0 0 0 0 0 0 0 0 0 0 0 0 0 0 0 0 0 0 0 0 0 0 0 0 0 0 0 0 0 0 0 0 0 0 0 0 0 0 0 0 0 0 0 0 0 0 0 0 0 0 0 0 0 0 0 0 0 0 0 0 0 0 0 0 0 0 0 0 0 0 0 0 0 0 0 0 0 0 0 0 0 0 0 0 0 0 0 0 0 0 0 0 0 0 0 0 0 0 0 0 0 0 0 0 0 0 0 0 0 0 0 0 0 0 0 0 0 0 0 0 0 0 0 0 0 0 0 0 0 0 0 0 0 0 0 0 0 0 0 0 0 0 0 0 0 0 0 0 0 0 0 0 0 0 0 0 
0 0 0 0 0 0 0 0 0 0 0 0 0 0 0 0 0 0 0 0 0 0 0 0 0 0 0 0 0 0 0 0 0 0 187 187 187 187 188 188 188 188 188 189 189 189 189 189 190 190 190 190 190 190 191 191 191 191 191 192 192 192 192 192 193 193 193 193 193 193 194 194 194 194 194 195 195 195 195 195 195 196 196 196 196 196 197 197 197 197 197 197 198 198 198 198 198 199 199 199 199 199 200 200 200 200 200 200 201 201 201 201 201 201 201 202 202 202 202 202 202 203 203 203 203 203 203 203 204 204 204 204 204 204 204 204 204 205 205 205 205 205 205 205 205 205 205 205 205 206 206 206 206 206 206 206 206 206 206 206 207 207 207 207 207 207 207 207 207 207 207 208 208 208 208 208 208 208 208 208 208 208 208 208 209 209 209 209 209 209 209 209 209 209 209 209 209 210 210 210 210 210 210 210 210 210 210 210 210 210 210 210 210 211 211 211 211 211 211 211 211 211 211 211 211 211 211 211 211 211 211 211 212 212 212 212 0 0 0 0 0 0 0 0 0 0 0 0 0 0 0 0 0 0 0 0 0 0 0 0 0 0 0 0 0 0 0 0 0 0 0 0 0 0 0 0 0 0 0 0 0 0 0 0 0 0 0 0 0 0 0 0 0 0 0 0 0 0 0 0 0 0 0 0 0 0 0 0 0 0 0 0 0 0 0 0 0 0 0 0 0 0 0 0 0 0 0 0 0 0 0 0 0 0 0 0 0 0 0 0 0 0 0 0 0 0 0 0 0 0 0 0 0 0 0 0 0 0 0 0 0 0 0 0 0 0 0 0 0 0 0 0 0 0 0 0 0 0 0 0 0 0 0 0 0 0 0 0 0 0 0 0 0 0 0 0 0 0 0 0 0 0 0 0 0 0 0 0 0 0 0 0 0 0 0 0 0 0 0 0 0 0 0 0 0 0 0 0 0 0 0 0 0 0 0 0 0 0 0 0 0 0 0 0 0 0 0 0 0 0 0 0 0 0 0 0 0 0 0 0 0 0 0 0 0 0 0 0 0 0 0 0 0 0 0 0 0 0 0 0 0 0 0 0 0 0 0 0 0 0 0 0 0 0 0 0 0 0 0 0 0 0 0 
0 0 0 0 0 0 0 0 0 0 0 0 0 0 0 0 0 0 0 0 0 0 0 0 0 0 0 0 0 0 0 0 0 0 187 187 187 187 188 188 188 188 188 189 189 189 189 189 190 190 190 190 190 190 191 191 191 191 191 192 192 192 192 192 193 193 193 193 193 193 194 194 194 194 194 195 195 195 195 195 195 196 196 196 196 196 197 197 197 197 197 197 198 198 198 198 199 199 199 199 199 199 200 200 200 200 200 200 201 201 201 201 201 201 202 202 202 202 202 202 202 203 203 203 203 203 203 203 204 204 204 204 204 204 204 204 205 205 205 205 205 205 205 205 205 205 205 205 205 206 206 206 206 206 206 206 206 206 206 206 207 207 207 207 207 207 207 207 207 207 207 208 208 208 208 208 208 208 208 208 208 208 208 208 209 209 209 209 209 209 209 209 209 209 209 209 209 209 210 210 210 210 210 210 210 210 210 210 210 210 210 210 210 210 211 211 211 211 211 211 211 211 211 211 211 211 211 211 211 211 211 211 212 212 212 0 0 0 0 0 0 0 0 0 0 0 0 0 0 0 0 0 0 0 0 0 0 0 0 0 0 0 0 0 0 0 0 0 0 0 0 0 0 0 0 0 0 0 0 0 0 0 0 0 0 0 0 0 0 0 0 0 0 0 0 0 0 0 0 0 0 0 0 0 0 0 0 0 0 0 0 0 0 0 0 0 0 0 0 0 0 0 0 0 0 0 0 0 0 0 0 0 0 0 0 0 0 0 0 0 0 0 0 0 0 0 0 0 0 0 0 0 0 0 0 0 0 0 0 0 0 0 0 0 0 0 0 0 0 0 0 0 0 0 0 0 0 0 0 0 0 0 0 0 0 0 0 0 0 0 0 0 0 0 0 0 0 0 0 0 0 0 0 0 0 0 0 0 0 0 0 0 0 0 0 0 0 0 0 0 0 0 0 0 0 0 0 0 0 0 0 0 0 0 0 0 0 0 0 0 0 0 0 0 0 0 0 0 0 0 0 0 0 0 0 0 0 0 0 0 0 0 0 0 0 0 0 0 0 0 0 0 0 0 0 0 0 0 0 0 0 0 0 0 0 0 0 0 0 0 0 0 0 0 0 0 0 0 0 0 0 0 0 
0 0 0 0 0 0 0 0 0 0 0 0 0 0 0 0 0 0 0 0 0 184 184 185 185 185 0 0 0 0 0 186 186 187 187 187 187 187 188 188 188 188 188 189 189 189 189 189 190 190 190 190 190 190 191 191 191 191 191 192 192 192 192 192 193 193 193 193 193 193 194 194 194 194 194 195 195 195 195 195 196 196 196 196 196 196 197 197 197 197 197 198 198 198 198 198 199 199 199 199 199 199 200 200 200 200 200 200 201 201 201 201 201 201 202 202 202 202 202 202 203 203 203 203 203 203 203 204 204 204 204 204 204 204 204 204 205 205 205 205 205 205 205 205 205 205 205 205 205 206 206 206 206 206 206 206 206 206 206 206 207 207 207 207 207 207 207 207 207 207 207 208 208 208 208 208 208 208 208 208 208 208 208 208 209 209 209 209 209 209 209 209 209 209 209 209 209 209 210 210 210 210 210 210 210 210 210 210 210 210 210 210 210 210 211 211 211 211 211 211 211 211 211 211 211 211 211 211 211 211 211 211 211 212 212 0 0 0 0 0 0 0 0 0 0 0 0 0 0 0 0 0 0 0 0 0 0 0 0 0 0 0 0 0 0 0 0 0 0 0 0 0 0 0 0 0 0 0 0 0 0 0 0 0 0 0 0 0 0 0 0 0 0 0 0 0 0 0 0 0 0 0 0 0 0 0 0 0 0 0 0 0 0 0 0 0 0 0 0 0 0 0 0 0 0 0 0 0 0 0 0 0 0 0 0 0 0 0 0 0 0 0 0 0 0 0 0 0 0 0 0 0 0 0 0 0 0 0 0 0 0 0 0 0 0 0 0 0 0 0 0 0 0 0 0 0 0 0 0 0 0 0 0 0 0 0 0 0 0 0 0 0 0 0 0 0 0 0 0 0 0 0 0 0 0 0 0 0 0 0 0 0 0 0 0 0 0 0 0 0 0 0 0 0 0 0 0 0 0 0 0 0 0 0 0 0 0 0 0 0 0 0 0 0 0 0 0 0 0 0 0 0 0 0 0 0 0 0 0 0 0 0 0 0 0 0 0 0 0 0 0 0 0 0 0 0 0 0 0 0 0 0 0 0 0 0 0 0 0 0 0 0 0 0 0 0 0 0 0 0 0 0 0 
0 0 0 0 0 0 0 0 0 0 0 0 0 0 0 0 0 0 0 0 0 184 184 185 185 185 185 185 186 186 186 186 186 187 187 187 187 187 188 188 188 188 188 189 189 189 189 189 190 190 190 190 190 190 191 191 191 191 191 192 192 192 192 192 193 193 193 193 193 193 194 194 194 194 194 195 195 195 195 195 196 196 196 196 196 196 197 197 197 197 197 198 198 198 198 198 199 199 199 199 199 199 200 200 200 200 200 200 201 201 201 201 201 201 202 202 202 202 202 202 203 203 203 203 203 203 203 204 204 204 204 204 204 204 204 205 205 205 205 205 205 205 205 205 205 205 205 205 205 206 206 206 206 206 206 206 206 206 206 206 207 207 207 207 207 207 207 207 207 207 207 208 208 208 208 208 208 208 208 208 208 208 208 208 209 209 209 209 209 209 209 209 209 209 209 209 209 209 210 210 210 210 210 210 210 210 210 210 210 210 210 210 210 210 211 211 211 211 211 211 211 211 211 211 211 211 211 211 211 211 211 211 211 212 212 212 212 212 212 212 212 212 0 0 0 0 0 0 0 0 0 0 0 0 0 0 0 0 0 0 0 0 0 0 0 0 0 0 0 0 0 0 0 0 0 0 0 0 0 0 0 0 0 0 0 0 0 0 0 0 0 0 0 0 0 0 0 0 0 0 0 0 0 0 0 0 0 0 0 0 0 0 0 0 0 0 0 0 0 0 0 0 0 0 0 0 0 0 0 0 0 0 0 0 0 0 0 0 0 0 0 0 0 0 0 0 0 0 0 0 0 0 0 0 0 0 0 0 0 0 0 0 0 0 0 0 0 0 0 0 0 0 0 0 0 0 0 0 0 0 0 0 0 0 0 0 0 0 0 0 0 0 0 0 0 0 0 0 0 0 0 0 0 0 0 0 0 0 0 0 0 0 0 0 0 0 0 0 0 0 0 0 0 0 0 0 0 0 0 0 0 0 0 0 0 0 0 0 0 0 0 0 0 0 0 0 0 0 0 0 0 0 0 0 0 0 0 0 0 0 0 0 0 0 0 0 0 0 0 0 0 0 0 0 0 0 0 0 0 0 0 0 0 0 0 0 0 0 0 0 0 0 0 0 0 0 0 0 0 0 0 0 0 
0 0 0 0 0 0 0 0 0 0 0 0 0 0 0 0 0 0 0 0 0 184 184 185 185 185 185 185 186 186 186 186 186 187 187 187 187 187 188 188 188 188 188 189 189 189 189 189 190 190 190 190 190 190 191 191 191 191 191 192 192 192 192 192 193 193 193 193 193 193 194 194 194 194 194 195 195 195 195 195 196 196 196 196 196 196 197 197 197 197 197 198 198 198 198 198 199 199 199 199 199 199 200 200 200 200 200 201 201 201 201 201 201 202 202 202 202 202 202 202 203 203 203 203 203 203 203 204 204 204 204 204 204 204 204 205 205 205 205 205 205 205 205 205 205 205 205 205 206 206 206 206 206 206 206 206 206 206 206 207 207 207 207 207 207 207 207 207 207 207 207 208 208 208 208 208 208 208 208 208 208 208 208 208 209 209 209 209 209 209 209 209 209 209 209 209 209 209 210 210 210 210 210 210 210 210 210 210 210 210 210 210 210 210 211 211 211 211 211 211 211 211 211 211 211 211 211 211 211 211 211 211 211 211 212 212 212 212 212 212 212 212 212 212 0 0 0 0 0 0 0 0 0 0 0 0 0 0 0 0 0 0 0 0 0 0 0 0 0 0 0 0 0 0 0 0 0 0 0 0 0 0 0 0 0 0 0 0 0 0 0 0 0 0 0 0 0 0 0 0 0 0 0 0 0 0 0 0 0 0 0 0 0 0 0 0 0 0 0 0 0 0 0 0 0 0 0 0 0 0 0 0 0 0 0 0 0 0 0 0 0 0 0 0 0 0 0 0 0 0 0 0 0 0 0 0 0 0 0 0 0 0 0 0 0 0 0 0 0 0 0 0 0 0 0 0 0 0 0 0 0 0 0 0 0 0 0 0 0 0 0 0 0 0 0 0 0 0 0 0 0 0 0 0 0 0 0 0 0 0 0 0 0 0 0 0 0 0 0 0 0 0 0 0 0 0 0 0 0 0 0 0 0 0 0 0 0 0 0 0 0 0 0 0 0 0 0 0 0 0 0 0 0 0 0 0 0 0 0 0 0 0 0 0 0 0 0 0 0 0 0 0 0 0 0 0 0 0 0 0 0 0 0 0 0 0 0 0 0 0 0 0 0 0 0 0 0 0 0 0 0 0 0 
0 0 0 0 0 0 0 0 0 0 0 0 0 0 0 0 0 0 0 0 0 184 184 185 185 185 185 185 186 186 186 186 186 187 187 187 187 187 188 188 188 188 188 189 189 189 189 189 190 190 190 190 190 190 191 191 191 191 191 192 192 192 192 192 193 193 193 193 193 193 194 194 194 194 194 195 195 195 195 195 196 196 196 196 196 196 197 197 197 197 197 198 198 198 198 198 199 199 199 199 199 200 200 200 200 200 200 201 201 201 201 201 201 202 202 202 202 202 202 203 203 203 203 203 203 203 203 204 204 204 204 204 204 204 204 205 205 205 205 205 205 205 205 205 205 205 205 205 206 206 206 206 206 206 206 206 206 206 206 207 207 207 207 207 207 207 207 207 207 207 207 208 208 208 208 208 208 208 208 208 208 208 208 208 209 209 209 209 209 209 209 209 209 209 209 209 209 209 210 210 210 210 210 210 210 210 210 210 210 210 210 210 210 210 210 211 211 211 211 211 211 211 211 211 211 211 211 211 211 211 211 211 211 211 212 212 212 212 212 212 212 212 212 212 212 212 0 0 0 0 0 0 0 0 0 0 0 0 0 0 0 0 0 0 0 0 0 0 0 0 0 0 0 0 0 0 0 0 0 0 0 0 0 0 0 0 0 0 0 0 0 0 0 0 0 0 0 0 0 0 0 0 0 0 0 0 0 0 0 0 0 0 0 0 0 0 0 0 0 0 0 0 0 0 0 0 0 0 0 0 0 0 0 0 0 0 0 0 0 0 0 0 0 0 0 0 0 0 0 0 0 0 0 0 0 0 0 0 0 0 0 0 0 0 0 0 0 0 0 0 0 0 0 0 0 0 0 0 0 0 0 0 0 0 0 0 0 0 0 0 0 0 0 0 0 0 0 0 0 0 0 0 0 0 0 0 0 0 0 0 0 0 0 0 0 0 0 0 0 0 0 0 0 0 0 0 0 0 0 0 0 0 0 0 0 0 0 0 0 0 0 0 0 0 0 0 0 0 0 0 0 0 0 0 0 0 0 0 0 0 0 0 0 0 0 0 0 0 0 0 0 0 0 0 0 0 0 0 0 0 0 0 0 0 0 0 0 0 0 0 0 0 0 0 0 0 0 0 0 0 0 0 0 
0 0 0 0 0 0 0 0 0 0 0 0 0 0 0 0 0 0 0 0 184 184 184 185 185 185 185 185 186 186 186 186 186 187 187 187 187 187 187 188 188 188 188 189 189 189 189 189 190 190 190 190 190 190 191 191 191 191 191 192 192 192 192 192 193 193 193 193 193 193 194 194 194 194 194 195 195 195 195 195 196 196 196 196 196 196 197 197 197 197 197 198 198 198 198 198 199 199 199 199 199 200 200 200 200 200 200 201 201 201 201 201 201 202 202 202 202 202 202 203 203 203 203 203 203 203 204 204 204 204 204 204 204 204 205 205 205 205 205 205 205 205 205 205 205 205 205 206 206 206 206 206 206 206 206 206 206 206 206 207 207 207 207 207 207 207 207 207 207 207 207 208 208 208 208 208 208 208 208 208 208 208 208 208 209 209 209 209 209 209 209 209 209 209 209 209 209 209 210 210 210 210 210 210 210 210 210 210 210 210 210 210 210 210 210 211 211 211 211 211 211 211 211 211 211 211 211 211 211 211 211 211 211 211 211 212 212 212 212 212 212 212 212 212 212 212 212 0 0 0 0 0 0 0 0 0 0 0 0 0 0 0 0 0 0 0 0 0 0 0 0 0 0 0 0 0 0 0 0 0 0 0 0 0 0 0 0 0 0 0 0 0 0 0 0 0 0 0 0 0 0 0 0 0 0 0 0 0 0 0 0 0 0 0 0 0 0 0 0 0 0 0 0 0 0 0 0 0 0 0 0 0 0 0 0 0 0 0 0 0 0 0 0 0 0 0 0 0 0 0 0 0 0 0 0 0 0 0 0 0 0 0 0 0 0 0 0 0 0 0 0 0 0 0 0 0 0 0 0 0 0 0 0 0 0 0 0 0 0 0 0 0 0 0 0 0 0 0 0 0 0 0 0 0 0 0 0 0 0 0 0 0 0 0 0 0 0 0 0 0 0 0 0 0 0 0 0 0 0 0 0 0 0 0 0 0 0 0 0 0 0 0 0 0 0 0 0 0 0 0 0 0 0 0 0 0 0 0 0 0 0 0 0 0 0 0 0 0 0 0 0 0 0 0 0 0 0 0 0 0 0 0 0 0 0 0 0 0 0 0 0 0 0 0 0 0 0 0 0 0 0 0 0 
0 0 0 0 0 0 0 0 0 0 0 0 0 0 0 0 0 0 0 0 0 184 184 185 185 185 185 185 186 186 186 186 186 187 187 187 187 187 187 188 188 188 188 188 189 189 189 189 189 190 190 190 190 190 191 191 191 191 191 192 192 192 192 192 193 193 193 193 193 193 194 194 194 194 194 195 195 195 195 195 196 196 196 196 196 196 197 197 197 197 197 198 198 198 198 198 199 199 199 199 199 200 200 200 200 200 200 201 201 201 201 201 201 202 202 202 202 202 202 203 203 203 203 203 203 203 204 204 204 204 204 204 204 204 205 205 205 205 205 205 205 205 205 205 205 205 205 206 206 206 206 206 206 206 206 206 206 206 206 207 207 207 207 207 207 207 207 207 207 207 207 208 208 208 208 208 208 208 208 208 208 208 208 208 209 209 209 209 209 209 209 209 209 209 209 209 209 209 210 210 210 210 210 210 210 210 210 210 210 210 210 210 210 210 210 211 211 211 211 211 211 211 211 211 211 211 211 211 211 211 211 211 211 211 211 211 212 212 212 212 212 212 212 212 212 212 212 212 0 0 0 0 0 0 0 0 0 0 0 0 0 0 0 0 0 0 0 0 0 0 0 0 0 0 0 0 0 0 0 0 0 0 0 0 0 0 0 0 0 0 0 0 0 0 0 0 0 0 0 0 0 0 0 0 0 0 0 0 0 0 0 0 0 0 0 0 0 0 0 0 0 0 0 0 0 0 0 0 0 0 0 0 0 0 0 0 0 0 0 0 0 0 0 0 0 0 0 0 0 0 0 0 0 0 0 0 0 0 0 0 0 0 0 0 0 0 0 0 0 0 0 0 0 0 0 0 0 0 0 0 0 0 0 0 0 0 0 0 0 0 0 0 0 0 0 0 0 0 0 0 0 0 0 0 0 0 0 0 0 0 0 0 0 0 0 0 0 0 0 0 0 0 0 0 0 0 0 0 0 0 0 0 0 0 0 0 0 0 0 0 0 0 0 0 0 0 0 0 0 0 0 0 0 0 0 0 0 0 0 0 0 0 0 0 0 0 0 0 0 0 0 0 0 0 0 0 0 0 0 0 0 0 0 0 0 0 0 0 0 0 0 0 0 0 0 0 0 0 0 0 0 0 0 
0 0 0 0 0 0 0 0 0 0 0 0 0 0 0 0 0 0 0 0 0 0 184 185 185 185 185 185 186 186 186 186 186 187 187 187 187 187 187 188 188 188 188 189 189 189 189 189 189 190 190 190 190 190 191 191 191 191 191 192 192 192 192 192 193 193 193 193 193 193 194 194 194 194 194 195 195 195 195 195 196 196 196 196 196 196 197 197 197 197 197 198 198 198 198 198 199 199 199 199 199 200 200 200 200 200 200 201 201 201 201 201 202 202 202 202 202 202 202 203 203 203 203 203 203 203 204 204 204 204 204 204 204 204 205 205 205 205 205 205 205 205 205 205 205 205 205 206 206 206 206 206 206 206 206 206 206 206 207 207 207 207 207 207 207 207 207 207 207 207 207 207 208 208 208 208 208 208 208 208 208 208 208 208 209 209 209 209 209 209 209 209 209 209 209 209 209 209 210 210 210 210 210 210 210 210 210 210 210 210 210 210 210 210 210 210 211 211 211 211 211 211 211 211 211 211 211 211 211 211 211 211 211 211 211 211 211 212 212 212 212 212 212 212 212 212 212 0 0 0 0 0 0 0 0 0 0 0 0 0 0 0 0 0 0 0 0 0 0 0 0 0 0 0 0 0 0 0 0 0 0 0 0 0 0 0 0 0 0 0 0 0 0 0 0 0 0 0 0 0 0 0 0 0 0 0 0 0 0 0 0 0 0 0 0 0 0 0 0 0 0 0 0 0 0 0 0 0 0 0 0 0 0 0 0 0 0 0 0 0 0 0 0 0 0 0 0 0 0 0 0 0 0 0 0 0 0 0 0 0 0 0 0 0 0 0 0 0 0 0 0 0 0 0 0 0 0 0 0 0 0 0 0 0 0 0 0 0 0 0 0 0 0 0 0 0 0 0 0 0 0 0 0 0 0 0 0 0 0 0 0 0 0 0 0 0 0 0 0 0 0 0 0 0 0 0 0 0 0 0 0 0 0 0 0 0 0 0 0 0 0 0 0 0 0 0 0 0 0 0 0 0 0 0 0 0 0 0 0 0 0 0 0 0 0 0 0 0 0 0 0 0 0 0 0 0 0 0 0 0 0 0 0 0 0 0 0 0 0 0 0 0 0 0 0 0 0 0 0 0 0 0 0 
0 0 0 0 0 0 0 0 0 0 0 0 0 0 0 0 0 0 0 0 0 0 0 0 185 185 185 185 186 186 186 186 186 187 187 187 187 187 187 188 188 188 188 188 189 189 189 189 189 190 190 190 190 190 191 191 191 191 191 192 192 192 192 192 193 193 193 193 193 193 194 194 194 194 194 195 195 195 195 195 196 196 196 196 196 196 197 197 197 197 197 198 198 198 198 199 199 199 199 199 199 200 200 200 200 200 201 201 201 201 201 201 202 202 202 202 202 202 203 203 203 203 203 203 203 204 204 204 204 204 204 204 204 205 205 205 205 205 205 205 205 205 205 205 205 205 205 206 206 206 206 206 206 206 206 206 206 206 207 207 207 207 207 207 207 207 207 207 207 207 207 207 208 208 208 208 208 208 208 208 208 208 208 208 208 209 209 209 209 209 209 209 209 209 209 209 209 209 209 210 210 210 210 210 210 210 210 210 210 210 210 210 210 210 210 210 211 211 211 211 211 211 211 211 211 211 211 211 211 211 211 211 211 211 211 211 211 211 212 212 212 212 212 212 212 212 0 0 0 0 0 0 0 0 0 0 0 0 0 0 0 0 0 0 0 0 0 0 0 0 0 0 0 0 0 0 0 0 0 0 0 0 0 0 0 0 0 0 0 0 0 0 0 0 0 0 0 0 0 0 0 0 0 0 0 0 0 0 0 0 0 0 0 0 0 0 0 0 0 0 0 0 0 0 0 0 0 0 0 0 0 0 0 0 0 0 0 0 0 0 0 0 0 0 0 0 0 0 0 0 0 0 0 0 0 0 0 0 0 0 0 0 0 0 0 0 0 0 0 0 0 0 0 0 0 0 0 0 0 0 0 0 0 0 0 0 0 0 0 0 0 0 0 0 0 0 0 0 0 0 0 0 0 0 0 0 0 0 0 0 0 0 0 0 0 0 0 0 0 0 0 0 0 0 0 0 0 0 0 0 0 0 0 0 0 0 0 0 0 0 0 0 0 0 0 0 0 0 0 0 0 0 0 0 0 0 0 0 0 0 0 0 0 0 0 0 0 0 0 0 0 0 0 0 0 0 0 0 0 0 0 0 0 0 0 0 0 0 0 0 0 0 0 0 0 0 0 0 0 0 0 0 0 
0 0 0 0 0 0 0 0 0 0 0 0 0 0 0 0 0 0 0 0 0 0 0 0 0 185 185 185 186 186 186 186 186 186 187 187 187 187 187 188 188 188 188 188 189 189 189 189 189 190 190 190 190 190 191 191 191 191 191 192 192 192 192 192 193 193 193 193 193 193 194 194 194 194 194 195 195 195 195 195 196 196 196 196 196 196 197 197 197 197 197 198 198 198 198 199 199 199 199 199 199 200 200 200 200 200 201 201 201 201 201 201 202 202 202 202 202 202 203 203 203 203 203 203 203 204 204 204 204 204 204 204 204 205 205 205 205 205 205 205 205 205 205 205 205 205 206 206 206 206 206 206 206 206 206 206 206 206 207 207 207 207 207 207 207 207 207 207 207 207 207 207 208 208 208 208 208 208 208 208 208 208 208 208 208 209 209 209 209 209 209 209 209 209 209 209 209 209 209 210 210 210 210 210 210 210 210 210 210 210 210 210 210 210 210 210 210 211 211 211 211 211 211 211 211 211 211 211 211 211 211 211 211 211 211 211 211 211 212 212 212 212 212 212 212 212 212 212 212 0 0 0 0 0 0 0 0 0 0 0 0 0 0 0 0 0 0 0 0 0 0 0 0 0 0 0 0 0 0 0 0 0 0 0 0 0 0 0 0 0 0 0 0 0 0 0 0 0 0 0 0 0 0 0 0 0 0 0 0 0 0 0 0 0 0 0 0 0 0 0 0 0 0 0 0 0 0 0 0 0 0 0 0 0 0 0 0 0 0 0 0 0 0 0 0 0 0 0 0 0 0 0 0 0 0 0 0 0 0 0 0 0 0 0 0 0 0 0 0 0 0 0 0 0 0 0 0 0 0 0 0 0 0 0 0 0 0 0 0 0 0 0 0 0 0 0 0 0 0 0 0 0 0 0 0 0 0 0 0 0 0 0 0 0 0 0 0 0 0 0 0 0 0 0 0 0 0 0 0 0 0 0 0 0 0 0 0 0 0 0 0 0 0 0 0 0 0 0 0 0 0 0 0 0 0 0 0 0 0 0 0 0 0 0 0 0 0 0 0 0 0 0 0 0 0 0 0 0 0 0 0 0 0 0 0 0 0 0 0 0 0 0 0 0 0 0 0 0 0 0 0 0 0 
0 0 0 0 0 0 0 0 0 0 0 0 0 0 0 0 0 0 0 0 0 0 0 0 0 0 185 185 185 185 186 186 186 186 186 187 187 187 187 187 188 188 188 188 188 189 189 189 189 189 189 190 190 190 190 190 191 191 191 191 191 192 192 192 192 192 193 193 193 193 193 193 194 194 194 194 194 195 195 195 195 195 196 196 196 196 196 197 197 197 197 197 198 198 198 199 199 199 199 199 200 200 200 200 200 200 201 201 201 201 201 202 202 202 202 202 202 203 203 203 203 203 203 203 204 204 204 204 204 204 204 204 205 205 205 205 205 205 205 205 205 205 205 205 205 206 206 206 206 206 206 206 206 206 206 206 206 207 207 207 207 207 207 207 207 207 207 207 207 207 208 208 208 208 208 208 208 208 208 208 208 208 208 209 209 209 209 209 209 209 209 209 209 209 209 210 210 210 210 210 210 210 210 210 210 210 210 210 210 210 210 210 210 211 211 211 211 211 211 211 211 211 211 211 211 211 211 211 211 211 211 211 211 211 212 212 212 212 212 212 212 212 212 212 212 212 212 212 212 212 212 212 212 0 0 0 0 0 0 0 0 0 0 0 0 0 0 0 0 0 0 0 0 0 0 0 0 0 0 0 0 0 0 0 0 0 0 0 0 0 0 0 0 0 0 0 0 0 0 0 0 0 0 0 0 0 0 0 0 0 0 0 0 0 0 0 0 0 0 0 0 0 0 0 0 0 0 0 0 0 0 0 0 0 0 0 0 0 0 0 0 0 0 0 0 0 0 0 0 0 0 0 0 0 0 0 0 0 0 0 0 0 0 0 0 0 0 0 0 0 0 0 0 0 0 0 0 0 0 0 0 0 0 0 0 0 0 0 0 0 0 0 0 0 0 0 0 0 0 0 0 0 0 0 0 0 0 0 0 0 0 0 0 0 0 0 0 0 0 0 0 0 0 0 0 0 0 0 0 0 0 0 0 0 0 0 0 0 0 0 0 0 0 0 0 0 0 0 0 0 0 0 0 0 0 0 0 0 0 0 0 0 0 0 0 0 0 0 0 0 0 0 0 0 0 0 0 0 0 0 0 0 0 0 0 0 0 0 0 0 0 0 0 0 0 0 0 0 0 0 0 0 0 
0 0 0 0 0 0 0 0 0 0 0 0 0 0 0 0 0 0 0 0 0 0 0 0 0 185 185 185 185 185 186 186 186 186 186 187 187 187 187 187 188 188 188 188 188 188 189 189 189 189 189 190 190 190 190 190 191 191 191 191 191 192 192 192 192 192 193 193 193 193 193 193 194 194 194 194 194 195 195 195 195 195 196 196 196 196 196 197 197 197 197 197 198 198 198 199 199 199 199 199 200 200 200 200 200 200 201 201 201 201 201 202 202 202 202 202 202 203 203 203 203 203 203 203 204 204 204 204 204 204 204 204 205 205 205 205 205 205 205 205 205 206 205 205 205 206 206 206 206 206 206 206 206 206 206 206 206 207 207 207 207 207 207 207 207 207 207 207 207 207 208 208 208 208 208 208 208 208 208 208 208 208 208 209 209 209 209 209 209 209 209 209 209 209 209 210 210 210 210 210 210 210 210 210 210 210 210 210 210 210 210 210 210 211 211 211 211 211 211 211 211 211 211 211 211 211 211 211 211 211 211 211 211 211 211 211 212 212 212 212 212 212 212 212 212 212 212 212 212 212 212 212 212 0 0 0 0 0 0 0 0 0 0 0 0 0 0 0 0 0 0 0 0 0 0 0 0 0 0 0 0 0 0 0 0 0 0 0 0 0 0 0 0 0 0 0 0 0 0 0 0 0 0 0 0 0 0 0 0 0 0 0 0 0 0 0 0 0 0 0 0 0 0 0 0 0 0 0 0 0 0 0 0 0 0 0 0 0 0 0 0 0 0 0 0 0 0 0 0 0 0 0 0 0 0 0 0 0 0 0 0 0 0 0 0 0 0 0 0 0 0 0 0 0 0 0 0 0 0 0 0 0 0 0 0 0 0 0 0 0 0 0 0 0 0 0 0 0 0 0 0 0 0 0 0 0 0 0 0 0 0 0 0 0 0 0 0 0 0 0 0 0 0 0 0 0 0 0 0 0 0 0 0 0 0 0 0 0 0 0 0 0 0 0 0 0 0 0 0 0 0 0 0 0 0 0 0 0 0 0 0 0 0 0 0 0 0 0 0 0 0 0 0 0 0 0 0 0 0 0 0 0 0 0 0 0 0 0 0 0 0 0 0 0 0 0 0 0 0 0 0 0 0 
0 0 0 0 0 0 0 0 0 0 0 0 0 0 0 0 0 0 0 183 184 184 184 184 184 185 185 185 185 185 186 186 186 186 186 187 187 187 187 187 187 188 188 188 188 188 189 189 189 189 189 190 190 190 190 190 191 191 191 191 191 192 192 192 192 192 193 193 193 193 193 193 194 194 194 194 194 195 195 195 195 195 196 196 196 196 196 197 197 197 197 197 198 198 198 199 199 199 199 199 200 200 200 200 200 200 201 201 201 201 201 202 202 202 202 202 202 203 203 203 203 203 203 204 204 204 204 204 204 204 204 205 205 205 205 205 205 205 205 205 205 206 205 205 205 206 206 206 206 206 206 206 206 206 206 206 206 207 207 207 207 207 207 207 207 207 207 207 207 207 208 208 208 208 208 208 208 208 208 208 208 208 208 208 209 209 209 209 209 209 209 209 209 209 209 209 210 210 210 210 210 210 210 210 210 210 210 210 210 210 210 210 210 210 211 211 211 211 211 211 211 211 211 211 211 211 211 211 211 211 211 211 211 211 211 211 212 212 212 212 212 212 212 212 212 212 212 212 212 212 212 212 212 212 0 0 0 0 0 0 0 0 0 0 0 0 0 0 0 0 0 0 0 0 0 0 0 0 0 0 0 0 0 0 0 0 0 0 0 0 0 0 0 0 0 0 0 0 0 0 0 0 0 0 0 0 0 0 0 0 0 0 0 0 0 0 0 0 0 0 0 0 0 0 0 0 0 0 0 0 0 0 0 0 0 0 0 0 0 0 0 0 0 0 0 0 0 0 0 0 0 0 0 0 0 0 0 0 0 0 0 0 0 0 0 0 0 0 0 0 0 0 0 0 0 0 0 0 0 0 0 0 0 0 0 0 0 0 0 0 0 0 0 0 0 0 0 0 0 0 0 0 0 0 0 0 0 0 0 0 0 0 0 0 0 0 0 0 0 0 0 0 0 0 0 0 0 0 0 0 0 0 0 0 0 0 0 0 0 0 0 0 0 0 0 0 0 0 0 0 0 0 0 0 0 0 0 0 0 0 0 0 0 0 0 0 0 0 0 0 0 0 0 0 0 0 0 0 0 0 0 0 0 0 0 0 0 0 0 0 0 0 0 0 0 0 0 0 0 0 0 0 0 
0 0 0 0 0 0 0 0 0 0 0 0 0 0 0 0 0 0 183 183 184 184 184 184 184 185 185 185 185 185 186 186 186 186 186 186 187 187 187 187 187 188 188 188 188 188 189 189 189 189 189 190 190 190 190 190 191 191 191 191 191 192 192 192 192 192 192 193 193 193 193 193 194 194 194 194 194 195 195 195 195 195 196 196 196 196 196 196 197 197 197 197 198 198 198 199 199 199 199 199 199 200 200 200 200 200 201 201 201 201 201 202 202 202 202 202 202 203 203 203 203 203 203 204 204 204 204 204 204 204 204 205 205 205 205 205 205 205 205 205 205 206 205 205 205 206 206 206 206 206 206 206 206 206 206 206 206 207 207 207 207 207 207 207 207 207 207 207 207 207 207 208 208 208 208 208 208 208 208 208 208 208 208 208 209 209 209 209 209 209 209 209 209 209 209 209 210 210 210 210 210 210 210 210 210 210 210 210 210 210 210 210 210 210 210 211 211 211 211 211 211 211 211 211 211 211 211 211 211 211 211 211 211 211 211 211 211 212 212 212 212 212 212 212 212 212 212 212 212 212 212 212 212 212 0 0 0 0 0 0 0 0 0 0 0 0 0 0 0 0 0 0 0 0 0 0 0 0 0 0 0 0 0 0 0 0 0 0 0 0 0 0 0 0 0 0 0 0 0 0 0 0 0 0 0 0 0 0 0 0 0 0 0 0 0 0 0 0 0 0 0 0 0 0 0 0 0 0 0 0 0 0 0 0 0 0 0 0 0 0 0 0 0 0 0 0 0 0 0 0 0 0 0 0 0 0 0 0 0 0 0 0 0 0 0 0 0 0 0 0 0 0 0 0 0 0 0 0 0 0 0 0 0 0 0 0 0 0 0 0 0 0 0 0 0 0 0 0 0 0 0 0 0 0 0 0 0 0 0 0 0 0 0 0 0 0 0 0 0 0 0 0 0 0 0 0 0 0 0 0 0 0 0 0 0 0 0 0 0 0 0 0 0 0 0 0 0 0 0 0 0 0 0 0 0 0 0 0 0 0 0 0 0 0 0 0 0 0 0 0 0 0 0 0 0 0 0 0 0 0 0 0 0 0 0 0 0 0 0 0 0 0 0 0 0 0 0 0 0 0 0 0 0 
0 0 0 0 0 0 0 0 0 0 0 0 0 0 0 0 0 0 183 183 184 184 184 184 184 185 185 185 185 185 186 186 186 186 186 186 187 187 187 187 187 188 188 188 188 188 189 189 189 189 189 190 190 190 190 190 191 191 191 191 191 191 192 192 192 192 192 193 193 193 193 193 194 194 194 194 194 195 195 195 195 195 196 196 196 196 196 196 197 197 197 197 198 198 198 199 199 199 199 199 199 200 200 200 200 200 201 201 201 201 201 202 202 202 202 202 202 203 203 203 203 203 203 204 204 204 204 204 204 204 204 205 205 205 205 205 205 205 205 205 205 206 205 205 205 206 206 206 206 206 206 206 206 206 206 206 206 207 207 207 207 207 207 207 207 207 207 207 207 207 207 208 208 208 208 208 208 208 208 208 208 208 208 208 208 209 209 209 209 209 209 209 209 209 209 209 209 210 210 210 210 210 210 210 210 210 210 210 210 210 210 210 210 210 210 211 211 211 211 211 211 211 211 211 211 211 211 211 211 211 211 211 211 211 211 211 211 211 211 212 212 212 212 212 212 212 212 212 212 212 212 212 212 212 212 212 0 0 0 0 0 0 0 0 0 0 0 0 0 0 0 0 0 0 0 0 0 0 0 0 0 0 0 0 0 0 0 0 0 0 0 0 0 0 0 0 0 0 0 0 0 0 0 0 0 0 0 0 0 0 0 0 0 0 0 0 0 0 0 0 0 0 0 0 0 0 0 0 0 0 0 0 0 0 0 0 0 0 0 0 0 0 0 0 0 0 0 0 0 0 0 0 0 0 0 0 0 0 0 0 0 0 0 0 0 0 0 0 0 0 0 0 0 0 0 0 0 0 0 0 0 0 0 0 0 0 0 0 0 0 0 0 0 0 0 0 0 0 0 0 0 0 0 0 0 0 0 0 0 0 0 0 0 0 0 0 0 0 0 0 0 0 0 0 0 0 0 0 0 0 0 0 0 0 0 0 0 0 0 0 0 0 0 0 0 0 0 0 0 0 0 0 0 0 0 0 0 0 0 0 0 0 0 0 0 0 0 0 0 0 0 0 0 0 0 0 0 0 0 0 0 0 0 0 0 0 0 0 0 0 0 0 0 0 0 0 0 0 0 0 0 0 0 
0 0 0 0 0 0 0 0 0 0 0 0 0 0 0 0 0 0 0 183 184 184 184 184 184 185 185 185 185 185 186 186 186 186 186 186 187 187 187 187 187 188 188 188 188 188 189 189 189 189 189 189 190 190 190 190 191 191 191 191 191 191 192 192 192 192 192 193 193 193 193 193 194 194 194 194 194 195 195 195 195 195 196 196 196 196 196 196 197 197 197 197 198 198 198 199 199 199 199 199 199 200 200 200 200 200 201 201 201 201 201 202 202 202 202 202 202 203 203 203 203 203 204 204 204 204 204 204 204 204 204 205 205 205 205 205 205 205 205 205 205 206 205 205 205 206 206 206 206 206 206 206 206 206 206 206 206 206 207 207 207 207 207 207 207 207 207 207 207 207 207 208 208 208 208 208 208 208 208 208 208 208 208 208 208 209 209 209 209 209 209 209 209 209 209 209 209 210 210 210 210 210 210 210 210 210 210 210 210 210 210 210 210 210 210 210 211 211 211 211 211 211 211 211 211 211 211 211 211 211 211 211 211 211 211 211 211 211 211 211 212 212 212 212 212 212 212 212 212 212 212 212 212 212 212 212 212 0 0 0 0 0 0 0 0 0 0 0 0 0 0 0 0 0 0 0 0 0 0 0 0 0 0 0 0 0 0 0 0 0 0 0 0 0 0 0 0 0 0 0 0 0 0 0 0 0 0 0 0 0 0 0 0 0 0 0 0 0 0 0 0 0 0 0 0 0 0 0 0 0 0 0 0 0 0 0 0 0 0 0 0 0 0 0 0 0 0 0 0 0 0 0 0 0 0 0 0 0 0 0 0 0 0 0 0 0 0 0 0 0 0 0 0 0 0 0 0 0 0 0 0 0 0 0 0 0 0 0 0 0 0 0 0 0 0 0 0 0 0 0 0 0 0 0 0 0 0 0 0 0 0 0 0 0 0 0 0 0 0 0 0 0 0 0 0 0 0 0 0 0 0 0 0 0 0 0 0 0 0 0 0 0 0 0 0 0 0 0 0 0 0 0 0 0 0 0 0 0 0 0 0 0 0 0 0 0 0 0 0 0 0 0 0 0 0 0 0 0 0 0 0 0 0 0 0 0 0 0 0 0 0 0 0 0 0 0 0 0 0 0 0 0 0 
0 0 0 0 0 0 0 0 0 0 0 0 0 0 0 0 0 0 0 0 0 184 184 184 184 184 185 185 185 185 185 186 186 186 186 186 187 187 187 187 187 188 188 188 188 188 188 189 189 189 189 189 190 190 190 190 190 191 191 191 191 191 192 192 192 192 192 193 193 193 193 193 194 194 194 194 194 195 195 195 195 195 195 196 196 196 196 196 197 197 197 197 198 198 198 198 199 199 199 199 199 200 200 200 200 200 201 201 201 201 201 202 202 202 202 202 202 203 203 203 203 203 204 204 204 204 204 204 204 204 205 205 205 205 205 205 205 205 205 205 205 206 205 205 205 206 206 206 206 206 206 206 206 206 206 206 206 206 207 207 207 207 207 207 207 207 207 207 207 207 207 208 208 208 208 208 208 208 208 208 208 208 208 208 208 208 209 209 209 209 209 209 209 209 209 209 209 209 210 210 210 210 210 210 210 210 210 210 210 210 210 210 210 210 210 210 210 211 211 211 211 211 211 211 211 211 211 211 211 211 211 211 211 211 211 211 211 211 211 211 211 212 211 212 212 212 212 212 212 212 212 212 212 212 212 212 212 212 212 0 0 0 0 0 0 0 0 0 0 0 0 0 0 0 0 0 0 0 0 0 0 0 0 0 0 0 0 0 0 0 0 0 0 0 0 0 0 0 0 0 0 0 0 0 0 0 0 0 0 0 0 0 0 0 0 0 0 0 0 0 0 0 0 0 0 0 0 0 0 0 0 0 0 0 0 0 0 0 0 0 0 0 0 0 0 0 0 0 0 0 0 0 0 0 0 0 0 0 0 0 0 0 0 0 0 0 0 0 0 0 0 0 0 0 0 0 0 0 0 0 0 0 0 0 0 0 0 0 0 0 0 0 0 0 0 0 0 0 0 0 0 0 0 0 0 0 0 0 0 0 0 0 0 0 0 0 0 0 0 0 0 0 0 0 0 0 0 0 0 0 0 0 0 0 0 0 0 0 0 0 0 0 0 0 0 0 0 0 0 0 0 0 0 0 0 0 0 0 0 0 0 0 0 0 0 0 0 0 0 0 0 0 0 0 0 0 0 0 0 0 0 0 0 0 0 0 0 0 0 0 0 0 0 0 0 0 0 0 0 0 0 0 0 
0 0 0 0 0 0 0 0 0 0 0 0 0 0 0 0 0 0 0 0 0 0 0 184 184 184 185 185 185 185 185 186 186 186 186 186 187 187 187 187 187 188 188 188 188 188 188 189 189 189 189 189 190 190 190 190 190 191 191 191 191 191 192 192 192 192 192 193 193 193 193 193 194 194 194 194 194 195 195 195 195 195 195 196 196 196 196 196 197 197 197 197 198 198 198 198 199 199 199 199 199 200 200 200 200 200 201 201 201 201 201 202 202 202 202 202 202 203 203 203 203 203 204 204 204 204 204 204 204 204 205 205 205 205 205 205 205 205 205 205 205 205 205 205 205 206 206 206 206 206 206 206 206 206 206 206 206 206 207 207 207 207 207 207 207 207 207 207 207 207 207 207 208 208 208 208 208 208 208 208 208 208 208 208 208 208 209 209 209 209 209 209 209 209 209 209 209 209 210 210 210 210 210 210 210 210 210 210 210 210 210 210 210 210 210 210 210 211 211 211 211 211 211 211 211 211 211 211 211 211 211 211 211 211 211 211 211 211 211 211 211 211 211 211 212 212 212 212 212 212 212 212 212 212 212 212 212 212 212 212 0 0 0 0 0 0 0 0 0 0 0 0 0 0 0 0 0 0 0 0 0 0 0 0 0 0 0 0 0 0 0 0 0 0 0 0 0 0 0 0 0 0 0 0 0 0 0 0 0 0 0 0 0 0 0 0 0 0 0 0 0 0 0 0 0 0 0 0 0 0 0 0 0 0 0 0 0 0 0 0 0 0 0 0 0 0 0 0 0 0 0 0 0 0 0 0 0 0 0 0 0 0 0 0 0 0 0 0 0 0 0 0 0 0 0 0 0 0 0 0 0 0 0 0 0 0 0 0 0 0 0 0 0 0 0 0 0 0 0 0 0 0 0 0 0 0 0 0 0 0 0 0 0 0 0 0 0 0 0 0 0 0 0 0 0 0 0 0 0 0 0 0 0 0 0 0 0 0 0 0 0 0 0 0 0 0 0 0 0 0 0 0 0 0 0 0 0 0 0 0 0 0 0 0 0 0 0 0 0 0 0 0 0 0 0 0 0 0 0 0 0 0 0 0 0 0 0 0 0 0 0 0 0 0 0 0 0 0 0 0 0 0 0 
0 0 0 0 0 0 0 0 0 0 0 0 0 0 0 0 0 0 0 0 0 0 0 0 184 184 184 185 185 185 185 186 186 186 186 186 187 187 187 187 187 187 188 188 188 188 188 189 189 189 189 189 190 190 190 190 190 191 191 191 191 191 192 192 192 192 192 193 193 193 193 193 193 194 194 194 194 194 195 195 195 195 195 196 196 196 196 196 197 197 197 197 198 198 198 198 199 199 199 199 199 200 200 200 200 200 201 201 201 201 201 202 202 202 202 202 202 203 203 203 203 203 204 204 204 204 204 204 204 204 205 205 205 205 205 205 205 205 205 205 205 205 205 205 205 205 206 206 206 206 206 206 206 206 206 206 206 206 207 207 207 207 207 207 207 207 207 207 207 207 207 207 208 208 208 208 208 208 208 208 208 208 208 208 208 208 209 209 209 209 209 209 209 209 209 209 209 209 209 210 210 210 210 210 210 210 210 210 210 210 210 210 210 210 210 210 210 210 211 211 211 211 211 211 211 211 211 211 211 211 211 211 211 211 211 211 211 211 211 211 211 211 211 211 211 211 212 212 212 212 212 212 212 212 212 212 212 212 212 212 212 0 0 0 0 0 0 0 0 0 0 0 0 0 0 0 0 0 0 0 0 0 0 0 0 0 0 0 0 0 0 0 0 0 0 0 0 0 0 0 0 0 0 0 0 0 0 0 0 0 0 0 0 0 0 0 0 0 0 0 0 0 0 0 0 0 0 0 0 0 0 0 0 0 0 0 0 0 0 0 0 0 0 0 0 0 0 0 0 0 0 0 0 0 0 0 0 0 0 0 0 0 0 0 0 0 0 0 0 0 0 0 0 0 0 0 0 0 0 0 0 0 0 0 0 0 0 0 0 0 0 0 0 0 0 0 0 0 0 0 0 0 0 0 0 0 0 0 0 0 0 0 0 0 0 0 0 0 0 0 0 0 0 0 0 0 0 0 0 0 0 0 0 0 0 0 0 0 0 0 0 0 0 0 0 0 0 0 0 0 0 0 0 0 0 0 0 0 0 0 0 0 0 0 0 0 0 0 0 0 0 0 0 0 0 0 0 0 0 0 0 0 0 0 0 0 0 0 0 0 0 0 0 0 0 0 0 0 0 0 0 0 0 
0 0 0 0 0 0 0 0 0 0 0 0 0 0 0 0 0 0 0 0 0 0 0 0 0 0 0 0 0 0 0 0 0 186 186 186 186 187 187 187 187 187 188 188 188 188 188 189 189 189 189 189 190 190 190 190 190 191 191 191 191 191 192 192 192 192 192 193 193 193 193 193 193 194 194 194 194 194 195 195 195 195 195 196 196 196 196 196 197 197 197 197 198 198 198 198 199 199 199 199 199 200 200 200 200 200 201 201 201 201 201 202 202 202 202 202 202 203 203 203 203 203 204 204 204 204 204 204 204 204 204 205 205 205 205 205 205 205 205 205 205 205 205 205 205 205 206 206 206 206 206 206 206 206 206 206 206 206 206 207 207 207 207 207 207 207 207 207 207 207 207 207 208 208 208 208 208 208 208 208 208 208 208 208 208 208 208 209 209 209 209 209 209 209 209 209 209 209 209 210 210 210 210 210 210 210 210 210 210 210 210 210 210 210 210 210 210 210 210 210 211 211 211 211 211 211 211 211 211 211 211 211 211 211 211 211 211 211 211 211 211 211 211 211 211 211 211 211 212 212 212 212 212 212 212 212 212 212 212 212 212 212 212 0 0 0 0 0 0 0 0 0 0 0 0 0 0 0 0 0 0 0 0 0 0 0 0 0 0 0 0 0 0 0 0 0 0 0 0 0 0 0 0 0 0 0 0 0 0 0 0 0 0 0 0 0 0 0 0 0 0 0 0 0 0 0 0 0 0 0 0 0 0 0 0 0 0 0 0 0 0 0 0 0 0 0 0 0 0 0 0 0 0 0 0 0 0 0 0 0 0 0 0 0 0 0 0 0 0 0 0 0 0 0 0 0 0 0 0 0 0 0 0 0 0 0 0 0 0 0 0 0 0 0 0 0 0 0 0 0 0 0 0 0 0 0 0 0 0 0 0 0 0 0 0 0 0 0 0 0 0 0 0 0 0 0 0 0 0 0 0 0 0 0 0 0 0 0 0 0 0 0 0 0 0 0 0 0 0 0 0 0 0 0 0 0 0 0 0 0 0 0 0 0 0 0 0 0 0 0 0 0 0 0 0 0 0 0 0 0 0 0 0 0 0 0 0 0 0 0 0 0 0 0 0 0 0 0 0 0 0 0 0 
0 0 0 0 0 0 0 0 0 0 0 0 0 0 0 0 0 0 0 0 0 0 0 0 0 0 0 0 0 0 0 0 0 0 186 186 186 187 187 187 187 187 188 188 188 188 188 189 189 189 189 189 190 190 190 190 190 191 191 191 191 191 192 192 192 192 192 192 193 193 193 193 193 194 194 194 194 194 195 195 195 195 195 196 196 196 196 196 197 197 197 197 198 198 198 198 199 199 199 199 199 200 200 200 200 200 200 201 201 201 201 201 202 202 202 202 202 203 203 203 203 203 204 204 204 204 204 204 204 204 204 205 205 205 205 205 205 205 205 205 205 205 205 205 205 205 206 206 206 206 206 206 206 206 206 206 206 206 206 207 207 207 207 207 207 207 207 207 207 207 207 207 207 208 208 208 208 208 208 208 208 208 208 208 208 208 208 209 209 209 209 209 209 209 209 209 209 209 209 209 210 210 210 210 210 210 210 210 210 210 210 210 210 210 210 210 210 210 210 210 210 211 211 211 211 211 211 211 211 211 211 211 211 211 211 211 211 211 211 211 211 211 211 211 211 211 211 211 211 212 212 212 212 212 212 212 212 212 212 212 212 212 212 212 0 0 0 0 212 212 0 0 0 0 0 0 0 0 0 0 0 0 0 0 0 0 0 0 0 0 0 0 0 0 0 0 0 0 0 0 0 0 0 0 0 0 0 0 0 0 0 0 0 0 0 0 0 0 0 0 0 0 0 0 0 0 0 0 0 0 0 0 0 0 0 0 0 0 0 0 0 0 0 0 0 0 0 0 0 0 0 0 0 0 0 0 0 0 0 0 0 0 0 0 0 0 0 0 0 0 0 0 0 0 0 0 0 0 0 0 0 0 0 0 0 0 0 0 0 0 0 0 0 0 0 0 0 0 0 0 0 0 0 0 0 0 0 0 0 0 0 0 0 0 0 0 0 0 0 0 0 0 0 0 0 0 0 0 0 0 0 0 0 0 0 0 0 0 0 0 0 0 0 0 0 0 0 0 0 0 0 0 0 0 0 0 0 0 0 0 0 0 0 0 0 0 0 0 0 0 0 0 0 0 0 0 0 0 0 0 0 0 0 0 0 0 0 0 0 0 0 0 0 0 0 0 0 0 0 0 0 0 0 
0 0 0 0 0 0 0 0 0 0 0 0 0 0 0 0 0 0 0 0 0 0 0 0 0 0 0 0 0 0 0 0 0 0 186 186 186 187 187 187 187 187 188 188 188 188 188 188 189 189 189 189 189 190 190 190 190 190 191 191 191 191 191 192 192 192 192 192 193 193 193 193 193 194 194 194 194 194 195 195 195 195 195 196 196 196 196 196 197 197 197 197 198 198 198 198 198 199 199 199 199 199 200 200 200 200 200 201 201 201 201 201 202 202 202 202 202 203 203 203 203 203 203 204 204 204 204 204 204 204 204 204 205 205 205 205 205 205 205 205 205 205 205 205 205 205 205 206 206 206 206 206 206 206 206 206 206 206 206 206 207 207 207 207 207 207 207 207 207 207 207 207 207 208 208 208 208 208 208 208 208 208 208 208 208 208 208 208 209 209 209 209 209 209 209 209 209 209 209 209 210 210 210 210 210 210 210 210 210 210 210 210 210 210 210 210 210 210 210 210 210 210 211 211 211 211 211 211 211 211 211 211 211 211 211 211 211 211 211 211 211 211 211 211 211 211 211 211 211 211 211 212 212 212 212 212 212 212 212 212 212 212 212 212 212 212 212 212 212 0 0 0 0 0 0 0 0 0 0 0 0 212 212 212 0 0 0 0 0 0 0 0 0 0 0 0 0 0 0 0 0 0 0 0 0 0 0 0 0 0 0 0 0 0 0 0 0 0 0 0 0 0 0 0 0 0 0 0 0 0 0 0 0 0 0 0 0 0 0 0 0 0 0 0 0 0 0 0 0 0 0 0 0 0 0 0 0 0 0 0 0 0 0 0 0 0 0 0 0 0 0 0 0 0 0 0 0 0 0 0 0 0 0 0 0 0 0 0 0 0 0 0 0 0 0 0 0 0 0 0 0 0 0 0 0 0 0 0 0 0 0 0 0 0 0 0 0 0 0 0 0 0 0 0 0 0 0 0 0 0 0 0 0 0 0 0 0 0 0 0 0 0 0 0 0 0 0 0 0 0 0 0 0 0 0 0 0 0 0 0 0 0 0 0 0 0 0 0 0 0 0 0 0 0 0 0 0 0 0 0 0 0 0 0 0 0 0 0 0 0 0 0 0 0 0 0 0 0 0 0 0 0 0 
0 0 0 0 0 0 0 0 0 0 0 0 0 0 0 0 0 0 0 0 0 0 0 0 0 0 0 0 0 0 0 0 0 0 186 186 186 187 187 187 187 187 187 188 188 188 188 188 189 189 189 189 189 190 190 190 190 190 191 191 191 191 191 192 192 192 192 192 193 193 193 193 193 194 194 194 194 194 195 195 195 195 195 196 196 196 196 196 196 197 197 197 198 198 198 198 198 199 199 199 199 199 200 200 200 200 200 201 201 201 201 201 202 202 202 202 202 203 203 203 203 203 203 203 204 204 204 204 204 204 204 204 205 205 205 205 205 205 205 205 205 205 205 205 205 205 205 206 206 206 206 206 206 206 206 206 206 206 206 206 206 207 207 207 207 207 207 207 207 207 207 207 207 207 208 208 208 208 208 208 208 208 208 208 208 208 208 208 209 209 209 209 209 209 209 209 209 209 209 209 209 210 210 210 210 210 210 210 210 210 210 210 210 210 210 210 210 210 210 210 210 210 210 211 211 211 211 211 211 211 211 211 211 211 211 211 211 211 211 211 211 211 211 211 211 211 211 211 211 211 211 211 211 212 212 212 212 212 212 212 212 212 212 212 212 212 212 212 212 212 212 212 0 0 0 0 0 0 0 0 212 212 212 212 0 0 0 0 0 0 0 0 0 0 0 0 0 0 0 0 0 0 0 0 0 0 0 0 0 0 0 0 0 0 0 0 0 0 0 0 0 0 0 0 0 0 0 0 0 0 0 0 0 0 0 0 0 0 0 0 0 0 0 0 0 0 0 0 0 0 0 0 0 0 0 0 0 0 0 0 0 0 0 0 0 0 0 0 0 0 0 0 0 0 0 0 0 0 0 0 0 0 0 0 0 0 0 0 0 0 0 0 0 0 0 0 0 0 0 0 0 0 0 0 0 0 0 0 0 0 0 0 0 0 0 0 0 0 0 0 0 0 0 0 0 0 0 0 0 0 0 0 0 0 0 0 0 0 0 0 0 0 0 0 0 0 0 0 0 0 0 0 0 0 0 0 0 0 0 0 0 0 0 0 0 0 0 0 0 0 0 0 0 0 0 0 0 0 0 0 0 0 0 0 0 0 0 0 0 0 0 0 0 0 0 0 0 0 0 0 0 0 0 
0 0 0 0 0 0 0 0 0 0 0 0 0 0 0 0 0 0 0 0 0 0 0 0 0 0 0 0 0 0 0 0 0 0 186 186 186 186 187 187 187 187 187 188 188 188 188 188 189 189 189 189 189 190 190 190 190 190 191 191 191 191 191 192 192 192 192 192 193 193 193 193 193 194 194 194 194 194 194 195 195 195 195 195 196 196 196 196 196 197 197 197 198 198 198 198 198 199 199 199 199 199 200 200 200 200 200 201 201 201 201 201 202 202 202 202 202 202 203 203 203 203 203 203 204 204 204 204 204 204 204 204 204 205 205 205 205 205 205 205 205 205 205 205 205 205 205 205 206 206 206 206 206 206 206 206 206 206 206 206 206 206 206 206 206 207 207 207 207 207 207 207 207 207 208 208 208 208 208 208 208 208 208 208 208 208 208 208 208 209 209 209 209 209 209 209 209 209 209 209 209 209 210 210 210 210 210 210 210 210 210 210 210 210 210 210 210 210 210 210 210 210 210 210 211 211 211 211 211 211 211 211 211 211 211 211 211 211 211 211 211 211 211 211 211 211 211 211 211 211 211 211 211 211 211 212 212 212 212 212 212 212 212 212 212 212 212 212 212 212 212 212 212 0 0 0 0 212 212 212 212 212 212 212 0 0 0 0 0 0 0 0 0 0 0 0 0 0 0 0 0 0 0 0 0 0 0 0 0 0 0 0 0 0 0 0 0 0 0 0 0 0 0 0 0 0 0 0 0 0 0 0 0 0 0 0 0 0 0 0 0 0 0 0 0 0 0 0 0 0 0 0 0 0 0 0 0 0 0 0 0 0 0 0 0 0 0 0 0 0 0 0 0 0 0 0 0 0 0 0 0 0 0 0 0 0 0 0 0 0 0 0 0 0 0 0 0 0 0 0 0 0 0 0 0 0 0 0 0 0 0 0 0 0 0 0 0 0 0 0 0 0 0 0 0 0 0 0 0 0 0 0 0 0 0 0 0 0 0 0 0 0 0 0 0 0 0 0 0 0 0 0 0 0 0 0 0 0 0 0 0 0 0 0 0 0 0 0 0 0 0 0 0 0 0 0 0 0 0 0 0 0 0 0 0 0 0 0 0 0 0 0 0 0 0 0 0 0 0 0 0 0 0 
0 0 0 0 0 0 0 0 0 0 0 0 0 0 0 0 0 0 0 0 0 0 0 0 0 0 0 0 0 0 0 0 0 0 0 186 186 186 187 187 187 187 187 188 188 188 188 188 189 189 189 189 189 190 190 190 190 190 191 191 191 191 191 192 192 192 192 192 193 193 193 193 193 193 194 194 194 194 194 195 195 195 195 195 196 196 196 196 196 197 197 197 198 198 198 198 198 199 199 199 199 199 200 200 200 200 200 200 201 201 201 201 201 202 202 202 202 202 203 203 203 203 203 203 203 204 204 204 204 204 204 204 204 204 205 205 205 205 205 205 205 205 205 205 205 205 205 205 206 206 206 206 206 206 206 206 206 206 206 206 206 206 206 206 207 207 207 207 207 207 207 207 207 207 207 208 208 208 208 208 208 208 208 208 208 208 208 208 208 208 209 209 209 209 209 209 209 209 209 209 209 209 209 210 210 210 210 210 210 210 210 210 210 210 210 210 210 210 210 210 210 210 210 210 211 211 211 211 211 211 211 211 211 211 211 211 211 211 211 211 211 211 211 211 211 211 211 211 211 211 211 211 211 211 211 211 211 211 212 212 212 212 212 212 212 212 212 212 212 212 212 212 212 212 212 212 212 212 212 212 212 212 212 212 212 0 0 0 0 0 0 0 0 0 0 0 0 0 0 0 0 0 0 0 0 0 0 0 0 0 0 0 0 0 0 0 0 0 0 0 0 0 0 0 0 0 0 0 0 0 0 0 0 0 0 0 0 0 0 0 0 0 0 0 0 0 0 0 0 0 0 0 0 0 0 0 0 0 0 0 0 0 0 0 0 0 0 0 0 0 0 0 0 0 0 0 0 0 0 0 0 0 0 0 0 0 0 0 0 0 0 0 0 0 0 0 0 0 0 0 0 0 0 0 0 0 0 0 0 0 0 0 0 0 0 0 0 0 0 0 0 0 0 0 0 0 0 0 0 0 0 0 0 0 0 0 0 0 0 0 0 0 0 0 0 0 0 0 0 0 0 0 0 0 0 0 0 0 0 0 0 0 0 0 0 0 0 0 0 0 0 0 0 0 0 0 0 0 0 0 0 0 0 0 0 0 0 0 0 0 0 0 0 0 0 0 0 0 0 0 0 0 0 
0 0 0 0 0 0 0 0 0 0 0 0 0 0 0 0 0 0 0 0 0 0 0 0 0 0 0 0 0 0 0 0 0 0 0 0 0 186 186 187 187 187 187 188 188 188 188 188 188 189 189 189 189 189 190 190 190 190 190 191 191 191 191 191 192 192 192 192 192 193 193 193 193 193 194 194 194 194 194 195 195 195 195 195 196 196 196 196 196 196 197 197 198 198 198 198 198 198 199 199 199 199 199 200 200 200 200 200 201 201 201 201 201 202 202 202 202 202 202 203 203 203 203 203 203 203 204 204 204 204 204 204 204 204 204 205 205 205 205 205 205 205 205 205 205 205 205 205 205 206 206 206 206 206 206 206 206 206 206 206 206 206 206 207 207 207 207 207 207 207 207 207 207 207 207 207 208 208 208 208 208 208 208 208 208 208 208 208 208 208 208 209 209 209 209 209 209 209 209 209 209 209 209 210 210 210 210 210 210 210 210 210 210 210 210 210 210 210 210 210 210 210 210 210 211 211 211 211 211 211 211 211 211 211 211 211 211 211 211 211 211 211 211 211 211 211 211 211 211 211 211 211 211 211 211 211 211 211 211 211 211 212 212 212 212 212 212 212 212 212 212 212 212 212 212 212 212 212 212 212 212 212 212 212 212 0 0 0 0 0 0 0 0 0 0 0 0 0 0 0 0 0 0 0 0 0 0 0 0 0 0 0 0 0 0 0 0 0 0 0 0 0 0 0 0 0 0 0 0 0 0 0 0 0 0 0 0 0 0 0 0 0 0 0 0 0 0 0 0 0 0 0 0 0 0 0 0 0 0 0 0 0 0 0 0 0 0 0 0 0 0 0 0 0 0 0 0 0 0 0 0 0 0 0 0 0 0 0 0 0 0 0 0 0 0 0 0 0 0 0 0 0 0 0 0 0 0 0 0 0 0 0 0 0 0 0 0 0 0 0 0 0 0 0 0 0 0 0 0 0 0 0 0 0 0 0 0 0 0 0 0 0 0 0 0 0 0 0 0 0 0 0 0 0 0 0 0 0 0 0 0 0 0 0 0 0 0 0 0 0 0 0 0 0 0 0 0 0 0 0 0 0 0 0 0 0 0 0 0 0 0 0 0 0 0 0 0 0 0 0 0 0 0 
0 0 0 0 0 0 0 0 0 0 0 0 0 0 0 0 0 0 0 0 0 0 0 0 0 0 0 0 0 0 0 0 0 0 0 0 0 0 0 0 187 187 187 187 188 188 188 188 188 189 189 189 189 189 190 190 190 190 190 191 191 191 191 191 192 192 192 192 192 193 193 193 193 193 194 194 194 194 194 195 195 195 195 195 196 196 196 196 196 196 197 197 197 198 198 198 198 198 199 199 199 199 199 200 200 200 200 200 201 201 201 201 201 201 202 202 202 202 202 203 203 203 203 203 203 203 203 204 204 204 204 204 204 204 204 204 205 205 205 205 205 205 205 205 205 205 205 205 205 205 206 206 206 206 206 206 206 206 206 206 206 206 207 207 207 207 207 207 207 207 207 207 207 207 207 207 207 208 208 208 208 208 208 208 208 208 208 208 208 208 208 209 209 209 209 209 209 209 209 209 209 209 209 209 210 210 210 210 210 210 210 210 210 210 210 210 210 210 210 210 210 210 210 210 210 211 211 211 211 211 211 211 211 211 211 211 211 211 211 211 211 211 211 211 211 211 211 211 211 211 211 211 211 211 211 211 211 211 211 211 211 211 211 212 212 212 212 212 212 212 212 212 212 212 212 212 212 212 212 212 212 212 212 212 212 212 0 0 0 0 0 0 0 0 0 0 0 0 0 0 0 0 0 0 0 0 0 0 0 0 0 0 0 0 0 0 0 0 0 0 0 0 0 0 0 0 0 0 0 0 0 0 0 0 0 0 0 0 0 0 0 0 0 0 0 0 0 0 0 0 0 0 0 0 0 0 0 0 0 0 0 0 0 0 0 0 0 0 0 0 0 0 0 0 0 0 0 0 0 0 0 0 0 0 0 0 0 0 0 0 0 0 0 0 0 0 0 0 0 0 0 0 0 0 0 0 0 0 0 0 0 0 0 0 0 0 0 0 0 0 0 0 0 0 0 0 0 0 0 0 0 0 0 0 0 0 0 0 0 0 0 0 0 0 0 0 0 0 0 0 0 0 0 0 0 0 0 0 0 0 0 0 0 0 0 0 0 0 0 0 0 0 0 0 0 0 0 0 0 0 0 0 0 0 0 0 0 0 0 0 0 0 0 0 0 0 0 0 0 0 0 0 0 
0 0 0 0 0 0 0 0 0 0 0 0 0 0 0 0 0 0 0 0 0 0 0 0 0 0 0 0 0 0 0 0 0 0 0 0 0 0 0 0 0 0 0 187 187 188 188 188 188 189 189 189 189 189 190 190 190 190 190 191 191 191 191 191 192 192 192 192 192 192 193 193 193 193 194 194 194 194 194 194 195 195 195 195 195 196 196 196 196 196 197 197 197 198 198 198 198 198 199 199 199 199 199 199 200 200 200 200 200 201 201 201 201 201 202 202 202 202 202 202 203 203 203 203 203 203 203 203 204 204 204 204 204 204 204 204 205 205 205 205 205 205 205 205 205 205 205 205 205 205 206 206 206 206 206 206 206 206 206 206 206 206 206 207 207 207 207 207 207 207 207 207 207 207 207 207 207 207 208 208 208 208 208 208 208 208 208 208 208 208 208 208 209 209 209 209 209 209 209 209 209 209 209 209 210 210 210 210 210 210 210 210 210 210 210 210 210 210 210 210 210 210 210 210 210 210 210 211 211 211 211 211 211 211 211 211 211 211 211 211 211 211 211 211 211 211 211 211 211 211 211 211 211 211 211 211 211 211 211 211 211 211 211 211 211 211 211 212 212 212 212 212 212 212 212 212 212 212 212 212 212 212 212 212 212 212 212 0 0 0 0 0 0 0 0 0 0 0 0 0 0 0 0 0 0 0 0 0 0 0 0 0 0 0 0 0 0 0 0 0 0 0 0 0 0 0 0 0 0 0 0 0 0 0 0 0 0 0 0 0 0 0 0 0 0 0 0 0 0 0 0 0 0 0 0 0 0 0 0 0 0 0 0 0 0 0 0 0 0 0 0 0 0 0 0 0 0 0 0 0 0 0 0 0 0 0 0 0 0 0 0 0 0 0 0 0 0 0 0 0 0 0 0 0 0 0 0 0 0 0 0 0 0 0 0 0 0 0 0 0 0 0 0 0 0 0 0 0 0 0 0 0 0 0 0 0 0 0 0 0 0 0 0 0 0 0 0 0 0 0 0 0 0 0 0 0 0 0 0 0 0 0 0 0 0 0 0 0 0 0 0 0 0 0 0 0 0 0 0 0 0 0 0 0 0 0 0 0 0 0 0 0 0 0 0 0 0 0 0 0 0 0 0 
0 0 0 0 0 0 0 0 0 0 0 0 0 0 0 0 0 0 0 0 0 0 0 0 0 0 0 0 0 0 0 0 0 0 0 0 0 0 0 0 0 0 0 0 0 0 188 188 188 188 189 189 189 189 190 190 190 190 190 190 191 191 191 191 191 192 192 192 192 192 193 193 193 193 193 194 194 194 194 194 195 195 195 195 195 196 196 196 196 196 196 197 197 197 198 198 198 198 198 199 199 199 199 199 200 200 200 200 200 201 201 201 201 201 201 202 202 202 202 202 202 203 203 203 203 203 203 203 203 204 204 204 204 204 204 204 204 205 205 205 205 205 205 205 205 205 205 205 205 205 205 206 206 206 206 206 206 206 206 206 206 206 206 207 207 207 207 207 207 207 207 207 207 207 207 207 207 207 207 208 208 208 208 208 208 208 208 208 208 208 208 208 209 209 209 209 209 209 209 209 209 209 209 209 209 210 210 210 210 210 210 210 210 210 210 210 210 210 210 210 210 210 210 210 210 210 210 210 211 211 211 211 211 211 211 211 211 211 211 211 211 211 211 211 211 211 211 211 211 211 211 211 211 211 211 211 211 211 211 211 211 211 211 211 211 211 211 211 211 211 211 212 212 212 212 212 212 212 212 212 212 212 212 212 212 212 212 0 0 0 0 0 0 0 0 0 0 0 0 0 0 0 0 0 0 0 0 0 0 0 0 0 0 0 0 0 0 0 0 0 0 0 0 0 0 0 0 0 0 0 0 0 0 0 0 0 0 0 0 0 0 0 0 0 0 0 0 0 0 0 0 0 0 0 0 0 0 0 0 0 0 0 0 0 0 0 0 0 0 0 0 0 0 0 0 0 0 0 0 0 0 0 0 0 0 0 0 0 0 0 0 0 0 0 0 0 0 0 0 0 0 0 0 0 0 0 0 0 0 0 0 0 0 0 0 0 0 0 0 0 0 0 0 0 0 0 0 0 0 0 0 0 0 0 0 0 0 0 0 0 0 0 0 0 0 0 0 0 0 0 0 0 0 0 0 0 0 0 0 0 0 0 0 0 0 0 0 0 0 0 0 0 0 0 0 0 0 0 0 0 0 0 0 0 0 0 0 0 0 0 0 0 0 0 0 0 0 0 0 0 0 0 0 
0 0 0 0 0 0 0 0 0 0 0 0 0 0 0 0 0 0 0 0 0 0 0 0 0 0 0 0 0 0 0 0 0 0 0 0 0 0 0 0 0 0 0 0 0 0 0 0 0 188 188 189 189 189 189 190 190 190 190 190 191 191 191 191 191 192 192 192 192 192 193 193 193 193 193 194 194 194 194 194 195 195 195 195 195 195 196 196 196 196 196 197 197 197 198 198 198 198 198 199 199 199 199 199 200 200 200 200 200 200 201 201 201 201 201 202 202 202 202 202 202 203 203 203 203 203 203 203 203 203 204 204 204 204 204 204 204 204 205 205 205 205 205 205 205 205 205 205 205 205 205 205 206 206 206 206 206 206 206 206 206 206 206 206 206 207 207 207 207 207 207 207 207 207 207 207 207 207 207 207 208 208 208 208 208 208 208 208 208 208 208 208 209 209 209 209 209 209 209 209 209 209 209 209 209 209 209 210 210 210 210 210 210 210 210 210 210 210 210 210 210 210 210 210 210 210 210 210 210 210 211 211 211 211 211 211 211 211 211 211 211 211 211 211 211 211 211 211 211 211 211 211 211 211 211 211 211 211 211 211 211 211 211 211 211 211 211 211 211 211 211 211 211 211 211 212 212 212 212 212 212 212 212 212 212 212 212 212 0 0 0 0 0 0 0 0 0 0 0 0 0 0 0 0 0 0 0 0 0 0 0 0 0 0 0 0 0 0 0 0 0 0 0 0 0 0 0 0 0 0 0 0 0 0 0 0 0 0 0 0 0 0 0 0 0 0 0 0 0 0 0 0 0 0 0 0 0 0 0 0 0 0 0 0 0 0 0 0 0 0 0 0 0 0 0 0 0 0 0 0 0 0 0 0 0 0 0 0 0 0 0 0 0 0 0 0 0 0 0 0 0 0 0 0 0 0 0 0 0 0 0 0 0 0 0 0 0 0 0 0 0 0 0 0 0 0 0 0 0 0 0 0 0 0 0 0 0 0 0 0 0 0 0 0 0 0 0 0 0 0 0 0 0 0 0 0 0 0 0 0 0 0 0 0 0 0 0 0 0 0 0 0 0 0 0 0 0 0 0 0 0 0 0 0 0 0 0 0 0 0 0 0 0 0 0 0 0 0 0 0 0 0 0 
0 0 0 0 0 0 0 0 0 0 0 0 0 0 0 0 0 0 0 0 0 0 0 0 0 0 0 0 0 0 0 0 0 0 0 0 0 0 0 0 0 0 0 0 0 0 0 0 0 0 0 0 189 189 189 189 190 190 190 190 190 191 191 191 191 191 192 192 192 192 193 193 193 193 193 193 194 194 194 194 194 195 195 195 195 195 196 196 196 196 196 197 197 197 198 198 198 198 198 199 199 199 199 199 199 200 200 200 200 200 201 201 201 201 201 201 202 202 202 202 202 202 203 203 203 203 203 203 203 203 203 204 204 204 204 204 204 204 204 205 205 205 205 205 205 205 205 205 205 205 205 205 206 206 206 206 206 206 206 206 206 206 206 206 206 206 207 207 207 207 207 207 207 207 207 207 207 207 207 207 208 208 208 208 208 208 208 208 208 208 208 208 209 209 209 209 209 209 209 209 209 209 209 209 209 209 209 209 210 210 210 210 210 210 210 210 210 210 210 210 210 210 210 210 210 210 210 210 210 210 210 210 211 211 211 211 211 211 211 211 211 211 211 211 211 211 211 211 211 211 211 211 211 211 211 211 211 211 211 211 211 211 211 211 211 211 211 211 211 211 211 211 211 211 211 211 211 211 211 211 212 212 212 211 212 212 212 212 212 212 212 0 0 0 0 0 0 0 0 0 0 0 0 0 0 0 0 0 0 0 0 0 0 0 0 0 0 0 0 0 0 0 0 0 0 0 0 0 0 0 0 0 0 0 0 0 0 0 0 0 0 0 0 0 0 0 0 0 0 0 0 0 0 0 0 0 0 0 0 0 0 0 0 0 0 0 0 0 0 0 0 0 0 0 0 0 0 0 0 0 0 0 0 0 0 0 0 0 0 0 0 0 0 0 0 0 0 0 0 0 0 0 0 0 0 0 0 0 0 0 0 0 0 0 0 0 0 0 0 0 0 0 0 0 0 0 0 0 0 0 0 0 0 0 0 0 0 0 0 0 0 0 0 0 0 0 0 0 0 0 0 0 0 0 0 0 0 0 0 0 0 0 0 0 0 0 0 0 0 0 0 0 0 0 0 0 0 0 0 0 0 0 0 0 0 0 0 0 0 0 0 0 0 0 0 0 0 0 0 0 0 0 0 
0 0 0 0 0 0 0 0 0 0 0 0 0 0 0 0 0 0 0 0 0 0 0 0 0 0 0 0 0 0 0 0 0 0 0 0 0 0 0 0 0 0 0 0 0 0 0 0 0 0 0 0 0 0 0 0 189 190 190 190 190 190 191 191 191 191 191 192 192 192 192 193 193 193 193 193 193 194 194 194 194 194 195 195 195 195 195 196 196 196 196 196 197 197 197 198 198 198 198 198 199 199 199 199 199 200 200 200 200 200 200 201 201 201 201 201 201 202 202 202 202 202 202 202 202 203 203 203 203 203 203 203 204 204 204 204 204 204 204 205 205 205 204 205 205 205 205 205 205 205 205 205 205 206 206 206 206 206 206 206 206 206 206 206 206 206 206 207 207 207 207 207 207 207 207 207 207 207 207 207 207 208 208 208 208 208 208 208 208 208 208 208 209 209 209 209 209 209 209 209 209 209 209 209 209 209 209 209 209 210 210 210 210 210 210 210 210 210 210 210 210 210 210 210 210 210 210 210 210 210 210 210 210 210 211 211 211 211 211 211 211 211 211 211 211 211 211 211 211 211 211 211 211 211 211 211 211 211 211 211 211 211 211 211 211 211 211 211 211 211 211 211 211 211 211 211 211 211 211 211 211 211 211 211 211 211 211 211 211 211 211 211 211 0 0 0 211 211 211 211 211 0 0 0 0 0 0 0 0 0 0 0 0 0 0 0 0 0 0 0 0 0 0 0 0 0 0 0 0 0 0 0 0 0 0 0 0 0 0 0 0 0 0 0 0 0 0 0 0 0 0 0 0 0 0 0 0 0 0 0 0 0 0 0 0 0 0 0 0 0 0 0 0 0 0 0 0 0 0 0 0 0 0 0 0 0 0 0 0 0 0 0 0 0 0 0 0 0 0 0 0 0 0 0 0 0 0 0 0 0 0 0 0 0 0 0 0 0 0 0 0 0 0 0 0 0 0 0 0 0 0 0 0 0 0 0 0 0 0 0 0 0 0 0 0 0 0 0 0 0 0 0 0 0 0 0 0 0 0 0 0 0 0 0 0 0 0 0 0 0 0 0 0 0 0 0 0 0 0 0 0 0 0 0 0 0 0 0 0 0 0 0 0 0 0 0 0 0 0 0 0 0 0 
0 0 0 0 0 0 0 0 0 0 0 0 0 0 0 0 0 0 0 0 0 0 0 0 0 0 0 0 0 0 0 0 0 0 0 0 0 0 0 0 0 0 0 0 0 0 0 0 0 0 0 0 0 0 0 0 0 0 0 0 0 0 0 0 0 0 0 0 0 0 0 0 0 193 193 193 193 194 194 194 194 194 194 195 195 195 195 195 196 196 196 196 197 197 197 197 198 198 198 198 198 198 199 199 199 199 200 200 200 200 200 200 201 201 201 201 201 201 202 202 202 202 202 202 202 202 203 203 203 203 203 203 203 204 204 204 204 204 204 204 205 205 204 204 205 205 205 205 205 205 205 205 205 205 206 206 206 206 206 206 206 206 206 206 206 206 206 206 207 207 207 207 207 207 207 207 207 207 207 207 207 208 208 208 208 208 208 208 208 208 208 208 209 209 209 209 209 209 209 209 209 209 209 209 209 209 209 209 209 210 210 210 210 210 210 210 210 210 210 210 210 210 210 210 210 210 210 210 210 210 210 210 210 210 210 210 211 211 211 211 211 211 211 211 211 211 211 211 211 211 211 211 211 211 211 211 211 211 211 211 211 211 211 211 211 211 211 211 211 211 211 211 211 211 211 211 211 211 211 211 211 211 211 211 211 211 211 211 211 211 211 211 211 211 211 211 211 211 211 211 211 211 211 211 0 0 0 0 0 0 0 0 0 0 0 0 0 0 0 0 0 0 0 0 0 0 0 0 0 0 0 0 0 0 0 0 0 0 0 0 0 0 0 0 0 0 0 0 0 0 0 0 0 0 0 0 0 0 0 0 0 0 0 0 0 0 0 0 0 0 0 0 0 0 0 0 0 0 0 0 0 0 0 0 0 0 0 0 0 0 0 0 0 0 0 0 0 0 0 0 0 0 0 0 0 0 0 0 0 0 0 0 0 0 0 0 0 0 0 0 0 0 0 0 0 0 0 0 0 0 0 0 0 0 0 0 0 0 0 0 0 0 0 0 0 0 0 0 0 0 0 0 0 0 0 0 0 0 0 0 0 0 0 0 0 0 0 0 0 0 0 0 0 0 0 0 0 0 0 0 0 0 0 0 0 0 0 0 0 0 0 0 0 0 0 0 0 0 0 0 0 0 0 
0 0 0 0 0 0 0 0 0 0 0 0 0 0 0 0 0 0 0 0 0 0 0 0 0 0 0 0 0 0 0 0 0 0 0 0 0 0 0 0 0 0 0 0 0 0 0 0 0 0 0 0 0 0 0 0 0 0 0 0 0 0 0 0 0 0 0 0 0 0 0 0 0 193 193 193 193 194 194 194 194 194 195 195 195 195 195 195 195 196 196 196 197 197 197 197 197 197 198 198 198 198 198 199 199 199 199 199 200 200 200 200 200 200 201 201 201 201 201 201 201 202 202 202 202 202 202 203 203 203 203 203 203 203 204 204 204 204 204 204 204 204 204 204 205 205 205 205 205 205 205 205 205 205 205 206 206 206 206 206 206 206 206 206 206 206 206 206 206 206 207 207 207 207 207 207 207 207 207 207 207 207 208 208 208 208 208 208 208 208 208 208 209 209 209 209 209 209 209 209 209 209 209 209 209 209 209 209 209 209 210 210 210 210 210 210 210 210 210 210 210 210 210 210 210 210 210 210 210 210 210 210 210 210 210 210 210 211 211 211 211 211 211 211 211 211 211 211 211 211 211 211 211 211 211 211 211 211 211 211 211 211 211 211 211 211 211 211 211 211 211 211 211 211 211 211 211 211 211 211 211 211 211 211 211 211 211 211 211 211 211 211 211 211 211 211 211 211 211 211 211 211 211 211 211 211 211 211 0 0 211 0 0 0 0 0 0 0 0 0 0 0 0 0 0 0 0 0 0 0 0 0 0 0 0 0 0 0 0 0 0 0 0 0 0 0 0 0 0 0 0 0 0 0 0 0 0 0 0 0 0 0 0 0 0 0 0 0 0 0 0 0 0 0 0 0 0 0 0 0 0 0 0 0 0 0 0 0 0 0 0 0 0 0 0 0 0 0 0 0 0 0 0 0 0 0 0 0 0 0 0 0 0 0 0 0 0 0 0 0 0 0 0 0 0 0 0 0 0 0 0 0 0 0 0 0 0 0 0 0 0 0 0 0 0 0 0 0 0 0 0 0 0 0 0 0 0 0 0 0 0 0 0 0 0 0 0 0 0 0 0 0 0 0 0 0 0 0 0 0 0 0 0 0 0 0 0 0 0 0 0 0 0 0 0 0 0 0 0 0 0 0 0 
0 0 0 0 0 0 0 0 0 0 0 0 0 0 0 0 0 0 0 0 0 0 0 0 0 0 0 0 0 0 0 0 0 0 0 0 0 0 0 0 0 0 0 0 0 0 0 0 0 0 0 0 0 0 0 0 0 0 0 0 0 0 0 0 0 0 0 0 0 0 0 0 0 0 193 193 193 193 194 194 194 194 194 195 195 195 195 195 195 196 196 196 196 197 197 197 197 197 198 198 198 198 198 198 198 199 199 199 199 200 200 200 200 200 200 200 201 201 201 201 201 201 202 202 202 202 202 203 203 203 203 203 203 203 203 204 204 204 204 204 204 204 204 204 204 205 205 205 205 205 205 205 205 205 205 206 206 206 206 206 206 206 206 206 206 206 206 206 206 206 206 207 207 207 207 207 207 207 207 207 207 207 208 208 208 208 208 208 208 208 208 208 209 209 209 209 209 209 209 209 209 209 209 209 209 209 209 209 209 209 209 210 210 210 210 210 210 210 210 210 210 210 210 210 210 210 210 210 210 210 210 210 210 210 210 210 210 210 210 210 211 211 211 211 211 211 211 211 211 211 211 211 211 211 211 211 211 211 211 211 211 211 211 211 211 211 211 211 211 211 211 211 211 211 211 211 211 211 211 211 211 211 211 211 211 211 211 211 211 211 211 211 211 211 211 211 211 211 211 211 211 211 211 211 211 211 211 211 211 211 211 211 211 211 0 0 0 0 0 0 0 0 0 0 0 0 0 0 0 0 0 0 0 0 0 0 0 0 0 0 0 0 0 0 0 0 0 0 0 0 0 0 0 0 0 0 0 0 0 0 0 0 0 0 0 0 0 0 0 0 0 0 0 0 0 0 0 0 0 0 0 0 0 0 0 0 0 0 0 0 0 0 0 0 0 0 0 0 0 0 0 0 0 0 0 0 0 0 0 0 0 0 0 0 0 0 0 0 0 0 0 0 0 0 0 0 0 0 0 0 0 0 0 0 0 0 0 0 0 0 0 0 0 0 0 0 0 0 0 0 0 0 0 0 0 0 0 0 0 0 0 0 0 0 0 0 0 0 0 0 0 0 0 0 0 0 0 0 0 0 0 0 0 0 0 0 0 0 0 0 0 0 0 0 0 0 0 0 0 0 0 0 0 
0 0 0 0 0 0 0 0 0 0 0 0 0 0 0 0 0 0 0 0 0 0 0 0 0 0 0 0 0 0 0 0 0 0 0 0 0 0 0 0 0 0 0 0 0 0 0 0 0 0 0 0 0 0 0 0 189 190 190 190 0 0 0 0 0 0 0 0 0 0 0 0 0 0 0 193 193 193 193 194 194 194 194 195 195 195 195 195 195 196 196 196 196 196 197 197 197 197 198 198 198 198 198 198 198 199 199 199 199 199 199 200 200 200 200 200 201 201 201 201 201 201 202 202 202 202 202 202 202 203 203 203 203 203 203 203 204 204 204 204 204 204 204 204 204 204 205 205 205 205 205 205 205 205 205 205 205 206 206 206 206 206 206 206 206 206 206 206 206 206 207 207 207 207 207 207 207 207 207 207 207 207 208 208 208 208 208 208 208 208 208 208 208 209 209 209 209 209 209 209 209 209 209 209 209 209 209 209 209 209 209 210 210 210 210 210 210 210 210 210 210 210 210 210 210 210 210 210 210 210 210 210 210 210 210 210 210 210 210 210 210 210 210 211 211 211 211 211 211 211 211 211 211 211 211 211 211 211 211 211 211 211 211 211 211 211 211 211 211 211 211 211 211 211 211 211 211 211 211 211 211 211 211 211 211 211 211 211 211 211 211 211 211 211 211 211 211 211 211 211 211 211 211 211 211 211 211 211 211 211 211 211 211 211 0 0 0 0 0 0 0 0 0 0 0 0 0 0 0 0 0 0 0 0 0 0 0 0 0 0 0 0 0 0 0 0 0 0 0 0 0 0 0 0 0 0 0 0 0 0 0 0 0 0 0 0 0 0 0 0 0 0 0 0 0 0 0 0 0 0 0 0 0 0 0 0 0 0 0 0 0 0 0 0 0 0 0 0 0 0 0 0 0 0 0 0 0 0 0 0 0 0 0 0 0 0 0 0 0 0 0 0 0 0 0 0 0 0 0 0 0 0 0 0 0 0 0 0 0 0 0 0 0 0 0 0 0 0 0 0 0 0 0 0 0 0 0 0 0 0 0 0 0 0 0 0 0 0 0 0 0 0 0 0 0 0 0 0 0 0 0 0 0 0 0 0 0 0 0 0 0 0 0 0 0 0 0 0 0 0 0 0 0 
0 0 0 0 0 0 0 0 0 0 0 0 0 0 0 0 0 0 0 0 0 0 0 0 0 0 0 0 0 0 0 0 0 0 0 0 0 0 0 0 0 0 187 187 187 187 0 0 0 0 0 0 0 0 0 0 0 189 190 190 190 0 0 0 0 0 0 0 0 0 0 0 0 0 0 0 193 193 193 194 194 194 194 194 195 195 195 195 195 196 195 196 196 196 197 197 197 197 197 197 198 198 198 198 198 198 199 199 199 199 199 200 200 200 200 201 201 200 201 201 201 201 201 202 202 202 202 202 202 203 203 203 203 203 203 203 203 203 204 204 204 204 204 204 204 204 205 205 205 205 205 205 205 205 205 205 205 205 206 206 206 206 206 206 206 206 206 206 206 206 207 207 207 207 207 207 207 207 207 207 207 207 208 208 208 208 208 208 208 208 208 208 208 208 209 209 209 209 209 209 209 209 209 209 209 209 209 209 209 209 209 209 210 210 210 210 210 210 210 210 210 210 210 210 210 210 210 210 210 210 210 210 210 210 210 210 210 210 210 210 210 210 210 210 210 210 211 211 211 211 211 211 211 211 211 211 211 211 211 211 211 211 211 211 211 211 211 211 211 211 211 211 211 211 211 211 211 211 211 211 211 211 211 211 211 211 211 211 211 211 211 211 211 211 211 211 211 211 211 211 211 211 211 211 211 211 211 211 211 211 211 211 211 211 211 211 211 211 0 0 0 0 0 0 0 0 0 0 0 0 0 0 0 0 0 0 0 0 0 0 0 0 0 0 0 0 0 0 0 0 0 0 0 0 0 0 0 0 0 0 0 0 0 0 0 0 0 0 0 0 0 0 0 0 0 0 0 0 0 0 0 0 0 0 0 0 0 0 0 0 0 0 0 0 0 0 0 0 0 0 0 0 0 0 0 0 0 0 0 0 0 0 0 0 0 0 0 0 0 0 0 0 0 0 0 0 0 0 0 0 0 0 0 0 0 0 0 0 0 0 0 0 0 0 0 0 0 0 0 0 0 0 0 0 0 0 0 0 0 0 0 0 0 0 0 0 0 0 0 0 0 0 0 0 0 0 0 0 0 0 0 0 0 0 0 0 0 0 0 0 0 0 0 0 0 0 0 0 0 0 0 0 0 
0 0 0 0 0 0 0 0 0 0 0 0 0 0 0 0 0 0 0 0 0 0 0 0 0 0 0 0 0 0 0 0 0 0 0 0 0 0 0 0 0 0 0 187 187 187 188 188 0 0 0 0 0 0 0 0 189 190 190 190 190 190 0 0 0 0 0 0 0 0 0 0 0 192 193 193 193 193 193 193 194 194 194 195 195 195 195 195 195 195 195 196 196 197 197 197 197 198 197 198 198 198 198 198 199 199 199 199 199 199 199 200 200 200 200 200 201 201 201 201 201 201 201 201 202 202 202 202 202 202 203 203 203 203 203 203 203 203 203 204 204 204 204 204 204 204 204 204 205 205 205 205 205 205 205 205 205 205 205 205 205 205 205 206 206 206 206 206 206 206 207 207 207 207 207 207 207 207 207 207 207 207 207 208 208 208 208 208 208 208 208 208 208 208 208 209 209 209 209 209 209 209 209 209 209 209 209 209 209 209 209 209 209 209 210 210 210 210 210 210 210 210 210 210 210 210 210 210 210 210 210 210 210 210 210 210 210 210 210 210 210 210 210 210 210 210 210 210 210 211 211 211 211 211 211 211 211 211 211 211 211 211 211 211 211 211 211 211 211 211 211 211 211 211 211 211 211 211 211 211 211 211 211 211 211 211 211 211 211 211 211 211 211 211 211 211 211 211 211 211 211 211 211 211 211 211 211 211 211 211 211 211 211 211 211 211 211 211 211 211 0 0 0 0 0 0 0 0 0 0 0 0 0 0 0 0 0 0 0 0 0 0 0 0 0 0 0 0 0 0 0 0 0 0 0 0 0 0 0 0 0 0 0 0 0 0 0 0 0 0 0 0 0 0 0 0 0 0 0 0 0 0 0 0 0 0 0 0 0 0 0 0 0 0 0 0 0 0 0 0 0 0 0 0 0 0 0 0 0 0 0 0 0 0 0 0 0 0 0 0 0 0 0 0 0 0 0 0 0 0 0 0 0 0 0 0 0 0 0 0 0 0 0 0 0 0 0 0 0 0 0 0 0 0 0 0 0 0 0 0 0 0 0 0 0 0 0 0 0 0 0 0 0 0 0 0 0 0 0 0 0 0 0 0 0 0 0 0 0 0 0 0 0 0 0 0 0 0 0 0 0 0 0 
0 0 0 0 0 0 0 0 0 0 0 0 0 0 0 0 0 0 0 0 0 0 0 0 0 0 0 0 0 0 0 0 0 0 0 0 0 0 0 0 0 0 0 0 0 187 187 188 188 188 0 188 0 0 0 0 0 190 190 190 190 190 0 0 191 0 0 0 0 0 0 0 0 0 193 193 193 193 193 194 194 194 194 194 195 195 195 195 195 195 196 195 196 196 197 197 197 198 197 197 198 198 199 198 198 199 199 199 199 199 199 200 200 200 200 200 201 201 200 201 201 201 201 201 202 202 202 202 202 202 202 203 203 203 203 203 203 203 203 203 203 204 203 204 204 204 204 204 204 204 204 205 205 205 205 205 205 205 205 205 205 205 205 205 205 205 206 206 206 206 206 206 207 207 207 207 207 207 207 207 207 207 207 207 208 208 208 208 208 208 208 208 208 208 208 208 208 209 209 209 209 209 209 209 209 209 209 209 209 209 209 209 209 209 209 209 209 210 210 210 210 210 210 210 210 210 210 210 210 210 210 210 210 210 210 210 210 210 210 210 210 210 210 210 210 210 210 210 210 210 210 211 211 211 211 211 211 211 211 211 211 211 211 211 211 211 211 211 211 211 211 211 211 211 211 211 211 211 211 211 211 211 211 211 211 211 211 211 211 211 211 211 211 211 211 211 211 211 211 211 211 211 211 211 211 211 211 211 211 211 211 211 211 211 211 211 211 211 211 211 211 0 0 0 0 0 0 0 0 0 0 0 0 0 0 0 0 0 0 0 0 0 0 0 0 0 0 0 0 0 0 0 0 0 0 0 0 0 0 0 0 0 0 0 0 0 0 0 0 0 0 0 0 0 0 0 0 0 0 0 0 0 0 0 0 0 0 0 0 0 0 0 0 0 0 0 0 0 0 0 0 0 0 0 0 0 0 0 0 0 0 0 0 0 0 0 0 0 0 0 0 0 0 0 0 0 0 0 0 0 0 0 0 0 0 0 0 0 0 0 0 0 0 0 0 0 0 0 0 0 0 0 0 0 0 0 0 0 0 0 0 0 0 0 0 0 0 0 0 0 0 0 0 0 0 0 0 0 0 0 0 0 0 0 0 0 0 0 0 0 0 0 0 0 0 0 0 0 0 0 0 0 0 
0 0 0 0 0 0 0 0 0 0 0 0 0 0 0 0 0 0 0 0 0 0 0 0 0 0 0 0 0 0 0 0 0 0 0 0 0 0 0 0 0 0 0 0 0 187 187 187 188 188 188 188 188 189 189 189 189 189 190 190 190 190 190 191 191 191 0 191 192 0 0 0 0 0 193 193 193 193 193 194 194 194 194 194 194 195 195 195 195 195 195 196 196 196 197 197 197 197 197 197 198 198 198 198 198 199 199 199 199 199 199 200 200 200 200 200 201 201 201 201 201 201 201 201 201 202 202 202 202 202 202 202 203 203 203 203 203 203 203 203 203 203 203 203 203 204 204 204 204 204 204 204 204 204 205 205 205 205 205 205 205 205 205 205 206 206 205 206 206 206 206 206 206 207 207 207 207 207 207 207 207 207 207 207 208 208 208 208 208 208 208 208 208 208 208 208 208 209 209 209 209 209 209 209 209 209 209 209 209 209 209 209 209 209 209 209 209 209 210 210 210 210 210 210 210 210 210 210 210 210 210 210 210 210 210 210 210 210 210 210 210 210 210 210 210 210 210 210 210 210 210 210 210 210 211 211 211 211 211 211 211 211 211 211 211 211 211 211 211 211 211 211 211 211 211 211 211 211 211 211 211 211 211 211 211 211 211 211 211 211 211 211 211 211 211 211 211 211 211 211 211 211 211 211 211 211 210 210 210 210 211 210 210 210 210 210 211 211 211 211 211 211 211 211 0 0 0 0 0 0 0 0 0 0 0 0 0 0 0 0 0 0 0 0 0 0 0 0 0 0 0 0 0 0 0 0 0 0 0 0 0 0 0 0 0 0 0 0 0 0 0 0 0 0 0 0 0 0 0 0 0 0 0 0 0 0 0 0 0 0 0 0 0 0 0 0 0 0 0 0 0 0 0 0 0 0 0 0 0 0 0 0 0 0 0 0 0 0 0 0 0 0 0 0 0 0 0 0 0 0 0 0 0 0 0 0 0 0 0 0 0 0 0 0 0 0 0 0 0 0 0 0 0 0 0 0 0 0 0 0 0 0 0 0 0 0 0 0 0 0 0 0 0 0 0 0 0 0 0 0 0 0 0 0 0 0 0 0 0 0 0 0 0 0 0 0 0 0 0 0 0 0 0 
0 0 0 0 0 0 0 0 0 0 0 0 0 0 0 0 0 0 0 0 0 0 0 0 0 0 0 0 0 0 0 0 0 0 0 0 0 0 0 0 0 0 0 0 186 187 187 187 187 188 188 188 188 188 189 189 189 189 189 190 190 190 190 190 190 191 191 191 191 192 192 192 192 192 192 192 193 193 193 193 194 194 194 194 194 195 195 195 195 196 196 195 196 196 197 196 197 197 197 197 197 198 198 198 198 199 199 199 199 199 200 200 200 200 200 201 201 201 201 201 201 201 201 202 202 202 202 202 202 202 202 202 203 203 203 203 203 203 203 204 204 204 204 204 204 204 204 204 204 204 204 204 204 205 205 205 205 205 205 205 205 205 206 206 206 206 206 206 206 206 206 206 206 206 207 207 207 207 207 207 207 207 207 207 207 208 208 208 208 208 208 208 208 208 208 208 208 209 209 209 209 209 209 209 209 209 209 209 209 209 209 209 209 209 209 209 209 209 209 210 210 210 210 210 210 210 210 210 210 210 210 210 210 210 210 210 210 210 210 210 210 210 210 210 210 210 210 210 210 210 210 210 210 210 210 210 211 211 211 211 211 211 211 211 211 211 211 211 211 211 211 211 211 211 211 211 211 211 211 211 211 211 211 211 211 211 211 211 211 211 211 211 211 211 211 211 211 211 211 211 211 211 210 210 210 210 210 210 210 210 210 210 210 210 210 210 210 210 210 210 211 211 211 211 211 0 0 0 0 0 0 0 0 0 0 0 0 0 0 0 0 0 0 0 0 0 0 0 0 0 0 0 0 0 0 0 0 0 0 0 0 0 0 0 0 0 0 0 0 0 0 0 0 0 0 0 0 0 0 0 0 0 0 0 0 0 0 0 0 0 0 0 0 0 0 0 0 0 0 0 0 0 0 0 0 0 0 0 0 0 0 0 0 0 0 0 0 0 0 0 0 0 0 0 0 0 0 0 0 0 0 0 0 0 0 0 0 0 0 0 0 0 0 0 0 0 0 0 0 0 0 0 0 0 0 0 0 0 0 0 0 0 0 0 0 0 0 0 0 0 0 0 0 0 0 0 0 0 0 0 0 0 0 0 0 0 0 0 0 0 0 0 0 0 0 0 0 0 0 0 0 0 0 
0 0 0 0 0 0 0 0 0 0 0 0 0 0 0 0 0 0 0 0 0 0 0 0 0 0 0 0 0 0 0 0 0 0 0 0 0 0 0 0 0 0 0 186 186 187 187 187 187 187 188 188 188 188 188 188 189 189 189 189 190 190 190 190 190 191 191 191 191 191 192 192 192 192 192 192 193 193 193 193 194 194 194 194 194 194 195 195 195 195 196 196 196 196 196 197 197 197 197 197 198 198 198 198 199 199 199 199 200 200 200 200 200 200 200 200 200 201 201 201 201 201 202 202 202 202 202 202 202 203 202 202 203 203 203 203 203 203 203 203 204 204 203 204 204 204 204 204 204 204 204 204 205 205 205 205 205 205 205 205 205 205 205 205 206 206 206 206 206 206 206 206 206 206 206 207 207 207 207 207 207 207 207 207 207 207 208 208 208 208 208 208 208 208 208 208 208 208 208 209 209 209 209 209 209 209 209 209 209 209 209 209 209 209 209 209 209 209 209 210 210 210 210 210 210 210 210 210 210 210 210 210 210 210 210 210 210 210 210 210 210 210 210 210 210 210 210 210 210 210 210 210 210 210 210 210 210 211 211 211 211 211 211 211 211 211 211 211 211 211 211 211 211 211 211 211 211 211 211 211 211 211 211 211 211 211 211 211 211 211 211 211 211 211 211 211 211 211 211 210 210 210 210 210 210 210 210 210 210 210 210 210 210 210 210 210 210 210 210 210 210 210 210 210 210 0 0 0 0 0 0 0 0 0 0 0 0 0 0 0 0 0 0 0 0 0 0 0 0 0 0 0 0 0 0 0 0 0 0 0 0 0 0 0 0 0 0 0 0 0 0 0 0 0 0 0 0 0 0 0 0 0 0 0 0 0 0 0 0 0 0 0 0 0 0 0 0 0 0 0 0 0 0 0 0 0 0 0 0 0 0 0 0 0 0 0 0 0 0 0 0 0 0 0 0 0 0 0 0 0 0 0 0 0 0 0 0 0 0 0 0 0 0 0 0 0 0 0 0 0 0 0 0 0 0 0 0 0 0 0 0 0 0 0 0 0 0 0 0 0 0 0 0 0 0 0 0 0 0 0 0 0 0 0 0 0 0 0 0 0 0 0 0 0 0 0 0 0 0 0 0 0 0 
0 0 0 0 0 0 0 0 0 0 0 0 0 0 0 0 0 0 0 0 0 0 0 0 0 0 0 0 0 0 0 0 0 0 0 0 0 0 0 0 0 186 186 186 186 187 187 187 187 187 188 188 188 188 188 189 189 189 189 189 190 190 190 190 190 191 191 191 191 191 191 192 192 192 192 192 192 193 193 193 193 194 194 194 194 195 195 195 195 195 196 196 196 196 196 197 197 197 197 197 198 198 198 198 198 199 199 199 199 199 199 200 200 200 200 200 200 200 200 201 201 201 201 201 201 202 202 202 202 202 202 202 202 202 203 203 203 203 203 203 204 204 203 204 204 204 204 204 204 204 204 204 204 205 205 205 205 205 205 205 205 205 205 205 205 205 206 206 206 206 206 206 206 206 206 206 207 207 207 207 207 207 207 207 207 207 207 208 208 208 208 208 208 208 208 208 208 208 208 209 209 209 209 209 209 209 209 209 209 209 209 209 209 209 209 209 209 209 209 209 209 210 210 210 210 210 210 210 210 210 210 210 210 210 210 210 210 210 210 210 210 210 210 210 210 210 210 210 210 210 210 210 210 210 210 210 210 210 210 210 210 211 211 211 211 211 211 211 211 211 211 211 211 211 211 211 211 211 211 211 211 211 211 211 211 211 211 211 211 211 211 211 211 210 210 211 211 210 210 210 210 210 210 210 210 210 211 210 210 210 210 210 210 210 210 210 210 210 210 210 210 210 210 210 210 0 0 0 0 0 0 0 0 0 0 0 0 0 0 0 0 0 0 0 0 0 0 0 0 0 0 0 0 0 0 0 0 0 0 0 0 0 0 0 0 0 0 0 0 0 0 0 0 0 0 0 0 0 0 0 0 0 0 0 0 0 0 0 0 0 0 0 0 0 0 0 0 0 0 0 0 0 0 0 0 0 0 0 0 0 0 0 0 0 0 0 0 0 0 0 0 0 0 0 0 0 0 0 0 0 0 0 0 0 0 0 0 0 0 0 0 0 0 0 0 0 0 0 0 0 0 0 0 0 0 0 0 0 0 0 0 0 0 0 0 0 0 0 0 0 0 0 0 0 0 0 0 0 0 0 0 0 0 0 0 0 0 0 0 0 0 0 0 0 0 0 0 0 0 0 0 0 0 
0 0 0 0 0 0 0 0 0 0 0 0 0 0 0 0 0 0 0 0 0 0 0 0 0 0 0 0 0 0 0 0 184 184 185 185 0 0 0 0 186 186 186 186 186 187 187 187 187 187 188 188 188 188 188 188 189 189 189 189 190 190 190 190 190 190 191 191 191 191 191 191 192 192 192 192 193 193 193 193 193 194 194 194 194 194 195 195 195 195 195 195 196 196 196 197 197 197 197 198 198 198 198 198 198 199 199 199 199 199 199 199 200 200 200 199 199 200 200 200 201 201 201 201 201 201 201 202 202 202 202 202 202 202 203 203 203 203 203 203 204 204 203 203 204 204 204 204 204 204 204 204 204 204 205 205 205 205 205 205 205 205 205 205 205 206 206 206 206 206 206 206 206 206 206 206 206 207 207 207 207 207 207 207 207 207 207 207 208 208 208 208 208 208 208 208 208 208 208 208 209 209 209 209 209 209 209 209 209 209 209 209 209 209 209 209 209 209 209 209 209 209 210 210 210 210 210 210 210 210 210 210 210 210 210 210 210 210 210 210 210 210 210 210 210 210 210 210 210 210 210 210 210 210 210 210 210 210 210 210 210 210 210 210 210 210 211 211 211 211 211 211 211 211 211 211 211 211 211 211 211 211 211 211 211 211 211 211 211 211 211 211 210 210 210 210 210 210 210 210 210 210 210 210 210 211 211 210 210 210 210 211 211 210 210 210 210 210 210 210 210 210 210 210 210 0 0 0 0 0 0 0 0 0 0 0 0 0 0 0 0 0 0 0 0 0 0 0 0 0 0 0 0 0 0 0 0 0 0 0 0 0 0 0 0 0 0 0 0 0 0 0 0 0 0 0 0 0 0 0 0 0 0 0 0 0 0 0 0 0 0 0 0 0 0 0 0 0 0 0 0 0 0 0 0 0 0 0 0 0 0 0 0 0 0 0 0 0 0 0 0 0 0 0 0 0 0 0 0 0 0 0 0 0 0 0 0 0 0 0 0 0 0 0 0 0 0 0 0 0 0 0 0 0 0 0 0 0 0 0 0 0 0 0 0 0 0 0 0 0 0 0 0 0 0 0 0 0 0 0 0 0 0 0 0 0 0 0 0 0 0 0 0 0 0 0 0 0 0 0 0 0 0 
0 0 0 0 0 0 0 0 0 0 0 0 0 0 0 0 0 0 0 0 0 0 0 0 0 0 0 0 0 0 0 0 184 184 184 185 185 185 185 185 186 186 186 186 186 186 187 187 187 187 187 188 188 188 188 188 189 189 189 189 190 190 190 190 190 190 191 191 191 191 191 191 192 192 192 192 192 193 193 193 193 193 194 194 194 194 194 195 195 195 195 195 196 196 196 196 196 197 197 197 197 197 197 198 198 198 198 198 199 199 199 199 199 199 200 200 199 200 200 200 201 201 201 201 201 201 201 201 201 202 202 202 202 202 202 203 203 203 203 203 203 203 203 203 203 204 204 204 204 204 204 204 204 204 205 205 205 205 205 205 205 205 205 205 206 206 206 206 206 206 206 206 206 206 206 206 206 207 207 207 207 207 207 207 207 207 207 207 207 208 208 208 208 208 208 208 208 208 208 208 208 209 209 209 209 209 209 209 209 209 209 209 209 209 209 209 209 209 209 209 209 209 209 210 210 210 210 210 210 210 210 210 210 210 210 210 210 210 210 210 210 210 210 210 210 210 210 210 210 210 210 210 210 210 210 210 210 210 210 210 210 210 210 210 210 210 210 210 210 210 210 210 210 210 210 211 211 211 211 211 211 211 211 211 211 211 211 211 211 211 211 211 210 210 210 210 210 210 210 210 210 210 210 210 210 210 210 210 210 210 210 211 211 210 210 210 210 210 210 210 210 210 0 0 0 0 0 0 0 0 0 0 0 0 0 0 0 0 0 0 0 0 0 0 0 0 0 0 0 0 0 0 0 0 0 0 0 0 0 0 0 0 0 0 0 0 0 0 0 0 0 0 0 0 0 0 0 0 0 0 0 0 0 0 0 0 0 0 0 0 0 0 0 0 0 0 0 0 0 0 0 0 0 0 0 0 0 0 0 0 0 0 0 0 0 0 0 0 0 0 0 0 0 0 0 0 0 0 0 0 0 0 0 0 0 0 0 0 0 0 0 0 0 0 0 0 0 0 0 0 0 0 0 0 0 0 0 0 0 0 0 0 0 0 0 0 0 0 0 0 0 0 0 0 0 0 0 0 0 0 0 0 0 0 0 0 0 0 0 0 0 0 0 0 0 0 0 0 0 0 0 0 0 
0 0 0 0 0 0 0 0 0 0 0 0 0 0 0 0 0 0 0 0 0 0 0 0 0 0 0 0 0 0 0 184 184 184 184 185 185 185 185 185 186 186 186 186 186 186 187 187 187 187 187 188 188 188 188 188 188 189 189 189 189 189 190 190 190 190 190 191 191 191 191 191 191 192 192 192 192 192 193 193 193 193 193 193 194 194 194 194 194 195 195 195 195 196 196 196 196 196 196 197 197 197 197 197 197 198 198 198 198 199 199 199 199 199 199 199 199 200 200 200 200 201 201 201 201 201 201 201 202 202 202 202 202 202 202 203 203 203 203 203 203 203 203 203 203 204 204 204 204 204 204 204 204 204 204 205 205 205 205 205 205 205 205 205 206 206 206 206 206 206 206 206 206 206 206 206 206 206 207 207 207 207 207 207 207 207 207 207 207 207 208 208 208 208 208 208 208 208 208 208 208 208 209 209 209 209 209 209 209 209 209 209 209 209 209 209 209 209 209 209 209 209 209 210 210 210 210 210 210 210 210 210 210 210 210 210 210 210 210 210 210 210 210 210 210 210 210 210 210 210 210 210 210 210 210 210 210 210 210 210 210 210 210 210 210 210 210 210 210 210 210 210 210 210 210 210 210 210 210 210 210 210 210 210 210 210 210 210 210 210 210 210 210 210 210 210 210 210 210 210 210 210 210 210 210 210 210 210 210 210 210 210 210 210 210 210 210 210 210 0 0 0 0 0 0 0 0 0 0 0 0 0 0 0 0 0 0 0 0 0 0 0 0 0 0 0 0 0 0 0 0 0 0 0 0 0 0 0 0 0 0 0 0 0 0 0 0 0 0 0 0 0 0 0 0 0 0 0 0 0 0 0 0 0 0 0 0 0 0 0 0 0 0 0 0 0 0 0 0 0 0 0 0 0 0 0 0 0 0 0 0 0 0 0 0 0 0 0 0 0 0 0 0 0 0 0 0 0 0 0 0 0 0 0 0 0 0 0 0 0 0 0 0 0 0 0 0 0 0 0 0 0 0 0 0 0 0 0 0 0 0 0 0 0 0 0 0 0 0 0 0 0 0 0 0 0 0 0 0 0 0 0 0 0 0 0 0 0 0 0 0 0 0 0 0 0 0 0 0 0 0 0 0 
0 0 0 0 0 0 0 0 0 0 0 0 0 0 0 0 0 0 0 0 0 0 0 0 0 0 0 0 0 0 0 0 184 184 184 185 185 185 185 185 185 186 186 186 186 186 187 187 187 187 187 187 188 188 188 188 188 188 189 189 189 189 189 190 190 190 190 190 191 191 191 191 191 192 192 192 192 192 193 193 193 193 193 193 194 194 194 194 194 195 195 195 195 195 196 196 196 196 196 196 197 197 197 197 197 198 198 198 198 198 199 199 199 199 199 200 200 200 200 200 200 201 201 201 201 201 201 201 202 202 202 202 202 202 202 202 203 203 203 203 203 203 203 203 203 203 204 204 204 204 204 204 204 204 205 205 205 205 205 205 205 205 205 205 205 206 206 206 206 206 206 206 206 206 206 206 206 206 206 207 207 207 207 207 207 207 207 207 207 207 208 208 208 208 208 208 208 208 208 208 208 208 209 209 209 209 209 209 209 209 209 209 209 209 209 209 209 209 209 209 209 209 209 209 209 210 210 210 210 210 210 210 210 210 210 210 210 210 210 210 210 210 210 210 210 210 210 210 210 210 210 210 210 210 210 210 210 210 210 210 210 210 210 210 210 210 210 210 210 210 210 210 210 210 210 210 210 210 210 210 210 210 210 210 210 210 210 210 210 210 210 210 210 210 210 210 210 210 210 210 210 210 210 210 210 210 210 210 210 210 210 210 210 210 210 210 210 210 210 0 0 0 0 0 0 0 0 0 0 0 0 0 0 0 0 0 0 0 0 0 0 0 0 0 0 0 0 0 0 0 0 0 0 0 0 0 0 0 0 0 0 0 0 0 0 0 0 0 0 0 0 0 0 0 0 0 0 0 0 0 0 0 0 0 0 0 0 0 0 0 0 0 0 0 0 0 0 0 0 0 0 0 0 0 0 0 0 0 0 0 0 0 0 0 0 0 0 0 0 0 0 0 0 0 0 0 0 0 0 0 0 0 0 0 0 0 0 0 0 0 0 0 0 0 0 0 0 0 0 0 0 0 0 0 0 0 0 0 0 0 0 0 0 0 0 0 0 0 0 0 0 0 0 0 0 0 0 0 0 0 0 0 0 0 0 0 0 0 0 0 0 0 0 0 0 0 0 0 0 0 0 0 0 
0 0 0 0 0 0 0 0 0 0 0 0 0 0 0 0 0 0 0 0 0 0 0 0 0 0 0 0 0 0 0 0 0 184 184 184 185 185 185 185 185 186 186 186 186 186 186 187 187 187 187 187 188 188 188 188 188 188 189 189 189 189 189 190 190 190 190 190 191 191 191 191 191 192 192 192 192 192 193 193 193 193 193 193 194 194 194 194 194 195 195 195 195 195 196 196 196 196 196 196 197 197 197 197 197 198 198 198 198 198 198 199 199 199 199 199 200 200 200 200 200 200 200 201 201 201 201 201 201 202 202 202 202 202 202 202 203 203 203 203 203 203 203 203 203 203 203 204 204 204 204 204 204 204 204 205 205 205 205 205 205 205 205 205 205 205 205 206 206 206 206 206 206 206 206 206 206 206 206 207 207 207 207 207 207 207 207 207 207 207 207 208 208 208 208 208 208 208 208 208 208 208 208 209 209 209 209 209 209 209 209 209 209 209 209 209 209 209 209 209 209 209 209 209 209 209 210 210 210 210 210 210 210 210 210 210 210 210 210 210 210 210 210 210 210 210 210 210 210 210 210 210 210 210 210 210 210 210 210 210 210 210 210 210 210 210 210 210 210 210 210 210 210 210 210 210 210 210 210 210 210 210 210 210 210 210 210 210 210 210 210 210 210 210 210 210 210 210 210 210 210 210 210 210 210 210 210 210 210 210 210 210 210 210 210 210 210 210 210 0 0 0 0 0 0 0 0 0 0 0 0 0 0 0 0 0 0 0 0 0 0 0 0 0 0 0 0 0 0 0 0 0 0 0 0 0 0 0 0 0 0 0 0 0 0 0 0 0 0 0 0 0 0 0 0 0 0 0 0 0 0 0 0 0 0 0 0 0 0 0 0 0 0 0 0 0 0 0 0 0 0 0 0 0 0 0 0 0 0 0 0 0 0 0 0 0 0 0 0 0 0 0 0 0 0 0 0 0 0 0 0 0 0 0 0 0 0 0 0 0 0 0 0 0 0 0 0 0 0 0 0 0 0 0 0 0 0 0 0 0 0 0 0 0 0 0 0 0 0 0 0 0 0 0 0 0 0 0 0 0 0 0 0 0 0 0 0 0 0 0 0 0 0 0 0 0 0 0 0 0 0 0 0 
0 0 0 0 0 0 0 0 0 0 0 0 0 0 0 0 0 0 0 0 0 0 0 0 0 0 0 0 0 0 0 0 0 184 184 184 185 185 185 185 185 186 186 186 186 186 186 187 187 187 187 187 187 188 188 188 188 188 189 189 189 189 189 190 190 190 190 190 191 191 191 191 191 192 192 192 192 192 192 193 193 193 193 193 194 194 194 194 194 195 195 195 195 195 196 196 196 196 196 196 197 197 197 197 197 198 198 198 198 198 198 198 199 199 199 199 199 200 200 200 200 200 200 201 201 201 201 201 201 201 202 202 202 202 202 202 203 203 203 203 203 203 203 203 203 203 203 204 204 204 204 204 204 204 204 204 205 205 205 205 205 205 205 205 205 205 205 206 206 206 206 206 206 206 206 206 206 206 206 206 207 207 207 207 207 207 207 207 207 207 207 208 208 208 208 208 208 208 208 208 208 208 208 208 209 209 209 209 209 209 209 209 209 209 209 209 209 209 209 209 209 209 209 209 209 209 209 209 210 210 210 210 210 210 210 210 210 210 210 210 210 210 210 210 210 210 210 210 210 210 210 210 210 210 210 210 210 210 210 210 210 210 210 210 210 210 210 210 210 210 210 210 210 210 210 210 210 210 210 210 210 210 210 210 210 210 210 210 210 210 210 210 210 210 210 210 210 210 210 210 210 210 210 210 210 210 210 210 210 210 210 210 210 210 210 210 210 210 210 210 0 0 0 0 0 0 0 0 0 0 0 0 0 0 0 0 0 0 0 0 0 0 0 0 0 0 0 0 0 0 0 0 0 0 0 0 0 0 0 0 0 0 0 0 0 0 0 0 0 0 0 0 0 0 0 0 0 0 0 0 0 0 0 0 0 0 0 0 0 0 0 0 0 0 0 0 0 0 0 0 0 0 0 0 0 0 0 0 0 0 0 0 0 0 0 0 0 0 0 0 0 0 0 0 0 0 0 0 0 0 0 0 0 0 0 0 0 0 0 0 0 0 0 0 0 0 0 0 0 0 0 0 0 0 0 0 0 0 0 0 0 0 0 0 0 0 0 0 0 0 0 0 0 0 0 0 0 0 0 0 0 0 0 0 0 0 0 0 0 0 0 0 0 0 0 0 0 0 0 0 0 0 0 
0 0 0 0 0 0 0 0 0 0 0 0 0 0 0 0 0 0 0 0 0 0 0 0 0 0 0 0 0 0 0 0 0 0 184 184 184 185 185 185 185 185 186 186 186 186 186 187 187 187 187 187 187 188 188 188 188 188 189 189 189 189 189 190 190 190 190 190 191 191 191 191 191 191 192 192 192 192 192 193 193 193 193 193 193 194 194 194 194 195 195 195 195 195 195 196 196 196 196 196 197 197 197 197 197 197 198 198 198 198 198 198 199 199 199 199 199 199 200 200 200 200 200 200 201 201 201 201 201 201 202 202 202 202 202 202 202 203 203 203 203 203 203 203 203 203 203 203 204 204 204 204 204 204 204 204 204 205 205 205 205 205 205 205 205 205 205 205 206 206 206 206 206 206 206 206 206 206 206 206 206 207 207 207 207 207 207 207 207 207 207 207 208 208 208 208 208 208 208 208 208 208 208 208 208 209 209 209 209 209 209 209 209 209 209 209 209 209 209 209 209 209 209 209 209 209 209 209 209 209 210 210 210 210 210 210 210 210 210 210 210 210 210 210 210 210 210 210 210 210 210 210 210 210 210 210 210 210 210 210 210 210 210 210 210 210 210 210 210 210 210 210 210 210 210 210 210 210 210 210 210 210 210 210 210 210 210 210 210 210 210 210 210 210 210 210 210 210 210 210 210 210 210 210 210 210 210 210 210 210 210 210 210 210 210 210 210 210 210 0 0 0 0 0 0 0 0 0 0 0 0 0 0 0 0 0 0 0 0 0 0 0 0 0 0 0 0 0 0 0 0 0 0 0 0 0 0 0 0 0 0 0 0 0 0 0 0 0 0 0 0 0 0 0 0 0 0 0 0 0 0 0 0 0 0 0 0 0 0 0 0 0 0 0 0 0 0 0 0 0 0 0 0 0 0 0 0 0 0 0 0 0 0 0 0 0 0 0 0 0 0 0 0 0 0 0 0 0 0 0 0 0 0 0 0 0 0 0 0 0 0 0 0 0 0 0 0 0 0 0 0 0 0 0 0 0 0 0 0 0 0 0 0 0 0 0 0 0 0 0 0 0 0 0 0 0 0 0 0 0 0 0 0 0 0 0 0 0 0 0 0 0 0 0 0 0 0 0 0 0 0 0 0 
0 0 0 0 0 0 0 0 0 0 0 0 0 0 0 0 0 0 0 0 0 0 0 0 0 0 0 0 0 0 0 0 0 0 0 184 184 185 185 185 185 185 185 186 186 186 186 186 187 187 187 187 187 188 188 188 188 188 189 189 189 189 189 189 190 190 190 190 190 191 191 191 191 191 192 192 192 192 192 193 193 193 193 193 193 194 194 194 194 194 195 195 195 195 195 196 196 196 196 196 196 197 197 197 197 197 197 198 198 198 198 198 199 199 199 199 199 199 200 200 200 200 200 200 201 201 201 201 201 201 201 202 202 202 202 202 202 202 203 203 203 203 203 203 203 203 203 203 203 204 204 204 204 204 204 204 204 204 205 205 205 205 205 205 205 205 205 205 205 206 206 206 206 206 206 206 206 206 206 206 206 206 207 207 207 207 207 207 207 207 207 207 208 208 208 208 208 208 208 208 208 208 208 208 208 209 209 209 209 209 209 209 209 209 209 209 209 209 209 209 209 209 209 209 209 209 209 209 209 209 209 209 210 210 210 210 210 210 210 210 210 210 210 210 210 210 210 210 210 210 210 210 210 210 210 210 210 210 210 210 210 210 210 210 210 210 210 210 210 210 210 210 210 210 210 210 210 210 210 210 210 210 210 210 210 210 210 210 210 210 210 210 210 210 210 210 210 210 210 210 210 210 210 210 210 210 210 210 210 210 210 210 210 210 210 210 209 209 0 0 0 0 0 0 0 0 0 0 0 0 0 0 0 0 0 0 0 0 0 0 0 0 0 0 0 0 0 0 0 0 0 0 0 0 0 0 0 0 0 0 0 0 0 0 0 0 0 0 0 0 0 0 0 0 0 0 0 0 0 0 0 0 0 0 0 0 0 0 0 0 0 0 0 0 0 0 0 0 0 0 0 0 0 0 0 0 0 0 0 0 0 0 0 0 0 0 0 0 0 0 0 0 0 0 0 0 0 0 0 0 0 0 0 0 0 0 0 0 0 0 0 0 0 0 0 0 0 0 0 0 0 0 0 0 0 0 0 0 0 0 0 0 0 0 0 0 0 0 0 0 0 0 0 0 0 0 0 0 0 0 0 0 0 0 0 0 0 0 0 0 0 0 0 0 0 0 0 0 0 0 0 0 0 
0 0 0 0 0 0 0 0 0 0 0 0 0 0 0 0 0 0 0 0 0 0 0 0 0 0 0 0 0 0 0 0 0 0 184 184 184 184 185 185 185 185 185 186 186 186 186 186 187 187 187 187 187 188 188 188 188 188 188 189 189 189 189 189 190 190 190 190 190 191 191 191 191 191 192 192 192 192 192 192 193 193 193 193 193 193 194 194 194 194 194 195 195 195 195 195 196 196 196 196 196 197 197 197 197 197 197 198 198 198 198 198 198 199 199 199 199 199 199 200 200 200 200 200 200 201 201 201 201 201 201 201 202 202 202 202 202 202 202 203 203 203 203 203 203 203 203 203 203 203 204 204 204 204 204 204 204 204 204 205 205 205 205 205 205 205 205 205 205 206 206 206 206 206 206 206 206 206 206 206 206 206 206 207 207 207 207 207 207 207 207 207 208 208 208 208 208 208 208 208 208 208 208 208 208 208 209 209 209 209 209 209 209 209 209 209 209 209 209 209 209 209 209 209 209 209 209 209 209 209 209 209 209 210 210 210 210 210 210 210 210 210 210 210 210 210 210 210 210 210 210 210 210 210 210 210 210 210 210 210 210 210 210 210 210 210 210 210 210 210 210 210 210 210 210 210 210 210 210 210 210 210 210 210 210 210 210 210 210 210 210 210 210 210 210 210 210 210 210 210 210 210 210 210 210 210 210 210 210 210 210 210 210 210 210 210 209 0 0 0 0 0 0 0 0 0 0 0 0 0 0 0 0 0 0 0 0 0 0 0 0 0 0 0 0 0 0 0 0 0 0 0 0 0 0 0 0 0 0 0 0 0 0 0 0 0 0 0 0 0 0 0 0 0 0 0 0 0 0 0 0 0 0 0 0 0 0 0 0 0 0 0 0 0 0 0 0 0 0 0 0 0 0 0 0 0 0 0 0 0 0 0 0 0 0 0 0 0 0 0 0 0 0 0 0 0 0 0 0 0 0 0 0 0 0 0 0 0 0 0 0 0 0 0 0 0 0 0 0 0 0 0 0 0 0 0 0 0 0 0 0 0 0 0 0 0 0 0 0 0 0 0 0 0 0 0 0 0 0 0 0 0 0 0 0 0 0 0 0 0 0 0 0 0 0 0 0 0 0 0 0 0 0 
0 0 0 0 0 0 0 0 0 0 0 0 0 0 0 0 0 0 0 0 0 0 0 0 0 0 0 0 0 0 0 0 0 0 184 184 184 184 185 185 185 185 185 186 186 186 186 186 186 187 187 187 187 187 188 188 188 188 188 189 189 189 189 189 190 190 190 190 190 191 191 191 191 191 191 192 192 192 192 192 192 193 193 193 193 193 194 194 194 194 194 194 195 195 195 195 196 196 196 196 196 196 197 197 197 197 197 197 198 198 198 198 198 199 199 199 199 199 199 200 200 200 200 200 200 200 201 201 201 201 201 201 201 202 202 202 202 202 202 202 203 203 202 203 203 203 203 203 203 203 203 204 204 204 204 204 204 204 204 204 205 205 205 205 205 205 205 205 205 205 206 206 206 206 206 206 206 206 206 206 206 206 207 206 207 207 207 207 207 207 207 207 208 208 208 208 208 208 208 208 208 208 208 208 208 208 208 209 209 209 209 209 209 209 209 209 209 209 209 209 209 209 209 209 209 209 209 209 209 209 209 209 209 209 209 210 210 210 210 210 210 210 210 210 210 210 210 210 210 210 210 210 210 210 210 210 210 210 210 210 210 210 210 210 210 210 210 210 210 210 210 210 210 210 210 210 210 210 210 210 210 210 210 210 210 210 210 210 210 210 210 210 210 210 210 210 210 210 210 210 210 210 210 210 210 210 210 210 210 210 210 210 210 210 210 209 209 0 0 0 0 0 0 0 0 0 0 0 0 0 0 0 0 0 0 0 0 0 0 0 0 0 0 0 0 0 0 0 0 0 0 0 0 0 0 0 0 0 0 0 0 0 0 0 0 0 0 0 0 0 0 0 0 0 0 0 0 0 0 0 0 0 0 0 0 0 0 0 0 0 0 0 0 0 0 0 0 0 0 0 0 0 0 0 0 0 0 0 0 0 0 0 0 0 0 0 0 0 0 0 0 0 0 0 0 0 0 0 0 0 0 0 0 0 0 0 0 0 0 0 0 0 0 0 0 0 0 0 0 0 0 0 0 0 0 0 0 0 0 0 0 0 0 0 0 0 0 0 0 0 0 0 0 0 0 0 0 0 0 0 0 0 0 0 0 0 0 0 0 0 0 0 0 0 0 0 0 0 0 0 0 0 0 
0 0 0 0 0 0 0 0 0 0 0 0 0 0 0 0 0 0 0 0 0 0 0 0 0 0 0 0 0 0 0 0 0 0 184 184 184 184 184 185 185 185 185 185 186 186 186 186 186 187 187 187 187 187 188 188 188 188 188 189 189 189 189 189 189 190 190 190 190 190 191 191 191 191 191 192 192 192 192 192 192 193 193 193 193 193 193 194 194 194 194 194 195 195 195 195 196 196 196 196 196 196 197 197 197 197 197 197 198 198 198 198 198 198 199 199 199 199 199 199 200 200 200 200 200 200 201 201 201 201 201 201 201 201 202 202 202 202 202 202 202 203 202 203 203 203 203 203 203 203 203 204 204 204 204 204 204 204 204 204 204 205 205 205 205 205 205 205 205 205 206 206 206 206 206 206 206 206 206 206 206 206 207 207 206 207 207 207 207 207 207 207 208 208 208 208 208 208 208 208 208 208 208 208 208 208 208 208 209 209 209 209 209 209 209 209 209 209 209 209 209 209 209 209 209 209 209 209 209 209 209 209 209 209 209 209 210 210 210 210 210 210 210 210 210 210 210 210 210 210 210 210 210 210 210 210 210 210 210 210 210 210 209 210 210 210 210 210 210 210 210 210 210 210 210 210 210 210 210 210 210 210 210 210 210 210 210 210 210 210 210 210 210 210 210 210 210 210 210 210 210 210 210 210 210 210 210 210 210 210 209 209 209 209 209 209 0 0 0 0 0 0 0 0 0 0 0 0 0 0 0 0 0 0 0 0 0 0 0 0 0 0 0 0 0 0 0 0 0 0 0 0 0 0 0 0 0 0 0 0 0 0 0 0 0 0 0 0 0 0 0 0 0 0 0 0 0 0 0 0 0 0 0 0 0 0 0 0 0 0 0 0 0 0 0 0 0 0 0 0 0 0 0 0 0 0 0 0 0 0 0 0 0 0 0 0 0 0 0 0 0 0 0 0 0 0 0 0 0 0 0 0 0 0 0 0 0 0 0 0 0 0 0 0 0 0 0 0 0 0 0 0 0 0 0 0 0 0 0 0 0 0 0 0 0 0 0 0 0 0 0 0 0 0 0 0 0 0 0 0 0 0 0 0 0 0 0 0 0 0 0 0 0 0 0 0 0 0 0 0 0 0 0 
0 0 0 0 0 0 0 0 0 0 0 0 0 0 0 0 0 0 0 0 0 0 0 0 0 0 0 0 0 0 0 0 0 0 184 184 184 184 184 185 185 185 185 185 186 186 186 186 186 186 187 187 187 187 187 188 188 188 188 188 189 189 189 189 189 190 190 190 190 190 190 191 191 191 191 191 192 192 192 192 192 193 193 193 193 193 193 194 194 194 194 194 195 195 195 195 195 196 196 196 196 196 196 197 197 197 197 197 197 198 198 198 198 198 198 199 199 199 199 199 199 200 200 200 200 200 200 201 201 201 201 201 201 201 202 202 202 202 202 202 202 202 202 202 203 203 203 203 203 203 203 203 203 204 204 204 204 204 204 204 204 205 205 205 205 205 205 205 205 205 205 206 206 206 206 206 206 206 206 206 206 206 206 207 206 206 207 207 207 207 207 207 207 208 208 208 208 208 208 208 208 208 208 208 208 208 208 208 208 209 209 209 209 209 209 209 209 209 209 209 209 209 209 209 209 209 209 209 209 209 209 209 209 209 209 209 209 209 210 210 210 210 210 210 210 210 210 210 210 210 210 210 210 210 210 210 210 210 210 210 210 210 210 209 209 209 210 210 210 210 210 210 210 210 210 210 210 210 210 210 210 210 210 210 210 210 210 210 210 210 210 210 210 210 210 210 210 210 210 210 210 210 210 210 210 210 210 210 210 209 209 209 209 209 209 209 0 0 0 0 0 0 0 0 0 0 0 0 0 0 0 0 0 0 0 0 0 0 0 0 0 0 0 0 0 0 0 0 0 0 0 0 0 0 0 0 0 0 0 0 0 0 0 0 0 0 0 0 0 0 0 0 0 0 0 0 0 0 0 0 0 0 0 0 0 0 0 0 0 0 0 0 0 0 0 0 0 0 0 0 0 0 0 0 0 0 0 0 0 0 0 0 0 0 0 0 0 0 0 0 0 0 0 0 0 0 0 0 0 0 0 0 0 0 0 0 0 0 0 0 0 0 0 0 0 0 0 0 0 0 0 0 0 0 0 0 0 0 0 0 0 0 0 0 0 0 0 0 0 0 0 0 0 0 0 0 0 0 0 0 0 0 0 0 0 0 0 0 0 0 0 0 0 0 0 0 0 0 0 0 0 0 0 
0 0 0 0 0 0 0 0 0 0 0 0 0 0 0 0 0 0 0 0 0 0 0 0 0 0 0 0 0 0 0 0 0 183 184 184 184 184 184 184 185 185 185 185 185 186 186 186 186 186 187 187 187 187 187 188 188 188 188 188 189 189 189 189 189 189 190 190 190 190 190 191 191 191 191 191 192 192 192 192 192 192 193 193 193 193 193 193 194 194 194 194 195 195 195 195 195 195 196 196 196 196 196 197 197 197 197 197 197 198 198 198 198 198 198 199 199 199 199 199 199 200 200 200 200 200 200 200 201 201 201 201 201 201 201 202 202 202 202 202 202 202 202 202 202 203 203 203 203 203 203 203 203 203 204 204 204 204 204 204 204 204 205 205 205 205 205 205 205 205 205 205 206 206 206 206 206 206 206 206 206 206 206 206 206 206 207 207 207 207 207 207 207 207 208 208 208 208 208 208 208 208 208 208 208 208 208 208 208 208 209 209 209 209 209 209 209 209 209 209 209 209 209 209 209 209 209 209 209 209 209 209 209 209 209 209 209 209 209 209 210 210 210 210 210 210 210 210 210 210 210 210 210 210 210 210 210 210 210 210 210 210 210 210 209 209 209 209 209 210 210 210 210 210 210 210 210 210 210 210 210 210 210 210 210 210 210 210 210 210 210 210 210 210 210 210 210 210 210 210 210 210 210 210 210 210 209 209 209 209 209 209 209 209 209 0 0 0 0 0 0 0 0 0 0 0 0 0 0 0 0 0 0 0 0 0 0 0 0 0 0 0 0 0 0 0 0 0 0 0 0 0 0 0 0 0 0 0 0 0 0 0 0 0 0 0 0 0 0 0 0 0 0 0 0 0 0 0 0 0 0 0 0 0 0 0 0 0 0 0 0 0 0 0 0 0 0 0 0 0 0 0 0 0 0 0 0 0 0 0 0 0 0 0 0 0 0 0 0 0 0 0 0 0 0 0 0 0 0 0 0 0 0 0 0 0 0 0 0 0 0 0 0 0 0 0 0 0 0 0 0 0 0 0 0 0 0 0 0 0 0 0 0 0 0 0 0 0 0 0 0 0 0 0 0 0 0 0 0 0 0 0 0 0 0 0 0 0 0 0 0 0 0 0 0 0 0 0 0 0 0 0 0 
0 0 0 0 0 0 0 0 0 0 0 0 0 0 0 0 0 0 0 0 0 0 0 0 0 0 0 0 0 0 0 0 0 0 183 184 184 184 184 184 185 185 185 185 185 185 186 186 186 186 186 187 187 187 187 187 188 188 188 188 188 189 189 189 189 189 190 190 190 190 190 191 191 191 191 191 191 192 192 192 192 192 193 193 193 193 193 193 194 194 194 194 194 195 195 195 195 195 196 196 196 196 196 196 197 197 197 197 197 197 198 198 198 198 198 198 199 199 199 199 199 199 200 200 200 200 200 200 201 201 201 201 201 201 201 201 202 202 202 202 202 202 202 202 202 202 203 203 203 203 203 203 203 203 204 204 204 204 204 204 204 204 204 205 205 205 205 205 205 205 205 205 206 206 206 206 206 206 206 206 206 206 206 206 206 206 207 207 207 207 207 207 207 207 207 208 208 208 208 208 208 208 208 208 208 208 208 208 208 208 208 209 209 209 209 209 209 209 209 209 209 209 209 209 209 209 209 209 209 209 209 209 209 209 209 209 209 209 209 209 209 210 209 209 210 210 210 210 210 210 210 210 210 210 210 210 210 210 210 209 210 210 210 210 209 209 209 209 209 209 209 209 209 210 210 210 210 210 210 210 210 210 210 210 210 210 210 210 210 210 210 210 210 210 210 210 210 210 210 210 210 210 210 210 209 209 209 209 209 209 0 0 0 0 0 0 0 0 0 0 0 0 0 0 0 0 0 0 0 0 0 0 0 0 0 0 0 0 0 0 0 0 0 0 0 0 0 0 0 0 0 0 0 0 0 0 0 0 0 0 0 0 0 0 0 0 0 0 0 0 0 0 0 0 0 0 0 0 0 0 0 0 0 0 0 0 0 0 0 0 0 0 0 0 0 0 0 0 0 0 0 0 0 0 0 0 0 0 0 0 0 0 0 0 0 0 0 0 0 0 0 0 0 0 0 0 0 0 0 0 0 0 0 0 0 0 0 0 0 0 0 0 0 0 0 0 0 0 0 0 0 0 0 0 0 0 0 0 0 0 0 0 0 0 0 0 0 0 0 0 0 0 0 0 0 0 0 0 0 0 0 0 0 0 0 0 0 0 0 0 0 0 0 0 0 0 0 0 0 0 0 0 0 
0 0 0 0 0 0 0 0 0 0 0 0 0 0 0 0 0 0 0 0 0 0 0 0 0 0 0 0 0 0 0 0 0 0 183 184 184 184 184 184 185 185 185 185 185 185 186 186 186 186 186 187 187 187 187 187 188 188 188 188 188 189 189 189 189 189 189 190 190 190 190 190 191 191 191 191 191 192 192 192 192 192 192 193 193 193 193 193 194 194 194 194 194 195 195 195 195 195 195 196 196 196 196 196 196 197 197 197 197 197 197 198 198 198 198 198 198 199 199 199 199 199 199 200 200 200 200 200 200 201 201 201 201 201 201 201 202 202 202 202 202 202 202 202 202 202 202 203 203 203 203 203 203 203 203 204 204 204 204 204 204 204 204 204 205 205 205 205 205 205 205 205 205 206 206 206 206 206 206 206 206 206 206 206 206 206 207 207 207 207 207 207 207 207 207 208 208 208 208 208 208 208 208 208 208 208 208 208 208 208 208 208 208 209 209 209 209 209 209 209 209 209 209 209 209 209 209 209 209 209 209 209 209 209 209 209 209 209 209 209 209 209 209 209 209 209 209 209 210 210 210 210 210 210 210 210 210 210 209 209 209 209 210 210 209 209 209 209 209 209 209 209 209 209 209 209 210 210 210 209 209 210 210 210 210 210 210 210 210 210 210 210 210 210 210 210 209 209 209 209 209 209 209 209 209 0 0 0 0 0 0 0 0 0 0 0 0 0 0 0 0 0 0 0 0 0 0 0 0 0 0 0 0 0 0 0 0 0 0 0 0 0 0 0 0 0 0 0 0 0 0 0 0 0 0 0 0 0 0 0 0 0 0 0 0 0 0 0 0 0 0 0 0 0 0 0 0 0 0 0 0 0 0 0 0 0 0 0 0 0 0 0 0 0 0 0 0 0 0 0 0 0 0 0 0 0 0 0 0 0 0 0 0 0 0 0 0 0 0 0 0 0 0 0 0 0 0 0 0 0 0 0 0 0 0 0 0 0 0 0 0 0 0 0 0 0 0 0 0 0 0 0 0 0 0 0 0 0 0 0 0 0 0 0 0 0 0 0 0 0 0 0 0 0 0 0 0 0 0 0 0 0 0 0 0 0 0 0 0 0 0 0 0 0 0 0 0 0 0 0 0 0 0 
0 0 0 0 0 0 0 0 0 0 0 0 0 0 0 0 0 0 0 0 0 0 0 0 0 0 0 0 0 0 0 0 0 0 183 183 184 184 184 184 184 185 185 185 185 185 186 186 186 186 186 186 187 187 187 187 187 188 188 188 188 188 189 189 189 189 189 190 190 190 190 190 191 191 191 191 191 191 192 192 192 192 192 193 193 193 193 193 193 194 194 194 194 194 195 195 195 195 195 196 196 196 196 196 196 197 197 197 197 197 197 198 198 198 198 198 198 199 199 199 199 199 199 199 200 200 200 200 200 200 201 201 201 201 201 201 201 202 202 202 202 202 202 202 202 202 202 203 203 203 203 203 203 203 203 203 204 204 204 204 204 204 204 204 205 205 205 205 205 205 205 205 205 205 206 206 206 206 206 206 206 206 206 206 206 206 207 207 207 207 207 207 207 207 207 207 208 208 208 208 208 208 208 208 208 208 208 208 208 208 208 208 208 208 209 209 209 209 209 209 209 209 209 209 209 209 209 209 209 209 209 209 209 209 209 209 209 209 209 209 209 209 209 209 209 209 209 209 209 209 209 209 209 210 209 209 209 209 209 209 209 209 209 209 209 209 209 209 209 209 209 209 209 209 209 209 209 209 209 209 209 209 209 209 209 209 209 209 209 209 209 209 209 209 209 209 209 209 209 209 209 209 209 209 209 209 0 0 0 0 0 0 0 0 0 0 0 0 0 0 0 0 0 0 0 0 0 0 0 0 0 0 0 0 0 0 0 0 0 0 0 0 0 0 0 0 0 0 0 0 0 0 0 0 0 0 0 0 0 0 0 0 0 0 0 0 0 0 0 0 0 0 0 0 0 0 0 0 0 0 0 0 0 0 0 0 0 0 0 0 0 0 0 0 0 0 0 0 0 0 0 0 0 0 0 0 0 0 0 0 0 0 0 0 0 0 0 0 0 0 0 0 0 0 0 0 0 0 0 0 0 0 0 0 0 0 0 0 0 0 0 0 0 0 0 0 0 0 0 0 0 0 0 0 0 0 0 0 0 0 0 0 0 0 0 0 0 0 0 0 0 0 0 0 0 0 0 0 0 0 0 0 0 0 0 0 0 0 0 0 0 0 0 0 0 0 0 0 0 0 0 0 0 
0 0 0 0 0 0 0 0 0 0 0 0 0 0 0 0 0 0 0 0 0 0 0 0 0 0 0 0 0 0 0 0 0 0 183 183 184 184 184 184 184 185 185 185 185 185 185 186 186 186 186 186 187 187 187 187 187 187 188 188 188 188 189 189 189 189 189 189 190 190 190 190 190 191 191 191 191 191 192 192 192 192 192 192 193 193 193 193 193 193 194 194 194 194 195 195 195 195 195 195 196 196 196 196 196 196 197 197 197 197 197 197 198 198 198 198 198 198 199 199 199 199 199 199 199 200 200 200 200 200 200 201 201 201 201 201 201 201 202 202 202 202 202 202 202 202 202 202 203 203 203 203 203 203 203 203 203 204 204 204 204 204 204 204 204 205 205 205 205 205 205 205 205 205 205 206 206 206 206 206 206 206 206 206 206 206 207 207 207 207 207 207 207 207 207 207 207 208 208 208 208 208 208 208 208 208 208 208 208 208 208 208 208 208 208 209 209 209 209 209 209 209 209 209 209 209 209 209 209 209 209 209 209 209 209 209 209 209 209 209 209 209 209 209 209 209 209 209 209 209 209 209 209 209 209 209 209 209 209 209 209 209 209 209 209 209 209 209 209 209 209 209 209 209 209 209 209 209 209 209 209 209 209 209 209 209 209 209 209 209 209 209 209 209 209 209 209 209 209 209 209 209 209 209 209 209 209 209 0 0 0 0 0 0 0 0 0 0 0 0 0 0 0 0 0 0 0 0 0 0 0 0 0 0 0 0 0 0 0 0 0 0 0 0 0 0 0 0 0 0 0 0 0 0 0 0 0 0 0 0 0 0 0 0 0 0 0 0 0 0 0 0 0 0 0 0 0 0 0 0 0 0 0 0 0 0 0 0 0 0 0 0 0 0 0 0 0 0 0 0 0 0 0 0 0 0 0 0 0 0 0 0 0 0 0 0 0 0 0 0 0 0 0 0 0 0 0 0 0 0 0 0 0 0 0 0 0 0 0 0 0 0 0 0 0 0 0 0 0 0 0 0 0 0 0 0 0 0 0 0 0 0 0 0 0 0 0 0 0 0 0 0 0 0 0 0 0 0 0 0 0 0 0 0 0 0 0 0 0 0 0 0 0 0 0 0 0 0 0 0 0 0 0 
0 0 0 0 0 0 0 0 0 0 0 0 0 0 0 0 0 0 0 0 0 0 0 0 0 0 0 0 0 0 0 0 0 183 183 183 184 184 184 184 184 184 185 185 185 185 185 186 186 186 186 186 187 187 187 187 187 188 188 188 188 188 188 189 189 189 189 189 190 190 190 190 190 191 191 191 191 191 191 192 192 192 192 192 193 193 193 193 193 193 194 194 194 194 195 195 195 195 195 195 196 196 196 196 196 196 197 197 197 197 197 197 198 198 198 198 198 198 199 199 199 199 199 199 199 200 200 200 200 200 200 200 201 201 201 201 201 201 201 202 202 202 202 202 202 202 202 203 203 203 203 203 203 203 203 204 204 204 204 204 204 204 204 205 205 205 205 205 205 205 205 205 206 206 206 206 206 206 206 206 206 206 206 207 207 207 207 207 207 207 207 207 207 207 207 207 207 207 207 207 208 208 208 208 208 208 208 208 208 208 208 208 208 208 208 208 208 208 208 208 208 208 208 208 209 209 208 209 209 209 209 209 209 209 209 209 209 209 209 209 209 209 209 209 209 209 209 209 209 209 209 209 209 209 209 209 209 209 209 209 209 209 209 209 209 209 209 209 209 209 209 209 209 209 209 209 209 209 209 209 209 209 209 209 209 209 209 209 209 209 209 209 209 209 209 209 209 209 209 209 209 209 209 209 209 209 209 209 209 209 209 0 0 0 0 0 0 0 0 0 0 0 0 0 0 0 0 0 0 0 0 0 0 0 0 0 0 0 0 0 0 0 0 0 0 0 0 0 0 0 0 0 0 0 0 0 0 0 0 0 0 0 0 0 0 0 0 0 0 0 0 0 0 0 0 0 0 0 0 0 0 0 0 0 0 0 0 0 0 0 0 0 0 0 0 0 0 0 0 0 0 0 0 0 0 0 0 0 0 0 0 0 0 0 0 0 0 0 0 0 0 0 0 0 0 0 0 0 0 0 0 0 0 0 0 0 0 0 0 0 0 0 0 0 0 0 0 0 0 0 0 0 0 0 0 0 0 0 0 0 0 0 0 0 0 0 0 0 0 0 0 0 0 0 0 0 0 0 0 0 0 0 0 0 0 0 0 0 0 0 0 0 0 0 0 0 0 0 0 0 0 0 0 
0 0 0 0 0 0 0 0 0 0 0 0 0 0 0 0 0 0 0 0 0 0 0 0 0 0 0 0 0 0 0 182 183 183 183 183 183 184 184 184 184 184 185 185 185 185 185 185 186 186 186 186 186 187 187 187 187 187 188 188 188 188 188 189 189 189 189 189 190 190 190 190 190 190 191 191 191 191 191 192 192 192 192 192 192 193 193 193 193 193 194 194 194 194 194 195 195 195 195 195 195 196 196 196 196 196 196 197 197 197 197 197 197 198 198 198 198 198 198 199 199 199 199 199 199 199 200 200 200 200 200 200 200 201 201 201 201 201 201 201 202 202 202 202 202 202 202 202 203 203 203 203 203 203 203 203 204 204 204 204 204 204 204 204 205 205 205 205 205 205 205 205 206 206 206 206 206 206 206 206 206 206 206 207 207 207 207 207 207 207 207 207 207 207 207 207 207 207 207 207 207 208 208 208 208 208 208 208 208 208 208 208 208 208 208 208 208 208 208 208 208 208 208 208 208 208 208 208 208 209 209 209 209 209 209 209 209 209 209 209 209 209 209 209 209 209 209 209 209 209 209 209 209 209 209 209 209 209 209 209 209 209 209 209 209 209 209 209 209 209 209 209 209 209 209 209 209 209 209 209 209 209 209 209 209 209 209 209 209 209 209 209 209 209 209 209 209 209 209 209 209 209 209 209 209 209 209 209 209 209 209 0 0 0 0 0 0 0 0 0 0 0 0 0 0 0 0 0 0 0 0 0 0 0 0 0 0 0 0 0 0 0 0 0 0 0 0 0 0 0 0 0 0 0 0 0 0 0 0 0 0 0 0 0 0 0 0 0 0 0 0 0 0 0 0 0 0 0 0 0 0 0 0 0 0 0 0 0 0 0 0 0 0 0 0 0 0 0 0 0 0 0 0 0 0 0 0 0 0 0 0 0 0 0 0 0 0 0 0 0 0 0 0 0 0 0 0 0 0 0 0 0 0 0 0 0 0 0 0 0 0 0 0 0 0 0 0 0 0 0 0 0 0 0 0 0 0 0 0 0 0 0 0 0 0 0 0 0 0 0 0 0 0 0 0 0 0 0 0 0 0 0 0 0 0 0 0 0 0 0 0 0 0 0 0 0 0 0 0 0 0 0 0 
0 0 0 0 0 0 0 0 0 0 0 0 0 0 0 0 0 0 0 0 0 0 0 0 0 0 0 0 182 182 182 182 183 183 183 183 183 184 0 184 184 184 185 185 185 185 185 185 186 186 186 186 186 187 187 187 187 187 188 188 188 188 188 188 189 189 189 189 189 190 190 190 190 190 191 191 191 191 191 191 192 192 192 192 192 193 193 193 193 193 193 194 194 194 194 194 195 195 195 195 195 196 196 196 196 196 196 197 197 197 197 197 197 198 198 198 198 198 198 198 199 199 199 199 199 199 199 200 200 200 200 200 200 200 201 201 201 201 201 201 202 202 202 202 202 202 202 202 203 203 203 203 203 203 203 203 203 204 204 204 204 204 204 204 204 205 205 205 205 205 205 205 205 205 206 206 206 206 206 206 206 206 206 206 207 207 207 207 207 207 207 207 207 207 207 207 207 207 207 207 207 207 207 208 208 208 208 208 208 208 208 208 208 208 208 208 208 208 208 208 208 208 208 208 208 208 208 208 208 208 208 209 209 209 209 209 209 209 209 209 209 209 209 209 209 209 209 209 209 209 209 209 209 209 209 209 209 209 209 209 209 209 209 209 209 209 209 209 209 209 209 209 209 209 209 209 209 209 209 209 209 209 209 209 209 209 209 209 209 209 209 209 209 209 209 209 209 209 209 209 209 208 209 209 209 209 209 209 209 209 209 0 0 0 0 0 0 0 0 0 0 0 0 0 0 0 0 0 0 0 0 0 0 0 0 0 0 0 0 0 0 0 0 0 0 0 0 0 0 0 0 0 0 0 0 0 0 0 0 0 0 0 0 0 0 0 0 0 0 0 0 0 0 0 0 0 0 0 0 0 0 0 0 0 0 0 0 0 0 0 0 0 0 0 0 0 0 0 0 0 0 0 0 0 0 0 0 0 0 0 0 0 0 0 0 0 0 0 0 0 0 0 0 0 0 0 0 0 0 0 0 0 0 0 0 0 0 0 0 0 0 0 0 0 0 0 0 0 0 0 0 0 0 0 0 0 0 0 0 0 0 0 0 0 0 0 0 0 0 0 0 0 0 0 0 0 0 0 0 0 0 0 0 0 0 0 0 0 0 0 0 0 0 0 0 0 0 0 0 0 0 0 0 
0 0 0 0 0 0 0 0 0 0 0 0 0 0 0 0 0 0 0 0 0 0 0 0 0 0 0 0 0 0 0 0 0 0 183 183 0 0 0 0 184 184 184 185 185 185 185 185 186 186 186 186 186 186 187 187 187 187 187 188 188 188 188 188 189 189 189 189 189 190 190 190 190 190 190 191 191 191 191 191 192 192 192 192 192 192 193 193 193 193 193 193 194 194 194 194 194 195 195 195 195 195 196 196 196 196 196 196 197 197 197 197 197 197 198 198 198 198 198 198 199 199 199 199 199 199 199 200 200 200 200 200 200 200 200 201 201 201 201 201 201 202 202 202 202 202 202 202 202 203 203 203 203 203 203 203 203 204 204 204 204 204 204 204 204 205 205 205 205 205 205 205 205 205 206 206 206 206 206 206 206 206 206 206 207 207 207 207 207 207 207 207 207 207 207 207 207 207 207 207 207 207 207 207 208 208 208 208 208 208 208 208 208 208 208 208 208 208 208 208 208 208 208 208 208 208 208 208 208 208 208 208 208 209 209 209 209 209 209 209 209 209 209 209 209 209 209 209 209 209 209 209 209 209 209 209 209 209 209 209 209 209 209 209 209 209 209 209 209 209 209 209 209 209 209 209 209 209 209 209 209 209 209 209 209 209 209 209 209 209 209 209 209 209 209 209 208 209 209 208 208 209 209 209 208 208 208 208 208 208 208 0 0 0 0 0 0 0 0 0 0 0 0 0 0 0 0 0 0 0 0 0 0 0 0 0 0 0 0 0 0 0 0 0 0 0 0 0 0 0 0 0 0 0 0 0 0 0 0 0 0 0 0 0 0 0 0 0 0 0 0 0 0 0 0 0 0 0 0 0 0 0 0 0 0 0 0 0 0 0 0 0 0 0 0 0 0 0 0 0 0 0 0 0 0 0 0 0 0 0 0 0 0 0 0 0 0 0 0 0 0 0 0 0 0 0 0 0 0 0 0 0 0 0 0 0 0 0 0 0 0 0 0 0 0 0 0 0 0 0 0 0 0 0 0 0 0 0 0 0 0 0 0 0 0 0 0 0 0 0 0 0 0 0 0 0 0 0 0 0 0 0 0 0 0 0 0 0 0 0 0 0 0 0 0 0 0 0 0 0 0 0 0 
0 0 0 0 0 0 0 0 0 0 0 0 0 0 0 0 0 0 0 0 0 0 0 0 0 0 0 0 0 0 0 0 0 0 0 0 0 0 0 0 184 184 184 184 185 185 185 185 185 186 186 186 186 186 187 187 187 187 187 187 188 188 188 188 188 189 189 189 189 189 190 190 190 190 190 191 191 191 191 191 191 192 192 192 192 192 192 193 193 193 193 193 194 194 194 194 194 195 195 195 195 195 195 196 196 196 196 196 196 197 197 197 197 197 197 198 198 198 198 198 198 199 199 199 199 199 199 199 200 200 200 200 200 200 200 201 201 201 201 201 201 202 202 202 202 202 202 202 202 202 203 203 203 203 203 203 203 203 204 204 204 204 204 204 204 204 205 205 205 205 205 205 205 205 205 206 206 206 206 206 206 206 206 206 206 207 207 207 207 207 207 207 207 207 207 207 207 207 207 207 207 207 207 207 207 208 208 208 208 208 208 208 208 208 208 208 208 208 208 208 208 208 208 208 208 208 208 208 208 208 208 208 208 208 208 208 209 209 209 209 209 209 209 209 209 209 209 209 209 209 209 209 209 209 209 209 209 209 209 209 209 209 209 209 209 209 209 209 209 209 209 209 209 209 209 209 209 209 209 209 209 209 209 209 209 209 209 209 209 209 209 209 208 208 208 208 208 208 208 208 208 208 208 208 208 208 208 208 208 208 208 208 208 0 0 0 208 208 208 0 0 0 0 0 0 0 0 0 0 0 0 0 0 0 0 0 0 0 0 0 0 0 0 0 0 0 0 0 0 0 0 0 0 0 0 0 0 0 0 0 0 0 0 0 0 0 0 0 0 0 0 0 0 0 0 0 0 0 0 0 0 0 0 0 0 0 0 0 0 0 0 0 0 0 0 0 0 0 0 0 0 0 0 0 0 0 0 0 0 0 0 0 0 0 0 0 0 0 0 0 0 0 0 0 0 0 0 0 0 0 0 0 0 0 0 0 0 0 0 0 0 0 0 0 0 0 0 0 0 0 0 0 0 0 0 0 0 0 0 0 0 0 0 0 0 0 0 0 0 0 0 0 0 0 0 0 0 0 0 0 0 0 0 0 0 0 0 0 0 0 0 0 0 0 0 0 0 0 0 0 0 0 0 
0 0 0 0 0 0 0 0 0 0 0 0 0 0 0 0 0 0 0 0 0 0 0 0 0 0 0 0 0 0 0 0 0 0 0 0 0 0 0 0 0 184 184 184 185 185 185 185 185 186 186 186 186 186 186 187 187 187 187 187 188 188 188 188 188 189 189 189 189 189 189 190 190 190 190 190 191 191 191 191 191 191 192 192 192 192 192 193 193 193 193 193 194 194 194 194 194 194 195 195 195 195 195 196 196 196 196 196 196 197 197 197 197 197 197 198 198 198 198 198 198 198 199 199 199 199 199 199 200 200 200 200 200 200 200 201 201 201 201 201 201 201 201 202 202 202 202 202 202 202 202 203 203 203 203 203 203 203 203 204 204 204 204 204 204 204 204 205 205 205 205 205 205 205 205 205 205 206 206 206 206 206 206 206 206 207 207 207 207 207 207 207 207 207 207 207 207 207 207 207 207 207 207 207 207 207 208 208 208 208 208 208 208 208 208 208 208 208 208 208 208 208 208 208 208 208 208 208 208 208 208 208 208 208 208 208 208 208 208 208 209 209 209 209 209 209 209 209 209 209 209 209 209 209 209 209 209 209 209 209 209 209 209 209 209 209 209 209 209 209 209 209 209 209 209 209 209 209 209 209 209 209 209 209 209 209 209 209 209 209 209 209 208 208 208 208 208 208 208 208 208 208 208 208 208 208 208 208 208 208 208 208 208 208 208 208 208 208 208 208 208 0 0 0 0 0 0 0 0 0 0 0 0 0 0 0 0 0 0 0 0 0 0 0 0 0 0 0 0 0 0 0 0 0 0 0 0 0 0 0 0 0 0 0 0 0 0 0 0 0 0 0 0 0 0 0 0 0 0 0 0 0 0 0 0 0 0 0 0 0 0 0 0 0 0 0 0 0 0 0 0 0 0 0 0 0 0 0 0 0 0 0 0 0 0 0 0 0 0 0 0 0 0 0 0 0 0 0 0 0 0 0 0 0 0 0 0 0 0 0 0 0 0 0 0 0 0 0 0 0 0 0 0 0 0 0 0 0 0 0 0 0 0 0 0 0 0 0 0 0 0 0 0 0 0 0 0 0 0 0 0 0 0 0 0 0 0 0 0 0 0 0 0 0 0 0 0 0 0 0 0 0 0 
0 0 0 0 0 0 0 0 0 0 0 0 0 0 0 0 0 0 0 0 0 0 0 0 0 0 0 0 0 0 0 0 0 0 0 0 0 0 0 184 184 184 184 184 184 185 185 185 185 185 186 186 186 186 186 187 187 187 187 187 187 188 188 188 188 188 189 189 189 189 189 190 190 190 190 190 190 191 191 191 191 191 192 192 192 192 192 192 193 193 193 193 194 194 194 194 194 194 195 195 195 195 195 195 196 196 196 196 196 196 197 197 197 197 197 197 198 198 198 198 198 198 199 199 199 199 199 199 199 200 200 200 200 200 200 200 201 201 201 201 201 201 201 201 202 202 202 202 202 202 202 202 203 203 203 203 203 203 203 204 204 204 204 204 204 204 204 204 205 205 205 205 205 205 205 205 205 205 206 206 206 206 206 206 206 206 207 207 207 207 207 207 207 207 207 207 207 207 207 207 207 207 207 207 207 207 208 208 208 208 208 208 208 208 208 208 208 208 208 208 208 208 208 208 208 208 208 208 208 208 208 208 208 208 208 208 208 208 208 208 208 208 209 209 209 209 209 209 209 209 209 209 209 209 209 209 209 209 209 209 209 209 209 209 209 209 209 209 209 209 209 209 209 209 209 209 209 209 209 209 209 209 209 209 209 209 209 209 209 209 208 208 208 208 208 208 208 208 208 208 208 208 208 208 208 208 208 208 208 208 208 208 208 208 208 208 208 208 208 208 208 208 208 208 0 0 0 0 0 0 0 0 0 0 0 0 0 0 0 0 0 0 0 0 0 0 0 0 0 0 0 0 0 0 0 0 0 0 0 0 0 0 0 0 0 0 0 0 0 0 0 0 0 0 0 0 0 0 0 0 0 0 0 0 0 0 0 0 0 0 0 0 0 0 0 0 0 0 0 0 0 0 0 0 0 0 0 0 0 0 0 0 0 0 0 0 0 0 0 0 0 0 0 0 0 0 0 0 0 0 0 0 0 0 0 0 0 0 0 0 0 0 0 0 0 0 0 0 0 0 0 0 0 0 0 0 0 0 0 0 0 0 0 0 0 0 0 0 0 0 0 0 0 0 0 0 0 0 0 0 0 0 0 0 0 0 0 0 0 0 0 0 0 0 0 0 0 0 0 0 0 0 0 
0 0 0 0 0 0 0 0 0 0 0 0 0 0 0 0 0 0 0 0 0 0 0 0 0 0 0 0 0 0 0 0 0 0 0 0 0 183 183 183 184 184 184 184 184 185 185 185 185 185 186 186 186 186 186 186 187 187 187 187 187 188 188 188 188 188 189 189 189 189 189 189 190 190 190 190 190 191 191 191 191 191 191 192 192 192 192 192 193 193 193 193 193 194 194 194 194 194 194 195 195 195 195 195 195 196 196 196 196 196 196 197 197 197 197 197 197 198 198 198 198 198 198 199 199 199 199 199 199 199 200 200 200 200 200 200 200 201 201 201 201 201 201 201 201 202 202 202 202 202 202 202 203 203 203 203 203 203 203 203 204 204 204 204 204 204 204 204 205 205 205 205 205 205 205 205 205 205 205 206 206 206 206 206 206 206 206 207 207 207 207 207 207 207 207 207 207 207 207 207 207 207 207 207 207 207 207 208 208 208 208 208 208 208 208 208 208 208 208 208 208 208 208 208 208 208 208 208 208 208 208 208 208 208 208 208 208 208 208 208 208 208 209 209 209 208 208 208 208 208 209 209 209 209 209 209 209 209 209 209 209 209 209 209 209 209 209 209 209 209 209 209 209 209 209 209 209 209 209 209 209 209 209 209 209 209 209 209 208 208 208 208 208 208 208 208 208 208 208 208 208 208 208 208 208 208 208 208 208 208 208 208 208 208 208 208 208 208 208 208 208 208 208 208 208 208 208 0 0 0 0 0 0 0 0 0 0 0 0 0 0 0 0 0 0 0 0 0 0 0 0 0 0 0 0 0 0 0 0 0 0 0 0 0 0 0 0 0 0 0 0 0 0 0 0 0 0 0 0 0 0 0 0 0 0 0 0 0 0 0 0 0 0 0 0 0 0 0 0 0 0 0 0 0 0 0 0 0 0 0 0 0 0 0 0 0 0 0 0 0 0 0 0 0 0 0 0 0 0 0 0 0 0 0 0 0 0 0 0 0 0 0 0 0 0 0 0 0 0 0 0 0 0 0 0 0 0 0 0 0 0 0 0 0 0 0 0 0 0 0 0 0 0 0 0 0 0 0 0 0 0 0 0 0 0 0 0 0 0 0 0 0 0 0 0 0 0 0 0 0 0 0 0 
0 0 0 0 0 0 0 0 0 0 0 0 0 0 0 0 0 0 0 0 0 0 0 0 0 0 0 0 0 0 0 0 0 0 182 182 183 183 183 183 184 184 184 184 184 184 185 185 185 185 185 186 186 186 186 186 186 187 187 187 187 187 188 188 188 188 188 189 189 189 189 189 190 190 190 190 190 190 191 191 191 191 191 192 192 192 192 192 192 193 193 193 193 193 194 194 194 194 194 194 195 195 195 195 195 196 196 196 196 196 196 197 197 197 197 197 197 197 198 198 198 198 198 198 199 199 199 199 199 199 200 200 200 200 200 200 200 201 201 201 201 201 201 201 201 201 202 202 202 202 202 202 202 203 203 203 203 203 203 203 203 204 204 204 204 204 204 204 204 205 205 205 205 205 205 205 205 205 206 206 206 206 206 206 206 206 206 206 207 207 207 207 206 207 207 207 207 207 207 207 207 207 207 207 207 207 207 207 207 208 208 208 208 208 208 208 208 208 208 208 208 208 208 208 208 208 208 208 208 208 208 208 208 208 208 208 208 208 208 208 208 208 208 208 208 208 208 208 208 208 208 208 208 209 209 209 209 209 209 209 209 209 209 209 209 209 209 209 209 209 209 209 209 209 209 209 209 209 209 209 209 209 209 209 208 209 209 208 208 208 208 208 208 208 208 208 208 208 208 208 208 208 208 208 208 208 208 208 208 208 208 208 208 208 208 208 208 208 208 208 208 208 208 208 208 208 208 208 0 0 0 0 0 0 0 0 0 0 0 0 0 0 0 0 0 0 0 0 0 0 0 0 0 0 0 0 0 0 0 0 0 0 0 0 0 0 0 0 0 0 0 0 0 0 0 0 0 0 0 0 0 0 0 0 0 0 0 0 0 0 0 0 0 0 0 0 0 0 0 0 0 0 0 0 0 0 0 0 0 0 0 0 0 0 0 0 0 0 0 0 0 0 0 0 0 0 0 0 0 0 0 0 0 0 0 0 0 0 0 0 0 0 0 0 0 0 0 0 0 0 0 0 0 0 0 0 0 0 0 0 0 0 0 0 0 0 0 0 0 0 0 0 0 0 0 0 0 0 0 0 0 0 0 0 0 0 0 0 0 0 0 0 0 0 0 0 0 0 0 0 0 0 0 
0 0 0 0 0 0 0 0 0 0 0 0 0 0 0 0 0 0 0 0 0 0 0 0 180 181 0 0 0 0 0 0 182 182 182 182 183 183 183 183 183 184 184 0 0 184 185 185 185 185 185 185 186 186 186 186 186 187 187 187 187 187 188 188 188 188 188 189 189 189 189 189 189 190 190 190 190 190 191 191 191 191 191 191 192 192 192 192 192 192 193 193 193 193 194 194 194 194 194 194 195 195 195 195 195 195 196 196 196 196 196 196 197 197 197 197 197 197 198 198 198 198 198 198 199 199 199 199 199 199 199 200 200 200 200 200 200 200 201 201 201 201 201 201 201 201 202 202 202 202 202 202 202 202 203 203 203 203 203 203 203 204 204 204 204 204 204 204 204 204 205 205 205 205 205 205 205 205 205 206 206 206 206 206 206 206 206 206 207 207 207 207 206 207 207 207 207 207 207 207 207 207 207 207 207 207 207 207 207 207 208 208 208 208 208 208 208 208 208 208 208 208 208 208 208 208 208 208 208 208 208 208 208 208 208 208 208 208 208 208 208 208 208 208 208 208 208 208 208 208 208 208 208 208 208 209 209 209 209 209 209 209 209 209 209 209 209 209 209 209 209 209 209 209 209 209 209 209 209 209 209 209 208 208 208 208 208 208 208 208 208 208 208 208 208 208 208 208 208 208 208 208 208 208 208 208 208 208 208 208 208 208 208 208 208 208 208 208 208 208 208 208 208 208 208 208 208 208 208 0 0 0 0 0 0 0 0 0 0 0 0 0 0 0 0 0 0 0 0 0 0 0 0 0 0 0 0 0 0 0 0 0 0 0 0 0 0 0 0 0 0 0 0 0 0 0 0 0 0 0 0 0 0 0 0 0 0 0 0 0 0 0 0 0 0 0 0 0 0 0 0 0 0 0 0 0 0 0 0 0 0 0 0 0 0 0 0 0 0 0 0 0 0 0 0 0 0 0 0 0 0 0 0 0 0 0 0 0 0 0 0 0 0 0 0 0 0 0 0 0 0 0 0 0 0 0 0 0 0 0 0 0 0 0 0 0 0 0 0 0 0 0 0 0 0 0 0 0 0 0 0 0 0 0 0 0 0 0 0 0 0 0 0 0 0 0 0 0 0 0 0 0 0 
0 0 0 0 0 0 0 0 0 0 0 0 0 0 0 0 0 0 0 0 0 0 180 180 180 180 181 0 0 0 0 0 182 182 182 182 182 183 183 183 183 0 0 0 0 0 184 185 185 185 185 185 0 186 186 186 186 186 187 187 187 187 187 188 188 188 188 188 189 189 189 189 189 189 190 190 190 190 190 191 191 191 191 191 191 192 192 192 192 192 193 193 193 193 193 194 194 194 194 194 194 195 195 195 195 195 195 196 196 196 196 196 196 197 197 197 197 197 197 198 198 198 198 198 198 199 199 199 199 199 199 199 200 200 200 200 200 200 200 201 201 201 201 201 201 201 201 202 202 202 202 202 202 202 202 203 203 203 203 203 203 203 204 204 204 204 204 204 204 204 204 205 205 205 205 205 205 205 205 205 206 206 206 206 206 206 206 206 206 207 207 207 206 206 207 207 207 207 207 207 207 207 207 207 207 207 207 207 207 207 207 208 208 208 208 208 208 208 208 208 208 208 208 208 208 208 208 208 208 208 208 208 208 208 208 208 208 208 208 208 208 208 208 208 208 208 208 208 208 208 208 208 208 208 208 208 208 208 208 208 208 208 209 209 209 209 209 209 209 209 209 209 209 209 209 209 209 209 209 208 208 208 208 208 208 208 208 208 208 208 208 208 208 208 208 208 208 208 208 208 208 208 208 208 208 208 208 208 208 208 208 208 208 208 208 208 208 208 208 208 208 208 208 208 208 208 208 208 207 0 0 0 0 0 0 0 0 0 0 0 0 0 0 0 0 0 0 0 0 0 0 0 0 0 0 0 0 0 0 0 0 0 0 0 0 0 0 0 0 0 0 0 0 0 0 0 0 0 0 0 0 0 0 0 0 0 0 0 0 0 0 0 0 0 0 0 0 0 0 0 0 0 0 0 0 0 0 0 0 0 0 0 0 0 0 0 0 0 0 0 0 0 0 0 0 0 0 0 0 0 0 0 0 0 0 0 0 0 0 0 0 0 0 0 0 0 0 0 0 0 0 0 0 0 0 0 0 0 0 0 0 0 0 0 0 0 0 0 0 0 0 0 0 0 0 0 0 0 0 0 0 0 0 0 0 0 0 0 0 0 0 0 0 0 0 0 0 0 0 0 0 0 0 
0 0 0 0 0 0 0 0 0 0 0 0 0 0 0 0 0 0 0 0 0 180 180 180 180 180 181 181 181 0 0 181 182 182 182 182 182 183 183 183 0 0 0 0 0 0 0 184 185 185 0 0 0 0 0 0 0 0 0 0 187 187 187 188 188 188 188 188 188 189 189 189 189 189 190 190 190 190 190 190 191 191 191 191 191 192 192 192 192 192 192 193 193 193 193 193 194 194 194 194 194 194 195 195 195 195 195 196 196 196 196 196 196 196 197 197 197 197 197 197 198 198 198 198 198 198 199 199 199 199 199 199 199 200 200 200 200 200 200 200 201 201 201 201 201 201 201 201 202 202 202 202 202 202 202 203 203 203 203 203 203 203 203 204 204 204 204 204 204 204 204 205 205 205 205 205 205 205 205 205 205 206 206 206 206 206 206 206 206 206 207 207 206 206 207 207 207 207 207 207 207 207 207 207 207 207 207 207 207 207 207 207 207 208 208 208 208 208 208 208 208 208 208 208 208 208 208 208 208 208 208 208 208 208 208 208 208 208 208 208 208 208 208 208 208 208 208 208 208 208 208 208 208 208 208 208 208 208 208 208 208 208 208 208 208 208 208 208 208 208 208 208 208 208 208 208 208 208 208 208 208 208 208 208 208 208 208 208 208 208 208 208 208 208 208 208 208 208 208 208 208 208 208 208 208 208 208 208 208 208 208 207 207 207 207 207 207 207 208 208 207 208 208 208 208 208 207 207 207 0 0 0 0 0 0 0 0 0 0 0 0 0 0 0 0 0 0 0 0 0 0 0 0 0 0 0 0 0 0 0 0 0 0 0 0 0 0 0 0 0 0 0 0 0 0 0 0 0 0 0 0 0 0 0 0 0 0 0 0 0 0 0 0 0 0 0 0 0 0 0 0 0 0 0 0 0 0 0 0 0 0 0 0 0 0 0 0 0 0 0 0 0 0 0 0 0 0 0 0 0 0 0 0 0 0 0 0 0 0 0 0 0 0 0 0 0 0 0 0 0 0 0 0 0 0 0 0 0 0 0 0 0 0 0 0 0 0 0 0 0 0 0 0 0 0 0 0 0 0 0 0 0 0 0 0 0 0 0 0 0 0 0 0 0 0 0 0 0 0 0 0 0 0 
0 0 0 0 0 0 0 0 0 0 0 0 0 0 0 0 0 0 0 0 0 179 180 180 180 180 180 181 181 181 181 181 182 182 182 182 182 0 0 0 0 0 0 0 0 0 0 0 0 0 0 0 0 0 0 0 0 0 0 0 0 0 187 187 188 188 188 188 188 189 189 189 189 189 189 190 190 190 190 190 191 191 191 191 191 191 192 192 192 192 192 193 193 193 193 193 194 194 194 194 194 194 195 195 195 195 195 195 196 196 196 196 196 196 197 197 197 197 197 197 198 198 198 198 198 198 198 199 199 199 199 199 199 199 200 200 200 200 200 200 201 201 201 201 201 201 201 201 201 202 202 202 202 202 202 202 203 203 203 203 203 203 203 203 204 204 204 204 204 204 204 204 205 205 205 205 205 205 205 205 205 206 206 206 206 206 206 206 206 206 207 207 206 206 206 207 207 207 207 207 207 207 207 207 207 207 207 207 207 207 207 207 207 207 207 207 208 208 208 208 208 208 208 208 208 208 208 208 208 208 208 208 208 208 208 208 208 208 208 208 208 208 208 208 208 208 208 208 208 208 208 208 208 208 208 208 208 208 208 208 208 208 208 208 208 208 208 208 208 208 208 208 208 208 208 208 208 208 208 208 208 208 208 208 208 208 208 208 208 208 208 208 208 208 208 208 208 208 208 208 208 207 207 207 207 208 208 208 208 207 207 207 207 207 207 207 207 207 207 207 207 207 207 207 207 207 207 207 207 0 0 0 0 0 0 0 0 0 0 0 0 0 0 0 0 0 0 0 0 0 0 0 0 0 0 0 0 0 0 0 0 0 0 0 0 0 0 0 0 0 0 0 0 0 0 0 0 0 0 0 0 0 0 0 0 0 0 0 0 0 0 0 0 0 0 0 0 0 0 0 0 0 0 0 0 0 0 0 0 0 0 0 0 0 0 0 0 0 0 0 0 0 0 0 0 0 0 0 0 0 0 0 0 0 0 0 0 0 0 0 0 0 0 0 0 0 0 0 0 0 0 0 0 0 0 0 0 0 0 0 0 0 0 0 0 0 0 0 0 0 0 0 0 0 0 0 0 0 0 0 0 0 0 0 0 0 0 0 0 0 0 0 0 0 0 0 0 0 0 0 0 0 0 
0 0 0 0 0 0 0 0 0 0 0 0 0 0 0 0 0 0 0 0 0 0 180 180 180 180 180 180 181 181 181 181 181 182 182 182 0 0 0 0 0 0 0 0 0 0 0 0 0 0 0 0 0 0 0 0 0 0 0 0 0 0 0 0 188 188 188 188 188 188 189 189 189 189 189 190 190 190 190 190 190 191 191 191 191 191 192 192 192 192 192 192 193 193 193 193 193 194 194 194 194 194 194 195 195 195 195 195 195 196 196 196 196 196 196 197 197 197 197 197 197 198 198 198 198 198 198 198 199 199 199 199 199 199 200 200 200 200 200 200 200 201 200 201 201 201 201 201 201 202 202 202 202 202 202 202 202 203 203 203 203 203 203 203 203 204 204 204 204 204 204 204 204 205 205 205 205 205 205 205 205 206 206 206 206 206 206 206 206 206 207 207 206 206 206 206 207 207 207 207 207 207 207 207 207 207 207 207 207 207 207 207 207 207 207 207 207 207 208 208 208 208 208 208 208 208 208 208 208 208 208 208 208 208 208 208 208 208 208 208 208 208 208 208 208 208 208 208 208 208 208 208 208 208 208 208 208 208 208 208 208 208 208 208 208 208 208 208 208 208 208 208 208 208 208 208 208 208 208 208 208 208 208 208 208 208 208 208 208 208 208 208 208 208 207 207 208 208 208 208 207 207 207 207 208 208 208 208 208 208 208 208 207 207 207 207 207 207 207 207 207 207 207 207 207 207 0 0 0 0 0 0 0 0 0 0 0 0 0 0 0 0 0 0 0 0 0 0 0 0 0 0 0 0 0 0 0 0 0 0 0 0 0 0 0 0 0 0 0 0 0 0 0 0 0 0 0 0 0 0 0 0 0 0 0 0 0 0 0 0 0 0 0 0 0 0 0 0 0 0 0 0 0 0 0 0 0 0 0 0 0 0 0 0 0 0 0 0 0 0 0 0 0 0 0 0 0 0 0 0 0 0 0 0 0 0 0 0 0 0 0 0 0 0 0 0 0 0 0 0 0 0 0 0 0 0 0 0 0 0 0 0 0 0 0 0 0 0 0 0 0 0 0 0 0 0 0 0 0 0 0 0 0 0 0 0 0 0 0 0 0 0 0 0 0 0 0 0 0 0 0 0 0 
0 0 0 0 0 0 0 0 0 0 0 0 0 0 0 0 0 0 0 0 0 0 0 180 180 180 180 180 181 181 181 181 181 0 0 0 0 0 0 0 0 0 0 0 0 0 0 0 0 0 0 0 0 0 0 0 0 0 0 0 0 0 0 0 0 0 188 188 188 188 189 189 189 189 189 189 190 190 190 190 190 190 191 191 191 191 191 192 192 192 192 192 193 193 193 193 193 194 194 194 194 194 194 194 195 195 195 195 195 195 196 196 196 196 196 196 197 197 197 197 197 197 198 198 198 198 198 198 199 199 199 199 199 199 199 200 200 200 200 200 200 200 200 201 201 201 201 201 201 201 202 202 202 202 202 202 202 202 203 203 203 203 203 203 203 203 204 204 204 204 204 204 204 204 205 205 205 205 205 205 205 205 206 206 206 206 206 206 206 206 206 206 206 206 206 206 207 207 207 207 207 207 207 207 207 207 207 207 207 207 207 207 207 207 207 207 207 207 207 207 207 208 208 208 208 208 208 208 208 208 208 208 208 208 208 208 208 208 208 208 208 208 208 208 208 208 208 208 208 208 208 208 208 208 208 208 208 208 208 208 208 208 208 208 208 208 208 208 208 208 208 208 208 208 208 208 208 208 208 208 208 208 208 208 208 208 208 208 208 208 208 208 207 207 207 207 207 207 207 207 207 207 207 207 208 208 208 208 207 207 207 207 207 207 207 207 207 207 207 207 207 207 207 0 0 0 0 0 0 0 0 0 0 0 0 0 0 0 0 0 0 0 0 0 0 0 0 0 0 0 0 0 0 0 0 0 0 0 0 0 0 0 0 0 0 0 0 0 0 0 0 0 0 0 0 0 0 0 0 0 0 0 0 0 0 0 0 0 0 0 0 0 0 0 0 0 0 0 0 0 0 0 0 0 0 0 0 0 0 0 0 0 0 0 0 0 0 0 0 0 0 0 0 0 0 0 0 0 0 0 0 0 0 0 0 0 0 0 0 0 0 0 0 0 0 0 0 0 0 0 0 0 0 0 0 0 0 0 0 0 0 0 0 0 0 0 0 0 0 0 0 0 0 0 0 0 0 0 0 0 0 0 0 0 0 0 0 0 0 0 0 0 0 0 0 0 0 0 0 0 0 0 0 
0 0 0 0 0 0 0 0 0 0 0 0 0 0 0 0 0 0 0 0 0 0 0 0 180 180 180 180 181 181 181 181 0 0 0 0 0 0 0 0 0 0 0 0 0 0 0 0 0 0 0 0 0 0 0 0 0 0 0 0 0 0 0 0 0 0 188 188 188 188 188 189 189 189 189 189 189 190 190 190 190 190 191 191 191 191 191 191 192 192 192 192 193 193 193 193 193 193 194 194 194 194 194 194 195 195 195 195 195 195 195 196 196 196 196 196 197 197 197 197 197 197 197 198 198 198 198 198 198 199 199 199 199 199 199 199 200 200 200 200 200 200 200 200 201 201 201 201 201 201 201 202 202 202 202 202 202 202 203 203 203 203 203 203 203 203 204 204 204 204 204 204 204 204 205 205 205 205 205 205 205 205 206 206 206 206 206 206 206 206 206 206 206 206 206 206 206 207 207 207 207 207 207 207 207 207 207 207 207 207 207 207 207 207 207 207 207 207 207 207 207 207 208 208 208 208 208 208 208 208 208 208 208 208 208 208 208 208 208 208 208 208 208 208 208 208 208 208 208 208 208 208 208 208 208 208 208 208 208 208 208 208 208 208 208 208 208 208 208 208 208 208 208 208 208 208 208 208 208 208 208 208 208 208 208 208 208 208 208 208 208 208 207 207 207 207 207 207 207 207 207 207 207 207 207 207 207 207 207 207 207 207 0 207 207 0 0 207 0 207 0 0 0 0 0 0 0 0 0 0 0 0 0 0 0 0 0 0 0 0 0 0 0 0 0 0 0 0 0 0 0 0 0 0 0 0 0 0 0 0 0 0 0 0 0 0 0 0 0 0 0 0 0 0 0 0 0 0 0 0 0 0 0 0 0 0 0 0 0 0 0 0 0 0 0 0 0 0 0 0 0 0 0 0 0 0 0 0 0 0 0 0 0 0 0 0 0 0 0 0 0 0 0 0 0 0 0 0 0 0 0 0 0 0 0 0 0 0 0 0 0 0 0 0 0 0 0 0 0 0 0 0 0 0 0 0 0 0 0 0 0 0 0 0 0 0 0 0 0 0 0 0 0 0 0 0 0 0 0 0 0 0 0 0 0 0 0 0 0 0 0 0 0 0 0 0 0 0 0 0 0 0 0 
0 0 0 0 0 0 0 0 0 0 0 0 0 0 0 0 0 0 0 0 0 0 0 0 180 180 180 180 180 181 0 0 0 0 0 0 0 0 0 0 0 0 0 0 0 0 0 0 0 0 0 0 0 0 0 0 0 0 0 0 0 0 0 0 0 187 188 188 188 188 188 188 189 189 189 189 189 190 190 190 190 190 190 191 191 191 191 191 191 192 192 192 192 193 193 193 193 193 193 194 194 194 194 194 194 195 195 195 195 195 195 196 196 196 196 196 196 197 197 197 197 197 197 198 198 198 198 198 198 198 199 199 199 199 199 199 199 200 200 200 200 200 200 200 200 201 201 201 201 201 201 201 202 202 202 202 202 202 202 203 203 203 203 203 203 203 203 204 204 204 204 204 204 204 204 205 205 205 205 205 205 205 205 206 206 206 206 206 206 206 206 206 206 206 206 206 206 206 207 207 207 207 207 207 207 207 207 207 207 207 207 207 207 207 207 207 207 207 207 207 207 207 207 207 207 207 207 208 208 208 208 208 208 208 208 208 208 208 208 208 208 208 208 208 208 208 208 208 208 208 208 208 208 208 208 208 208 208 208 208 208 208 208 208 208 208 208 208 208 208 208 208 208 208 208 208 208 208 208 208 208 208 208 208 208 208 208 208 208 208 208 208 207 207 207 207 207 207 207 207 207 207 207 207 207 207 0 0 0 0 0 0 0 0 0 0 0 0 0 0 0 0 0 0 0 0 0 0 0 0 0 0 0 0 0 0 0 0 0 0 0 0 0 0 0 0 0 0 0 0 0 0 0 0 0 0 0 0 0 0 0 0 0 0 0 0 0 0 0 0 0 0 0 0 0 0 0 0 0 0 0 0 0 0 0 0 0 0 0 0 0 0 0 0 0 0 0 0 0 0 0 0 0 0 0 0 0 0 0 0 0 0 0 0 0 0 0 0 0 0 0 0 0 0 0 0 0 0 0 0 0 0 0 0 0 0 0 0 0 0 0 0 0 0 0 0 0 0 0 0 0 0 0 0 0 0 0 0 0 0 0 0 0 0 0 0 0 0 0 0 0 0 0 0 0 0 0 0 0 0 0 0 0 0 0 0 0 0 0 0 0 0 0 0 0 0 0 0 0 0 0 0 0 
0 0 0 0 0 0 0 0 0 0 0 0 0 0 0 0 0 0 0 0 0 0 0 0 0 0 0 0 0 0 0 0 0 0 0 0 0 0 0 0 0 0 0 0 0 0 0 0 0 0 0 0 0 0 0 0 0 0 0 0 0 0 0 0 187 187 187 188 188 188 188 188 189 189 189 189 189 189 190 190 190 190 190 190 191 191 191 191 191 192 192 192 192 192 193 193 193 193 193 193 194 194 194 194 194 194 195 195 195 195 195 195 196 196 196 196 196 196 197 197 197 197 197 197 198 198 198 198 198 198 198 199 199 199 199 199 199 200 200 200 200 200 200 200 200 200 201 201 201 201 201 201 201 202 202 202 202 202 202 202 203 203 203 203 203 203 203 203 204 204 204 204 204 204 204 204 205 205 205 205 205 205 205 205 206 206 206 206 206 206 206 206 206 206 206 206 206 206 207 207 207 207 207 207 207 207 207 207 207 207 207 207 207 207 207 207 207 207 207 207 207 207 207 207 207 207 207 207 207 207 207 207 208 208 208 208 208 208 208 208 208 208 208 208 208 208 208 208 208 208 208 208 208 208 208 208 208 208 208 208 208 208 208 208 208 208 208 208 208 208 208 208 208 208 208 208 208 208 208 208 208 208 208 208 208 208 208 208 208 208 208 208 207 207 207 207 207 207 207 207 207 207 207 207 207 0 0 0 0 0 0 0 0 0 0 0 0 0 0 0 0 0 0 0 0 0 0 0 0 0 0 0 0 0 0 0 0 0 0 0 0 0 0 0 0 0 0 0 0 0 0 0 0 0 0 0 0 0 0 0 0 0 0 0 0 0 0 0 0 0 0 0 0 0 0 0 0 0 0 0 0 0 0 0 0 0 0 0 0 0 0 0 0 0 0 0 0 0 0 0 0 0 0 0 0 0 0 0 0 0 0 0 0 0 0 0 0 0 0 0 0 0 0 0 0 0 0 0 0 0 0 0 0 0 0 0 0 0 0 0 0 0 0 0 0 0 0 0 0 0 0 0 0 0 0 0 0 0 0 0 0 0 0 0 0 0 0 0 0 0 0 0 0 0 0 0 0 0 0 0 0 0 0 0 0 0 0 0 0 0 0 0 0 0 0 0 0 0 0 0 0 0 0 
0 0 0 0 0 0 0 0 0 0 0 0 0 0 0 0 0 0 0 0 0 0 0 0 0 0 0 0 0 0 0 0 0 0 0 0 0 0 0 0 0 0 0 0 0 0 0 0 0 0 0 0 0 0 0 0 0 0 0 0 0 0 0 0 187 187 187 188 188 188 188 188 188 189 189 189 189 189 189 190 190 190 190 190 191 191 191 191 191 191 192 192 192 192 193 193 193 193 193 193 193 194 194 194 194 194 194 195 195 195 195 195 195 196 196 196 196 196 196 197 197 197 197 197 197 198 198 198 198 198 198 199 199 199 199 199 199 199 200 200 200 200 200 200 200 200 200 201 201 201 201 201 201 202 202 202 202 202 202 202 202 203 203 203 203 203 203 203 203 204 204 204 204 204 204 204 204 205 205 205 205 205 205 205 205 206 206 206 206 206 206 206 206 206 206 206 206 206 206 207 207 207 207 207 207 207 207 207 207 207 206 206 207 207 207 207 207 207 207 207 207 207 207 207 207 207 207 207 207 207 207 207 207 207 207 207 207 207 207 207 207 208 208 208 208 208 208 208 208 208 208 208 208 208 208 208 208 208 208 208 208 208 208 208 208 208 208 208 208 208 208 208 208 208 208 208 208 208 208 208 208 208 208 208 208 208 208 208 208 208 208 208 207 207 207 207 207 207 207 207 207 207 207 207 207 0 0 0 0 0 0 0 0 0 0 0 0 0 0 0 0 0 0 0 0 0 0 0 0 0 0 0 0 0 0 0 0 0 0 0 0 0 0 0 0 0 0 0 0 0 0 0 0 0 0 0 0 0 0 0 0 0 0 0 0 0 0 0 0 0 0 0 0 0 0 0 0 0 0 0 0 0 0 0 0 0 0 0 0 0 0 0 0 0 0 0 0 0 0 0 0 0 0 0 0 0 0 0 0 0 0 0 0 0 0 0 0 0 0 0 0 0 0 0 0 0 0 0 0 0 0 0 0 0 0 0 0 0 0 0 0 0 0 0 0 0 0 0 0 0 0 0 0 0 0 0 0 0 0 0 0 0 0 0 0 0 0 0 0 0 0 0 0 0 0 0 0 0 0 0 0 0 0 0 0 0 0 0 0 0 0 0 0 0 0 0 0 0 0 0 0 0 0 
0 0 0 0 0 0 0 0 0 0 0 0 0 0 0 0 0 0 0 0 0 0 0 0 0 0 0 0 0 0 0 0 0 0 0 0 0 0 0 0 0 0 0 0 0 0 0 0 0 0 0 0 0 0 0 0 0 0 0 0 0 0 0 0 187 187 187 187 188 188 188 188 188 188 189 189 189 189 189 190 190 190 190 190 190 191 191 191 191 191 191 192 192 192 192 193 193 193 193 193 193 194 194 194 194 194 194 195 195 195 195 195 195 196 196 196 196 196 196 197 197 197 197 197 197 197 198 198 198 198 198 198 199 199 199 199 199 199 199 200 200 200 200 200 200 200 200 200 201 201 201 201 201 201 202 202 202 202 202 202 202 202 203 203 203 203 203 203 203 203 204 204 204 204 204 204 204 204 205 205 205 205 205 205 205 206 206 206 206 206 206 206 206 206 206 206 206 206 206 206 206 207 207 207 207 207 207 206 206 206 207 206 206 207 207 207 207 207 207 207 207 207 207 207 207 207 207 207 207 207 207 207 207 207 207 207 207 207 207 207 207 207 207 207 208 208 207 207 207 208 208 208 208 208 208 208 208 208 208 208 208 208 208 208 208 207 208 208 207 208 207 207 207 207 207 207 207 207 208 208 208 208 208 208 208 208 208 208 207 207 208 208 207 207 207 207 207 207 207 207 207 207 207 207 207 0 0 0 0 0 0 0 0 0 0 0 0 0 0 0 0 0 0 0 0 0 0 0 0 0 0 0 0 0 0 0 0 0 0 0 0 0 0 0 0 0 0 0 0 0 0 0 0 0 0 0 0 0 0 0 0 0 0 0 0 0 0 0 0 0 0 0 0 0 0 0 0 0 0 0 0 0 0 0 0 0 0 0 0 0 0 0 0 0 0 0 0 0 0 0 0 0 0 0 0 0 0 0 0 0 0 0 0 0 0 0 0 0 0 0 0 0 0 0 0 0 0 0 0 0 0 0 0 0 0 0 0 0 0 0 0 0 0 0 0 0 0 0 0 0 0 0 0 0 0 0 0 0 0 0 0 0 0 0 0 0 0 0 0 0 0 0 0 0 0 0 0 0 0 0 0 0 0 0 0 0 0 0 0 0 0 0 0 0 0 0 0 0 0 0 0 0 0 
0 0 0 0 0 0 0 0 0 0 0 0 0 0 0 0 0 0 0 0 0 0 0 0 0 0 0 0 0 0 0 0 0 0 0 0 0 0 0 0 0 0 0 0 0 0 0 0 0 0 0 0 0 0 0 0 0 0 0 0 0 0 0 0 187 187 187 187 187 188 188 188 188 188 189 189 189 189 189 189 190 190 190 190 190 190 191 191 191 191 191 192 192 192 192 192 193 193 193 193 193 193 194 194 194 194 194 194 195 195 195 195 195 195 196 196 196 196 196 196 197 197 197 197 197 197 197 198 198 198 198 198 198 199 199 199 199 199 199 200 200 200 200 200 200 200 200 200 201 201 201 201 201 201 201 202 202 202 202 202 202 202 202 203 203 203 203 203 203 203 203 204 204 204 204 204 204 204 204 205 205 205 205 205 205 205 206 206 206 206 206 206 206 206 206 206 206 206 206 206 206 206 206 206 206 206 206 206 206 206 207 207 206 206 206 207 207 207 207 207 207 207 207 207 207 207 207 207 207 207 207 207 207 207 207 207 207 207 207 207 207 207 207 207 207 207 207 207 207 207 207 207 207 207 207 207 207 207 207 207 207 207 207 207 207 207 207 207 207 207 207 207 207 207 207 207 207 207 207 207 207 207 207 207 207 207 207 207 207 207 207 207 207 207 207 207 207 207 207 207 207 207 207 207 207 0 0 0 0 0 0 0 0 0 0 0 0 0 0 0 0 0 0 0 0 0 0 0 0 0 0 0 0 0 0 0 0 0 0 0 0 0 0 0 0 0 0 0 0 0 0 0 0 0 0 0 0 0 0 0 0 0 0 0 0 0 0 0 0 0 0 0 0 0 0 0 0 0 0 0 0 0 0 0 0 0 0 0 0 0 0 0 0 0 0 0 0 0 0 0 0 0 0 0 0 0 0 0 0 0 0 0 0 0 0 0 0 0 0 0 0 0 0 0 0 0 0 0 0 0 0 0 0 0 0 0 0 0 0 0 0 0 0 0 0 0 0 0 0 0 0 0 0 0 0 0 0 0 0 0 0 0 0 0 0 0 0 0 0 0 0 0 0 0 0 0 0 0 0 0 0 0 0 0 0 0 0 0 0 0 0 0 0 0 0 0 0 0 0 0 0 0 0 
0 0 0 0 0 0 0 0 0 0 0 0 0 0 0 0 0 0 0 0 0 0 0 0 0 0 0 0 0 0 0 0 0 0 0 0 0 0 0 0 0 0 0 0 0 0 0 0 0 0 0 0 0 0 0 0 0 0 0 0 186 186 186 186 187 187 187 187 187 188 188 188 188 188 188 189 189 189 189 189 190 190 190 190 190 190 191 191 191 191 191 191 192 192 192 192 192 193 193 193 193 193 193 194 194 194 194 194 194 195 195 195 195 195 195 196 196 196 196 196 196 197 197 197 197 197 197 197 198 198 198 198 198 198 199 199 199 199 199 199 200 200 200 200 200 200 200 200 200 201 201 201 201 201 201 201 202 202 202 202 202 202 202 202 203 203 203 203 203 203 203 203 204 204 204 204 204 204 204 205 205 205 205 205 205 205 205 206 206 206 206 206 206 206 206 206 206 206 206 206 206 206 206 206 206 206 206 206 206 207 207 207 206 206 206 207 207 207 207 207 207 207 207 207 207 207 207 207 207 207 207 207 207 207 207 207 207 207 207 207 207 207 207 207 207 207 207 207 207 207 207 207 207 207 207 207 207 207 207 207 207 207 207 207 207 207 207 207 207 207 207 207 207 207 207 207 207 207 207 207 207 207 207 207 207 207 207 207 207 207 207 207 207 207 207 207 207 207 207 207 207 207 207 207 206 206 0 0 0 0 0 0 0 0 0 0 0 0 0 0 0 0 0 0 0 0 0 0 0 0 0 0 0 0 0 0 0 0 0 0 0 0 0 0 0 0 0 0 0 0 0 0 0 0 0 0 0 0 0 0 0 0 0 0 0 0 0 0 0 0 0 0 0 0 0 0 0 0 0 0 0 0 0 0 0 0 0 0 0 0 0 0 0 0 0 0 0 0 0 0 0 0 0 0 0 0 0 0 0 0 0 0 0 0 0 0 0 0 0 0 0 0 0 0 0 0 0 0 0 0 0 0 0 0 0 0 0 0 0 0 0 0 0 0 0 0 0 0 0 0 0 0 0 0 0 0 0 0 0 0 0 0 0 0 0 0 0 0 0 0 0 0 0 0 0 0 0 0 0 0 0 0 0 0 0 0 0 0 0 0 0 0 0 0 0 0 0 0 0 0 0 0 0 
0 0 0 0 0 0 0 0 0 0 0 0 0 0 0 0 0 0 0 0 0 0 0 0 0 0 0 0 0 0 0 0 0 0 0 0 0 0 0 0 0 0 0 0 0 0 0 0 0 0 0 0 0 0 0 0 0 0 0 0 0 186 186 186 187 187 187 187 187 187 188 188 188 188 188 188 189 189 189 189 189 190 190 190 190 190 190 191 191 191 191 191 192 192 192 192 192 193 193 193 193 193 193 193 194 194 194 194 194 195 195 195 195 195 195 196 196 196 196 196 196 196 197 197 197 197 197 197 197 198 198 198 198 198 198 199 199 199 199 199 199 200 199 200 200 200 200 200 200 200 201 201 201 201 201 201 201 202 202 202 202 202 202 202 202 203 203 203 203 203 203 203 204 204 204 204 204 204 204 204 205 205 205 205 205 205 205 205 205 206 206 206 206 206 206 206 206 206 206 206 206 206 206 206 206 206 206 206 207 207 206 206 206 206 206 206 207 207 207 207 207 207 207 207 207 207 207 207 207 207 207 207 207 207 207 207 207 207 207 207 207 207 207 207 207 207 207 207 207 207 207 207 207 207 207 207 207 207 207 207 207 207 207 207 207 207 207 207 207 207 207 207 207 207 207 207 207 207 207 207 207 207 207 207 207 207 207 207 207 207 207 207 207 207 207 207 207 207 207 207 207 207 207 207 207 207 206 206 0 0 0 0 0 0 0 0 0 0 0 0 0 0 0 0 0 0 0 0 0 0 0 0 0 0 0 0 0 0 0 0 0 0 0 0 0 0 0 0 0 0 0 0 0 0 0 0 0 0 0 0 0 0 0 0 0 0 0 0 0 0 0 0 0 0 0 0 0 0 0 0 0 0 0 0 0 0 0 0 0 0 0 0 0 0 0 0 0 0 0 0 0 0 0 0 0 0 0 0 0 0 0 0 0 0 0 0 0 0 0 0 0 0 0 0 0 0 0 0 0 0 0 0 0 0 0 0 0 0 0 0 0 0 0 0 0 0 0 0 0 0 0 0 0 0 0 0 0 0 0 0 0 0 0 0 0 0 0 0 0 0 0 0 0 0 0 0 0 0 0 0 0 0 0 0 0 0 0 0 0 0 0 0 0 0 0 0 0 0 0 0 0 0 0 
0 0 0 0 0 0 0 0 0 0 0 0 0 0 0 0 0 0 0 0 0 0 0 0 0 0 0 0 0 0 0 0 0 0 0 0 0 0 0 0 0 0 0 0 0 0 0 0 0 0 0 0 0 0 0 0 0 0 0 185 186 186 186 186 186 187 187 187 187 187 187 188 188 188 188 188 189 189 189 189 189 189 190 190 190 190 190 190 191 191 191 191 192 192 192 192 192 192 193 193 193 193 193 193 194 194 194 194 194 194 195 195 195 195 195 195 196 196 196 196 196 196 196 197 197 197 197 197 197 198 198 198 198 198 198 199 199 199 199 199 199 199 199 199 200 200 200 200 200 200 200 201 201 201 201 201 201 201 202 202 202 202 202 202 202 203 203 203 203 203 203 203 203 204 204 204 204 204 204 204 204 205 205 205 205 205 205 205 205 206 206 206 205 206 206 206 206 206 206 206 206 206 206 206 206 206 206 206 206 206 206 206 206 206 206 206 206 206 207 207 207 207 207 207 207 207 207 207 207 207 207 207 207 207 207 207 207 207 207 207 207 207 207 207 207 207 207 207 207 207 207 207 207 207 207 207 207 207 207 207 207 207 207 207 207 207 207 207 207 207 207 207 207 207 207 207 207 207 207 207 207 207 207 207 207 207 207 207 207 207 207 207 207 207 207 207 207 207 207 207 207 207 206 206 207 207 207 206 0 0 0 0 0 0 0 0 0 0 0 0 0 0 0 0 0 0 0 0 0 0 0 0 0 0 0 0 0 0 0 0 0 0 0 0 0 0 0 0 0 0 0 0 0 0 0 0 0 0 0 0 0 0 0 0 0 0 0 0 0 0 0 0 0 0 0 0 0 0 0 0 0 0 0 0 0 0 0 0 0 0 0 0 0 0 0 0 0 0 0 0 0 0 0 0 0 0 0 0 0 0 0 0 0 0 0 0 0 0 0 0 0 0 0 0 0 0 0 0 0 0 0 0 0 0 0 0 0 0 0 0 0 0 0 0 0 0 0 0 0 0 0 0 0 0 0 0 0 0 0 0 0 0 0 0 0 0 0 0 0 0 0 0 0 0 0 0 0 0 0 0 0 0 0 0 0 0 0 0 0 0 0 0 0 0 0 0 0 0 0 0 0 0 0 
0 0 0 0 0 0 0 0 0 0 0 0 0 0 0 0 0 0 0 0 0 0 0 0 0 0 0 0 0 0 0 0 0 0 0 0 0 0 0 0 0 0 0 0 0 0 0 0 0 0 0 0 0 0 0 0 0 0 0 0 186 186 186 186 186 186 187 187 187 187 187 188 188 188 188 188 188 189 189 189 189 189 190 190 190 190 190 190 191 191 191 191 191 192 192 192 192 192 192 193 193 193 193 193 193 194 194 194 194 194 194 195 195 195 195 195 195 196 196 196 196 196 196 197 197 197 197 197 197 197 198 198 198 198 198 198 199 199 199 199 199 199 199 199 199 200 200 200 200 200 200 200 201 201 201 201 201 201 201 202 202 202 202 202 202 202 203 203 203 203 203 203 203 203 203 204 204 204 204 204 204 204 204 205 205 205 205 205 205 205 206 206 205 205 205 205 206 206 206 206 206 206 206 206 206 206 206 206 206 206 207 206 206 206 206 206 206 206 207 207 207 207 207 207 207 207 207 207 207 207 207 207 207 207 207 207 207 207 207 207 207 207 207 207 207 207 207 207 207 207 207 207 207 207 207 207 207 207 207 207 207 207 207 207 207 207 207 207 207 207 207 207 207 207 207 207 207 207 207 207 207 207 207 207 207 207 207 207 207 207 207 207 207 207 207 207 207 207 207 207 207 206 206 206 206 206 206 206 206 0 0 0 0 0 0 0 0 0 0 0 0 0 0 0 0 0 0 0 0 0 0 0 0 0 0 0 0 0 0 0 0 0 0 0 0 0 0 0 0 0 0 0 0 0 0 0 0 0 0 0 0 0 0 0 0 0 0 0 0 0 0 0 0 0 0 0 0 0 0 0 0 0 0 0 0 0 0 0 0 0 0 0 0 0 0 0 0 0 0 0 0 0 0 0 0 0 0 0 0 0 0 0 0 0 0 0 0 0 0 0 0 0 0 0 0 0 0 0 0 0 0 0 0 0 0 0 0 0 0 0 0 0 0 0 0 0 0 0 0 0 0 0 0 0 0 0 0 0 0 0 0 0 0 0 0 0 0 0 0 0 0 0 0 0 0 0 0 0 0 0 0 0 0 0 0 0 0 0 0 0 0 0 0 0 0 0 0 0 0 0 0 0 0 
0 0 0 0 0 0 0 0 0 0 0 0 0 0 0 0 0 0 0 0 0 0 0 0 0 0 0 0 0 0 0 0 0 0 0 0 0 0 0 0 0 0 0 0 0 0 0 0 0 0 0 0 0 0 0 0 0 0 185 185 185 186 186 186 186 186 187 187 187 187 187 187 188 188 188 188 188 188 189 189 189 189 189 190 190 190 190 190 190 191 191 191 191 191 192 192 192 192 192 193 193 193 193 193 193 193 194 194 194 194 194 194 195 195 195 195 195 195 196 196 196 196 196 196 197 197 197 197 197 197 197 198 198 198 198 198 198 199 199 199 199 199 199 199 199 199 200 200 200 200 200 200 200 201 201 201 201 201 201 201 202 202 202 202 202 202 202 203 203 203 203 203 203 203 203 203 204 204 204 204 204 204 204 204 205 205 205 205 205 205 205 205 205 205 205 206 206 206 206 206 206 206 206 206 206 206 206 206 206 206 206 206 206 206 206 206 206 206 206 206 206 207 207 207 207 207 207 207 207 207 207 207 207 207 207 207 207 207 207 207 207 207 207 207 207 207 207 207 207 207 207 207 207 207 207 207 207 207 207 207 207 207 207 207 207 207 207 207 207 207 207 207 207 207 207 207 207 207 207 207 207 207 207 207 207 207 207 207 207 207 207 207 207 207 207 207 207 207 207 206 206 206 206 206 206 206 206 206 206 0 0 0 0 0 0 0 0 0 0 0 0 0 0 0 0 0 0 0 0 0 0 0 0 0 0 0 0 0 0 0 0 0 0 0 0 0 0 0 0 0 0 0 0 0 0 0 0 0 0 0 0 0 0 0 0 0 0 0 0 0 0 0 0 0 0 0 0 0 0 0 0 0 0 0 0 0 0 0 0 0 0 0 0 0 0 0 0 0 0 0 0 0 0 0 0 0 0 0 0 0 0 0 0 0 0 0 0 0 0 0 0 0 0 0 0 0 0 0 0 0 0 0 0 0 0 0 0 0 0 0 0 0 0 0 0 0 0 0 0 0 0 0 0 0 0 0 0 0 0 0 0 0 0 0 0 0 0 0 0 0 0 0 0 0 0 0 0 0 0 0 0 0 0 0 0 0 0 0 0 0 0 0 0 0 0 0 0 0 0 0 0 0 0 
0 0 0 0 0 0 0 0 0 0 0 0 0 0 0 0 0 0 0 0 0 0 0 0 0 0 0 0 0 0 0 0 0 0 0 0 0 0 0 0 0 0 0 0 0 0 0 0 0 0 0 0 0 0 0 0 0 0 0 0 0 186 186 186 186 186 186 187 187 187 187 187 187 188 188 188 188 188 189 189 189 189 189 189 190 190 190 190 190 190 191 191 191 191 191 192 192 192 192 192 193 193 193 193 193 193 193 194 194 194 194 194 194 195 195 195 195 195 195 196 196 196 196 196 196 197 197 197 197 197 197 198 198 198 198 198 198 198 199 199 199 199 199 199 199 199 199 200 200 200 200 200 200 200 201 201 201 201 201 201 201 202 202 202 202 202 202 202 203 203 203 203 203 203 203 203 204 204 204 204 204 204 204 204 205 205 205 205 205 205 205 205 205 205 205 205 205 205 205 205 205 206 206 206 206 206 206 206 206 206 206 206 206 206 206 206 206 206 206 206 206 206 206 206 206 206 206 206 206 207 207 207 207 207 207 207 207 207 207 207 207 207 207 207 207 207 207 207 207 207 207 207 207 207 207 207 207 207 207 207 207 207 207 207 207 207 207 207 207 207 207 207 207 207 207 207 207 207 207 207 207 207 207 207 207 207 207 207 207 207 207 207 207 207 207 207 207 206 206 206 206 206 206 206 206 206 206 206 206 206 0 0 0 0 0 0 0 0 0 0 0 0 0 0 0 0 0 0 0 0 0 0 0 0 0 0 0 0 0 0 0 0 0 0 0 0 0 0 0 0 0 0 0 0 0 0 0 0 0 0 0 0 0 0 0 0 0 0 0 0 0 0 0 0 0 0 0 0 0 0 0 0 0 0 0 0 0 0 0 0 0 0 0 0 0 0 0 0 0 0 0 0 0 0 0 0 0 0 0 0 0 0 0 0 0 0 0 0 0 0 0 0 0 0 0 0 0 0 0 0 0 0 0 0 0 0 0 0 0 0 0 0 0 0 0 0 0 0 0 0 0 0 0 0 0 0 0 0 0 0 0 0 0 0 0 0 0 0 0 0 0 0 0 0 0 0 0 0 0 0 0 0 0 0 0 0 0 0 0 0 0 0 0 0 0 0 0 0 0 0 0 0 0 
0 0 0 0 0 0 0 0 0 0 0 0 0 0 0 0 0 0 0 0 0 0 0 0 0 0 0 0 0 0 0 0 0 0 0 0 0 0 0 0 0 0 0 0 0 0 0 0 0 0 0 0 0 0 0 0 0 0 185 185 185 185 186 186 186 186 186 186 187 187 187 187 187 188 188 188 188 188 188 189 189 189 189 189 189 190 190 190 190 190 191 191 191 191 191 192 192 192 192 192 192 193 193 193 193 193 193 193 194 194 194 194 194 194 195 195 195 195 195 195 196 196 196 196 196 196 197 197 197 197 197 197 198 198 198 198 198 198 198 199 199 199 199 199 199 199 199 200 200 200 200 200 200 200 200 201 201 201 201 201 201 201 202 202 202 202 202 202 202 203 203 203 203 203 203 203 203 204 204 204 204 204 204 204 204 205 205 205 205 205 205 205 205 205 205 205 205 205 205 205 205 205 206 205 205 206 206 206 206 206 206 206 206 206 206 206 206 206 206 206 206 206 206 206 206 206 206 206 206 206 206 206 206 207 207 207 207 207 207 207 207 207 207 207 207 207 207 207 207 207 207 207 207 207 207 207 207 207 207 207 207 207 207 207 207 207 207 207 207 207 207 207 207 207 207 207 207 207 207 207 207 207 207 207 207 207 207 207 207 207 207 207 207 207 206 206 206 206 206 206 206 206 206 206 206 206 206 206 206 206 206 206 206 206 205 206 206 206 206 206 206 206 206 206 206 206 206 206 0 0 0 0 0 0 0 0 0 0 0 0 0 0 0 0 0 0 0 0 0 0 0 0 0 0 0 0 0 0 0 0 0 0 0 0 0 0 0 0 0 0 0 0 0 0 0 0 0 0 0 0 0 0 0 0 0 0 0 0 0 0 0 0 0 0 0 0 0 0 0 0 0 0 0 0 0 0 0 0 0 0 0 0 0 0 0 0 0 0 0 0 0 0 0 0 0 0 0 0 0 0 0 0 0 0 0 0 0 0 0 0 0 0 0 0 0 0 0 0 0 0 0 0 0 0 0 0 0 0 0 0 0 0 0 0 0 0 0 0 0 0 0 0 0 0 0 0 0 0 0 0 0 0 0 0 0 0 0 0 0 0 0 0 0 0 0 0 0 0 0 0 0 0 0 
0 0 0 0 0 0 0 0 0 0 0 0 0 0 0 0 0 0 0 0 0 0 0 0 0 0 0 0 0 0 0 0 0 0 0 0 0 0 0 0 0 0 0 0 0 0 0 0 0 0 0 0 0 0 0 0 0 0 0 0 0 185 185 186 186 186 186 186 187 187 187 187 187 187 188 188 188 188 188 188 189 189 189 189 189 190 190 190 190 190 190 191 191 191 191 191 192 192 192 192 192 192 193 193 193 193 193 193 194 194 194 194 194 194 195 195 195 195 195 195 196 196 196 196 196 196 196 197 197 197 197 197 197 198 198 198 198 198 198 198 199 199 199 199 199 199 199 199 200 200 200 200 200 200 200 201 201 201 201 201 201 201 201 202 202 202 202 202 202 202 203 203 203 203 203 203 203 203 204 204 204 204 204 204 204 204 205 205 205 205 205 205 205 205 205 205 205 205 205 205 205 205 205 206 205 206 206 205 205 206 206 206 206 205 206 206 206 206 206 206 206 206 206 206 206 206 206 206 206 206 206 206 206 206 206 206 206 207 207 207 207 207 207 207 207 207 207 207 207 207 207 207 207 207 207 207 207 207 207 207 207 207 207 207 207 207 207 207 207 207 207 207 207 207 207 207 207 207 207 207 207 207 207 207 207 207 207 207 207 207 207 207 206 206 206 206 206 206 206 206 206 206 206 206 206 206 206 206 206 206 206 206 206 206 206 206 206 206 206 206 206 206 206 206 206 206 206 206 206 206 206 0 0 0 0 0 0 0 0 0 0 0 0 0 0 0 0 0 0 0 0 0 0 0 0 0 0 0 0 0 0 0 0 0 0 0 0 0 0 0 0 0 0 0 0 0 0 0 0 0 0 0 0 0 0 0 0 0 0 0 0 0 0 0 0 0 0 0 0 0 0 0 0 0 0 0 0 0 0 0 0 0 0 0 0 0 0 0 0 0 0 0 0 0 0 0 0 0 0 0 0 0 0 0 0 0 0 0 0 0 0 0 0 0 0 0 0 0 0 0 0 0 0 0 0 0 0 0 0 0 0 0 0 0 0 0 0 0 0 0 0 0 0 0 0 0 0 0 0 0 0 0 0 0 0 0 0 0 0 0 0 0 0 0 0 0 0 0 0 0 0 0 0 
0 0 0 0 0 0 0 0 0 0 0 0 0 0 0 0 0 0 0 0 0 0 0 0 0 0 0 0 0 0 0 0 0 0 0 0 0 0 0 0 0 0 0 0 0 0 0 0 0 0 0 0 0 0 0 0 0 0 0 0 185 185 185 186 186 186 186 186 186 187 187 187 187 187 187 188 188 188 188 188 189 189 189 189 189 189 190 190 190 190 190 190 191 191 191 191 191 192 192 192 192 192 192 193 193 193 193 193 193 194 194 194 194 194 194 195 195 195 195 195 195 196 196 196 196 196 196 197 197 197 197 197 197 197 198 198 198 198 198 198 199 199 199 199 199 199 199 199 199 200 200 200 200 200 200 200 200 201 201 201 201 201 201 201 202 202 202 202 202 202 202 203 203 203 203 203 203 203 203 204 204 204 204 204 204 204 204 204 204 204 204 205 204 205 205 204 205 205 205 205 205 205 205 205 205 206 205 205 205 205 205 205 205 205 205 205 205 205 205 206 206 206 206 206 206 206 206 206 206 206 206 206 206 206 206 206 206 206 206 206 206 206 206 206 206 206 207 207 206 206 206 206 206 207 207 207 207 207 207 207 207 207 207 207 207 207 207 207 207 207 207 207 207 207 207 207 207 207 207 207 207 207 207 207 207 207 207 207 207 207 207 207 206 206 206 206 206 206 206 206 206 206 206 206 206 206 206 206 206 205 205 206 206 206 206 206 206 206 206 206 206 206 206 206 206 206 206 206 206 206 206 206 206 0 0 0 0 0 0 0 0 0 0 0 0 0 0 0 0 0 0 0 0 0 0 0 0 0 0 0 0 0 0 0 0 0 0 0 0 0 0 0 0 0 0 0 0 0 0 0 0 0 0 0 0 0 0 0 0 0 0 0 0 0 0 0 0 0 0 0 0 0 0 0 0 0 0 0 0 0 0 0 0 0 0 0 0 0 0 0 0 0 0 0 0 0 0 0 0 0 0 0 0 0 0 0 0 0 0 0 0 0 0 0 0 0 0 0 0 0 0 0 0 0 0 0 0 0 0 0 0 0 0 0 0 0 0 0 0 0 0 0 0 0 0 0 0 0 0 0 0 0 0 0 0 0 0 0 0 0 0 0 0 0 0 0 0 0 0 0 0 0 0 
0 0 0 0 0 0 0 0 0 0 0 0 0 0 0 0 0 0 0 0 0 0 0 0 0 0 0 0 0 0 0 0 0 0 0 0 0 0 0 0 0 0 0 0 0 0 0 0 0 0 0 0 0 0 0 0 0 0 0 0 0 185 185 185 186 186 186 186 186 186 187 187 187 187 187 188 188 188 188 188 188 189 189 189 189 189 189 190 190 190 190 190 191 191 191 191 191 191 192 192 192 192 192 192 193 193 193 193 193 193 194 194 194 194 194 194 194 195 195 195 195 195 196 196 196 196 196 196 197 197 197 197 197 197 197 198 198 198 198 198 198 199 198 198 199 199 199 199 199 199 200 200 200 200 200 200 200 201 201 201 201 201 201 201 201 202 202 202 202 202 202 202 203 203 203 203 203 203 203 203 203 204 204 204 204 204 204 204 204 204 204 205 204 204 204 204 205 205 205 205 205 205 205 205 205 205 205 205 205 205 205 205 205 205 205 205 206 206 205 205 205 205 206 206 206 206 206 206 206 206 206 206 206 206 206 206 206 206 206 206 206 206 206 206 206 206 206 206 206 206 206 206 206 206 206 206 206 206 206 206 206 206 206 207 207 207 207 207 207 207 207 207 207 207 207 207 207 207 207 207 207 207 207 206 206 206 207 207 207 207 207 207 206 206 206 206 206 206 206 206 206 206 206 206 206 206 206 205 205 205 205 206 206 206 206 206 206 206 206 205 205 205 205 206 206 206 206 206 206 206 206 206 206 205 0 0 0 0 0 0 0 0 0 0 0 0 0 0 0 0 0 0 0 0 0 0 0 0 0 0 0 0 0 0 0 0 0 0 0 0 0 0 0 0 0 0 0 0 0 0 0 0 0 0 0 0 0 0 0 0 0 0 0 0 0 0 0 0 0 0 0 0 0 0 0 0 0 0 0 0 0 0 0 0 0 0 0 0 0 0 0 0 0 0 0 0 0 0 0 0 0 0 0 0 0 0 0 0 0 0 0 0 0 0 0 0 0 0 0 0 0 0 0 0 0 0 0 0 0 0 0 0 0 0 0 0 0 0 0 0 0 0 0 0 0 0 0 0 0 0 0 0 0 0 0 0 0 0 0 0 0 0 0 0 0 0 0 0 0 0 0 0 0 
0 0 0 0 0 0 0 0 0 0 0 0 0 0 0 0 0 0 0 0 0 0 0 0 0 0 0 0 0 0 0 0 0 0 0 0 0 0 0 0 0 0 0 0 0 0 0 0 0 0 0 0 0 0 0 0 0 0 0 185 185 185 185 185 185 186 186 186 186 186 187 187 187 187 187 187 188 188 188 188 188 188 189 189 189 189 189 189 190 190 190 190 191 191 191 191 191 191 191 192 192 192 192 192 192 193 193 193 193 193 193 194 194 194 194 194 194 195 195 195 195 195 195 196 196 196 196 196 196 197 197 197 197 197 197 197 198 198 198 198 198 198 198 198 199 199 199 199 199 199 199 200 200 200 200 200 200 200 200 201 201 201 201 201 201 201 202 202 202 202 202 202 202 203 203 203 203 203 203 203 203 203 203 204 204 204 204 204 204 204 204 205 204 204 204 204 204 205 205 205 205 205 205 205 205 205 205 205 205 205 205 205 205 205 205 205 205 205 205 205 205 205 205 205 206 206 206 206 206 206 206 206 206 206 206 206 206 206 206 206 206 206 206 206 206 206 206 206 206 206 206 206 206 206 206 206 206 206 206 206 206 206 206 206 206 206 206 206 206 206 206 206 206 206 206 206 206 206 206 206 206 206 206 206 206 206 206 206 207 206 206 206 206 206 206 206 206 206 206 206 206 206 206 206 206 206 206 205 205 205 205 205 206 206 206 206 206 205 205 205 205 205 205 205 205 206 206 206 206 206 205 205 205 205 205 0 0 0 0 0 0 0 0 0 0 0 0 0 0 0 0 0 0 0 0 0 0 0 0 0 0 0 0 0 0 0 0 0 0 0 0 0 0 0 0 0 0 0 0 0 0 0 0 0 0 0 0 0 0 0 0 0 0 0 0 0 0 0 0 0 0 0 0 0 0 0 0 0 0 0 0 0 0 0 0 0 0 0 0 0 0 0 0 0 0 0 0 0 0 0 0 0 0 0 0 0 0 0 0 0 0 0 0 0 0 0 0 0 0 0 0 0 0 0 0 0 0 0 0 0 0 0 0 0 0 0 0 0 0 0 0 0 0 0 0 0 0 0 0 0 0 0 0 0 0 0 0 0 0 0 0 0 0 0 0 0 0 0 0 0 0 0 0 
0 0 0 0 0 0 0 0 0 0 0 0 0 0 0 0 0 0 0 0 0 0 0 0 0 0 0 0 0 0 0 0 0 0 0 0 0 0 0 0 0 0 0 0 0 0 0 0 0 0 0 0 0 0 0 0 0 0 184 184 185 185 185 185 185 186 186 186 186 186 186 187 187 187 187 187 187 188 188 188 188 188 189 189 189 189 189 189 190 190 190 190 190 191 191 191 191 191 191 192 192 192 192 192 192 193 193 193 193 193 193 193 194 194 194 194 194 194 195 195 195 195 195 195 196 196 196 196 196 196 197 197 197 197 197 197 197 198 198 198 198 198 198 198 198 199 199 199 199 199 199 199 200 200 200 200 200 200 200 200 201 201 201 201 201 201 201 202 202 202 202 202 202 202 203 203 203 203 203 203 203 203 203 203 203 203 204 204 204 204 204 204 204 204 204 204 204 204 205 205 205 205 205 205 205 205 204 205 205 205 205 205 205 205 205 205 205 205 205 205 205 205 205 205 205 206 206 206 206 206 206 206 206 206 206 206 206 206 206 206 206 206 206 206 206 206 206 206 206 206 206 206 206 206 206 206 206 206 206 206 206 206 206 206 206 206 206 206 206 206 206 206 206 206 206 206 206 206 206 206 206 206 206 206 206 206 206 206 206 206 206 206 206 206 206 206 206 206 206 206 206 206 206 206 206 206 206 205 205 205 205 205 205 205 205 205 205 205 205 205 205 205 205 205 205 205 205 206 206 206 205 205 205 205 205 0 0 0 0 0 0 0 0 0 0 0 0 0 0 0 0 0 0 0 0 0 0 0 0 0 0 0 0 0 0 0 0 0 0 0 0 0 0 0 0 0 0 0 0 0 0 0 0 0 0 0 0 0 0 0 0 0 0 0 0 0 0 0 0 0 0 0 0 0 0 0 0 0 0 0 0 0 0 0 0 0 0 0 0 0 0 0 0 0 0 0 0 0 0 0 0 0 0 0 0 0 0 0 0 0 0 0 0 0 0 0 0 0 0 0 0 0 0 0 0 0 0 0 0 0 0 0 0 0 0 0 0 0 0 0 0 0 0 0 0 0 0 0 0 0 0 0 0 0 0 0 0 0 0 0 0 0 0 0 0 0 0 0 0 0 0 0 0 
0 0 0 0 0 0 0 0 0 0 0 0 0 0 0 0 0 0 0 0 0 0 0 0 0 0 0 0 0 0 0 0 0 0 0 0 0 0 0 0 0 0 0 0 0 0 0 0 0 0 0 0 0 0 0 0 0 0 0 0 184 185 185 185 185 185 186 186 186 186 186 186 187 187 187 187 187 188 188 188 188 188 188 189 189 189 189 189 189 190 190 190 190 190 191 191 191 191 191 191 192 192 192 192 192 192 193 193 193 193 193 193 194 194 194 194 194 194 194 195 195 195 195 195 195 196 196 196 196 196 196 197 197 197 197 197 197 197 198 198 198 198 198 198 198 198 199 199 199 199 199 199 199 200 200 200 200 200 200 200 200 201 201 201 201 201 201 201 202 202 202 202 202 202 202 202 203 203 203 203 203 203 203 203 203 203 203 204 204 204 204 204 204 204 204 204 204 204 204 204 204 204 204 204 204 204 204 204 205 205 205 205 205 205 205 205 205 205 205 205 205 205 205 205 205 205 205 206 206 206 206 206 206 206 206 206 206 206 206 206 206 206 206 206 206 206 206 206 206 206 206 206 206 206 206 206 206 206 206 206 206 206 206 206 206 206 206 206 206 206 206 206 206 206 206 206 206 206 206 206 206 206 206 206 206 206 206 206 206 206 206 206 206 206 206 206 206 206 206 206 206 206 206 206 206 206 206 206 205 205 205 205 205 205 205 205 205 205 205 205 205 205 205 205 205 205 205 205 205 205 205 205 205 205 205 0 0 0 0 0 0 0 0 0 0 0 0 0 0 0 0 0 0 0 0 0 0 0 0 0 0 0 0 0 0 0 0 0 0 0 0 0 0 0 0 0 0 0 0 0 0 0 0 0 0 0 0 0 0 0 0 0 0 0 0 0 0 0 0 0 0 0 0 0 0 0 0 0 0 0 0 0 0 0 0 0 0 0 0 0 0 0 0 0 0 0 0 0 0 0 0 0 0 0 0 0 0 0 0 0 0 0 0 0 0 0 0 0 0 0 0 0 0 0 0 0 0 0 0 0 0 0 0 0 0 0 0 0 0 0 0 0 0 0 0 0 0 0 0 0 0 0 0 0 0 0 0 0 0 0 0 0 0 0 0 0 0 0 0 0 0 0 0 
0 0 0 0 0 0 0 0 0 0 0 0 0 0 0 0 0 0 0 0 0 0 0 0 0 0 0 0 0 0 0 0 0 0 0 0 0 0 0 0 0 0 0 0 0 0 0 0 0 0 0 0 0 0 0 0 0 0 184 184 184 185 185 185 185 185 185 186 186 186 186 186 187 187 187 187 187 187 188 188 188 188 188 188 189 189 189 189 189 189 190 190 190 190 190 191 191 191 191 191 191 192 192 192 192 192 192 193 193 193 193 193 193 194 194 194 194 194 194 194 195 195 195 195 195 195 196 196 196 196 196 196 197 197 197 197 197 197 198 198 198 198 198 198 198 198 198 199 199 199 199 199 199 199 200 200 200 200 200 200 200 200 201 201 201 201 201 201 201 202 202 202 202 202 202 202 202 203 203 203 203 203 203 203 203 203 203 203 204 204 204 204 204 204 204 203 204 204 204 204 204 204 204 204 204 204 204 204 204 204 205 205 205 205 205 205 205 205 205 205 205 205 205 205 205 205 205 205 206 206 206 206 206 206 206 206 206 206 206 206 206 206 206 206 206 206 206 206 206 206 206 206 206 206 206 206 206 206 206 206 206 206 206 206 206 206 206 206 206 206 206 206 206 206 206 206 206 206 206 206 206 206 206 206 206 206 206 206 206 206 206 206 206 206 206 206 206 206 206 206 206 206 206 206 206 206 206 206 205 205 205 205 205 205 205 205 205 205 205 206 205 205 205 205 205 205 205 205 205 205 205 205 205 205 205 205 0 0 0 0 0 0 0 0 0 0 0 0 0 0 0 0 0 0 0 0 0 0 0 0 0 0 0 0 0 0 0 0 0 0 0 0 0 0 0 0 0 0 0 0 0 0 0 0 0 0 0 0 0 0 0 0 0 0 0 0 0 0 0 0 0 0 0 0 0 0 0 0 0 0 0 0 0 0 0 0 0 0 0 0 0 0 0 0 0 0 0 0 0 0 0 0 0 0 0 202 202 202 201 0 0 0 0 0 0 0 0 0 0 0 0 0 0 0 0 0 0 0 0 0 0 0 0 0 0 0 0 0 0 0 0 0 0 0 0 0 0 0 0 0 0 0 0 0 0 0 0 0 0 0 0 0 0 0 0 0 0 0 0 0 0 0 0 
0 0 0 0 0 0 0 0 0 0 0 0 0 0 0 0 0 0 0 0 0 0 0 0 0 0 0 0 0 0 0 0 0 0 0 0 0 0 0 0 0 0 0 0 0 0 0 0 0 0 0 0 0 0 0 0 0 0 0 184 184 184 185 185 185 185 185 185 186 186 186 186 186 187 187 187 187 187 187 188 188 188 188 188 188 189 189 189 189 189 189 190 190 190 190 190 191 191 191 191 191 191 192 192 192 192 192 192 193 193 193 193 193 193 194 194 194 194 194 194 194 194 195 195 195 195 195 196 196 196 196 196 196 197 197 197 197 197 197 198 198 198 198 198 198 198 198 198 199 199 199 199 199 199 199 200 200 200 200 200 200 200 200 201 201 201 201 201 201 201 202 202 202 202 202 202 202 202 202 202 202 203 203 203 203 203 203 203 203 204 204 204 204 204 204 203 203 204 204 204 204 204 204 204 204 204 204 204 204 204 204 204 205 205 205 205 205 205 205 205 205 205 205 205 205 205 205 205 205 205 205 206 206 206 206 206 206 206 206 206 206 206 206 206 206 206 206 206 206 206 206 206 206 206 206 206 206 206 206 206 206 206 206 206 206 206 206 206 206 206 206 206 206 206 206 206 206 206 206 206 206 206 206 206 206 206 206 206 206 206 206 206 206 206 206 206 206 206 206 206 206 206 206 206 206 205 205 205 205 205 205 205 205 205 205 205 205 206 206 205 205 205 205 205 205 205 205 205 205 205 205 205 205 205 205 205 0 0 0 0 0 0 0 0 0 0 0 0 0 0 0 0 0 0 0 0 0 0 0 0 0 0 0 0 0 0 0 0 0 0 0 0 0 0 0 0 0 0 0 0 0 0 0 0 0 0 0 0 0 0 0 0 0 0 0 0 0 0 0 0 0 0 0 0 0 0 0 0 0 0 0 0 0 0 0 0 0 0 0 0 0 0 0 0 0 0 0 0 0 0 0 0 202 202 202 202 202 202 202 201 0 0 0 0 0 0 0 0 0 0 0 0 0 0 0 0 0 0 0 0 0 0 0 0 0 0 0 0 0 0 0 0 0 0 0 0 0 0 0 0 0 0 0 0 0 0 0 0 0 0 0 0 0 0 0 0 0 0 0 0 0 0 0 
0 0 0 0 0 0 0 0 0 0 0 0 0 0 0 0 0 0 0 0 0 0 0 0 0 0 0 0 0 0 0 0 0 0 0 0 0 0 0 0 0 0 0 0 0 0 0 0 0 0 0 0 0 0 0 0 0 0 184 184 184 184 184 185 185 185 185 185 186 186 186 186 186 186 187 187 187 187 187 187 188 188 188 188 188 188 189 189 189 189 189 189 190 190 190 190 190 191 191 191 191 191 192 192 192 192 192 192 192 193 193 193 193 193 193 193 194 194 194 194 194 194 195 195 195 195 195 195 195 196 196 196 196 196 197 197 197 197 197 197 198 198 198 198 198 198 198 198 198 199 199 199 199 199 199 199 199 200 200 200 200 200 200 200 201 201 201 201 201 201 201 202 202 202 202 202 202 202 202 202 202 202 203 203 203 203 203 203 203 204 204 204 203 203 203 203 203 203 204 204 204 204 204 204 204 204 204 204 204 204 204 204 204 204 205 205 205 205 205 205 205 205 205 205 205 205 205 205 205 205 205 205 205 205 205 205 205 206 206 206 206 206 206 206 206 206 206 206 206 206 206 206 206 206 206 206 206 206 206 206 206 206 206 206 206 206 206 206 206 206 206 206 206 206 206 206 206 206 206 206 206 206 206 206 206 206 206 206 206 206 206 206 206 206 206 206 206 206 206 206 206 206 206 206 206 206 206 206 206 206 205 205 205 205 205 205 205 206 206 205 205 205 205 205 205 205 205 205 205 205 205 205 205 205 205 0 0 0 0 0 0 0 0 0 0 0 0 0 0 0 0 0 0 0 0 0 0 0 0 0 0 0 0 0 0 0 0 0 0 0 0 0 0 0 0 0 0 0 0 0 0 0 0 0 0 0 0 0 0 0 0 0 0 0 0 0 0 0 0 0 0 0 0 0 0 0 0 0 0 0 0 0 0 0 0 0 0 0 0 0 0 0 0 0 0 0 0 0 0 0 0 202 202 202 202 203 202 202 202 202 201 0 0 0 0 0 0 0 0 0 0 0 0 0 0 0 0 0 0 0 0 0 0 0 0 0 0 0 0 0 0 0 0 0 0 0 0 0 0 0 0 0 0 0 0 0 0 0 0 0 0 0 0 0 0 0 0 0 0 0 0 0 0 
0 0 0 0 0 0 0 0 0 0 0 0 0 0 0 0 0 0 0 0 0 0 0 0 0 0 0 0 0 0 0 0 0 0 0 0 0 0 0 0 0 0 0 0 0 0 0 0 0 0 0 0 0 0 0 0 183 183 184 184 184 184 184 185 185 185 185 185 185 186 186 186 186 186 186 186 187 187 187 187 187 188 188 188 188 188 188 188 189 189 189 189 190 190 190 190 190 190 191 191 191 191 191 192 192 192 192 192 192 193 193 193 193 193 193 193 193 194 194 194 194 194 195 195 195 195 195 195 195 196 196 196 196 196 196 197 197 197 197 197 197 198 197 198 198 198 198 198 198 198 199 199 199 199 199 199 199 200 200 200 200 200 200 200 200 201 201 201 201 201 201 201 202 202 202 202 202 202 202 202 202 202 203 203 203 203 203 203 204 203 204 204 203 203 203 203 203 203 203 203 203 203 204 204 204 204 204 204 204 204 204 204 204 204 204 204 205 205 205 205 205 205 205 205 205 205 205 205 205 205 205 205 205 205 205 205 205 205 205 205 205 205 206 206 206 206 206 206 206 206 206 206 206 206 206 206 206 206 206 206 206 206 206 206 206 206 206 206 206 206 206 206 206 206 206 206 206 206 206 206 206 206 206 206 206 206 206 206 206 206 206 206 205 206 206 206 206 206 206 206 205 206 206 206 206 206 205 206 205 205 205 205 205 205 205 205 205 205 205 205 205 205 205 205 205 205 205 205 205 205 205 205 205 205 205 0 0 0 0 0 0 0 0 0 0 0 0 0 0 0 0 0 0 0 0 0 0 0 0 0 0 0 0 0 0 0 0 0 0 0 0 0 0 0 0 0 0 0 0 0 0 0 0 0 0 0 0 0 0 0 0 0 0 0 0 0 0 0 0 0 0 0 0 0 0 0 0 0 0 0 0 0 0 0 0 0 0 0 0 0 0 0 0 0 0 0 0 0 0 0 202 202 202 202 202 203 203 203 203 202 202 201 201 0 0 0 0 0 0 0 0 0 0 0 0 0 0 0 0 0 0 0 0 0 0 0 0 0 0 0 0 0 0 0 0 0 0 0 0 0 0 0 0 0 0 0 0 0 0 0 0 0 0 0 0 0 0 0 0 0 0 0 0 
0 0 0 0 0 0 0 0 0 0 0 0 0 0 0 0 0 0 0 0 0 0 0 0 0 0 0 0 0 0 0 0 0 0 0 0 0 0 0 0 0 0 0 0 0 0 0 0 0 0 0 0 0 0 0 0 183 183 184 184 184 184 184 184 184 185 185 185 185 185 186 186 186 186 186 186 186 186 187 187 187 187 188 188 188 188 188 188 189 189 189 189 190 190 190 190 190 190 191 191 191 191 191 191 192 192 192 192 192 192 193 193 193 193 193 193 193 193 194 194 194 194 194 195 195 195 195 195 195 196 195 196 196 196 196 197 197 197 197 197 197 197 197 197 198 198 198 198 198 198 198 199 199 199 199 199 199 199 199 200 200 200 200 200 200 200 201 201 201 201 201 201 201 201 202 202 202 202 202 202 202 202 202 203 203 203 203 203 203 203 203 204 203 203 203 203 203 203 203 203 203 203 203 204 204 204 204 204 204 204 204 204 204 204 204 204 204 205 205 205 204 204 205 204 205 205 205 205 205 205 205 205 205 205 205 205 205 205 205 205 205 205 205 205 205 205 205 205 205 205 205 205 205 205 205 206 206 206 206 206 206 206 206 206 206 206 206 206 206 206 206 206 206 206 206 206 206 206 206 206 206 206 206 206 206 206 206 206 206 206 206 206 205 205 206 206 206 206 205 205 205 205 205 205 205 205 205 205 205 205 205 205 205 205 205 205 205 205 205 205 205 205 205 205 205 205 205 205 205 205 205 205 205 204 204 205 0 0 0 0 0 0 0 0 0 0 0 0 0 0 0 0 0 0 0 0 0 0 0 0 0 0 0 0 0 0 0 0 0 0 0 0 0 0 0 0 0 0 0 0 0 0 0 0 0 0 0 0 0 0 0 0 0 0 0 0 0 0 0 0 0 0 0 0 0 0 0 0 0 0 0 0 0 0 0 0 0 0 0 0 0 0 0 0 0 0 0 0 0 202 202 202 203 203 203 203 203 202 202 202 202 202 201 201 0 0 0 0 0 0 0 0 0 0 0 0 0 0 0 0 0 0 0 0 0 0 0 0 0 0 0 0 0 0 0 0 0 0 0 0 0 0 0 0 0 0 0 0 0 0 0 0 0 0 0 0 0 0 0 0 0 0 0 
0 0 0 0 0 0 0 0 0 0 0 0 0 0 0 0 0 0 0 0 0 0 0 0 0 0 0 0 0 0 0 0 0 0 0 0 0 0 0 0 0 0 0 0 0 0 0 0 0 0 0 0 0 0 0 183 183 183 183 184 184 184 184 184 184 184 185 185 185 185 185 185 186 186 186 186 186 186 187 187 187 187 187 187 188 188 188 188 188 189 189 189 189 190 190 190 190 190 190 191 191 191 191 191 191 192 192 192 192 192 192 193 193 193 193 193 193 193 194 194 194 194 194 194 195 195 195 195 195 195 195 195 196 196 196 196 197 197 197 197 197 197 197 197 197 198 198 198 198 198 198 198 199 199 199 199 199 199 199 200 200 200 200 200 200 200 200 201 201 201 201 201 201 201 201 201 201 201 202 202 202 202 202 202 203 203 203 203 203 203 203 203 203 203 203 203 203 203 203 203 203 203 203 203 203 203 204 204 204 203 204 204 204 204 204 204 204 204 204 204 204 204 204 204 204 205 204 204 204 204 204 205 205 205 205 205 205 205 205 205 205 205 205 205 205 205 205 205 205 205 205 205 205 205 205 205 205 205 206 206 206 206 206 206 206 206 206 206 206 206 206 206 206 206 206 206 206 206 206 206 206 206 206 206 206 206 206 206 206 206 206 206 205 205 205 205 205 205 205 205 205 205 205 205 205 205 205 205 205 205 205 205 205 205 205 205 205 205 205 205 205 204 205 205 205 205 205 205 205 205 205 205 205 204 204 204 205 0 0 0 0 0 0 0 0 0 0 0 0 0 0 0 0 0 0 0 0 0 0 0 0 0 0 0 0 0 0 0 0 0 0 0 0 0 0 0 0 0 0 0 0 0 0 0 0 0 0 0 0 0 0 0 0 0 0 0 0 0 0 0 0 0 0 0 0 0 0 0 0 0 0 0 0 0 0 0 0 0 0 0 0 0 202 202 202 202 202 202 202 202 202 202 202 203 203 203 203 203 203 203 203 202 202 202 201 0 0 0 0 0 0 0 0 0 0 0 0 0 0 0 0 0 0 0 0 0 0 0 0 0 0 0 0 0 0 0 0 0 0 0 0 0 0 0 0 0 0 0 0 0 0 0 0 0 0 0 0 0 0 0 0 0 0 
0 0 0 0 0 0 0 0 0 0 0 0 0 0 0 0 0 0 0 0 0 0 0 0 0 0 0 0 0 0 0 0 0 0 0 0 0 0 0 0 0 0 0 0 0 0 0 0 0 0 0 0 0 0 0 0 183 183 183 183 183 183 184 184 184 184 184 184 185 185 185 185 185 185 185 186 186 186 186 187 187 187 187 187 188 188 188 188 188 189 189 189 189 190 190 190 190 190 190 190 191 191 191 191 191 192 192 192 192 192 192 192 192 193 193 193 193 193 193 194 194 194 194 194 195 195 195 195 195 195 195 195 196 196 196 196 196 197 197 197 197 197 197 197 197 197 198 198 198 198 198 198 198 199 199 199 199 199 199 199 199 200 200 200 200 200 200 200 201 201 201 201 201 201 201 201 201 201 202 202 202 202 202 202 203 203 203 203 203 203 203 203 203 203 203 203 203 203 203 203 203 203 203 203 203 203 204 204 204 204 204 204 204 204 204 204 204 204 204 204 204 204 204 204 204 204 204 204 205 204 204 204 204 204 204 205 205 205 205 205 205 205 205 205 205 205 205 205 205 205 205 205 205 205 205 205 205 205 205 205 205 206 206 206 206 206 206 206 206 206 206 206 206 206 206 206 206 206 206 206 206 206 206 206 205 206 206 205 206 206 206 206 205 205 205 205 205 205 205 205 205 205 205 205 205 205 205 205 205 205 205 205 205 205 205 205 205 205 205 205 205 204 205 204 205 205 205 205 205 205 205 205 205 204 204 204 204 204 204 0 204 204 204 204 203 203 0 0 0 0 0 0 0 0 0 0 0 0 0 0 0 0 0 0 0 0 0 0 0 0 0 0 0 0 0 0 0 0 0 0 0 0 0 0 0 0 0 0 0 0 0 0 0 0 0 0 0 0 0 0 0 0 0 0 0 0 0 0 0 0 0 0 0 0 0 0 0 0 0 202 202 202 203 202 202 202 202 202 202 202 203 203 202 203 203 203 203 203 203 203 202 202 202 202 202 202 202 0 0 0 0 0 0 0 0 0 0 0 0 0 0 0 0 0 0 0 0 0 0 0 0 0 0 0 0 0 0 0 0 0 0 0 0 0 0 0 0 0 0 0 0 0 0 0 0 0 0 0 0 0 0 0 0 
0 0 0 0 0 0 0 0 0 0 0 0 0 0 0 0 0 0 0 0 0 0 0 0 0 0 0 0 0 0 0 0 0 0 0 0 0 0 0 0 0 0 0 0 0 0 0 0 0 0 0 0 0 182 182 183 183 183 183 183 183 183 183 184 184 184 184 184 185 185 185 185 185 185 185 185 186 186 186 187 187 187 187 187 188 188 188 188 188 188 189 189 189 189 189 190 190 190 190 190 191 191 191 191 191 191 191 192 192 192 192 192 192 192 193 193 193 193 193 193 194 194 194 194 194 195 195 195 195 195 195 195 195 196 196 196 196 196 197 197 197 197 197 197 197 197 197 198 198 198 198 198 198 198 199 199 199 199 199 199 199 199 200 200 200 200 200 200 200 200 200 200 201 201 201 201 201 201 201 202 202 202 202 202 202 202 203 202 203 203 203 203 203 203 203 203 203 203 203 203 203 203 203 203 203 203 203 203 203 203 203 203 204 204 204 204 204 204 204 204 204 204 204 204 204 204 204 204 205 204 204 204 204 204 204 204 204 204 204 204 204 204 205 205 205 205 205 205 205 205 205 205 205 205 205 205 205 205 205 205 205 205 205 205 205 205 205 205 205 205 205 206 206 206 206 206 206 206 206 206 206 206 206 205 205 206 206 205 205 206 206 206 205 205 205 205 205 205 205 205 205 205 205 205 205 205 205 205 205 205 205 205 205 205 205 205 205 205 205 205 204 204 205 204 205 205 205 205 205 205 205 205 205 204 205 205 204 204 204 204 204 204 204 204 204 204 203 203 203 0 203 203 203 204 203 203 203 203 203 0 0 203 203 203 0 0 0 0 0 0 0 0 0 0 0 0 0 0 0 0 0 0 0 0 0 0 0 0 0 0 0 0 0 0 0 0 0 0 0 0 0 0 0 0 0 0 0 0 0 0 0 0 0 0 0 0 0 0 0 202 203 203 203 203 203 203 203 203 203 202 202 203 203 203 203 203 203 203 203 203 203 202 202 203 202 202 202 202 0 0 0 0 0 0 0 0 0 0 0 0 0 0 0 0 0 0 0 0 0 0 0 0 0 0 0 0 0 0 0 0 0 0 0 0 0 0 0 0 0 0 0 0 0 0 0 0 0 0 0 0 0 0 0 
0 0 0 0 0 0 0 0 0 0 0 0 0 0 0 0 0 0 0 0 0 0 0 0 0 0 0 0 0 0 0 0 0 0 0 0 0 0 0 0 0 0 0 0 0 0 0 0 0 0 0 0 0 0 182 183 183 183 183 183 183 183 183 184 184 184 184 184 184 185 185 185 185 185 185 186 186 186 186 186 186 187 187 187 188 188 188 188 188 188 189 189 189 189 189 189 190 190 190 190 190 190 191 191 191 191 191 191 192 192 192 192 192 192 192 193 193 193 193 193 194 194 194 194 194 194 195 195 195 195 195 195 195 195 196 196 196 196 196 197 197 197 197 197 197 197 197 197 198 198 198 198 198 198 198 199 199 199 199 199 199 199 199 200 200 200 200 200 200 200 200 200 200 200 201 201 201 201 201 201 201 201 202 202 202 202 202 202 202 203 203 203 203 203 203 203 203 203 203 203 203 203 203 203 203 203 203 203 203 203 203 203 203 204 204 204 204 204 204 204 204 204 204 204 204 204 204 204 204 204 204 204 205 204 204 204 204 204 204 205 204 205 205 205 205 205 205 205 205 205 205 205 205 205 205 205 205 205 205 205 205 205 205 205 205 205 205 205 205 205 205 205 205 205 205 205 206 206 206 206 206 206 205 205 205 205 205 205 205 205 206 206 205 205 205 205 205 205 205 205 205 205 205 205 205 205 205 205 205 205 205 205 205 205 205 205 205 205 205 205 204 204 204 204 204 205 205 205 205 205 205 205 205 204 205 205 204 204 204 204 204 204 204 204 204 204 204 204 204 204 204 204 204 203 203 204 204 204 203 203 203 203 203 203 203 203 203 203 203 203 0 0 0 0 0 0 0 0 0 0 0 0 0 0 0 0 0 0 0 0 0 0 0 0 0 0 0 0 0 0 0 0 0 0 0 0 0 0 0 0 0 0 0 0 0 0 0 0 202 203 203 203 203 203 203 203 203 203 203 203 203 203 203 203 203 203 203 203 203 203 202 202 203 203 202 202 202 202 202 0 0 0 0 0 0 0 0 0 0 0 0 0 0 0 0 0 0 0 0 0 0 0 0 0 0 0 0 0 0 0 0 0 0 0 0 0 0 0 0 0 0 0 0 0 0 0 0 0 0 0 0 0 0 
0 0 0 0 0 0 0 0 0 0 0 0 0 0 0 0 0 0 0 0 0 0 0 0 0 0 0 0 0 0 0 0 0 0 0 0 0 0 0 0 0 0 0 0 0 0 0 0 0 0 0 0 0 182 182 182 183 183 183 183 183 183 184 184 184 184 184 184 184 184 184 184 185 185 186 186 186 186 186 186 186 186 187 187 187 187 188 188 188 188 188 188 189 189 189 189 190 190 190 190 190 190 191 191 191 191 191 191 191 192 192 192 192 192 192 192 193 193 193 193 193 194 194 194 194 194 194 195 195 195 195 195 195 195 195 196 196 196 196 196 197 197 197 197 197 197 197 197 197 198 198 198 198 198 198 198 198 199 199 199 199 199 199 199 200 200 200 200 200 200 200 200 200 200 200 201 201 201 201 201 201 201 202 202 202 202 202 202 202 202 203 203 202 202 203 203 203 203 203 203 203 203 203 203 203 203 203 203 203 203 203 203 203 203 204 204 204 204 204 204 204 204 204 204 204 204 204 204 204 204 204 204 205 204 204 204 204 204 204 205 204 204 205 205 205 205 205 205 205 205 205 205 205 205 205 205 205 205 205 205 205 205 205 205 205 205 205 205 205 205 205 205 205 205 205 205 205 205 205 205 205 205 205 205 205 205 205 205 205 205 205 205 205 205 205 205 205 205 205 205 205 205 205 205 205 205 205 205 205 205 205 205 205 205 205 205 205 205 205 204 204 204 204 204 204 204 205 205 205 205 205 205 204 204 204 204 204 204 204 204 204 204 204 204 204 204 204 204 204 204 204 203 203 203 204 203 204 204 204 203 204 203 203 203 204 203 203 203 204 203 203 203 203 203 203 203 0 0 0 0 0 0 0 0 0 0 0 0 0 0 0 0 0 0 0 0 0 0 0 0 0 0 0 0 0 0 0 0 0 0 0 0 0 0 0 0 0 0 202 203 203 203 203 203 203 203 203 203 203 203 203 203 203 203 203 203 203 203 203 203 202 203 203 202 202 202 202 202 202 202 202 0 0 0 0 0 0 0 0 0 0 0 0 0 0 0 0 0 0 0 0 0 0 0 0 0 0 0 0 0 0 0 0 0 0 0 0 0 0 0 0 0 0 0 0 0 0 0 0 0 0 0 0 
0 0 0 0 0 0 0 0 0 0 0 0 0 0 0 0 0 0 0 0 0 0 0 0 0 0 0 0 0 0 0 0 0 0 0 0 0 0 0 0 0 0 0 0 0 0 0 0 0 0 0 182 182 182 182 182 182 183 183 183 183 183 183 184 184 184 184 184 184 184 184 185 185 185 185 185 185 186 186 186 186 186 186 187 187 187 188 188 188 188 188 188 189 189 189 189 189 189 190 190 190 190 190 191 191 191 191 191 191 191 192 192 192 192 192 192 192 193 193 193 193 193 194 194 194 194 194 195 195 195 195 195 195 195 195 195 196 196 196 196 196 197 196 197 197 197 197 197 197 197 198 198 198 198 198 198 198 198 199 199 199 199 199 199 199 199 199 199 200 200 200 200 200 200 200 201 201 201 201 201 201 201 202 202 202 202 202 202 202 202 202 203 202 202 202 202 202 203 203 203 203 203 203 203 203 203 203 203 203 203 203 203 203 203 203 204 204 204 204 204 204 203 204 204 204 204 204 204 204 204 204 204 204 204 204 204 204 204 204 205 204 205 205 205 205 205 205 205 205 205 205 205 205 205 205 205 205 205 205 205 205 205 205 205 205 205 205 205 205 205 205 205 205 205 205 205 205 205 205 205 205 205 205 205 205 205 205 205 205 205 205 205 205 205 205 205 205 205 205 205 205 205 205 205 205 205 205 205 205 205 205 205 205 205 205 205 205 205 205 204 204 204 204 204 204 204 204 205 205 204 204 204 204 204 204 204 204 204 204 204 204 204 205 205 205 205 204 203 203 204 204 204 203 204 204 203 203 204 204 204 204 203 203 204 204 203 204 204 204 204 203 203 203 203 203 203 203 203 203 203 202 202 0 0 0 0 0 0 0 0 0 0 0 0 0 0 0 0 0 0 0 0 0 0 0 0 0 0 0 0 0 0 0 0 0 0 202 203 203 203 203 203 203 203 203 203 203 203 203 203 203 203 203 203 203 203 203 203 203 203 203 202 203 202 202 202 202 202 202 202 202 202 202 0 0 0 0 0 0 0 0 0 0 0 0 0 0 0 0 0 0 0 0 0 0 0 0 0 0 0 0 0 0 0 0 0 0 0 0 0 0 0 0 0 0 0 0 0 0 0 0 0 0 
0 0 0 0 0 0 0 0 0 0 0 0 0 0 0 0 0 0 0 0 0 0 0 0 0 0 0 0 0 0 0 0 0 0 0 0 0 0 0 0 0 0 0 0 0 0 0 0 0 181 181 181 182 182 182 182 182 182 183 183 183 183 183 183 184 184 184 184 184 185 185 185 185 186 186 186 186 186 186 186 186 186 186 186 187 187 187 188 188 188 188 188 189 189 189 189 189 189 189 190 190 190 190 190 191 191 191 191 191 191 192 192 192 192 192 192 192 193 193 193 193 193 193 194 194 194 194 194 195 195 195 195 195 195 195 195 196 196 196 196 196 196 196 196 197 197 197 197 197 197 197 197 198 198 198 198 198 198 198 199 199 199 199 199 199 199 199 200 200 200 200 200 200 200 200 201 201 201 201 201 201 201 201 201 201 202 202 202 202 202 202 202 202 202 202 202 202 202 203 203 203 202 203 203 203 203 203 203 203 203 203 203 203 203 203 204 203 204 204 204 204 203 203 204 203 204 204 204 204 204 204 204 204 204 204 204 204 204 204 204 204 205 205 205 205 205 205 205 205 205 205 205 205 205 205 205 204 204 204 205 205 205 205 205 205 205 205 205 205 205 205 205 205 205 205 205 205 205 205 205 205 205 205 205 205 205 205 205 205 205 205 205 205 205 205 205 205 205 205 205 205 205 205 205 205 205 205 205 205 205 205 205 205 204 205 205 204 204 204 204 204 204 204 204 204 204 204 204 205 204 204 204 204 204 204 204 204 204 204 204 204 204 205 205 204 204 204 203 204 205 205 204 204 204 204 204 204 204 204 204 203 203 203 204 204 204 204 204 204 203 203 204 204 204 203 204 203 203 203 204 203 202 0 0 0 0 0 0 0 0 0 0 0 0 0 0 0 0 0 0 0 0 0 0 0 0 0 0 0 0 0 0 0 0 0 202 202 202 203 203 203 203 203 203 203 203 203 203 203 203 203 203 203 203 203 203 203 203 203 203 202 202 202 202 202 202 202 202 202 202 202 202 202 202 202 0 0 0 0 0 0 0 0 0 0 0 0 0 0 0 0 0 0 0 0 0 0 0 0 0 0 0 0 0 0 0 0 0 0 0 0 0 0 0 0 0 0 0 0 0 0 0 0 
0 0 0 0 0 0 0 0 0 0 0 0 0 0 0 0 0 0 0 0 0 0 0 0 0 0 0 0 0 0 0 0 0 0 0 0 0 0 0 0 0 0 0 0 0 0 0 0 0 181 181 181 182 182 182 182 182 182 182 183 183 183 183 183 183 183 184 184 184 184 184 185 185 185 185 185 185 186 186 186 187 187 186 186 186 187 187 187 188 188 188 188 188 189 189 189 189 189 189 190 190 190 190 190 191 191 191 191 191 191 191 192 192 192 192 192 192 192 193 193 193 193 193 194 194 194 194 194 194 194 195 195 195 195 195 195 195 196 196 196 196 196 196 196 196 196 197 197 197 197 197 197 197 197 198 198 198 198 198 198 199 199 199 199 199 199 199 199 200 200 200 200 200 200 200 200 201 201 201 201 201 201 201 201 201 202 202 201 202 202 202 202 202 201 202 202 202 202 202 202 203 202 202 202 202 202 202 202 203 203 203 203 203 203 203 203 203 203 203 203 204 204 204 204 204 204 204 204 204 204 204 204 204 204 204 204 204 204 204 204 204 204 204 204 204 204 204 204 204 205 205 205 205 205 204 204 204 204 204 205 205 205 205 205 205 205 205 205 205 205 205 205 205 205 205 205 205 205 205 205 205 205 205 205 205 205 205 205 205 205 205 205 205 205 205 205 205 205 205 205 205 205 205 205 205 205 205 205 205 205 205 205 204 204 204 204 205 205 205 204 204 204 204 204 204 204 204 204 204 204 204 204 204 204 204 204 204 204 204 204 204 205 204 204 204 204 204 204 204 204 204 205 204 204 205 205 205 205 205 204 203 203 204 204 204 204 204 204 203 203 203 203 204 204 203 204 203 203 203 203 203 203 0 0 0 0 0 0 0 0 0 0 0 0 0 0 0 0 0 0 0 0 0 0 0 0 0 0 0 0 0 0 0 0 0 202 202 202 203 203 203 203 203 203 203 203 203 203 203 203 203 203 203 203 203 203 203 203 203 203 202 202 202 202 202 202 203 202 202 203 203 202 202 202 202 202 203 203 203 203 203 203 203 203 0 0 0 0 0 0 0 0 0 0 0 0 0 0 0 0 0 0 0 0 0 0 0 0 0 0 0 0 0 0 0 0 0 0 0 0 0 0 0 
0 0 0 0 0 0 0 0 0 0 0 0 0 0 0 0 0 0 0 0 0 0 0 0 0 0 0 0 0 0 0 0 0 0 0 0 0 0 0 0 0 0 0 0 0 0 0 0 0 181 181 181 181 182 182 182 182 182 182 183 183 183 183 183 183 183 183 184 184 184 184 184 185 185 185 185 185 185 185 186 187 187 187 186 186 186 187 187 188 188 188 188 189 189 189 189 189 189 189 189 190 190 190 190 190 190 191 191 191 191 191 191 192 192 192 192 192 192 193 193 193 193 193 193 194 194 194 194 194 194 194 195 195 195 195 195 195 195 195 196 196 196 196 196 196 196 196 196 197 197 197 197 197 197 198 198 198 198 198 198 198 199 199 199 199 199 199 199 199 199 200 200 200 200 200 200 200 200 200 200 201 201 201 201 201 201 201 201 201 202 202 202 201 201 201 202 202 202 202 202 202 203 202 202 202 202 202 202 203 203 203 203 203 203 203 203 203 203 203 203 203 204 203 203 203 203 203 204 204 204 204 204 204 204 204 204 204 204 204 204 204 204 204 204 204 204 204 204 204 204 204 204 204 204 204 204 204 204 204 205 205 205 205 205 205 205 205 205 205 205 205 205 205 205 205 205 205 205 205 205 205 205 205 205 205 205 205 205 205 205 205 205 205 205 205 205 205 205 205 205 205 205 205 205 205 205 205 205 205 205 205 205 205 204 205 205 205 205 204 204 204 204 204 204 204 204 204 204 204 204 204 204 204 204 204 204 204 204 204 204 204 204 204 204 204 204 205 205 204 204 204 204 204 204 204 205 205 205 205 204 203 203 204 204 204 203 203 203 203 203 203 203 204 204 204 204 203 203 203 203 204 203 202 0 0 0 0 0 0 0 0 0 0 0 0 0 0 0 0 0 0 0 0 0 0 0 0 0 0 0 0 0 0 0 201 202 202 203 203 203 203 203 203 203 203 203 203 203 203 203 203 203 203 203 203 203 203 202 203 202 202 202 202 203 203 203 203 203 203 203 203 202 202 202 202 202 202 203 203 203 203 203 203 203 203 203 0 0 0 0 0 0 0 0 0 0 0 0 0 0 0 0 0 0 0 0 0 0 0 0 0 0 0 0 0 0 0 0 0 0 0 0 0 
0 0 0 0 0 0 0 0 0 0 0 0 0 0 0 0 0 0 0 0 0 0 0 0 0 0 0 0 0 0 0 0 0 0 0 0 0 0 0 0 0 0 0 0 0 0 0 0 180 181 181 181 181 181 182 182 182 182 182 182 182 182 183 183 183 183 183 183 184 184 184 184 184 185 185 185 185 185 185 186 186 186 187 187 186 186 186 187 187 188 188 188 188 189 189 189 189 189 189 189 189 190 190 190 190 190 190 190 191 191 191 191 191 192 192 192 192 192 192 193 193 193 193 193 193 194 194 194 194 194 194 195 195 195 195 195 195 195 195 196 196 196 196 196 196 196 196 196 197 197 197 197 197 197 197 198 198 198 198 198 198 198 199 199 199 199 199 199 199 199 199 199 200 200 200 200 200 200 200 201 201 201 201 201 201 201 201 201 201 201 201 202 201 201 201 201 202 202 202 202 202 202 202 202 202 202 202 202 203 203 203 203 202 202 203 203 203 203 203 203 203 203 203 203 203 203 203 203 203 203 203 203 203 203 203 203 204 204 204 204 204 204 204 204 204 204 204 204 204 204 204 204 204 204 204 204 204 204 204 204 205 205 205 205 205 205 205 205 205 205 205 205 205 205 205 205 205 205 205 205 205 205 205 205 205 205 205 205 205 205 205 205 205 205 205 205 205 205 205 205 205 205 205 205 205 205 205 205 205 205 205 205 205 205 205 204 204 205 205 204 204 204 204 204 204 204 204 204 204 204 204 204 204 204 204 204 204 204 203 204 204 204 204 204 204 205 205 204 204 204 204 204 204 204 204 204 204 204 204 204 204 204 204 204 203 204 204 203 204 204 203 203 204 204 204 204 203 203 203 203 204 204 202 202 0 0 0 0 0 0 0 0 0 0 0 0 0 0 0 0 0 0 0 0 0 0 0 0 0 0 0 0 0 0 201 202 203 203 203 203 203 203 203 203 203 203 203 203 203 203 203 203 203 203 203 203 203 203 202 202 202 202 202 203 203 203 203 203 203 203 203 203 203 202 202 202 202 202 202 202 203 203 203 203 203 203 203 203 0 0 0 0 0 0 0 0 0 0 0 0 0 0 0 0 0 0 0 0 0 0 0 0 0 0 0 0 0 0 0 0 0 0 0 
0 0 0 0 0 0 0 0 0 0 0 0 0 0 0 0 0 0 0 0 0 0 0 0 0 0 0 0 0 0 0 0 0 0 0 0 0 0 0 0 0 0 0 0 0 0 0 180 180 181 181 181 181 181 181 182 182 182 182 182 182 182 182 183 183 183 183 183 183 183 184 184 184 184 184 185 185 185 185 186 185 186 186 186 187 187 186 187 187 187 188 188 188 188 188 188 188 189 189 189 189 189 190 190 190 190 190 190 191 191 191 191 191 192 192 192 192 192 192 192 193 193 193 193 193 193 194 194 194 194 194 194 195 195 195 195 195 195 195 196 196 196 195 196 196 196 196 196 196 197 197 197 197 197 197 198 198 198 198 198 198 198 198 199 199 199 199 199 199 199 199 199 199 199 200 200 200 200 200 200 201 201 201 201 201 201 201 201 201 201 201 201 201 201 201 201 201 201 202 202 202 202 202 202 202 202 202 202 202 202 202 202 202 202 202 203 203 203 203 203 203 203 203 203 203 203 203 203 203 203 203 203 203 203 203 203 203 203 203 203 203 203 203 203 204 204 204 204 204 204 204 204 204 204 204 204 204 204 204 204 204 204 204 205 205 205 205 205 205 205 205 205 205 205 205 205 205 205 205 205 205 205 205 205 205 205 205 205 205 205 204 205 204 204 205 205 205 205 205 205 205 205 205 205 205 205 205 205 205 205 205 205 205 204 204 204 205 205 205 204 204 204 204 204 204 204 204 204 204 204 204 204 204 204 204 204 204 204 204 204 204 204 204 204 204 204 204 204 204 204 204 204 204 204 204 204 204 204 204 204 204 204 204 204 204 204 204 204 204 204 203 203 203 204 204 204 204 203 203 203 203 203 203 203 202 0 0 0 0 0 0 0 0 0 0 0 0 0 0 0 0 0 0 0 0 0 0 0 0 0 0 0 0 201 202 203 203 203 203 203 203 203 203 203 203 203 203 203 203 202 202 202 202 203 203 203 202 202 202 202 202 202 202 202 203 203 203 203 203 203 203 203 203 203 203 202 202 202 203 203 203 203 203 203 203 203 203 203 203 0 0 0 0 0 0 0 0 0 0 0 0 0 0 0 0 0 0 0 0 0 0 0 0 0 0 0 0 0 0 0 0 0 0 
0 0 0 0 0 0 0 0 0 0 0 0 0 0 0 0 0 0 0 0 0 0 0 0 0 0 0 0 0 0 0 0 0 0 0 0 0 0 0 0 0 0 0 0 0 0 0 180 181 181 181 181 181 181 182 182 182 182 182 182 182 182 183 183 183 183 183 183 183 184 184 184 184 184 184 185 185 185 185 185 186 186 186 186 187 187 187 187 187 187 188 188 188 188 188 188 189 189 189 189 189 190 190 190 190 190 190 191 191 191 191 191 191 192 192 192 192 192 192 192 193 193 193 193 193 194 194 194 194 194 194 194 195 195 195 195 195 195 195 196 196 196 195 196 196 196 196 196 196 196 197 197 197 197 197 197 197 198 198 198 198 198 198 198 198 199 199 199 199 199 199 199 199 199 200 200 200 200 200 200 200 200 201 200 200 201 201 201 201 201 201 201 201 201 201 201 201 201 201 201 202 202 202 202 202 202 201 202 202 202 202 202 202 202 202 202 202 202 202 202 202 202 203 203 203 203 203 202 202 202 202 203 203 203 203 203 203 203 203 203 203 203 203 203 203 203 203 203 203 203 203 204 203 203 203 204 204 204 204 204 204 204 204 204 204 204 204 204 204 204 204 204 204 204 204 204 204 204 204 204 204 204 204 204 204 204 204 204 204 204 204 204 204 204 204 204 204 204 204 204 204 204 204 204 204 204 204 205 205 205 204 205 205 204 204 204 204 204 204 204 204 204 204 204 204 204 204 204 204 204 204 204 204 204 204 204 204 204 204 204 204 204 203 204 204 204 204 204 204 204 203 204 204 204 204 204 204 204 204 204 204 204 204 204 204 204 204 204 204 203 203 203 203 203 203 204 204 203 203 203 203 203 203 202 201 0 0 0 0 0 0 0 0 0 0 0 0 0 0 0 0 0 0 0 0 0 0 0 0 0 0 0 202 202 202 203 203 203 203 203 203 203 203 203 203 203 203 203 203 203 202 202 202 202 203 203 203 203 203 202 202 202 202 202 202 202 202 203 203 203 203 203 203 202 202 202 202 203 203 203 203 203 203 203 203 203 203 203 203 203 203 0 0 0 0 0 0 0 0 0 0 0 0 0 0 0 0 0 0 0 0 0 0 0 0 0 0 0 0 0 0 0 0 
0 0 0 0 0 0 0 0 0 0 0 0 0 0 0 0 0 0 0 0 0 0 0 0 0 0 0 0 0 0 0 0 0 0 0 0 0 0 0 0 0 0 0 0 179 180 180 180 180 181 181 181 181 181 181 182 182 182 182 182 182 183 183 183 183 183 183 184 184 184 184 184 184 184 185 185 185 185 185 185 186 186 186 186 186 187 187 187 187 187 187 187 188 188 188 188 189 189 189 189 189 190 190 190 190 190 190 190 191 191 191 191 191 191 192 192 192 192 192 192 192 193 193 193 193 193 193 194 194 194 194 194 194 195 195 195 195 195 195 195 196 196 195 195 196 196 196 196 196 196 197 197 197 197 197 197 197 197 197 197 198 198 198 198 198 198 199 199 199 199 199 199 199 199 199 199 199 200 200 200 200 200 200 200 200 201 201 201 201 201 201 201 200 201 201 201 201 201 201 201 201 202 202 202 201 201 201 201 201 201 202 202 202 202 202 202 202 202 202 202 202 202 202 202 202 202 202 202 202 202 203 202 202 203 203 203 203 203 203 203 203 203 203 203 203 203 203 203 203 203 203 203 203 204 204 204 204 204 204 204 204 204 204 204 204 204 204 204 204 204 204 204 204 204 204 204 204 204 204 204 204 204 204 204 204 204 204 204 204 204 204 204 204 204 204 204 204 204 204 204 204 204 204 204 204 204 204 204 204 204 204 204 205 205 204 204 204 204 204 204 204 204 204 204 204 204 204 204 204 204 204 204 204 204 204 204 204 204 204 204 204 204 203 203 203 203 203 204 204 204 203 203 204 204 204 204 204 204 203 204 204 204 204 204 204 204 204 204 204 203 203 203 203 203 204 204 204 203 203 203 203 203 203 202 201 0 0 0 0 0 0 0 0 0 0 0 0 0 0 0 0 0 0 0 0 0 0 0 0 0 0 201 202 202 202 203 203 203 203 203 203 203 203 203 203 203 203 203 203 203 202 202 202 202 202 202 203 203 202 202 202 202 202 202 202 202 202 202 202 202 202 202 202 202 202 202 202 202 203 203 203 203 203 203 203 203 203 203 203 203 203 203 0 0 0 0 0 0 0 0 0 0 0 0 0 0 0 0 0 0 0 0 0 0 0 0 0 0 0 0 0 0 0 
0 0 0 0 0 0 0 0 0 0 0 0 0 0 0 0 0 0 0 0 0 0 0 0 0 0 0 0 0 0 0 0 0 0 0 0 0 0 0 0 0 0 0 0 179 180 180 180 180 181 181 181 181 181 181 181 182 182 182 182 182 183 183 183 183 183 184 184 184 184 184 184 184 185 185 185 185 185 186 185 185 186 186 186 186 187 187 187 187 187 187 187 188 188 188 188 188 189 189 189 189 189 190 190 190 190 190 190 191 191 191 191 191 191 191 191 192 192 192 192 192 193 193 193 193 193 193 193 194 194 194 194 194 194 195 195 195 195 195 195 196 196 195 195 195 196 196 196 196 196 196 196 197 197 197 197 197 197 197 197 197 198 198 198 198 198 198 198 198 199 199 199 199 199 199 199 199 200 200 200 200 200 200 200 200 200 200 200 200 200 201 201 200 201 201 201 201 201 201 201 201 201 201 201 201 201 201 202 202 201 202 202 202 202 202 202 202 202 202 202 202 202 202 202 202 202 202 202 202 202 203 202 202 203 203 203 203 203 203 203 203 203 203 203 203 203 203 203 203 203 203 203 203 204 204 204 204 204 204 203 204 204 204 204 204 204 204 204 204 204 204 204 204 204 204 204 204 204 204 204 204 204 204 204 204 204 204 204 204 204 204 204 204 204 204 204 204 204 204 204 204 204 204 204 204 204 204 204 204 204 204 204 204 205 205 204 204 204 204 204 204 204 204 204 204 204 204 204 204 204 203 203 203 203 204 204 204 204 204 204 203 203 202 202 203 203 204 204 204 204 204 204 204 204 204 204 203 203 204 204 204 204 203 204 204 204 204 204 204 204 204 204 203 203 203 204 204 204 203 203 203 202 202 202 202 201 0 0 0 0 0 0 0 0 0 0 0 0 0 0 0 0 0 0 0 0 0 0 0 0 201 201 202 202 202 203 203 203 203 203 203 203 203 203 203 203 203 203 203 203 202 203 203 202 202 202 202 202 202 202 202 202 202 202 202 202 202 202 202 202 202 202 202 202 202 202 202 202 202 202 203 203 203 203 203 203 203 203 203 203 203 203 203 0 0 0 0 0 0 0 0 0 0 0 0 0 0 0 0 0 0 0 0 0 0 0 0 0 0 0 0 0 0 
0 0 0 0 0 0 0 0 0 0 0 0 0 0 0 0 0 0 0 0 0 0 0 0 0 0 0 0 0 0 0 0 0 0 0 0 0 0 0 0 0 0 0 0 0 179 180 180 180 180 180 181 181 181 181 181 181 182 182 182 182 182 182 182 183 183 183 183 183 183 184 184 184 184 184 185 185 185 185 185 185 185 186 186 186 186 187 187 187 187 187 187 188 188 188 188 188 189 189 189 189 189 189 190 190 190 190 190 190 190 191 191 191 191 191 191 191 192 192 192 193 193 193 193 193 193 193 193 193 194 194 194 194 194 194 195 195 195 195 195 195 196 195 195 195 196 196 196 196 196 196 196 196 197 197 197 197 197 197 197 197 197 198 198 198 198 198 198 198 198 198 198 199 199 199 199 199 199 200 200 200 200 200 200 200 200 200 200 200 200 201 201 200 200 200 200 201 201 201 201 201 201 201 201 201 201 202 201 201 201 201 201 202 202 202 202 202 202 202 202 202 202 202 202 202 202 202 202 202 202 202 202 202 202 203 203 203 203 203 203 203 203 203 203 203 203 203 203 203 203 203 203 203 203 204 204 204 204 203 203 203 204 204 204 204 204 204 204 204 204 204 204 204 204 204 204 204 204 204 204 204 204 204 204 204 204 204 204 204 204 204 204 204 204 204 204 204 204 204 204 204 204 204 204 204 204 204 204 204 204 204 204 204 204 204 204 204 204 204 204 204 204 204 204 204 204 204 203 203 203 203 203 203 203 204 203 203 203 204 203 203 203 202 203 203 204 204 204 204 204 204 204 204 204 203 203 203 203 204 204 204 204 203 204 203 203 204 203 204 204 204 204 203 203 203 203 204 204 204 203 202 202 202 202 202 201 0 0 0 0 0 0 0 0 0 0 0 0 0 0 0 0 0 0 0 0 0 0 0 201 201 202 202 202 202 203 203 203 203 203 203 203 203 203 203 203 203 203 203 203 203 203 203 203 202 202 202 202 202 202 202 202 202 202 202 202 202 202 202 202 202 202 202 202 202 202 202 202 202 202 202 202 202 202 203 203 203 203 203 203 203 203 203 0 0 0 0 0 0 0 0 0 0 0 0 0 0 0 0 0 0 0 0 0 0 0 0 0 0 0 0 0 0 
0 0 0 0 0 0 0 0 0 0 0 0 0 0 0 0 0 0 0 0 0 0 0 0 0 0 0 0 0 0 0 0 0 0 0 0 0 0 0 0 0 0 0 0 0 179 180 180 180 180 180 180 181 181 181 181 181 182 182 182 182 182 182 182 182 182 183 183 183 183 184 184 184 184 184 185 185 185 185 185 185 185 185 186 186 186 186 187 187 187 187 187 187 188 188 188 188 188 189 189 189 189 189 189 190 190 190 190 190 190 191 191 191 191 191 191 191 191 192 192 192 192 192 193 193 193 193 193 193 194 194 194 194 194 194 195 195 195 195 195 195 195 195 195 195 195 195 196 196 196 196 196 196 196 196 197 197 197 197 197 197 197 197 198 198 198 198 198 198 198 198 198 198 199 199 199 199 199 199 199 199 200 200 200 200 200 200 200 200 200 201 201 200 200 200 200 200 201 201 201 201 201 201 201 201 201 201 201 201 201 201 201 201 201 201 202 202 202 202 202 202 202 202 202 202 202 202 202 202 202 202 202 202 202 203 203 203 203 203 203 203 203 203 203 203 203 203 203 203 203 203 203 203 203 203 203 203 203 203 203 203 203 204 204 204 204 204 204 204 204 204 204 204 204 204 204 204 204 204 204 204 204 204 204 204 204 204 204 204 204 204 204 204 204 204 204 204 204 204 204 204 204 204 204 204 204 204 204 204 204 204 204 204 204 204 204 204 204 204 204 204 204 204 204 204 204 204 203 203 203 203 203 203 203 203 203 203 203 203 203 203 203 202 203 203 203 204 204 204 204 204 204 203 203 203 203 203 203 203 204 204 204 204 203 203 203 204 203 203 204 204 204 204 204 204 204 204 204 204 203 203 202 202 202 202 202 201 0 0 0 0 0 0 0 0 0 0 0 0 0 0 0 0 0 0 0 0 0 0 201 202 202 202 203 203 203 203 203 203 203 203 203 203 203 203 203 203 203 203 203 203 203 203 203 202 202 202 202 202 202 202 202 202 202 202 202 202 202 202 202 202 0 0 0 0 0 0 0 0 202 202 202 202 203 203 203 203 203 203 203 203 203 203 203 0 0 0 0 0 0 0 0 0 0 0 0 0 0 0 0 0 0 0 0 0 0 0 0 0 0 0 0 0 
0 0 0 0 0 0 0 0 0 0 0 0 0 0 0 0 0 0 0 0 0 0 0 0 0 0 0 0 0 0 0 0 0 0 0 0 0 0 0 0 0 0 0 179 179 179 179 179 180 180 180 180 180 180 181 181 181 181 182 182 182 182 182 182 182 182 183 183 183 183 183 184 184 184 184 184 184 185 185 185 185 185 185 186 186 186 186 186 187 187 187 187 187 187 188 188 188 188 189 189 189 189 189 189 190 190 190 190 190 190 190 191 191 191 191 191 191 191 192 192 192 192 192 192 193 193 193 193 193 193 194 194 194 194 194 194 194 195 195 195 195 195 195 195 195 195 195 195 196 196 196 196 196 196 196 196 196 197 197 197 197 197 197 197 198 198 198 198 198 198 198 198 198 198 199 199 199 199 199 199 199 199 200 200 200 200 200 200 200 200 200 200 200 200 200 200 200 200 200 200 201 201 201 201 201 201 201 201 201 201 201 201 201 201 201 201 201 201 202 202 202 202 202 202 202 202 202 202 202 202 202 202 202 202 202 202 202 203 203 203 203 203 203 203 203 203 203 203 203 203 203 203 203 203 203 203 203 203 203 203 203 203 203 203 204 204 204 204 204 204 204 204 204 204 204 204 204 204 204 204 204 204 204 204 204 204 204 204 204 204 204 204 204 204 203 204 204 204 204 204 204 204 204 204 204 204 204 204 204 204 204 204 204 204 204 204 204 204 204 204 204 204 204 204 204 204 204 203 203 203 203 203 203 203 203 203 203 203 203 203 203 203 203 203 203 203 203 203 203 203 203 203 203 203 203 203 203 204 203 204 204 204 203 203 203 203 203 203 203 203 204 204 204 204 204 204 204 203 204 204 203 203 202 202 202 202 202 202 0 0 0 0 0 0 0 0 0 0 0 0 0 0 0 0 0 0 0 0 201 202 202 202 203 203 203 203 203 203 203 203 203 203 203 203 203 203 203 202 202 202 202 203 203 203 203 202 202 202 202 202 202 202 202 202 202 202 202 202 202 202 0 0 0 0 0 0 0 0 0 0 202 203 203 203 203 203 203 203 203 203 203 203 203 0 0 0 0 0 0 0 0 0 0 0 0 0 0 0 0 0 0 0 0 0 0 0 0 0 0 0 0 0 0 
0 0 0 0 0 0 0 0 0 0 0 0 0 0 0 0 0 0 0 0 0 0 0 0 0 0 0 0 0 0 0 0 0 0 0 0 0 0 0 0 0 0 0 178 179 179 179 179 179 180 180 180 180 180 181 181 181 181 181 182 182 182 182 182 182 182 183 183 183 183 183 183 184 184 184 184 184 184 185 185 185 185 185 185 186 186 186 186 187 187 187 187 187 187 188 188 188 188 189 189 189 189 189 189 189 189 190 190 190 190 190 191 191 191 191 191 191 192 192 192 192 192 192 192 193 193 193 193 193 193 193 194 194 194 194 194 194 194 195 195 195 195 195 195 195 195 195 195 195 196 196 196 196 196 196 196 196 196 197 197 197 197 197 197 197 197 198 198 198 198 198 198 198 198 198 199 199 199 199 199 199 199 199 199 199 199 200 200 200 200 200 200 200 200 200 200 200 200 200 200 201 201 201 201 201 201 201 201 201 201 201 201 201 201 201 201 201 201 201 201 202 202 202 202 202 202 202 202 202 202 202 202 202 202 202 202 202 202 202 202 203 203 203 203 203 203 203 203 203 203 203 203 203 203 203 203 203 203 203 203 203 203 203 203 203 203 204 204 204 204 204 204 204 204 204 204 204 204 204 204 204 204 204 204 204 204 203 204 204 204 204 204 204 204 203 203 204 204 204 204 204 204 204 204 204 204 204 204 204 204 204 204 204 204 204 204 204 204 204 204 204 204 204 204 204 204 203 203 203 203 203 203 203 203 203 203 203 203 203 203 203 202 202 202 203 204 203 203 203 203 203 203 203 203 203 203 203 203 203 204 204 203 203 203 203 203 203 204 203 203 203 204 203 203 204 204 203 203 203 203 203 203 203 203 202 202 202 203 202 202 0 0 0 0 0 0 0 0 0 0 0 0 0 0 0 0 0 0 201 202 202 203 203 203 203 203 203 203 203 203 203 203 203 203 203 203 203 202 202 202 202 202 203 203 202 202 202 202 202 202 202 202 202 202 202 202 202 202 202 202 0 0 0 0 0 0 0 0 0 0 0 0 203 203 203 203 203 203 203 203 203 0 0 0 0 0 0 0 0 0 0 0 0 0 0 0 0 0 0 0 0 0 0 0 0 0 0 0 0 0 0 0 0 
0 0 0 0 0 0 0 0 0 0 0 0 0 0 0 0 0 0 0 0 0 0 0 0 0 0 0 0 0 0 0 0 0 0 0 0 0 177 177 178 178 178 178 178 178 179 179 179 179 179 180 180 180 180 181 181 181 181 181 182 182 182 182 182 182 182 182 183 183 183 183 183 183 184 184 184 184 184 185 185 185 185 185 185 186 186 186 186 186 187 187 187 187 187 188 188 188 188 188 189 189 189 189 189 189 190 190 190 190 190 190 190 190 191 191 191 191 191 192 192 192 192 192 192 192 193 193 193 193 193 193 193 194 194 194 194 194 194 194 195 195 195 194 195 195 195 195 195 195 195 195 196 196 196 196 196 196 196 196 197 197 197 197 197 197 197 197 198 198 198 198 198 198 198 198 198 198 199 199 199 199 199 199 199 199 199 199 199 199 200 200 200 199 200 200 200 200 200 200 200 200 200 201 201 201 201 201 201 201 201 200 200 201 201 201 201 201 201 201 201 201 201 201 201 202 202 202 202 201 201 202 202 202 202 202 202 202 202 202 202 202 202 203 203 203 203 203 203 203 203 203 203 203 203 203 203 203 203 203 203 203 203 203 203 203 203 203 203 203 204 204 204 204 204 204 204 204 204 204 204 204 204 204 204 204 204 203 203 204 204 204 204 204 204 203 203 203 204 204 204 204 204 204 204 204 204 204 204 204 204 204 204 204 204 204 204 204 204 204 204 204 204 204 204 204 204 204 204 204 203 203 203 203 203 203 203 203 203 202 203 202 202 202 202 203 203 203 203 203 203 203 203 204 203 203 203 203 203 203 204 203 203 203 203 203 203 203 204 203 203 203 203 203 204 204 204 203 203 202 202 203 203 203 202 202 202 202 202 202 202 202 0 0 0 0 0 0 0 0 0 0 0 0 0 0 0 0 201 202 202 202 202 203 203 203 203 203 203 203 203 203 203 203 203 202 202 202 202 202 202 202 202 202 202 202 202 202 202 202 202 202 202 202 202 202 202 202 202 202 0 0 0 0 0 0 0 0 0 0 0 0 0 0 0 203 203 203 203 0 0 0 0 0 0 0 0 0 0 0 0 0 0 0 0 0 0 0 0 0 0 0 0 0 0 0 0 0 0 0 0 0 0 0 
0 0 0 0 0 0 0 0 0 0 0 0 0 0 0 0 0 0 0 0 0 0 0 0 0 0 0 0 0 0 0 0 0 0 0 0 0 177 177 177 177 177 178 178 178 178 179 179 179 179 180 180 180 180 180 181 181 181 181 182 182 182 182 182 182 182 182 182 183 183 183 183 183 184 184 184 184 184 184 185 185 185 185 185 185 185 186 186 186 186 187 187 187 187 187 188 188 188 188 188 189 189 189 189 189 189 189 190 190 190 190 190 190 190 191 191 191 191 191 191 192 192 192 192 192 192 192 193 193 193 193 193 193 194 194 194 194 194 194 194 195 195 194 194 194 195 195 195 195 195 195 195 196 196 196 196 196 196 196 196 196 197 197 197 197 197 197 197 198 198 198 198 198 198 198 198 198 199 199 199 199 199 199 199 199 199 199 199 200 200 200 200 199 199 200 200 200 200 200 200 200 200 200 200 200 200 201 200 201 201 201 201 201 201 201 201 201 201 201 201 201 201 201 201 201 201 202 202 202 202 202 202 202 202 202 202 202 202 202 202 202 202 202 203 203 203 203 203 203 203 203 203 203 203 203 203 203 203 203 203 203 203 203 203 203 203 203 203 203 203 203 203 203 203 203 204 204 204 204 204 204 204 204 204 204 204 203 203 203 204 204 204 203 203 203 203 203 203 204 204 204 204 204 204 204 203 203 203 203 203 203 203 203 203 204 204 204 204 204 204 204 204 204 204 204 204 204 204 204 204 204 203 203 203 203 203 203 203 202 203 203 203 203 203 203 203 203 203 203 203 203 203 203 203 203 203 203 203 203 204 203 203 203 203 203 203 204 203 203 203 204 204 203 203 204 203 203 203 202 202 202 202 202 202 203 203 202 202 202 202 202 0 0 0 0 0 0 0 0 0 0 0 0 0 0 0 201 202 202 202 202 202 203 203 203 203 203 203 203 203 203 203 203 202 202 202 202 202 202 202 202 202 202 202 202 202 202 202 202 202 202 202 202 202 202 202 202 202 202 0 0 0 0 0 0 0 0 0 0 0 0 0 0 0 0 0 0 0 0 0 0 0 0 0 0 0 0 0 0 0 0 0 0 0 0 0 0 0 0 0 0 0 0 0 0 0 0 0 0 0 0 0 0 
0 0 0 0 0 0 0 0 0 0 0 0 0 0 0 0 0 0 0 0 0 0 0 0 0 0 0 0 0 0 0 0 0 0 0 0 0 177 177 177 177 177 177 178 178 178 178 179 179 179 179 180 180 180 180 181 181 181 181 181 181 181 182 182 182 182 182 182 182 182 183 183 183 183 184 184 184 184 184 185 184 185 185 185 185 185 185 186 186 186 186 186 187 187 187 187 188 188 188 188 188 189 189 189 189 189 189 189 190 190 190 190 190 190 190 191 191 191 191 191 191 191 192 192 192 192 192 192 193 193 193 193 193 193 194 194 194 194 194 194 194 195 194 194 194 194 195 195 195 195 195 195 195 196 196 196 196 196 196 196 196 197 197 197 197 197 197 197 197 198 198 198 198 198 198 198 198 198 198 199 199 199 199 199 199 199 199 199 199 200 200 200 199 199 199 200 200 200 200 200 200 200 200 200 200 200 200 200 200 201 200 200 200 200 200 200 201 201 200 201 201 201 201 201 201 201 202 202 202 202 202 202 202 202 202 202 202 202 202 202 202 202 202 202 202 202 202 202 203 203 203 203 203 203 203 203 203 203 203 203 203 203 203 203 203 203 203 203 203 203 203 203 203 203 203 203 203 203 203 203 204 204 204 204 204 203 203 203 203 203 204 204 204 203 203 203 203 203 203 203 204 204 204 203 203 203 204 204 204 204 203 203 203 203 203 203 204 204 204 203 204 204 204 204 204 204 204 204 204 204 204 203 203 203 203 203 203 202 203 203 203 204 203 203 202 203 203 203 203 203 203 203 203 203 203 203 203 203 203 203 203 203 203 204 204 204 204 204 204 203 204 204 204 204 203 203 203 203 203 203 203 203 202 203 203 203 202 203 202 201 201 0 0 0 0 0 0 0 0 0 0 0 0 0 0 0 201 202 202 202 202 203 203 203 203 203 203 203 203 203 203 203 203 202 202 202 202 202 202 202 202 202 202 202 202 202 202 202 202 202 202 202 202 202 202 203 202 203 202 0 0 0 0 0 0 0 0 0 0 0 0 0 0 0 0 0 0 0 0 0 0 0 0 0 0 0 0 0 0 0 0 0 0 0 0 0 0 0 0 0 0 0 0 0 0 0 0 0 0 0 0 0 0 
0 0 0 0 0 0 0 0 0 0 0 0 0 0 0 0 0 0 0 0 0 0 0 0 0 0 0 0 0 0 0 0 0 0 0 0 0 176 177 177 178 178 178 178 178 178 178 178 179 179 179 179 180 180 180 180 181 181 181 181 181 181 181 182 182 182 182 182 183 182 182 183 183 183 183 183 184 184 184 184 184 185 185 185 185 185 185 186 186 186 186 186 187 187 187 187 187 188 188 188 188 188 188 189 189 189 189 189 189 190 190 190 190 190 190 190 191 191 191 191 191 191 191 191 192 192 192 192 192 192 193 193 193 193 193 194 194 194 194 194 194 194 194 194 194 194 194 195 195 195 195 195 195 195 195 196 196 196 196 196 196 196 197 197 197 197 197 197 197 197 197 198 198 198 198 198 198 198 198 198 198 198 199 199 199 199 199 199 199 199 199 200 199 199 199 199 200 200 199 200 200 200 200 200 200 200 200 200 200 200 200 200 200 200 200 200 200 200 200 200 200 201 201 201 201 201 201 202 201 201 201 202 202 202 202 202 202 202 202 202 202 202 202 202 202 202 202 202 202 202 202 203 203 203 202 202 203 203 203 203 203 203 203 203 203 203 203 203 203 203 203 203 203 203 203 203 203 203 203 203 203 203 203 203 203 203 203 203 203 203 203 204 203 203 203 203 203 203 203 203 203 203 203 203 203 203 203 203 203 204 204 204 204 204 203 203 203 203 203 203 203 203 203 203 203 204 204 204 204 204 204 204 204 203 203 203 202 202 203 203 203 203 203 203 203 203 203 203 203 203 203 203 203 203 203 203 203 203 203 203 203 203 203 203 203 204 204 204 204 203 203 204 204 204 203 203 202 203 203 203 203 202 202 203 203 202 202 203 202 202 201 201 201 0 0 0 0 0 0 0 0 0 0 0 0 201 201 201 201 202 202 203 203 203 203 203 203 203 203 203 203 203 203 202 202 202 202 202 202 202 202 202 202 202 202 202 202 202 202 202 202 202 202 202 203 203 202 202 202 0 0 0 0 0 0 0 0 0 0 0 0 0 0 0 0 0 0 0 0 0 0 0 0 0 0 0 0 0 0 0 0 0 0 0 0 0 0 0 0 0 0 0 0 0 0 0 0 0 0 0 0 0 0 
0 0 0 0 0 0 0 0 0 0 0 0 0 0 0 0 0 0 0 0 0 0 0 0 0 0 0 0 0 0 0 0 0 0 0 0 0 0 176 177 177 178 178 179 179 178 178 178 179 179 179 179 180 180 180 180 180 181 181 181 181 181 181 182 182 182 182 182 182 182 182 183 183 183 183 183 183 184 184 184 184 184 185 185 185 185 186 186 186 186 186 186 186 187 187 187 187 187 188 188 188 188 188 188 188 189 189 189 189 189 189 190 190 190 190 190 190 191 191 191 191 191 191 191 191 192 192 192 192 192 192 193 193 193 193 193 193 194 194 194 194 194 194 194 194 194 194 194 195 195 195 195 195 195 195 195 195 196 196 196 196 196 196 196 197 197 197 197 197 197 197 197 197 198 198 198 198 198 198 198 198 198 199 199 199 199 199 199 199 199 199 199 199 199 199 199 199 200 200 200 200 200 200 200 200 200 200 200 200 200 200 200 200 200 200 200 200 200 200 200 200 201 201 200 201 201 201 201 201 201 201 201 201 202 202 202 202 202 202 202 202 202 202 202 202 202 202 202 202 202 202 202 202 202 202 202 202 203 203 203 203 203 203 203 203 203 203 203 203 203 203 203 203 203 203 203 203 203 203 203 203 203 203 203 203 203 203 203 203 203 203 204 203 203 203 203 203 203 203 203 203 203 203 203 203 203 203 203 203 203 203 204 204 203 203 203 203 203 203 204 203 203 203 203 204 203 203 203 203 204 204 204 204 203 203 203 202 202 203 203 203 203 202 203 203 203 203 203 203 203 203 203 203 203 203 203 203 203 203 203 202 203 203 203 203 204 203 203 203 203 203 203 203 204 203 203 203 203 203 203 203 203 202 202 202 203 203 203 203 202 202 201 201 201 201 0 0 0 0 0 0 0 0 0 201 201 202 202 202 202 202 203 203 203 203 203 203 203 203 203 203 203 203 203 203 203 203 202 202 202 202 202 202 202 202 202 202 202 202 202 202 202 202 202 202 202 202 202 0 0 0 0 0 0 0 0 0 0 0 0 0 0 0 0 0 0 0 0 0 0 0 0 0 0 0 0 0 0 0 0 0 0 0 0 0 0 0 0 0 0 0 0 0 0 0 0 0 0 0 0 0 0 0 
0 0 0 0 0 0 0 0 0 0 0 0 0 0 0 0 0 0 0 0 0 0 0 0 0 0 0 0 0 0 0 0 0 0 0 0 0 0 176 177 177 177 177 178 179 179 179 178 179 179 179 179 180 180 180 180 180 180 181 181 181 181 181 181 181 181 182 182 182 182 183 183 183 183 183 183 183 183 184 184 184 184 184 185 185 185 185 186 186 186 186 186 186 186 186 187 187 187 188 188 188 188 188 188 188 188 188 189 189 189 189 189 189 190 190 190 190 190 190 191 191 191 191 191 191 192 192 192 192 192 192 192 193 193 193 193 193 193 194 194 194 194 193 194 194 194 194 194 194 195 195 195 195 195 195 195 195 195 196 196 196 196 196 196 196 196 197 197 197 197 197 197 197 197 198 198 198 198 198 198 198 198 198 198 198 198 199 199 199 199 199 199 199 199 199 199 199 199 199 199 199 200 200 200 200 200 200 200 200 200 200 200 200 200 200 200 200 200 200 200 200 200 200 201 201 201 201 201 201 201 201 201 201 201 201 202 202 202 202 202 202 202 202 202 202 202 202 202 202 202 202 202 202 202 202 202 202 202 203 203 203 203 203 203 203 202 202 202 203 203 203 203 203 203 203 203 203 203 203 203 203 203 203 203 203 203 203 203 203 203 203 203 203 203 203 203 203 203 203 203 203 203 203 203 203 203 203 203 203 203 203 203 203 203 203 203 203 203 203 203 204 203 203 203 203 204 203 204 204 204 204 204 204 203 203 203 203 203 203 203 203 203 202 203 203 203 203 203 203 203 203 203 203 203 203 202 202 202 203 203 203 202 202 203 203 203 203 203 203 203 203 203 204 204 203 203 203 203 204 204 203 203 203 203 202 203 203 203 202 202 202 202 202 201 201 201 0 0 0 0 0 0 0 201 201 201 202 202 202 203 203 203 203 203 203 203 203 203 203 203 203 203 203 203 203 203 203 202 202 202 202 202 202 202 202 202 202 202 0 0 202 202 202 202 202 202 202 0 0 0 0 0 0 0 0 0 0 0 0 0 0 0 0 0 0 0 0 0 0 0 0 0 0 0 0 0 0 0 0 0 0 0 0 0 0 0 0 0 0 0 0 0 0 0 0 0 0 0 0 0 0 0 0 
0 0 0 0 0 0 0 0 0 0 0 0 0 0 0 0 0 0 0 0 0 0 0 0 0 0 0 0 0 0 0 0 0 0 0 0 0 0 0 176 176 177 177 178 178 179 179 179 179 179 179 180 180 180 180 180 180 180 180 180 181 181 181 181 181 181 182 182 182 182 182 182 183 183 183 183 183 183 184 184 184 184 184 184 185 185 185 185 185 186 186 186 186 186 186 186 187 187 187 187 188 188 188 188 188 188 188 188 188 188 189 189 189 189 189 190 190 190 190 190 190 190 191 191 191 192 192 192 192 192 192 192 193 193 193 193 193 193 193 194 194 194 193 194 194 194 194 194 194 194 194 195 195 195 195 195 195 195 196 196 196 196 196 196 196 196 197 197 197 197 196 197 197 197 197 197 197 198 198 198 198 198 198 198 198 198 199 199 199 199 199 199 199 199 199 199 199 199 199 199 199 200 200 200 200 199 199 199 200 200 200 200 200 200 200 200 200 200 200 200 200 200 200 200 200 200 200 201 201 201 201 201 201 201 201 201 201 201 201 201 202 202 202 202 202 202 202 202 202 202 202 202 202 202 202 202 202 202 202 203 203 202 202 203 203 202 202 202 203 203 203 203 203 203 203 203 203 203 203 203 203 203 203 203 203 203 203 203 203 203 203 203 203 203 203 203 203 203 203 203 203 203 203 203 203 203 203 203 203 203 203 203 203 204 203 203 203 203 203 203 203 203 203 203 203 204 204 204 204 204 204 204 203 203 203 203 203 203 203 203 203 203 202 203 203 203 203 203 203 203 203 203 203 202 203 203 203 203 203 203 203 202 202 203 203 203 203 203 203 203 203 203 203 204 204 204 203 204 204 204 203 203 203 203 203 202 202 202 202 202 202 202 202 202 201 201 201 201 201 201 201 201 201 201 202 202 202 202 203 203 203 203 203 203 203 203 203 203 203 203 203 203 203 203 203 203 203 203 202 202 202 202 202 202 202 202 202 0 0 0 0 0 0 0 0 0 0 0 0 0 0 0 0 0 0 0 0 0 0 0 0 0 0 0 0 0 0 0 0 0 0 0 0 0 0 0 0 0 0 0 0 0 0 0 0 0 0 0 0 0 0 0 0 0 0 0 0 0 0 0 0 0 0 
0 0 0 0 0 0 0 0 0 0 0 0 0 0 0 0 0 0 0 0 0 0 0 0 0 0 0 0 0 0 0 0 0 0 0 0 0 0 0 176 176 176 177 177 177 178 179 179 179 179 179 179 180 180 180 179 180 180 180 180 181 181 181 181 181 181 182 182 182 182 182 183 183 183 182 183 183 183 183 184 184 184 184 184 185 185 185 185 185 185 186 186 186 186 186 186 186 187 187 187 187 188 188 188 188 188 188 188 188 188 188 189 189 189 189 189 189 190 190 190 190 190 191 191 191 191 192 192 192 192 192 192 193 193 193 193 193 193 193 193 194 194 193 193 194 194 194 194 194 194 194 194 194 195 195 195 195 195 195 195 196 196 196 196 196 196 196 196 196 196 196 196 197 197 197 197 197 197 198 198 198 198 198 198 198 198 198 198 199 199 199 199 199 199 199 199 199 199 199 199 199 199 199 199 199 199 199 199 200 200 200 200 200 200 200 200 200 200 200 200 200 200 200 200 200 200 200 200 201 201 201 201 201 201 201 201 201 201 201 201 201 201 202 202 202 202 202 202 202 202 202 202 202 202 202 202 202 202 202 202 202 202 202 202 202 202 202 202 202 203 203 203 203 203 203 203 203 203 203 203 203 203 203 203 203 203 203 203 203 203 203 203 203 203 203 203 203 203 203 203 203 203 203 203 203 203 203 203 203 203 203 203 203 203 203 203 203 203 203 203 203 203 203 203 203 203 203 203 204 204 204 204 203 203 203 203 203 203 203 203 203 203 202 202 202 202 202 203 203 203 203 202 202 202 203 203 203 203 203 203 203 203 202 202 203 203 203 204 203 203 203 203 203 204 203 203 203 203 203 204 204 204 203 203 203 203 202 202 202 202 202 202 201 201 201 201 201 201 201 201 201 202 201 201 202 201 202 202 202 203 203 203 203 203 203 203 203 203 203 203 203 203 203 203 203 203 203 203 203 202 202 202 202 202 202 202 202 0 0 0 0 0 0 0 0 0 0 0 0 0 0 0 0 0 0 0 0 0 0 0 0 0 0 0 0 0 0 0 0 0 0 0 0 0 0 0 0 0 0 0 0 0 0 0 0 0 0 0 0 0 0 0 0 0 0 0 0 0 0 0 0 0 0 
0 0 0 0 0 0 0 0 0 0 0 0 0 0 0 0 0 0 0 0 0 0 0 0 0 0 0 0 0 0 0 0 0 0 0 0 0 0 0 176 176 177 177 177 177 177 178 178 178 179 179 179 179 180 180 180 180 180 180 180 180 181 181 181 181 182 182 182 182 182 182 183 183 183 183 183 183 183 183 183 184 184 184 184 184 185 185 185 185 185 185 186 186 186 186 186 186 186 187 187 187 187 188 188 188 188 188 188 188 188 189 189 189 189 189 189 189 190 190 190 190 190 191 191 191 191 191 192 192 192 192 192 192 193 193 193 193 193 193 193 193 194 193 193 193 193 194 194 194 194 194 194 194 195 195 195 195 195 195 195 195 195 195 196 196 196 196 196 196 196 196 196 197 197 197 197 197 197 197 197 198 198 198 198 198 198 198 198 198 199 199 199 198 198 198 198 199 199 199 199 199 199 199 199 199 199 199 199 199 200 199 199 200 199 199 199 200 200 200 200 200 200 200 200 200 200 200 200 201 201 201 201 201 201 201 201 201 201 201 201 201 201 201 202 202 202 202 202 202 202 202 202 202 202 202 202 202 202 202 202 202 202 202 202 202 202 202 202 202 202 203 203 203 203 203 203 203 203 203 203 203 203 203 203 203 203 203 203 203 203 203 203 203 203 203 203 203 203 203 203 203 203 203 203 203 203 203 203 203 203 203 203 203 203 203 203 203 203 203 203 203 203 203 203 203 203 203 203 203 203 204 203 203 203 203 203 203 203 203 203 203 203 202 202 202 202 202 202 203 202 202 202 202 202 203 203 203 203 203 203 203 203 202 202 202 202 203 203 203 203 203 203 203 204 203 203 203 203 203 204 204 204 204 204 204 203 203 202 202 202 202 202 202 202 202 202 201 201 201 202 202 202 201 201 202 202 202 202 202 203 203 203 203 203 203 203 203 203 203 203 203 203 203 203 203 203 202 203 203 202 202 202 202 202 202 202 202 202 0 0 0 0 0 0 0 0 0 0 0 0 0 0 0 0 0 0 0 0 0 0 0 0 0 0 0 0 0 0 0 0 0 0 0 0 0 0 0 0 0 0 0 0 0 0 0 0 0 0 0 0 0 0 0 0 0 0 0 0 0 0 0 0 0 
0 0 0 0 0 0 0 0 0 0 0 0 0 0 0 0 0 0 0 0 0 0 0 0 0 0 0 0 0 0 0 0 0 0 0 0 0 0 0 176 176 177 177 177 177 177 177 178 178 178 179 179 179 179 180 180 180 180 180 180 180 181 181 181 181 182 182 182 182 182 182 183 183 183 183 183 183 183 183 183 183 184 184 184 184 184 184 185 185 185 185 185 186 186 186 186 186 186 186 187 187 187 187 188 188 188 188 188 188 189 189 189 189 189 189 189 190 190 190 190 190 191 191 191 191 191 191 192 192 192 192 192 192 192 192 193 193 193 193 193 193 194 193 193 193 193 193 193 194 194 194 194 194 194 195 195 195 195 195 195 195 195 195 196 196 196 196 196 196 196 196 196 197 197 197 197 197 197 197 197 197 197 197 197 198 198 198 198 198 198 199 198 198 198 198 198 198 199 199 199 199 199 199 199 199 199 199 199 199 199 199 199 199 199 199 199 199 200 200 200 200 200 200 200 200 200 200 200 200 200 201 201 201 201 201 201 201 201 201 201 201 201 201 201 201 202 202 202 202 202 202 202 202 202 202 202 202 202 202 202 202 202 202 202 202 202 202 202 202 202 202 202 203 203 203 203 203 203 203 203 203 203 203 203 203 203 203 202 202 203 203 203 203 203 203 203 203 203 203 203 203 203 203 203 203 203 203 203 203 203 203 203 203 203 203 203 203 203 203 203 203 203 203 203 203 203 203 203 203 203 203 203 203 203 203 203 203 203 203 203 203 203 202 202 202 202 202 202 202 202 202 202 203 202 202 202 203 203 203 203 203 203 202 202 202 202 202 203 203 203 203 203 203 204 203 203 203 203 203 203 203 203 203 203 203 203 202 202 202 202 202 202 202 202 202 202 202 201 202 202 202 202 201 201 201 202 202 202 203 203 203 203 203 203 202 202 203 203 203 203 203 203 203 203 203 202 202 203 203 202 202 202 202 202 202 202 202 202 0 0 0 0 0 0 0 0 0 0 0 0 0 0 0 0 0 0 0 0 0 0 0 0 0 0 0 0 0 0 0 0 0 0 0 0 0 0 0 0 0 0 0 0 0 0 0 0 0 0 0 0 0 0 0 0 0 0 0 0 0 0 0 0 0 
0 0 0 0 0 0 0 0 0 0 0 0 0 0 0 0 0 0 0 0 0 0 0 0 0 0 0 0 0 0 0 0 0 0 0 0 0 0 0 0 176 176 176 177 177 177 177 177 178 178 178 179 179 179 180 180 180 180 180 180 180 181 181 181 181 181 181 181 182 182 182 182 182 182 182 182 182 183 183 183 183 184 184 184 184 184 185 185 185 185 185 185 186 186 186 186 186 186 186 186 187 187 187 187 188 188 188 188 189 189 189 189 189 189 190 190 190 190 190 190 190 191 191 191 191 191 191 191 192 192 192 192 192 192 192 192 193 193 193 193 193 193 193 193 193 193 193 193 193 194 194 194 194 194 194 195 195 195 195 195 195 195 195 196 196 196 196 196 196 196 196 196 196 197 197 197 197 197 197 197 197 197 197 197 197 198 198 198 198 198 198 198 198 198 198 198 198 198 198 198 199 199 199 199 199 199 199 199 199 199 199 199 199 199 199 199 199 200 200 200 200 200 200 200 200 200 200 200 200 200 200 200 201 201 201 201 201 201 201 201 201 201 201 201 201 201 201 201 202 202 202 202 202 202 202 202 202 202 202 202 202 202 202 202 202 202 202 202 202 202 202 202 202 202 203 203 203 203 203 203 203 203 203 203 203 203 202 202 203 202 203 203 203 203 203 203 203 203 202 202 202 203 203 203 203 203 203 203 203 203 203 203 203 203 203 203 203 203 203 203 203 203 203 203 203 203 203 203 203 203 203 203 203 203 203 203 203 203 203 203 203 203 202 203 203 202 202 203 202 202 202 202 203 202 202 202 203 202 203 203 203 203 203 202 202 202 203 203 203 203 203 203 204 204 203 203 203 203 203 203 203 203 203 203 203 203 202 203 202 202 202 202 202 202 202 202 202 202 202 202 202 201 201 201 202 202 202 202 203 203 203 203 203 203 203 202 202 202 203 203 203 203 203 203 203 202 202 202 202 203 202 202 202 203 202 202 202 202 202 0 0 0 0 0 0 0 0 0 0 0 0 0 0 0 0 0 0 0 0 0 0 0 0 0 0 0 0 0 0 0 0 0 0 0 0 0 0 0 0 0 0 0 0 0 0 0 0 0 0 0 0 0 0 0 0 0 0 0 0 0 0 0 0 
0 0 0 0 0 0 0 0 0 0 0 0 0 0 0 0 0 0 0 0 0 0 0 0 0 0 0 0 0 0 0 0 0 0 0 0 0 0 0 0 176 176 176 177 177 177 177 177 178 178 178 178 179 179 180 180 180 180 180 180 180 180 181 181 181 181 181 181 182 182 182 182 182 182 182 182 182 183 183 183 183 184 184 184 184 184 184 184 185 185 185 185 186 186 186 186 186 186 186 186 187 187 187 187 187 188 188 188 189 189 189 189 189 189 189 190 190 190 190 190 190 190 190 191 191 191 191 191 191 191 191 192 192 192 192 192 192 193 193 193 193 193 193 193 193 193 193 193 193 194 194 194 194 194 194 194 194 194 195 195 195 195 195 195 195 196 196 196 196 196 196 196 196 197 197 197 197 197 197 197 196 197 197 197 197 198 198 198 198 198 198 198 198 198 198 198 198 198 198 198 198 198 198 198 198 199 199 199 199 199 199 199 199 199 199 199 199 200 200 200 200 200 200 200 200 200 200 200 200 200 200 200 200 200 201 201 201 201 201 201 201 201 201 201 201 201 201 201 201 201 202 202 202 202 201 201 201 202 202 202 202 202 202 202 202 202 202 202 202 202 202 202 202 202 202 202 202 202 203 203 203 203 203 203 203 202 202 202 202 203 203 203 203 202 202 202 202 202 202 202 202 202 203 203 202 202 203 202 203 203 203 203 203 203 203 203 203 203 203 203 203 203 203 203 203 203 203 203 203 203 203 203 203 203 204 203 203 203 203 203 203 203 203 203 203 203 202 203 202 202 202 203 203 203 202 202 203 203 202 202 203 203 203 202 202 202 203 202 203 203 203 203 203 203 203 203 203 204 204 203 203 203 203 203 203 204 203 203 202 202 202 203 202 202 202 202 202 202 202 201 201 202 201 201 202 202 202 202 203 203 203 203 203 203 203 202 202 202 202 202 202 203 203 203 203 202 202 202 202 202 202 202 203 203 202 202 202 202 202 202 0 0 0 0 0 0 0 0 0 0 0 0 0 0 0 0 0 0 0 0 0 0 0 0 0 0 0 0 0 0 0 0 0 0 0 0 0 0 0 0 0 0 0 0 0 0 0 0 0 0 0 0 0 0 0 0 0 0 0 0 0 0 0 
0 0 0 0 0 0 0 0 0 0 0 0 0 0 0 0 0 0 0 0 0 0 0 0 0 0 0 0 0 0 0 0 0 0 0 0 0 0 0 0 176 176 176 177 177 177 177 178 178 178 178 178 178 179 180 180 180 180 180 180 180 180 181 181 181 181 181 181 181 182 182 182 182 182 182 182 182 183 183 183 183 183 184 184 184 184 184 184 184 185 185 185 186 186 186 186 186 186 186 186 186 187 187 187 187 188 188 188 188 189 189 189 189 189 189 189 189 190 190 190 190 190 190 190 191 191 191 191 191 191 191 192 192 192 192 192 192 192 192 193 193 193 192 192 193 193 193 193 193 193 193 194 194 194 194 194 194 194 194 194 195 195 195 195 195 195 196 196 196 196 196 196 196 196 196 196 196 197 197 197 197 197 197 197 197 197 198 198 198 198 198 198 197 197 197 198 198 198 198 198 198 198 198 198 198 198 198 199 199 199 199 199 199 199 199 199 199 199 199 200 200 200 200 200 200 200 200 200 200 200 200 200 200 200 200 200 201 201 201 201 201 201 201 201 201 201 201 201 201 201 201 201 201 201 201 201 201 202 202 202 202 202 202 202 202 202 202 202 202 202 202 202 202 202 202 202 202 202 202 202 202 202 203 203 203 202 202 202 202 203 203 203 202 202 202 202 202 202 202 202 202 202 202 202 202 202 202 202 203 203 203 203 203 203 203 203 203 203 202 203 203 203 203 203 203 203 203 203 203 203 203 203 203 203 203 203 203 203 203 203 203 203 203 203 203 202 202 203 202 202 202 203 203 203 203 202 202 203 203 202 202 203 203 202 202 202 202 202 202 203 203 203 203 202 202 203 203 203 203 203 203 203 203 203 203 203 203 203 203 203 203 203 202 203 202 202 202 202 202 202 202 202 201 202 202 202 202 202 203 203 203 203 203 203 203 203 202 203 202 202 202 203 203 202 203 203 202 202 202 202 202 202 203 203 202 202 202 202 202 202 202 0 0 0 0 0 0 0 0 0 0 0 0 0 0 0 0 0 0 0 0 0 0 0 0 0 0 0 0 0 0 0 0 0 0 0 0 0 0 0 0 0 0 0 0 0 0 0 0 0 0 0 0 0 0 0 0 0 0 0 0 0 0 
0 0 0 0 0 0 0 0 0 0 0 0 0 0 0 0 0 0 0 0 0 0 0 0 0 0 0 0 0 0 0 0 0 0 0 0 0 0 0 175 176 176 177 177 177 177 177 177 178 178 178 178 178 178 179 180 180 179 179 180 180 180 181 181 181 181 181 181 181 182 182 182 182 182 182 182 182 183 183 183 183 183 183 184 184 184 184 184 184 184 185 185 185 185 186 186 186 186 186 186 186 186 187 187 187 188 188 188 188 188 188 189 189 189 189 189 189 190 190 190 190 190 190 190 190 190 191 191 191 191 191 192 192 192 192 192 192 192 192 192 193 193 192 192 193 193 193 193 193 193 193 193 194 194 194 194 194 194 194 194 195 195 195 195 195 195 195 195 195 196 196 196 196 196 196 196 196 196 196 196 196 197 197 197 197 197 197 197 197 197 197 197 197 197 197 197 197 197 198 198 198 198 198 198 198 198 198 199 199 199 198 199 199 199 199 199 199 199 199 199 199 199 199 200 200 200 200 200 200 200 200 200 200 200 200 200 200 200 201 201 201 201 201 200 201 201 201 201 201 201 201 201 201 201 201 201 201 201 202 202 202 202 202 202 202 202 202 202 202 202 202 202 202 202 202 202 202 202 202 202 202 202 202 202 202 202 202 202 202 202 202 202 202 202 202 202 202 202 202 202 202 202 202 202 202 202 202 202 202 203 202 203 203 203 203 203 203 203 202 203 203 203 203 203 203 203 203 203 203 203 203 203 203 203 204 203 203 203 203 203 203 203 203 203 203 202 202 203 202 202 202 202 203 203 203 202 202 202 203 203 202 203 203 202 202 202 202 202 202 203 203 203 202 202 202 203 203 203 203 203 203 203 203 203 203 203 204 203 203 203 203 203 202 202 202 202 202 202 202 202 202 201 201 202 202 202 202 202 202 203 203 203 203 203 203 203 203 203 202 202 202 202 202 202 202 202 202 202 202 202 202 203 202 202 202 202 202 202 202 202 202 202 0 0 0 0 0 0 0 0 0 0 0 0 0 0 0 0 0 0 0 0 0 0 0 0 0 0 0 0 0 0 0 0 0 0 0 0 0 0 0 0 0 0 0 0 0 0 0 0 0 0 0 0 0 0 0 0 0 0 0 0 0 
0 0 0 0 0 0 0 0 0 0 0 0 0 0 0 0 0 0 0 0 0 0 0 0 0 0 0 0 0 0 0 0 0 0 0 0 0 175 175 175 175 176 176 176 176 177 177 177 177 177 178 178 178 179 179 180 180 180 180 180 180 180 181 181 181 181 181 181 181 181 181 181 182 182 182 182 182 182 183 183 183 183 183 183 184 184 184 184 184 184 184 185 185 185 185 186 186 186 186 186 186 187 187 187 187 187 188 188 188 188 188 188 189 189 189 189 189 189 189 190 190 190 190 190 190 190 190 190 191 191 191 191 191 192 192 192 192 192 192 192 192 193 192 192 192 193 193 193 193 193 193 193 193 194 194 194 194 194 194 194 195 195 195 195 195 195 195 195 195 196 196 196 196 196 196 196 196 196 196 196 196 196 196 196 197 197 197 197 197 197 197 198 197 197 197 197 197 197 197 197 198 198 198 198 198 198 198 198 198 198 198 198 199 199 199 199 199 199 199 199 199 199 199 199 199 199 200 200 200 200 200 200 200 200 200 200 200 200 200 200 200 200 201 200 200 201 201 201 201 201 201 201 201 201 201 201 201 201 201 202 202 202 202 202 202 202 201 201 202 201 202 202 202 202 202 202 202 202 202 202 202 202 202 202 202 202 202 202 202 202 202 202 202 202 202 202 202 202 202 202 202 202 202 202 202 202 202 202 202 202 202 202 202 202 203 203 203 203 202 202 203 203 203 203 203 203 203 203 203 203 203 203 203 203 203 203 203 203 203 203 203 203 202 202 202 202 202 203 202 202 202 202 202 203 203 203 202 202 202 203 203 203 203 203 203 202 202 202 202 202 203 202 202 202 203 203 203 202 203 203 203 203 203 203 203 203 203 203 203 203 203 203 202 202 202 202 202 202 202 202 202 202 201 202 202 202 202 202 203 203 203 203 203 203 203 203 203 203 203 203 203 202 202 203 203 202 202 202 202 202 202 202 202 202 202 202 202 202 202 202 202 202 0 0 0 0 0 0 0 0 0 0 0 0 0 0 0 0 0 0 0 0 0 0 0 0 0 0 0 0 0 0 0 0 0 0 0 0 0 0 0 0 0 0 0 0 0 0 0 0 0 0 0 0 0 0 0 0 0 0 0 0 0 
0 0 0 0 0 0 0 0 0 0 0 0 0 0 0 0 0 0 0 0 0 0 0 0 0 0 0 0 0 0 0 0 0 0 0 174 175 175 175 175 175 175 176 176 176 177 177 177 177 177 178 178 178 179 179 180 180 180 180 180 180 180 180 181 181 181 181 181 181 181 181 181 181 182 181 182 182 182 182 182 183 183 183 183 183 184 184 184 184 184 184 184 185 185 185 186 186 186 186 186 186 187 187 187 187 188 188 188 188 188 188 188 188 189 189 189 189 189 189 189 189 189 190 190 190 190 190 190 190 191 191 191 191 191 191 192 192 192 192 192 192 192 192 192 192 192 192 192 193 193 193 193 193 193 194 194 194 194 194 194 194 195 195 195 195 195 195 195 195 195 195 195 196 196 196 196 196 196 196 196 196 196 196 196 196 196 196 197 197 197 197 197 197 197 197 197 197 197 197 197 197 197 198 198 198 198 198 198 198 198 198 198 198 199 199 199 199 199 199 199 199 199 199 199 199 199 199 199 199 200 200 200 200 200 200 200 200 200 200 200 200 200 200 200 200 200 201 201 201 201 201 201 201 201 201 201 201 201 201 201 201 201 202 202 202 202 202 201 202 201 201 202 202 202 202 202 202 202 202 202 202 202 202 202 202 202 202 202 202 202 202 202 202 202 202 202 202 202 202 202 202 202 202 202 202 202 202 202 202 202 202 202 202 202 202 202 202 203 202 202 202 203 203 203 203 203 202 202 202 203 203 203 203 203 203 203 203 203 203 203 203 203 202 202 203 202 202 202 202 202 202 202 202 202 203 203 202 203 202 202 203 203 203 203 202 202 202 202 202 202 203 202 203 203 203 203 203 202 202 203 203 203 203 203 203 203 203 203 203 203 203 203 203 202 202 202 202 202 202 202 202 201 201 201 202 202 202 202 203 203 203 203 203 203 203 203 203 203 203 203 203 203 203 203 203 202 202 202 202 202 202 202 202 202 202 202 202 202 202 202 202 202 0 0 0 0 0 0 0 0 0 0 0 0 0 0 0 0 0 0 0 0 0 0 0 0 0 0 0 0 0 0 0 0 0 0 0 0 0 0 0 0 0 0 0 0 0 0 0 0 0 0 0 0 0 0 0 0 0 0 0 0 0 
0 0 0 0 0 0 0 0 0 0 0 0 0 0 0 0 0 0 0 0 0 0 0 0 0 0 0 0 0 0 0 0 0 0 0 174 175 175 175 175 175 175 176 176 176 176 177 177 177 178 178 178 178 179 179 179 179 179 180 180 180 180 180 180 180 181 181 181 181 181 181 181 181 181 181 182 182 182 182 182 182 183 183 183 183 184 184 184 184 184 184 184 185 185 185 185 185 186 186 186 186 187 187 187 187 187 188 188 188 188 188 188 188 188 189 189 189 189 189 189 189 189 190 190 190 190 190 190 190 191 191 191 191 191 191 191 192 192 192 192 192 192 192 192 192 192 192 192 192 192 193 193 193 193 193 194 194 194 194 194 194 194 194 194 194 195 195 195 195 195 195 195 195 196 196 196 196 196 196 196 196 196 196 196 197 197 197 197 197 197 197 197 197 197 197 197 197 197 197 197 197 197 197 198 198 198 198 198 198 198 198 198 198 198 198 199 199 199 199 199 199 199 199 199 199 199 199 199 199 199 199 199 199 200 200 200 200 200 200 200 200 200 200 200 200 200 201 201 201 201 201 201 201 201 201 201 201 201 201 201 201 201 201 202 202 201 201 201 201 201 201 201 202 202 202 202 202 202 202 202 202 202 202 202 202 202 202 202 202 202 202 202 202 202 202 202 202 202 202 202 202 202 202 202 202 202 202 202 202 202 202 202 202 202 202 202 202 203 202 202 202 202 202 202 202 202 202 203 203 203 203 203 203 203 203 203 203 203 203 203 202 203 202 202 202 202 202 202 202 202 202 202 202 202 202 202 202 203 202 202 203 203 203 203 203 203 202 202 202 202 202 202 203 203 203 203 203 203 202 202 202 203 203 203 203 203 203 203 203 202 203 203 203 202 202 202 202 202 202 202 202 201 201 201 202 202 202 202 203 203 203 203 203 203 203 203 203 203 203 203 203 202 203 202 203 202 202 202 202 202 202 202 202 203 203 202 202 202 202 202 202 202 202 0 0 0 0 0 0 0 0 0 0 0 0 0 0 0 0 0 0 0 0 0 0 0 0 0 0 0 0 0 0 0 0 0 0 0 0 0 0 0 0 0 0 0 0 0 0 0 0 0 0 0 0 0 0 0 0 0 0 0 0 
0 0 0 0 0 0 0 0 0 0 0 0 0 0 0 0 0 0 0 0 0 0 0 0 0 0 0 0 0 0 0 0 0 0 0 174 175 175 175 175 175 176 176 176 176 176 176 177 177 177 178 178 179 179 179 179 179 178 179 179 179 179 180 180 180 180 181 181 181 181 181 181 181 181 182 182 182 182 182 183 182 183 183 183 183 183 184 184 184 184 184 184 184 185 185 185 185 185 186 186 186 186 187 187 187 187 187 188 188 188 188 188 188 188 189 189 189 189 189 189 190 190 190 190 190 190 190 190 190 191 191 191 191 191 191 191 191 192 192 192 192 192 192 192 192 192 192 192 192 192 192 193 193 193 193 194 194 194 194 194 194 194 194 194 194 194 195 195 195 195 195 195 195 195 195 196 196 196 196 196 196 196 196 196 196 197 197 197 197 196 197 197 196 196 197 197 197 197 197 197 197 197 197 197 198 197 198 198 198 198 198 198 198 198 198 198 198 199 199 199 199 199 199 199 199 199 199 199 199 199 199 199 199 199 199 200 200 200 200 200 200 200 200 200 200 200 200 200 201 201 201 201 201 201 201 201 201 201 201 201 201 201 201 201 201 201 201 201 201 201 201 201 202 202 202 202 202 202 202 202 202 202 202 202 202 202 202 202 202 202 202 202 202 202 202 202 202 202 202 202 202 202 202 202 202 202 202 202 202 202 202 202 202 202 202 202 202 203 203 203 203 203 202 202 202 202 202 202 202 203 203 203 203 203 203 203 202 203 203 203 202 202 202 202 202 202 202 202 202 203 203 203 202 202 202 202 202 203 203 202 203 203 203 203 203 203 203 203 202 202 202 202 203 203 203 203 203 203 203 202 202 203 203 203 203 202 203 203 202 202 203 203 203 203 202 202 202 202 202 202 202 201 201 201 202 202 202 202 202 202 203 203 203 203 203 202 202 202 202 202 202 202 202 202 202 202 202 202 202 202 202 202 203 203 203 202 202 202 202 202 202 202 202 0 0 0 0 0 0 0 0 0 0 0 0 0 0 0 0 0 0 0 0 0 0 0 0 0 0 0 0 0 0 0 0 0 0 0 0 0 0 0 0 0 0 0 0 0 0 0 0 0 0 0 0 0 0 0 0 0 0 0 0 
0 0 0 0 0 0 0 0 0 0 0 0 0 0 0 0 0 0 0 0 0 0 0 0 0 0 0 0 0 0 0 0 0 0 173 174 174 175 175 175 176 176 176 176 176 177 177 177 177 177 178 178 179 179 179 179 179 178 179 179 179 179 179 180 180 180 180 180 180 181 181 181 181 181 182 182 182 182 182 182 182 182 183 183 183 183 183 183 184 184 184 184 184 184 184 185 185 185 186 186 186 186 186 187 187 187 187 188 188 188 188 188 188 188 189 189 189 189 189 189 189 190 189 189 190 190 190 190 190 191 191 191 191 191 191 191 192 192 192 192 192 192 192 192 192 192 192 192 193 192 192 192 193 193 193 193 193 193 194 194 194 194 194 194 194 194 194 194 194 194 195 195 195 195 195 195 195 196 196 196 196 196 196 196 196 196 196 196 197 197 197 197 196 196 196 197 197 197 197 197 197 197 197 197 197 197 197 198 198 198 198 198 198 198 198 198 198 198 198 198 199 199 199 199 199 199 199 199 199 199 199 199 199 199 199 199 200 200 200 200 200 200 200 200 200 200 200 200 200 200 200 200 201 201 201 201 201 201 201 201 201 201 201 201 201 201 201 201 201 201 201 201 201 202 202 202 202 202 202 202 202 202 202 202 202 202 202 202 201 202 202 202 202 202 202 202 202 202 202 202 202 202 202 202 202 202 202 202 202 202 202 202 202 202 202 202 202 202 202 202 202 202 202 202 202 202 202 202 202 202 202 202 203 203 203 203 203 203 203 202 202 202 202 202 202 202 202 202 202 203 203 202 202 202 202 202 203 203 203 203 203 203 203 203 203 203 203 203 203 202 202 202 203 203 203 203 203 203 203 203 202 202 202 203 203 202 202 202 202 202 203 203 203 203 203 202 202 202 202 202 202 202 201 201 201 201 201 202 202 202 203 203 203 202 202 203 202 202 202 203 203 203 203 203 202 202 202 202 202 202 202 203 202 202 203 202 202 202 202 202 202 202 202 0 0 0 0 0 0 0 0 0 0 0 0 0 0 0 0 0 0 0 0 0 0 0 0 0 0 0 0 0 0 0 0 0 0 0 0 0 0 0 0 0 0 0 0 0 0 0 0 0 0 0 0 0 0 0 0 0 0 0 0 
0 0 0 0 0 0 0 0 0 0 0 0 0 0 0 0 0 0 0 0 0 0 0 0 0 0 0 0 0 0 0 0 0 0 0 0 173 174 175 175 176 176 176 176 176 177 177 177 177 177 178 178 178 179 179 179 179 179 178 179 179 179 179 179 179 179 180 180 180 180 180 181 181 182 182 182 182 182 182 182 182 182 183 183 183 183 183 183 184 184 184 184 184 184 184 184 185 185 185 185 186 186 186 186 187 187 187 187 188 188 188 188 188 188 188 189 189 189 189 189 189 189 189 189 190 190 190 190 190 190 191 191 191 191 191 191 191 192 192 192 192 192 192 192 192 192 192 192 192 192 192 192 192 193 193 193 193 193 193 193 194 194 194 194 194 194 194 194 195 194 195 195 195 195 195 195 195 195 195 196 196 196 196 196 196 196 196 196 196 197 196 197 196 196 196 196 197 197 197 197 197 197 197 197 197 197 197 197 197 197 198 198 198 198 198 198 198 198 198 198 198 198 199 199 199 199 199 199 199 199 199 199 199 199 199 199 199 199 199 199 200 200 200 200 200 200 200 200 200 200 200 200 200 201 201 201 201 200 201 201 201 201 201 201 201 201 201 201 201 201 201 201 201 201 201 202 202 202 202 202 202 202 202 202 202 202 202 201 201 202 202 202 202 202 202 202 202 202 202 202 202 202 202 202 202 202 202 202 202 202 202 202 202 202 202 202 202 202 202 202 202 202 202 202 202 202 202 203 203 202 202 203 202 202 203 203 203 204 203 202 202 202 202 202 202 202 202 202 203 202 202 202 202 202 202 202 202 203 203 203 203 203 203 202 202 202 202 202 202 202 202 202 203 203 202 202 203 203 203 202 202 202 202 202 203 202 202 202 203 203 203 203 202 203 203 203 202 202 202 202 202 202 201 201 201 202 202 202 202 202 203 203 203 203 203 203 203 203 203 202 203 203 203 203 203 202 202 202 202 203 203 203 202 202 202 202 202 202 202 202 202 202 202 202 0 0 0 0 0 0 0 0 0 0 0 0 0 0 0 0 0 0 0 0 0 0 0 0 0 0 0 0 0 0 0 0 0 0 0 0 0 0 0 0 0 0 0 0 0 0 0 0 0 0 0 0 0 0 0 0 0 0 0 
0 0 0 0 0 0 0 0 0 0 0 0 0 0 0 0 0 0 0 0 0 0 0 0 0 0 0 0 0 0 0 0 0 0 0 173 174 174 174 175 175 176 176 176 176 176 177 177 177 177 177 177 178 178 179 179 179 179 178 178 178 179 179 179 179 179 179 180 180 181 181 181 181 181 181 181 182 182 182 182 182 182 183 183 183 183 183 183 183 183 184 184 184 184 185 185 185 185 185 185 185 186 186 186 186 186 187 187 187 187 188 188 188 188 188 188 188 189 189 189 189 189 189 189 189 190 190 190 190 190 190 190 190 191 191 191 191 191 191 192 192 192 192 192 192 192 192 192 192 192 192 192 192 192 193 193 193 193 193 193 193 194 194 194 194 194 194 194 194 195 195 195 195 195 195 195 195 195 196 196 196 196 196 196 196 196 196 196 196 196 196 196 196 196 196 196 196 196 197 197 197 197 197 197 197 197 197 197 197 197 197 197 198 198 198 198 198 198 198 198 198 198 198 199 199 199 199 199 199 199 199 199 199 199 199 199 199 199 199 199 200 200 200 200 200 200 200 200 200 200 200 200 200 200 200 200 200 200 200 200 200 200 201 201 201 201 201 201 201 201 201 201 201 201 201 201 201 202 202 202 202 202 202 202 202 202 202 201 201 201 202 202 202 202 201 202 202 202 201 202 202 202 202 202 202 202 202 202 202 202 202 202 202 202 202 202 202 202 202 202 202 202 202 202 202 202 202 202 202 203 203 203 202 202 203 203 203 203 203 203 202 202 202 203 203 203 202 202 203 203 202 202 202 202 202 202 202 202 203 203 203 203 202 202 202 202 202 203 203 203 203 202 203 203 202 202 203 203 203 203 202 203 202 202 202 202 202 202 202 202 202 203 202 202 202 203 203 203 202 202 202 202 201 201 201 202 202 202 202 202 203 203 203 203 203 203 203 203 202 202 203 203 203 203 203 202 202 202 202 203 203 203 202 202 203 203 203 202 202 202 202 202 202 202 0 0 0 0 0 0 0 0 0 0 0 0 0 0 0 0 0 0 0 0 0 0 0 0 0 0 0 0 0 0 0 0 0 0 0 0 0 0 0 0 0 0 0 0 0 0 0 0 0 0 0 0 0 0 0 0 0 0 0 
0 0 0 0 0 0 0 0 0 0 0 0 0 0 0 0 0 0 0 0 0 0 0 0 0 0 0 0 0 0 0 0 0 0 0 0 174 174 174 174 175 175 175 175 175 176 176 176 177 177 177 177 177 178 178 179 179 179 178 178 179 179 180 179 179 179 179 179 180 180 181 181 181 181 181 182 182 182 182 182 182 182 182 182 182 183 183 183 183 183 183 184 184 184 184 185 185 185 185 185 185 186 186 186 186 186 186 187 187 187 187 187 187 187 188 188 188 188 189 189 189 189 189 189 189 189 190 190 190 190 190 190 191 191 191 191 191 191 191 191 192 192 191 191 191 192 192 192 192 192 192 192 192 192 192 193 193 193 193 193 193 193 193 193 193 194 194 194 194 194 194 195 195 195 195 195 195 196 196 196 196 196 196 196 196 196 196 196 196 196 196 196 196 196 196 196 196 196 196 196 197 197 197 197 197 197 197 197 197 197 197 197 197 197 198 198 198 198 198 198 198 198 198 198 199 199 199 199 199 199 199 199 199 199 199 199 199 199 199 199 200 200 200 200 200 200 200 200 200 200 200 200 200 200 200 200 200 200 200 200 200 200 200 201 201 201 201 201 201 201 201 201 201 201 201 201 201 201 201 201 202 202 202 202 202 202 201 201 201 201 201 202 202 201 201 202 201 201 201 201 202 202 201 202 202 202 202 202 202 202 202 202 202 202 202 202 202 202 202 202 202 202 202 202 202 202 203 202 202 203 203 203 203 202 202 202 203 203 203 203 203 203 202 203 203 203 203 203 203 203 202 202 202 202 202 202 202 202 202 202 203 203 202 202 202 202 202 203 202 202 202 202 203 202 203 203 203 203 203 203 203 203 203 202 202 202 202 202 201 202 202 202 202 202 203 202 202 203 202 202 202 202 201 201 201 202 202 202 202 202 203 203 203 202 202 203 203 203 203 203 202 202 203 203 202 202 202 202 202 203 203 203 202 203 203 203 203 202 202 202 202 202 203 202 202 0 0 0 0 0 0 0 0 0 0 0 0 0 0 0 0 0 0 0 0 0 0 0 0 0 0 0 0 0 0 0 0 0 0 0 0 0 0 0 0 0 0 0 0 0 0 0 0 0 0 0 0 0 0 0 0 0 0 
0 0 0 0 0 0 0 0 0 0 0 0 0 0 0 0 0 0 0 0 0 0 0 0 0 0 0 0 0 0 0 0 0 0 0 0 0 0 174 174 175 175 175 175 175 176 176 177 177 177 177 177 178 178 178 178 178 179 179 179 179 180 180 180 180 180 180 180 180 180 180 181 181 181 181 181 181 181 182 182 182 182 182 182 182 183 183 183 183 183 183 184 184 184 184 184 185 185 184 185 185 185 185 186 186 186 187 187 187 187 187 187 187 187 187 188 188 188 188 188 189 189 189 189 189 189 189 190 190 190 190 190 190 191 191 191 191 190 191 191 191 191 191 191 191 191 191 191 192 192 192 191 192 192 192 192 192 193 193 193 193 193 193 194 193 193 193 194 194 194 194 194 194 195 195 195 195 195 195 195 196 196 196 196 196 196 196 196 196 196 196 196 195 196 196 196 196 196 196 196 196 196 196 196 197 197 197 197 197 197 197 197 197 197 197 198 198 198 198 198 198 198 198 198 198 198 199 199 199 199 199 199 199 199 199 199 199 199 199 199 199 199 200 200 200 200 200 200 200 200 200 200 200 200 200 200 200 200 200 200 200 200 200 200 200 200 200 201 201 201 201 201 201 201 201 201 201 201 201 201 201 201 201 202 201 201 201 201 201 201 201 202 201 201 201 201 201 202 201 201 201 202 201 201 202 202 202 202 202 202 201 202 202 202 202 202 202 202 202 202 202 202 202 202 202 202 202 203 202 202 203 203 202 202 202 203 203 202 202 203 203 203 203 203 203 203 203 203 203 203 203 203 202 202 202 202 202 202 202 202 203 202 202 202 202 202 202 202 202 202 203 203 203 202 202 203 203 203 203 203 203 203 203 203 202 202 202 202 202 202 202 202 202 202 203 202 202 202 202 202 202 202 201 201 202 201 202 202 202 202 203 203 203 203 202 203 203 203 203 203 203 203 203 202 203 203 203 203 203 203 202 202 202 203 203 203 203 202 202 202 202 203 203 203 202 202 0 0 0 0 0 0 0 0 0 0 0 0 0 0 0 0 0 0 0 0 0 0 0 0 0 0 0 0 0 0 0 0 0 0 0 0 0 0 0 0 0 0 0 0 0 0 0 0 0 0 0 0 0 0 0 0 0 
0 0 0 0 0 0 0 0 0 0 0 0 0 0 0 0 0 0 0 0 0 0 0 0 0 0 0 0 0 0 0 0 0 0 0 0 0 0 173 174 175 174 174 174 175 175 175 176 177 177 177 177 177 177 177 178 179 179 179 179 179 179 179 180 180 180 180 181 180 180 180 180 181 181 181 181 181 181 182 181 182 182 182 182 182 182 183 183 183 183 183 184 184 184 184 184 184 185 185 185 185 185 185 185 186 186 186 187 187 187 187 187 187 187 187 187 188 188 188 188 189 189 189 189 189 189 189 190 190 190 190 190 190 190 190 190 190 190 191 191 191 191 191 191 191 191 191 191 191 191 191 192 192 192 192 192 193 193 193 193 193 193 193 193 193 193 193 193 194 194 194 194 194 195 195 195 195 195 195 195 195 195 195 196 196 196 196 196 196 196 196 196 195 195 195 195 195 196 196 196 196 196 196 196 196 196 197 197 197 197 197 197 197 197 197 197 198 198 198 198 198 198 198 198 198 198 198 198 198 198 198 198 198 198 199 199 199 199 199 199 199 199 199 199 199 200 200 200 200 200 200 200 200 200 200 200 200 200 200 200 200 200 200 200 200 200 200 201 201 201 201 201 201 201 201 201 201 201 201 201 201 201 201 201 201 201 201 201 201 201 201 202 201 201 201 201 201 201 201 201 201 202 202 202 201 202 202 202 202 201 202 202 202 202 202 202 202 202 202 202 202 202 202 202 202 202 202 202 202 202 203 202 202 202 203 203 203 202 202 202 203 203 203 202 203 203 203 203 202 202 203 203 203 203 203 203 202 203 202 203 203 203 203 203 203 203 203 203 202 202 203 203 203 203 202 203 203 203 203 203 203 203 203 203 202 202 202 202 202 202 202 202 201 202 202 202 202 202 202 202 201 201 201 202 202 202 202 202 202 203 203 203 203 203 203 202 202 202 202 203 203 203 203 202 202 202 203 203 203 202 202 202 203 203 203 203 203 203 202 202 202 203 203 203 203 202 202 0 0 0 0 0 0 0 0 0 0 0 0 0 0 0 0 0 0 0 0 0 0 0 0 0 0 0 0 0 0 0 0 0 0 0 0 0 0 0 0 0 0 0 0 0 0 0 0 0 0 0 0 0 0 0 0 
0 0 0 0 0 0 0 0 0 0 0 0 0 0 0 0 0 0 0 0 0 0 0 0 0 0 0 0 0 0 0 0 0 0 0 0 0 0 174 174 174 174 174 175 176 175 175 176 176 177 177 176 176 176 177 178 178 179 179 179 179 179 179 179 179 180 180 181 181 181 180 180 181 181 181 181 181 181 181 182 181 182 182 182 182 182 183 183 183 183 183 183 183 184 184 184 184 185 185 185 185 185 185 185 185 186 186 186 186 187 187 187 187 187 187 187 187 187 188 188 188 189 189 189 189 189 189 189 190 190 190 190 190 190 190 190 190 190 190 191 191 191 190 191 191 191 191 191 191 191 191 192 192 192 192 192 192 192 193 193 193 193 193 193 193 193 193 193 193 194 194 194 194 194 194 195 195 195 195 195 195 195 195 195 196 196 196 196 196 196 196 196 196 196 196 196 196 196 196 196 196 196 196 196 196 196 196 196 197 197 197 197 197 197 197 197 197 197 198 198 198 198 198 198 198 198 198 198 198 198 198 198 198 198 199 199 199 199 199 199 199 199 199 199 199 199 199 199 199 199 199 199 200 200 200 200 200 200 200 200 200 200 200 200 200 200 200 201 201 201 200 200 201 201 201 201 201 201 201 201 201 201 201 201 201 201 201 201 201 201 201 201 201 201 201 201 201 201 201 201 201 201 201 201 202 202 201 201 201 201 202 202 202 202 202 202 202 202 202 202 202 202 202 202 202 202 202 202 203 203 203 202 202 202 202 202 202 202 202 202 202 203 202 202 203 203 203 203 203 202 203 203 203 203 203 203 203 203 203 203 203 203 203 203 203 203 203 203 202 202 203 203 203 203 202 203 203 203 203 203 203 203 203 203 202 202 202 202 202 202 202 202 201 201 202 202 202 202 202 202 202 202 202 202 202 202 202 202 203 203 203 203 203 203 203 203 203 202 202 202 203 202 202 202 202 202 203 203 203 203 203 203 203 203 203 203 203 203 202 202 202 203 203 203 203 203 203 203 0 0 0 0 0 0 0 0 0 0 0 0 0 0 0 0 0 0 0 0 0 0 0 0 0 0 0 0 0 0 0 0 0 0 0 0 0 0 0 0 0 0 0 0 0 0 0 0 0 0 0 0 0 0 0 
0 0 0 0 0 0 0 0 0 0 0 0 0 0 0 0 0 0 0 0 0 0 0 0 0 0 0 0 0 0 0 0 0 0 0 0 0 0 0 173 174 175 175 175 175 176 176 176 176 177 176 176 176 177 177 178 177 178 177 178 178 179 178 178 179 179 180 180 180 181 181 181 181 181 181 181 180 181 181 181 182 182 182 182 182 182 182 183 183 183 183 183 183 183 184 184 184 184 185 185 185 185 185 185 186 186 186 186 186 186 187 187 187 187 187 187 187 187 187 188 188 188 189 189 189 189 189 189 189 189 189 190 190 190 190 190 190 190 190 190 191 191 190 190 190 191 191 191 191 191 191 192 192 192 192 192 192 192 192 193 193 193 193 193 193 193 193 193 193 194 194 194 194 194 194 194 194 195 195 195 195 195 195 195 195 195 195 195 196 196 196 196 196 196 196 196 196 196 196 196 196 196 196 196 196 196 196 196 196 196 197 197 197 197 197 197 197 197 197 197 198 198 198 198 198 198 198 198 198 198 198 198 198 199 199 199 199 199 199 199 199 199 199 199 199 199 199 199 199 199 199 200 200 200 200 200 200 200 200 200 200 200 200 200 200 200 200 200 200 200 200 200 200 201 201 201 201 201 201 201 201 201 201 201 201 201 201 201 201 201 201 201 201 201 201 201 201 201 201 201 201 201 201 201 202 201 201 201 201 201 201 202 202 202 201 201 202 202 202 202 202 202 201 201 201 201 202 202 202 203 202 201 202 202 202 202 202 202 203 202 202 203 202 202 203 202 202 203 202 202 202 203 203 203 203 203 203 203 204 203 203 203 203 202 202 203 203 202 203 202 203 203 203 203 203 203 203 203 203 203 203 203 203 203 202 202 202 202 202 202 202 202 202 202 201 201 202 202 202 202 202 202 202 202 202 203 202 202 202 203 203 202 202 203 203 203 202 202 202 203 203 203 203 203 203 203 203 203 202 203 203 203 203 203 203 203 203 203 203 202 202 202 203 203 203 203 203 203 203 0 0 0 0 0 0 0 0 0 0 0 0 0 0 0 0 0 0 0 0 0 0 0 0 0 0 0 0 0 0 0 0 0 0 0 0 0 0 0 0 0 0 0 0 0 0 0 0 0 0 0 0 0 0 
0 0 0 0 0 0 0 0 0 0 0 0 0 0 0 0 0 0 0 0 0 0 0 0 0 0 0 0 0 0 0 0 0 0 0 0 0 0 0 0 0 174 175 175 175 175 175 175 176 176 176 176 176 177 177 177 177 178 178 177 178 178 179 178 178 179 180 180 180 180 181 181 181 181 181 181 181 181 180 181 182 182 182 182 182 182 182 183 183 183 183 183 183 183 183 184 184 184 185 185 185 185 185 185 186 186 186 186 186 186 186 187 187 187 187 187 187 187 187 188 188 188 188 188 188 189 189 189 189 189 189 189 190 190 190 190 190 190 190 190 190 191 190 190 190 190 190 191 191 191 191 191 192 192 192 192 192 192 192 193 193 193 193 193 193 193 193 193 193 193 193 194 194 194 194 194 194 194 194 195 195 195 195 195 195 195 195 195 196 196 196 196 196 196 196 196 196 196 196 196 196 196 196 196 196 197 196 196 196 196 196 196 197 197 197 197 197 197 197 197 197 198 198 198 198 198 198 198 198 198 198 198 198 198 198 199 199 199 199 199 199 199 199 199 199 199 199 199 199 199 199 199 200 200 200 200 200 200 200 200 200 200 200 200 200 200 200 200 200 200 200 200 200 200 201 201 201 201 201 201 201 201 201 201 201 201 201 201 201 201 201 201 201 201 201 201 201 201 201 201 201 201 201 201 201 201 201 201 201 201 201 202 202 202 202 201 201 202 202 202 202 201 201 201 201 202 202 201 202 202 201 201 201 202 201 202 202 202 203 203 202 202 202 202 203 202 203 202 202 202 203 203 203 203 203 203 203 203 203 203 203 203 203 203 203 202 202 202 203 202 203 203 203 203 203 203 203 203 203 203 203 203 204 204 203 202 202 202 201 201 202 202 202 202 202 202 202 201 202 202 202 202 202 202 202 203 203 202 202 202 203 203 202 202 202 202 202 202 202 202 202 203 202 202 202 202 202 202 202 202 203 203 203 203 203 203 203 203 202 202 202 202 202 203 203 203 203 203 203 203 0 0 0 0 0 0 0 0 0 0 0 0 0 0 0 0 0 0 0 0 0 0 0 0 0 0 0 0 0 0 0 0 0 0 0 0 0 0 0 0 0 0 0 0 0 0 0 0 0 0 0 0 0 
0 0 0 0 0 0 0 0 0 0 0 0 0 0 0 0 0 0 0 0 0 0 0 0 0 0 0 0 0 0 0 0 0 0 0 0 0 0 0 0 0 173 174 174 174 174 174 174 175 176 176 175 176 176 177 177 177 178 177 177 178 178 178 178 178 179 179 179 180 180 180 181 181 181 181 181 181 181 181 181 181 182 182 182 182 182 182 182 183 183 183 183 184 184 183 183 184 184 184 185 185 185 185 185 186 186 186 186 186 186 186 186 186 187 187 187 187 187 187 187 188 188 188 188 188 188 188 189 189 189 189 189 189 189 189 190 190 190 190 190 190 190 190 190 190 190 190 191 191 191 191 191 191 191 191 192 192 192 192 192 193 193 193 193 193 193 193 193 193 193 193 193 194 194 194 194 194 194 194 194 195 194 194 195 195 195 195 195 195 196 196 196 195 196 196 196 195 196 196 196 196 196 196 196 196 197 196 196 196 196 196 196 196 196 196 197 197 197 197 197 197 197 198 198 198 197 197 198 198 198 198 198 198 198 198 198 198 198 199 199 199 199 199 199 199 199 199 199 199 199 199 199 199 199 200 200 200 200 200 200 200 200 200 200 200 200 200 200 200 200 200 200 200 200 200 201 201 201 201 201 201 201 201 201 201 201 201 201 201 201 201 201 201 201 201 201 201 201 201 201 201 201 201 201 201 201 201 201 201 201 201 201 201 202 202 201 201 201 202 202 201 201 201 201 201 202 202 201 201 201 201 201 202 202 201 202 202 202 202 203 202 202 202 202 202 202 202 202 202 202 202 202 203 203 202 203 202 203 203 203 202 203 203 203 203 202 202 203 203 203 203 203 203 203 203 203 203 203 203 203 203 203 203 204 203 203 203 202 201 201 201 202 202 202 202 202 202 202 202 202 202 202 202 202 203 203 202 202 202 202 202 202 202 202 203 203 203 203 203 202 202 202 202 202 202 202 202 202 202 203 203 203 203 203 203 203 203 203 203 202 202 202 202 202 203 203 203 203 203 203 203 203 203 203 0 0 0 0 0 0 0 0 0 0 0 0 0 0 0 0 0 0 0 0 0 0 0 0 0 0 0 0 0 0 0 0 0 0 0 0 0 0 0 0 0 0 0 0 0 0 0 0 0 
0 0 0 0 0 0 0 0 0 0 0 0 0 0 0 0 0 0 0 0 0 0 0 0 0 0 0 0 0 0 0 0 0 0 0 0 0 0 0 0 0 173 173 174 174 0 0 0 174 175 175 176 176 177 176 176 176 177 177 177 178 178 178 178 178 179 179 179 180 180 180 180 180 181 181 181 182 182 182 181 181 181 181 182 182 182 182 182 182 183 183 183 184 184 183 184 184 184 185 185 185 185 185 185 185 186 186 186 186 186 186 186 186 186 186 187 187 187 187 187 187 188 188 188 188 188 188 188 189 189 189 189 189 189 189 190 190 190 190 190 190 190 190 190 190 190 190 190 191 191 191 191 191 191 191 191 192 192 192 192 192 193 193 193 193 193 193 193 193 193 193 193 193 194 194 194 194 194 194 194 194 194 195 195 195 195 195 195 195 196 196 196 195 195 195 195 195 195 195 196 196 196 196 196 196 196 196 196 196 196 196 196 196 196 196 196 197 197 197 197 197 197 197 197 197 197 197 197 198 198 198 198 198 198 198 198 198 198 198 198 199 199 199 199 199 199 199 199 199 199 199 199 199 199 199 200 200 200 200 200 200 200 200 200 200 200 200 200 200 200 200 200 200 200 200 201 201 201 201 201 201 201 201 201 201 201 201 201 201 201 201 201 201 201 201 201 201 201 201 201 201 201 201 201 201 201 201 201 201 201 201 201 201 201 202 201 201 201 201 201 201 201 201 201 201 202 202 201 201 201 201 201 202 202 201 202 202 202 202 203 202 202 201 202 202 202 202 202 202 202 202 202 202 203 202 203 202 203 202 202 202 202 203 203 203 203 203 203 203 203 203 203 203 203 203 203 203 203 203 203 203 203 203 204 203 203 204 203 201 201 201 202 202 202 202 202 202 202 202 202 202 202 202 202 202 203 203 202 202 202 202 202 202 202 203 203 203 203 203 203 202 202 202 202 202 202 202 203 203 203 203 203 203 203 203 203 203 203 203 202 202 202 202 203 203 203 203 203 203 203 203 203 203 203 203 203 203 203 203 203 203 203 0 0 0 0 0 0 0 0 0 0 0 0 0 0 0 0 0 0 0 0 0 0 0 0 0 0 0 0 0 0 0 0 0 0 0 0 0 0 0 0 0 
0 0 0 0 0 0 0 0 0 0 0 0 0 0 0 0 0 0 0 0 0 0 0 0 0 0 0 0 0 0 0 0 0 0 0 0 0 0 0 0 0 0 0 0 0 0 0 0 174 175 175 175 176 176 176 175 176 176 176 177 177 177 178 177 178 179 179 179 179 179 180 180 180 180 181 181 181 182 182 181 181 181 181 181 181 182 182 182 182 182 182 183 183 184 184 184 184 184 184 184 185 185 185 185 185 185 185 185 186 186 186 186 186 186 186 187 187 187 187 187 187 187 188 188 188 188 188 188 188 188 189 189 189 189 189 189 190 190 190 190 190 190 190 190 190 190 190 190 190 191 191 191 191 191 191 191 191 191 192 192 192 192 193 193 193 193 193 193 193 193 193 193 193 193 194 194 194 194 194 194 194 194 194 195 195 195 195 195 195 195 196 196 195 195 195 195 195 195 195 195 196 196 196 196 196 196 196 196 196 196 196 196 196 196 196 196 196 197 197 197 197 197 197 197 197 197 197 197 198 198 198 198 198 198 198 198 198 198 198 198 198 198 199 199 199 199 198 198 199 199 199 199 199 199 199 199 200 200 200 200 200 200 200 200 200 200 200 200 200 200 200 200 200 200 200 200 200 201 201 201 201 201 201 201 201 201 201 201 201 201 201 201 201 201 201 201 201 201 201 201 201 201 201 201 201 201 201 201 201 201 201 201 201 201 201 201 201 201 201 201 201 201 201 201 200 201 201 201 201 201 201 201 202 201 201 201 202 202 202 202 202 202 201 202 202 202 202 202 202 202 202 202 202 202 202 202 202 202 202 202 202 202 203 203 203 203 203 203 203 203 203 202 202 203 202 203 202 203 203 203 203 203 204 204 203 203 203 202 201 201 201 202 202 202 202 202 202 202 202 202 202 202 202 202 202 203 203 203 202 202 202 202 202 202 203 203 203 203 203 203 203 203 203 202 202 203 203 203 203 203 203 203 203 203 203 203 203 203 202 202 202 202 202 203 203 203 203 203 203 203 203 203 203 203 203 203 203 203 203 204 204 204 204 0 0 0 0 0 0 0 0 0 0 0 0 0 0 0 0 0 0 0 0 0 0 0 0 0 0 0 0 0 0 0 0 0 0 0 0 0 0 0 0 
0 0 0 0 0 0 0 0 0 0 0 0 0 0 0 0 0 0 0 0 0 0 0 0 0 0 0 0 0 0 0 0 0 0 0 0 0 0 0 0 0 0 0 0 0 0 0 0 0 174 175 175 175 175 175 0 0 176 176 0 0 177 177 177 177 178 179 179 179 179 179 179 179 179 180 180 181 181 181 182 182 182 182 182 181 182 182 182 182 182 182 182 183 183 183 184 184 184 184 184 184 184 185 185 185 185 185 185 185 186 186 186 186 186 186 187 187 187 187 187 187 187 187 187 188 188 188 188 188 188 188 189 189 189 189 189 189 189 190 190 190 190 190 190 190 190 190 190 190 190 191 191 191 191 191 191 191 191 192 192 192 192 192 192 192 193 193 193 193 193 193 193 193 193 193 193 194 194 194 194 194 194 194 195 195 195 195 195 195 195 195 195 195 195 195 195 195 195 195 195 195 196 196 196 196 196 196 196 197 197 196 196 196 196 196 196 196 196 197 197 197 197 197 197 197 197 197 197 198 198 198 198 198 198 198 198 198 198 198 198 198 198 198 198 198 198 198 198 199 199 199 199 199 199 199 199 199 200 200 200 199 200 200 200 200 200 200 200 200 200 200 200 200 200 200 200 200 200 201 201 201 201 201 201 201 201 201 200 201 201 201 201 201 201 201 201 201 201 201 201 201 201 201 201 201 201 201 201 201 201 201 201 201 201 201 201 201 201 201 201 201 201 201 201 201 201 200 200 201 201 201 201 201 201 201 201 202 202 202 202 202 202 201 202 202 202 202 202 202 202 202 202 202 202 202 202 202 202 202 203 202 202 202 203 203 203 203 203 203 202 203 203 203 203 203 203 203 203 203 203 203 203 203 203 203 203 203 202 201 202 202 202 202 202 202 202 202 202 202 202 202 202 202 203 203 203 202 202 202 202 202 202 202 202 203 203 203 203 203 203 203 203 203 203 203 203 203 203 203 203 203 203 203 202 202 202 202 202 202 202 202 202 202 202 203 203 203 203 203 203 203 203 203 203 203 203 203 203 204 204 204 204 204 204 0 0 0 0 0 0 0 0 0 0 0 0 0 0 0 0 0 0 0 0 0 0 0 0 0 0 0 0 0 0 0 0 0 0 0 0 0 0 0 
0 0 0 0 0 0 0 0 0 0 0 0 0 0 0 0 0 0 0 0 0 0 0 0 0 0 0 0 0 0 0 0 0 0 0 0 0 0 0 0 0 0 0 0 0 0 0 0 0 0 174 174 0 0 0 0 0 0 0 0 0 176 177 177 177 178 179 178 179 179 178 179 179 179 180 180 181 181 181 181 181 181 182 182 182 182 183 183 183 183 183 182 183 183 183 183 184 184 184 184 184 184 185 185 185 185 185 185 185 186 186 186 186 186 186 187 187 187 187 187 187 187 187 187 187 187 188 188 188 188 188 188 189 189 189 189 189 189 190 190 190 190 189 190 190 190 190 190 190 190 190 190 191 191 191 191 191 191 191 192 192 192 192 192 192 192 192 193 193 193 193 193 193 193 193 193 193 194 194 194 194 194 194 194 194 195 195 195 195 195 195 195 194 195 195 195 195 195 195 195 195 195 196 196 196 196 196 196 196 196 196 197 197 197 196 196 196 196 197 197 196 196 196 197 197 197 197 197 197 197 197 198 198 198 198 198 198 198 198 198 198 198 198 198 198 198 198 199 199 199 199 199 199 199 199 199 199 199 199 199 200 200 200 200 200 200 200 200 200 200 200 200 200 200 200 200 200 200 200 200 200 201 201 201 201 201 200 200 200 201 201 201 200 201 201 201 201 201 201 201 201 201 201 201 201 201 201 201 201 201 201 201 201 201 201 201 201 201 201 201 201 201 201 202 202 201 200 200 201 201 201 201 201 201 201 201 202 202 202 202 202 202 201 202 202 202 202 202 202 202 202 202 202 202 202 202 202 202 202 202 202 202 203 203 203 203 203 203 203 203 203 203 203 203 203 203 203 203 203 203 203 203 203 203 203 203 203 202 202 202 202 202 202 202 202 202 202 202 202 202 202 202 202 202 203 203 203 202 202 202 202 202 202 203 203 203 203 203 203 203 203 203 203 203 203 203 203 203 203 203 203 203 203 202 202 202 202 202 203 203 203 202 202 202 203 203 203 203 203 203 203 203 203 203 203 203 203 203 204 204 204 204 204 204 0 0 0 0 0 0 0 0 0 0 0 0 0 0 0 0 0 0 0 0 0 0 0 0 0 0 0 0 0 0 0 0 0 0 0 0 0 0 0 
0 0 0 0 0 0 0 0 0 0 0 0 0 0 0 0 0 0 0 0 0 0 0 0 0 0 0 0 0 0 0 0 0 0 0 0 0 0 0 0 0 0 0 0 0 0 0 0 0 0 0 0 0 0 0 0 0 0 0 0 0 176 176 177 177 178 178 178 178 178 178 179 179 180 180 180 180 180 180 180 181 181 180 181 181 182 183 184 184 184 183 183 182 183 183 183 184 184 184 184 184 184 184 184 184 185 185 185 186 186 186 186 186 186 186 186 186 186 186 186 187 187 187 187 187 187 187 188 188 188 188 188 188 189 189 189 189 189 189 190 190 190 189 189 190 190 190 190 190 190 190 190 190 191 191 191 191 191 191 191 192 192 192 192 192 192 192 192 193 193 193 193 193 193 193 193 193 193 194 194 194 194 194 194 194 194 194 195 194 195 195 195 194 194 195 195 195 195 195 195 195 195 195 195 195 196 196 196 196 196 196 196 196 197 196 196 196 196 197 197 197 196 196 197 197 197 197 197 197 197 197 197 197 197 198 198 198 198 198 198 198 198 198 198 198 198 198 198 199 199 199 199 199 199 199 199 199 199 199 199 200 199 200 200 200 200 200 200 200 200 200 200 200 200 200 200 200 200 200 200 200 200 200 200 200 200 200 200 200 201 200 201 200 201 201 201 201 201 201 201 201 201 201 201 201 201 201 201 201 201 201 201 201 201 201 201 201 201 201 201 201 201 201 202 202 201 201 200 200 201 201 201 201 201 201 201 201 201 201 202 202 202 202 202 202 202 202 202 202 202 202 202 202 202 202 202 202 202 202 202 202 203 203 203 203 203 203 203 203 203 203 203 203 203 203 203 203 203 203 203 203 203 203 203 203 203 203 202 202 202 202 202 202 202 202 202 202 202 202 202 202 202 202 202 203 203 204 203 202 202 202 202 202 202 203 203 203 203 203 203 203 203 203 203 203 203 203 203 203 203 203 203 203 202 202 202 202 202 203 203 203 202 202 202 203 203 203 203 203 203 203 203 203 203 203 203 203 204 204 204 204 204 204 204 0 0 0 0 0 0 0 0 0 0 0 0 0 0 0 0 0 0 0 0 0 0 0 0 0 0 0 0 0 0 0 0 0 0 0 0 0 0 0 
0 0 0 0 0 0 0 0 0 0 0 0 0 0 0 0 0 0 0 0 0 0 0 0 0 0 0 0 0 0 0 0 0 0 0 0 0 0 0 0 0 0 0 0 0 0 0 0 0 0 0 0 0 0 0 0 0 0 0 0 0 0 0 176 177 178 178 178 178 178 178 179 179 180 180 181 181 180 180 179 180 180 180 181 181 181 182 182 182 183 184 184 183 183 183 184 184 184 184 184 184 184 184 184 184 185 185 185 186 186 186 186 186 185 186 186 186 187 187 187 187 187 187 187 187 187 188 188 188 188 188 188 188 188 189 189 189 189 189 189 190 190 189 189 190 189 190 190 190 190 190 190 190 190 191 191 191 191 191 191 191 192 192 192 192 192 192 192 193 193 193 193 193 193 193 193 193 193 193 194 194 194 194 194 194 194 194 194 194 194 194 194 194 194 194 194 195 194 195 195 195 195 195 195 195 195 196 196 196 196 196 196 196 196 196 196 196 196 197 197 197 196 196 197 197 197 197 197 197 197 197 197 197 197 197 197 197 197 198 198 198 198 198 198 198 198 198 198 198 198 198 198 198 198 198 199 199 199 199 199 199 199 199 199 199 200 200 200 199 199 200 200 200 200 200 200 200 200 200 200 200 200 200 200 200 200 200 200 200 200 200 201 200 200 201 201 201 201 201 201 201 201 201 201 201 201 201 201 201 201 201 201 201 201 201 201 201 201 201 201 201 201 201 201 201 201 201 201 201 201 201 201 201 201 201 201 200 201 201 202 202 202 202 202 202 202 202 202 202 202 202 202 202 202 202 202 202 202 202 202 202 202 202 203 203 203 203 203 203 203 203 203 203 203 203 203 202 202 203 203 203 203 203 203 203 203 203 202 202 202 202 202 202 202 203 203 202 202 202 202 202 202 202 202 202 202 203 203 203 202 202 202 202 202 202 203 203 203 203 203 203 203 203 203 203 203 203 203 203 203 203 203 203 203 203 202 202 202 203 203 203 202 202 202 202 203 203 203 203 203 203 203 203 203 203 203 203 203 203 204 204 204 204 204 0 0 0 0 0 0 0 0 0 0 0 0 0 0 0 0 0 0 0 0 0 0 0 0 0 0 0 0 0 0 0 0 0 0 0 0 0 0 0 
0 0 0 0 0 0 0 0 0 0 0 0 0 0 0 0 0 0 0 0 0 0 0 0 0 0 0 0 0 0 0 0 0 0 0 0 0 0 0 0 0 0 0 0 0 0 0 0 0 0 0 0 0 0 0 0 0 0 0 0 0 0 0 0 177 177 177 177 178 178 179 179 179 180 179 180 180 180 180 180 180 181 182 181 182 181 181 182 182 182 183 183 184 184 184 184 185 185 184 184 184 184 184 184 184 185 185 185 185 185 185 185 185 186 186 186 187 187 187 187 187 187 187 188 188 187 187 187 187 188 188 188 188 189 189 189 189 189 189 189 189 190 189 189 189 189 189 189 189 189 190 190 190 190 190 191 191 191 191 191 191 191 192 192 192 192 192 192 192 192 192 192 192 193 193 193 193 193 194 194 194 193 194 194 194 194 194 194 194 194 194 194 194 194 194 194 194 194 194 195 195 195 195 195 195 195 195 196 196 196 196 196 196 196 196 196 196 196 196 196 196 196 196 197 197 196 196 197 197 197 197 197 197 197 197 197 197 198 198 198 198 198 198 198 198 198 198 198 198 198 198 198 198 198 198 198 198 199 199 199 199 199 199 199 199 199 199 199 199 199 199 199 200 200 200 200 200 200 200 200 200 200 200 200 200 200 200 200 200 200 200 200 200 200 200 200 200 200 200 200 201 201 201 201 201 201 201 201 201 201 201 201 201 201 201 201 201 201 201 202 202 201 201 201 201 201 201 201 201 201 201 200 201 201 201 201 201 201 202 202 201 201 201 201 201 201 202 202 202 202 202 202 202 202 202 202 202 202 202 202 202 202 202 202 202 203 203 203 203 203 203 203 203 203 203 202 203 203 203 203 203 203 203 203 203 203 203 202 202 202 202 202 202 202 203 203 203 203 203 202 202 202 202 202 202 202 202 203 203 202 202 202 202 202 202 202 202 203 203 203 203 203 203 203 203 203 203 203 203 203 203 203 203 203 203 203 202 203 203 203 203 202 202 202 203 203 203 203 203 203 203 203 203 203 203 203 203 203 203 204 204 204 204 0 0 0 0 0 0 0 0 0 0 0 0 0 0 0 0 0 0 0 0 0 0 0 0 0 0 0 0 0 0 0 0 0 0 0 0 0 0 0 0 
0 0 0 0 0 0 0 0 0 0 0 0 0 0 0 0 0 0 0 0 0 0 0 0 0 0 0 0 0 0 0 0 0 0 0 0 0 0 0 0 0 0 0 0 0 0 0 0 0 0 0 0 0 0 0 0 0 0 0 0 0 0 0 0 177 178 178 178 178 179 178 178 179 179 179 179 179 179 180 180 180 181 181 181 182 182 182 182 182 182 182 183 184 184 184 184 185 184 184 184 184 184 184 185 185 185 185 185 185 185 185 185 186 186 186 186 187 187 187 187 187 187 187 187 187 187 187 187 187 188 188 188 188 188 188 189 189 189 189 189 189 189 189 189 189 189 189 189 189 189 190 190 190 190 190 190 190 191 191 191 191 191 191 191 192 192 192 192 192 192 192 192 192 192 193 193 193 193 193 193 193 193 193 193 194 194 194 194 194 194 194 195 194 194 194 194 194 194 194 194 194 195 195 195 195 195 195 196 196 196 196 196 196 196 196 196 196 197 196 196 196 196 196 196 196 196 196 196 197 197 197 197 197 197 197 197 197 197 197 198 197 198 198 198 198 198 198 198 198 198 198 198 198 198 198 198 198 198 198 199 199 199 199 199 199 199 199 199 199 199 199 199 199 200 200 200 200 200 200 200 200 200 200 200 200 200 200 200 200 200 200 200 200 200 200 200 200 200 200 200 200 200 201 201 201 201 201 201 201 201 201 200 201 201 201 201 201 201 201 201 201 201 201 201 201 201 201 201 201 201 201 200 200 201 201 201 201 202 202 202 202 201 201 201 201 201 201 201 201 202 202 202 202 202 202 202 202 202 202 202 202 202 202 202 202 203 203 203 203 203 203 203 203 202 202 202 203 203 203 203 203 203 203 203 203 203 203 202 202 202 202 202 202 202 203 203 202 202 202 202 202 203 202 202 202 203 203 203 204 203 203 203 202 202 202 202 202 203 203 203 203 203 203 203 203 203 203 203 203 203 203 203 203 203 203 202 202 202 203 203 203 202 202 202 203 203 203 203 203 203 203 203 203 203 203 203 203 203 204 204 204 204 204 0 0 0 0 0 0 0 0 0 0 0 0 0 0 0 0 0 0 0 0 0 0 0 0 0 0 0 0 0 0 0 0 0 0 0 0 0 0 0 0 
0 0 0 0 0 0 0 0 0 0 0 0 0 0 0 0 0 0 0 0 0 0 0 0 0 0 0 0 0 0 0 0 0 0 0 0 0 0 0 0 0 0 0 0 0 0 0 0 0 0 0 0 0 0 0 0 0 0 0 0 0 0 0 176 177 177 178 178 178 178 178 178 178 178 178 179 179 179 180 180 181 181 181 181 182 182 183 182 182 182 182 182 183 183 183 184 184 184 184 184 184 184 184 185 185 184 184 184 184 185 185 185 186 186 186 186 187 187 187 187 187 187 187 187 187 187 188 188 188 188 188 188 188 188 188 189 189 189 189 189 189 189 189 189 189 189 189 189 190 190 190 190 190 190 190 190 191 190 190 190 191 191 191 191 191 191 191 192 192 192 192 192 192 192 192 192 193 193 193 193 193 193 193 194 194 194 194 194 194 194 194 194 194 194 194 194 194 194 194 194 194 195 195 195 195 195 195 195 196 196 196 196 196 196 196 196 196 196 196 196 196 196 196 196 196 196 196 196 196 197 197 197 197 197 197 197 197 197 197 197 197 198 197 198 198 198 198 198 198 198 198 198 198 198 198 198 198 198 198 198 198 199 199 199 199 199 199 199 199 199 199 199 199 199 199 200 200 200 200 200 200 200 200 200 200 200 200 200 200 200 200 200 200 200 200 200 200 200 200 200 200 200 200 201 201 201 201 201 201 201 201 201 201 201 201 201 201 201 201 202 202 202 201 201 201 201 201 201 201 201 201 201 200 200 200 200 201 201 202 202 202 202 201 201 201 201 201 201 201 201 201 202 202 202 202 202 202 202 202 202 202 202 202 202 202 203 203 203 203 203 203 203 203 203 203 202 202 203 203 203 203 203 203 203 203 203 203 202 202 201 202 202 202 202 203 202 202 202 202 202 202 202 202 202 202 203 203 204 204 203 203 202 202 202 202 202 202 202 203 203 203 203 203 203 202 203 203 203 203 203 203 203 203 203 203 203 203 203 203 203 202 202 202 202 202 203 203 203 203 203 203 203 203 203 203 203 203 203 203 204 204 204 204 0 0 0 0 0 0 0 0 0 0 0 0 0 0 0 0 0 0 0 0 0 0 0 0 0 0 0 0 0 0 0 0 0 0 0 0 0 0 0 0 
0 0 0 0 0 0 0 0 0 0 0 0 0 0 0 0 0 0 0 0 0 0 0 0 0 0 0 0 0 0 0 0 0 0 0 0 0 0 0 0 0 0 0 0 0 0 0 0 0 0 0 0 0 0 0 0 0 0 0 0 0 0 0 0 0 177 178 178 178 178 178 178 178 178 179 180 179 180 180 180 180 180 180 181 181 181 182 183 183 182 182 182 182 182 183 183 183 184 185 185 184 184 184 185 185 184 184 184 184 185 185 185 185 185 186 186 187 187 187 187 187 187 187 187 186 187 187 187 187 187 187 188 188 188 188 189 189 189 189 189 189 189 189 189 189 189 189 189 190 190 190 190 190 190 190 190 190 190 190 190 190 191 191 191 191 191 191 191 191 192 192 192 192 192 192 192 193 193 193 193 193 193 193 193 193 193 193 194 194 194 194 194 193 194 194 194 194 194 194 194 195 195 195 195 195 195 195 195 195 195 196 196 196 196 196 196 196 196 196 196 196 196 196 196 196 196 196 196 196 197 197 197 197 197 197 197 197 197 197 197 197 197 197 198 198 198 198 198 198 198 198 198 198 198 198 198 198 198 198 198 198 198 198 199 199 199 199 199 199 199 199 199 199 199 199 199 200 200 200 200 200 200 200 200 200 200 200 200 200 200 200 200 200 200 200 200 200 200 200 200 200 200 200 200 201 201 201 201 201 201 201 201 201 201 201 201 201 201 201 202 202 202 202 201 201 201 201 200 201 201 201 201 200 200 200 200 200 201 201 202 202 202 201 201 201 201 201 201 201 201 201 201 201 201 202 202 202 202 202 202 202 202 202 202 202 202 203 203 203 203 203 203 203 203 203 203 203 203 203 204 203 203 203 203 203 203 203 203 202 202 201 202 202 202 202 202 202 202 202 202 202 202 202 202 202 202 203 203 203 203 202 202 202 202 202 202 202 202 203 203 203 203 203 203 203 203 203 203 203 203 203 203 203 203 203 203 203 203 203 203 203 202 202 202 202 203 203 203 203 203 203 203 203 203 203 203 203 203 203 204 204 204 0 0 0 0 0 0 0 0 0 0 0 0 0 0 0 0 0 0 0 0 0 0 0 0 0 0 0 0 0 0 0 0 0 0 0 0 0 0 0 0 0 
0 0 0 0 0 0 0 0 0 0 0 0 0 0 0 0 0 0 0 0 0 0 0 0 0 0 0 0 0 0 0 0 0 0 0 0 0 0 0 0 0 0 0 0 0 0 0 0 0 0 0 0 0 0 0 0 0 0 0 0 0 0 0 0 0 177 177 177 177 178 178 178 179 179 179 179 179 179 180 180 180 180 181 180 180 180 181 182 183 183 183 182 182 182 183 183 183 184 185 185 185 184 184 184 184 185 184 185 185 185 185 185 186 186 185 186 186 187 187 187 186 187 186 187 186 186 187 187 187 187 187 187 188 188 188 188 188 189 189 189 189 189 189 189 189 189 189 189 189 190 190 190 190 190 190 190 190 190 190 190 190 191 191 191 191 191 191 191 191 191 192 192 192 192 192 192 193 193 193 193 193 193 193 193 193 194 193 194 194 194 194 194 193 194 194 194 194 194 194 194 195 195 195 195 195 195 195 195 195 195 195 195 196 196 196 196 196 196 196 196 196 196 196 196 196 196 196 196 196 196 197 197 197 197 197 197 197 197 197 197 197 197 197 197 198 198 198 198 197 198 198 198 198 198 198 198 198 198 198 198 198 198 198 198 198 199 199 199 199 199 199 199 199 199 199 199 200 200 200 200 200 200 200 200 200 200 200 200 200 200 200 200 200 200 200 200 200 200 200 200 200 200 200 200 200 200 201 201 201 201 201 201 201 201 201 201 201 201 201 201 202 202 201 201 201 201 201 201 201 201 201 201 200 200 200 200 200 201 201 202 202 202 201 202 201 201 201 201 201 201 201 201 201 201 201 201 201 201 201 201 202 202 202 202 202 202 202 202 202 202 202 203 203 203 203 203 203 203 203 203 203 203 203 203 203 203 203 204 203 202 201 201 202 202 202 202 202 202 202 202 202 202 202 202 202 202 202 203 203 203 203 203 202 202 202 202 202 202 203 203 203 203 203 203 203 203 203 203 203 203 203 203 203 203 203 203 203 203 203 203 203 203 202 202 202 203 203 203 203 203 203 203 203 203 203 203 203 203 204 204 0 0 0 0 0 0 0 0 0 0 0 0 0 0 0 0 0 0 0 0 0 0 0 0 0 0 0 0 0 0 0 0 0 0 0 0 0 0 0 0 0 0 0 
0 0 0 0 0 0 0 0 0 0 0 0 0 0 0 0 0 0 0 0 0 0 0 0 0 0 0 0 0 0 0 0 0 0 0 0 0 0 0 0 0 0 0 0 0 0 0 0 0 0 0 0 0 0 0 0 0 0 0 0 0 0 0 0 0 177 177 177 177 178 178 178 178 178 179 179 180 180 180 180 180 180 181 181 180 180 181 182 183 183 183 183 182 182 183 184 184 184 185 185 184 184 184 184 184 184 185 185 185 185 185 185 185 186 186 186 186 186 186 186 187 187 186 186 186 186 187 187 187 187 188 188 187 187 188 188 188 188 189 189 189 189 189 189 189 189 189 189 189 190 190 190 190 189 190 190 190 190 190 190 190 191 191 191 191 191 191 191 191 191 191 192 191 192 192 192 192 192 192 193 193 193 193 193 194 194 193 193 194 194 194 194 194 193 193 194 194 194 194 194 194 195 195 195 195 195 195 195 195 195 195 195 195 195 195 195 196 196 196 196 196 196 196 196 196 196 196 196 196 196 197 197 197 197 196 197 197 197 197 197 197 197 197 197 198 197 198 198 197 198 198 198 198 198 198 198 198 198 198 198 198 198 198 198 198 199 199 199 199 199 199 199 199 199 199 199 199 200 199 199 199 199 199 199 199 199 199 200 200 200 200 200 200 200 200 200 200 200 200 200 200 200 200 200 200 200 200 200 200 201 201 200 200 200 200 201 201 201 201 201 202 201 201 201 201 201 201 201 201 201 201 201 200 200 200 201 201 201 202 202 202 202 201 202 202 202 201 201 201 201 201 201 201 201 201 201 201 201 201 201 201 202 202 202 202 202 202 202 202 202 202 202 202 202 203 203 203 203 203 203 203 203 203 203 203 203 203 203 203 203 202 201 201 202 202 202 202 202 202 202 202 202 202 202 202 202 202 202 203 203 203 203 203 203 202 202 202 203 203 203 203 203 203 203 203 203 203 203 203 203 203 203 203 203 203 202 202 202 202 202 202 202 202 202 202 202 203 203 203 203 203 203 203 203 203 203 203 204 204 0 0 0 0 0 0 0 0 0 0 0 0 0 0 0 0 0 0 0 0 0 0 0 0 0 0 0 0 0 0 0 0 0 0 0 0 0 0 0 0 0 0 0 0 
0 0 0 0 0 0 0 0 0 0 0 0 0 0 0 0 0 0 0 0 0 0 0 0 0 0 0 0 0 0 0 0 0 0 0 0 0 0 0 0 0 0 0 0 0 0 0 0 0 0 0 0 0 0 0 0 0 0 0 0 0 0 0 0 0 177 177 177 177 177 178 178 178 179 179 179 179 180 179 179 179 180 180 181 181 180 181 182 182 182 183 184 183 182 182 183 183 184 184 185 184 184 184 184 184 184 184 185 185 185 185 186 185 185 186 186 186 186 186 186 186 186 186 186 186 186 186 187 187 187 188 188 188 188 187 187 188 188 188 189 189 189 188 188 189 189 189 189 189 189 189 189 189 189 190 190 190 190 190 190 190 191 191 191 191 191 190 190 191 191 191 192 192 192 192 192 192 192 192 192 193 192 193 193 193 193 193 193 194 194 194 194 194 194 194 193 194 194 194 194 195 195 195 194 195 194 194 194 194 194 195 195 195 195 195 195 195 196 196 196 196 196 196 196 196 196 196 196 196 196 196 196 196 196 196 197 197 197 197 197 197 197 197 197 197 197 198 198 197 197 198 198 198 198 198 198 198 198 198 198 198 198 198 199 198 199 199 199 199 199 199 199 199 199 199 199 199 199 199 199 199 199 199 199 199 199 199 200 200 200 199 200 199 200 200 200 200 200 200 200 200 200 200 200 200 200 200 200 200 200 200 200 200 201 200 201 201 201 201 201 201 201 201 201 201 201 201 201 201 201 201 201 200 200 200 200 201 201 202 202 202 202 202 202 202 201 201 202 202 201 201 201 201 201 201 201 201 201 201 201 201 201 201 202 202 202 203 202 202 202 202 202 202 202 203 203 203 203 203 203 202 202 202 202 203 203 203 202 203 203 202 202 201 202 202 202 202 203 203 202 202 202 202 202 202 202 202 202 203 203 203 203 203 202 202 202 202 203 203 203 203 203 203 203 203 203 203 203 203 203 203 203 202 202 202 202 202 202 202 202 203 203 203 202 202 202 202 203 203 203 203 203 203 203 203 203 203 204 204 0 0 0 0 0 0 0 0 0 0 0 0 0 0 0 0 0 0 0 0 0 0 0 0 0 0 0 0 0 0 0 0 0 0 0 0 0 0 0 0 0 0 0 0 
0 0 0 0 0 0 0 0 0 0 0 0 0 0 0 0 0 0 0 0 0 0 0 0 0 0 0 0 0 0 0 0 0 0 0 0 0 0 0 0 0 0 0 0 0 0 0 0 0 0 0 0 0 0 0 0 0 0 0 0 0 0 0 0 0 0 0 0 177 177 177 177 178 179 179 179 179 179 179 179 179 180 181 181 182 182 182 182 181 182 182 183 184 183 183 183 183 183 184 185 185 185 185 185 184 184 184 185 185 186 185 185 185 186 185 185 186 186 186 186 186 186 186 186 186 186 186 187 187 187 188 188 188 188 188 188 187 188 188 188 189 189 188 188 189 189 189 189 189 189 189 189 190 189 190 190 190 190 190 191 190 190 190 190 190 190 190 190 190 190 191 191 192 192 192 192 192 192 192 192 192 192 193 193 193 193 193 193 193 193 193 194 193 193 193 194 194 194 194 194 194 195 194 194 194 194 194 194 194 194 194 195 195 195 195 195 195 195 195 195 196 196 196 196 196 196 195 196 196 196 196 196 196 196 196 197 197 197 197 197 197 197 197 197 197 197 198 198 197 197 198 198 198 198 198 198 198 198 198 198 198 198 198 199 199 199 198 199 199 199 199 199 199 199 199 199 199 199 199 199 199 199 199 199 200 200 200 200 200 200 199 199 199 199 200 200 200 200 200 200 200 200 200 200 200 200 200 200 200 200 200 200 200 200 200 200 200 201 201 201 201 201 201 201 201 201 201 201 201 201 201 200 200 200 200 200 201 201 202 202 202 202 201 201 202 202 201 201 201 201 201 201 201 201 202 201 201 201 201 202 202 202 202 202 202 202 203 203 202 202 202 202 203 203 203 203 203 202 203 202 203 202 202 202 202 202 203 202 202 202 203 203 202 202 202 203 203 203 203 202 202 202 202 202 202 202 202 202 202 202 203 203 203 203 203 202 202 202 203 203 203 203 203 203 203 203 203 203 203 203 203 203 203 203 203 203 203 203 203 203 203 203 203 203 203 203 203 203 203 203 203 203 203 203 203 203 203 204 0 0 0 0 0 0 0 0 0 0 0 0 0 0 0 0 0 0 0 0 0 0 0 0 0 0 0 0 0 0 0 0 0 0 0 0 0 0 0 0 0 0 0 0 0 
0 0 0 0 0 0 0 0 0 0 0 0 0 0 0 0 0 0 0 0 0 0 0 0 0 0 0 0 0 0 0 0 0 0 0 0 0 0 0 0 0 0 0 0 0 0 0 0 0 0 0 0 0 0 0 0 0 0 0 0 0 0 0 0 0 0 0 0 0 0 177 177 177 178 178 178 178 178 179 179 180 180 181 181 181 182 182 181 181 182 183 183 183 183 184 184 184 183 184 184 185 185 185 184 184 184 184 184 185 185 185 185 185 185 185 186 186 186 186 186 186 186 186 186 186 186 186 186 187 187 188 188 188 188 188 189 188 188 188 188 189 189 188 188 188 188 188 188 188 188 189 189 190 190 190 190 190 190 190 190 189 189 190 190 190 190 191 191 191 191 191 191 191 191 192 192 192 191 191 192 192 192 192 193 193 193 193 193 193 193 193 193 192 193 193 193 194 194 194 194 194 194 194 194 194 194 194 194 194 194 195 195 194 195 195 195 195 195 195 195 195 195 195 196 195 195 195 195 196 196 196 196 196 196 196 197 197 197 197 197 197 197 197 197 197 197 198 197 197 197 198 198 198 198 198 198 198 198 198 198 198 198 198 198 198 198 198 198 199 199 199 199 199 199 199 199 199 199 199 199 199 199 199 199 199 199 199 199 199 200 200 199 199 199 199 200 200 200 200 200 200 200 200 200 200 200 200 200 200 200 200 200 200 200 200 201 201 201 201 201 201 201 201 200 201 201 201 201 201 201 200 200 200 200 200 200 201 202 202 202 202 202 201 201 201 201 201 201 201 201 201 201 201 201 201 202 202 202 202 202 202 202 202 202 202 202 203 203 202 202 202 202 203 203 203 203 203 203 203 202 202 202 202 202 202 202 202 202 202 202 203 203 204 203 202 202 203 203 203 202 201 202 202 202 202 202 202 202 202 203 203 203 203 203 203 202 202 202 202 203 203 203 203 203 203 203 203 203 203 203 203 203 203 203 203 203 203 203 203 203 203 203 203 203 203 203 203 203 203 203 203 203 203 203 203 203 0 0 0 0 0 0 0 0 0 0 0 0 0 0 0 0 0 0 0 0 0 0 0 0 0 0 0 0 0 0 0 0 0 0 0 0 0 0 0 0 0 0 0 0 0 0 0 
0 0 0 0 0 0 0 0 0 0 0 0 0 0 0 0 0 0 0 0 0 0 0 0 0 0 0 0 0 0 0 0 0 0 0 0 0 0 0 0 0 0 0 0 0 0 0 0 0 0 0 0 0 0 0 0 0 0 0 0 0 0 0 0 0 0 0 0 0 0 0 177 177 177 178 178 178 179 179 179 179 179 180 181 181 181 180 181 182 183 183 183 184 183 184 184 184 184 185 185 185 185 185 185 185 184 185 185 185 185 186 186 186 186 186 185 186 186 187 187 187 187 187 187 187 187 186 186 187 187 188 188 189 189 189 189 189 188 188 188 188 188 188 188 189 189 189 189 189 190 189 190 190 190 191 191 191 191 190 190 190 190 191 191 191 190 191 192 192 191 191 191 191 192 192 192 192 192 192 192 193 193 193 193 194 194 194 194 194 194 194 194 194 194 194 194 195 195 195 195 195 195 196 195 195 196 196 195 196 196 196 196 196 196 196 196 196 196 196 196 196 197 197 197 196 196 196 197 197 197 198 198 198 198 198 198 198 198 198 198 198 198 197 197 197 197 197 197 197 197 197 198 198 198 198 198 198 198 198 198 198 198 198 198 198 198 198 198 198 199 198 199 199 199 199 199 199 199 199 199 199 199 199 199 199 200 199 199 199 199 200 200 199 199 199 199 199 199 199 199 199 199 199 199 199 199 199 199 200 200 199 200 199 200 200 200 200 200 200 200 200 200 200 200 200 200 200 201 200 200 199 200 200 199 199 200 201 201 201 201 201 202 201 201 201 201 201 201 202 201 201 201 201 201 201 201 201 202 203 203 203 203 203 203 202 203 203 203 202 203 203 202 202 203 203 203 203 202 202 202 202 202 202 202 202 202 202 202 202 202 202 202 202 203 203 202 202 202 202 202 202 202 202 202 202 202 202 202 202 203 203 203 203 203 203 202 202 202 202 202 203 203 203 203 203 203 203 203 203 203 203 203 203 203 203 203 202 202 202 202 202 202 203 203 203 203 203 203 203 203 203 203 203 203 203 203 0 0 0 0 0 0 0 0 0 0 0 0 0 0 0 0 0 0 0 0 0 0 0 0 0 0 0 0 0 0 0 0 0 0 0 0 0 0 0 0 0 0 0 0 0 0 0 
0 0 0 0 0 0 0 0 0 0 0 0 0 0 0 0 0 0 0 0 0 0 0 0 0 0 0 0 0 0 0 0 0 0 0 0 0 0 0 0 0 0 0 0 0 0 0 0 0 0 0 0 0 0 0 0 0 0 0 0 0 0 0 0 0 0 0 0 0 0 0 0 177 177 178 178 178 178 178 178 178 179 180 181 181 182 181 181 182 182 183 183 183 183 184 184 184 185 185 185 185 185 185 185 185 185 185 185 185 185 185 185 186 186 185 186 186 186 187 187 187 187 187 187 187 187 187 186 186 187 187 188 188 188 188 188 189 188 188 188 188 188 189 188 189 189 189 189 189 189 189 189 190 190 191 191 191 191 191 190 190 190 191 191 190 190 191 191 191 191 191 191 191 192 192 192 193 192 192 192 192 192 193 193 193 194 194 194 194 194 194 194 194 194 194 194 194 194 194 195 195 196 195 195 196 196 196 195 196 197 196 196 196 196 196 196 196 196 196 196 196 196 196 197 197 196 197 197 197 197 198 198 197 198 198 198 198 198 198 198 198 198 197 197 197 197 197 197 197 197 197 197 198 198 198 198 198 198 198 198 198 198 198 198 198 198 198 198 198 198 198 198 198 199 199 199 199 199 199 199 199 199 199 199 199 199 199 199 199 199 200 200 199 199 199 199 199 199 199 199 199 199 199 199 199 199 199 199 199 199 199 199 199 199 200 200 200 200 200 200 200 200 200 200 200 200 200 200 200 200 200 200 199 199 200 200 200 201 201 201 202 202 202 202 202 202 202 202 202 202 202 201 201 201 201 202 202 202 202 202 202 202 202 202 202 203 203 203 202 203 203 203 202 203 203 203 203 202 202 202 202 202 202 202 202 202 202 202 202 202 202 202 202 202 202 202 202 202 202 203 202 202 202 202 202 202 202 202 202 203 203 203 203 203 203 203 202 202 202 202 202 203 203 202 203 203 203 203 203 203 203 202 202 203 203 203 203 203 202 202 202 202 203 203 203 203 203 203 203 203 203 203 203 203 203 203 203 0 0 0 0 0 0 0 0 0 0 0 0 0 0 0 0 0 0 0 0 0 0 0 0 0 0 0 0 0 0 0 0 0 0 0 0 0 0 0 0 0 0 0 0 0 0 
0 0 0 0 0 0 0 0 0 0 0 0 0 0 0 0 0 0 0 0 0 0 0 0 0 0 0 0 0 0 0 0 0 0 0 0 0 0 0 0 0 0 0 0 0 0 0 0 0 0 0 0 0 0 0 0 0 0 0 0 0 0 0 0 0 0 0 0 0 0 0 0 177 177 177 178 178 0 0 0 178 179 180 180 180 180 180 180 181 181 182 183 183 183 184 184 184 184 184 185 185 185 185 185 185 185 185 186 186 186 186 186 186 186 186 186 186 187 187 187 187 187 187 187 187 187 186 186 187 187 187 187 187 187 188 188 188 188 188 188 189 189 190 189 189 189 189 189 189 189 189 190 190 190 190 190 190 190 191 191 191 191 191 191 191 192 192 192 192 191 192 192 192 192 193 193 193 193 193 193 192 192 192 193 193 193 194 194 193 194 194 194 194 194 194 194 194 194 194 195 195 195 195 195 195 196 196 195 196 197 197 196 196 196 196 196 196 196 196 196 196 196 196 197 197 197 197 197 197 197 197 198 197 198 198 198 198 198 198 198 198 198 197 197 197 197 197 197 197 197 197 197 198 198 198 198 197 197 197 198 198 198 198 198 198 198 198 198 198 198 198 198 198 198 199 199 199 199 199 199 199 199 199 199 199 199 199 199 199 199 199 200 199 199 199 199 199 199 199 199 199 199 199 199 199 199 199 199 199 199 199 199 199 199 199 200 200 200 200 200 200 200 200 200 200 200 200 200 200 200 200 200 200 200 200 200 200 201 201 202 202 202 203 202 202 202 202 202 202 202 202 202 202 202 202 202 202 202 202 202 202 202 202 202 202 202 203 203 202 202 203 203 203 203 203 203 203 203 202 202 202 203 202 203 203 202 202 202 202 202 202 202 201 201 202 202 202 202 202 202 203 202 202 202 202 202 202 203 203 203 203 203 203 203 203 203 202 202 202 202 202 203 203 203 203 202 202 202 203 203 203 203 202 202 202 202 202 202 202 202 202 203 203 203 203 203 203 203 203 203 203 203 203 203 203 203 0 0 0 0 0 0 0 0 0 0 0 0 0 0 0 0 0 0 0 0 0 0 0 0 0 0 0 0 0 0 0 0 0 0 0 0 0 0 0 0 0 0 0 0 0 0 0 
0 0 0 0 0 0 0 0 0 0 0 0 0 0 0 0 0 0 0 0 0 0 0 0 0 0 0 0 0 0 0 0 0 0 0 0 0 0 0 0 0 0 0 0 0 0 0 0 0 0 0 0 0 0 0 0 0 0 0 0 0 0 0 0 0 0 0 0 0 0 0 0 0 0 177 177 0 0 0 0 178 179 179 179 179 179 180 181 180 181 181 182 182 183 183 183 184 184 184 184 185 184 185 185 185 186 186 186 186 186 186 186 186 186 186 186 186 186 186 186 186 186 186 187 186 186 186 186 188 187 187 188 187 187 187 188 188 189 189 189 189 189 190 190 189 190 190 189 189 189 190 190 190 189 189 190 190 190 190 191 191 191 192 192 192 192 192 192 193 193 192 192 192 193 193 192 193 193 193 193 193 192 192 193 193 193 193 194 193 194 194 194 194 194 194 194 194 194 194 195 195 195 196 196 196 196 197 196 196 197 196 196 196 196 196 196 196 196 196 196 196 196 196 196 197 197 197 197 197 197 197 198 197 198 198 198 198 198 198 198 198 198 197 197 197 197 197 197 197 197 197 197 197 197 198 197 197 197 197 197 198 198 198 198 198 198 198 198 198 198 198 198 198 198 198 198 198 198 199 199 199 199 199 198 199 199 199 199 199 199 199 199 199 199 199 199 199 199 199 199 199 199 199 199 199 199 199 199 199 199 199 199 199 199 199 199 200 200 200 200 200 200 199 200 200 200 200 200 200 200 200 200 200 200 200 200 201 201 201 202 202 202 203 203 203 202 202 202 202 202 203 202 203 202 203 202 203 202 202 202 202 202 202 202 202 202 202 203 202 202 202 203 203 203 203 203 203 203 203 202 202 202 202 203 202 202 202 202 202 202 202 202 201 201 201 202 202 202 202 202 202 203 202 202 202 202 202 202 203 203 203 203 203 203 203 202 202 202 202 202 202 202 202 203 203 203 203 202 202 203 203 203 203 202 202 202 202 202 202 202 203 203 203 203 203 203 203 203 203 203 203 203 203 203 203 203 0 0 0 0 0 0 0 0 0 0 0 0 0 0 0 0 0 0 0 0 0 0 0 0 0 0 0 0 0 0 0 0 0 0 0 0 0 0 0 0 0 0 0 0 0 0 0 
0 0 0 0 0 0 0 0 0 0 0 0 0 0 0 0 0 0 0 0 0 0 0 0 0 0 0 0 0 0 0 0 0 0 0 0 0 0 0 0 0 0 0 0 0 0 0 0 0 0 0 0 0 0 0 0 0 0 0 0 0 0 0 0 0 0 0 0 0 0 0 0 0 0 0 0 0 0 0 178 178 179 179 179 179 180 181 182 182 181 182 183 183 183 183 183 184 184 184 184 184 184 185 185 185 185 185 186 186 186 186 187 186 186 185 186 186 186 186 186 186 186 186 186 186 186 187 187 187 187 187 187 188 187 187 188 188 188 188 189 189 189 190 190 190 190 190 190 190 190 189 189 189 189 189 190 190 190 191 191 191 191 192 192 192 192 192 192 192 193 192 192 193 192 192 192 192 192 192 193 193 192 192 193 193 193 193 193 193 194 194 193 193 193 194 194 194 194 194 195 195 195 196 196 196 197 196 197 197 196 195 195 195 196 196 195 196 196 196 196 196 196 196 196 196 197 197 197 197 197 197 197 197 197 197 197 198 198 198 198 198 198 197 197 197 197 197 197 197 197 197 197 197 197 197 197 197 197 197 197 197 197 197 197 197 198 198 198 198 198 198 198 198 198 198 198 198 198 198 198 199 199 199 198 199 199 199 199 199 199 199 199 199 199 199 199 199 199 199 199 199 199 199 199 199 199 199 199 199 199 199 199 199 199 199 199 200 200 199 200 200 199 199 200 200 199 200 200 200 200 200 200 200 200 200 200 201 201 202 202 202 202 202 202 203 203 202 202 202 202 202 203 203 203 203 203 202 202 202 202 202 202 202 202 202 202 202 202 202 202 202 202 203 203 203 203 203 203 203 202 202 202 202 202 202 202 202 202 202 202 202 202 201 201 201 201 201 202 202 202 202 202 203 202 202 202 202 202 202 202 203 203 203 202 202 202 202 202 202 202 202 202 202 203 203 203 203 203 203 203 203 203 202 202 202 202 202 202 202 202 202 202 203 203 203 203 203 203 203 203 203 203 203 203 203 203 0 0 0 0 0 0 0 0 0 0 0 0 0 0 0 0 0 0 0 0 0 0 0 0 0 0 0 0 0 0 0 0 0 0 0 0 0 0 0 0 0 0 0 0 0 0 0 
0 0 0 0 0 0 0 0 0 0 0 0 0 0 0 0 0 0 0 0 0 0 0 0 0 0 0 0 0 0 0 0 0 0 0 0 0 0 0 0 0 0 0 0 0 0 0 0 0 0 0 0 0 0 0 0 0 0 0 0 0 0 0 0 0 0 0 0 0 0 0 0 0 0 0 0 0 0 177 178 178 179 179 179 179 179 180 181 181 182 182 183 183 183 183 183 183 184 184 184 184 184 184 184 184 184 184 185 186 186 186 186 186 186 186 186 186 186 186 185 186 186 186 186 186 186 187 187 187 188 187 188 188 188 187 187 188 189 189 189 189 190 190 190 190 190 190 190 190 190 190 190 190 190 189 189 190 191 191 191 191 192 192 192 192 192 192 192 192 192 192 192 192 192 193 193 192 192 192 192 193 193 193 193 193 193 193 193 194 193 193 193 193 193 194 194 194 194 195 195 195 195 195 195 195 196 196 196 197 196 195 195 195 195 195 196 196 196 196 196 196 196 196 196 196 197 197 197 197 197 197 197 197 197 197 197 198 198 198 198 198 198 197 197 197 197 197 197 197 197 197 197 197 197 197 197 197 197 197 197 197 197 197 197 197 197 198 198 198 198 198 198 198 198 198 198 198 198 198 198 198 198 199 198 199 199 199 199 199 199 199 199 198 199 199 199 199 199 199 199 199 199 199 199 199 199 199 199 199 199 199 199 199 199 199 199 200 199 199 199 199 199 200 200 199 200 200 200 200 200 200 200 200 200 201 201 201 201 202 202 202 202 202 203 203 203 203 203 203 203 203 203 202 202 202 202 202 202 202 202 202 202 202 202 202 202 202 202 202 202 202 202 202 203 203 203 202 202 202 202 202 201 201 202 202 202 202 202 202 202 202 202 202 201 201 201 201 201 202 202 202 202 202 203 202 202 202 202 202 202 202 203 203 202 202 202 202 202 202 202 202 202 202 202 203 203 203 203 203 203 203 202 202 202 202 202 202 202 202 202 202 202 202 203 203 203 203 203 203 203 203 203 203 203 203 203 0 0 0 0 0 0 0 0 0 0 0 0 0 0 0 0 0 0 0 0 0 0 0 0 0 0 0 0 0 0 0 0 0 0 0 0 0 0 0 0 0 0 0 0 0 0 0 
0 0 0 0 0 0 0 0 0 0 0 0 0 0 0 0 0 0 0 0 0 0 0 0 0 0 0 0 0 0 0 0 0 0 0 0 0 0 0 0 0 0 0 0 0 0 0 0 0 0 0 0 0 0 0 0 0 0 0 0 0 0 0 0 0 0 0 0 0 0 0 0 0 0 0 0 0 0 0 0 0 178 179 179 180 180 180 180 180 180 181 181 183 183 184 183 183 184 184 184 184 184 184 184 183 184 184 184 184 185 186 186 186 185 186 186 186 187 186 186 186 186 186 186 186 186 187 187 187 188 188 188 188 188 188 188 188 188 189 189 189 190 190 190 190 190 190 190 190 190 191 190 190 190 190 190 190 191 191 191 191 192 192 192 192 192 192 192 192 192 192 192 192 192 192 192 192 192 192 192 193 193 193 193 193 193 193 193 193 193 193 193 193 194 194 194 194 195 195 195 195 195 195 195 195 195 196 196 197 196 196 196 196 196 196 196 196 196 196 196 196 197 197 196 196 197 197 197 197 197 197 197 197 197 197 197 197 198 198 198 198 198 196 196 197 197 197 197 197 197 197 197 197 197 197 197 197 197 197 197 197 197 197 197 197 198 198 198 198 198 198 198 198 198 198 198 198 198 198 198 198 198 198 198 198 198 199 199 199 199 199 199 198 198 199 199 198 199 199 199 199 199 199 199 199 199 199 199 199 199 199 199 199 199 199 199 199 199 199 199 199 200 200 200 200 200 200 200 200 200 200 200 200 200 200 200 200 201 201 201 201 202 202 202 203 203 203 203 203 203 203 203 202 202 202 202 202 203 203 202 202 203 203 203 203 203 203 202 202 202 202 202 202 202 202 202 202 201 201 202 202 202 201 202 202 202 202 202 202 202 202 202 202 202 201 201 201 201 202 202 202 202 202 202 203 202 202 202 202 202 202 203 202 202 202 202 202 202 202 202 202 202 202 202 202 202 203 203 203 203 203 202 202 202 202 202 202 202 202 202 202 202 202 202 203 203 203 203 203 203 203 203 203 203 203 0 0 0 0 0 0 0 0 0 0 0 0 0 0 0 0 0 0 0 0 0 0 0 0 0 0 0 0 0 0 0 0 0 0 0 0 0 0 0 0 0 0 0 0 0 0 0 0 
0 0 0 0 0 0 0 0 0 0 0 0 0 0 0 0 0 0 0 0 0 0 0 0 0 0 0 0 0 0 0 0 0 0 0 0 0 0 0 0 0 0 0 0 0 0 0 0 0 0 0 0 0 0 0 0 0 0 0 0 0 0 0 0 0 0 0 0 0 0 0 0 0 0 0 0 0 0 0 0 0 178 178 179 179 180 179 179 179 180 180 181 181 182 183 183 184 184 184 184 184 184 184 184 184 183 183 184 185 185 185 186 186 186 186 186 186 186 186 186 186 187 186 187 187 187 187 187 187 187 187 187 187 187 188 188 188 189 189 189 189 190 190 190 189 190 190 190 190 190 191 191 191 190 191 191 191 191 191 191 191 191 191 191 192 192 192 192 192 192 192 192 192 192 192 192 192 192 192 192 193 193 193 193 193 193 193 193 193 193 194 194 194 194 194 194 195 195 195 195 195 195 195 195 195 195 195 196 196 195 196 196 196 196 196 196 196 196 196 196 196 197 197 196 196 197 197 197 197 197 197 197 197 197 197 197 197 197 198 198 197 198 196 196 196 197 197 197 197 197 197 197 197 197 197 197 197 197 197 197 197 197 197 197 197 198 198 198 198 198 198 198 198 198 198 198 198 198 198 198 198 198 198 198 198 198 199 199 199 199 199 199 198 198 198 198 198 199 199 199 199 199 199 199 199 199 199 199 199 199 199 199 199 199 199 199 199 199 199 200 199 200 199 199 199 199 200 200 199 199 200 200 199 199 199 199 199 200 199 199 200 200 201 201 201 202 202 202 202 202 202 202 202 202 202 202 202 203 203 203 203 203 203 203 203 203 203 203 203 202 202 202 202 201 201 201 201 202 201 202 202 202 201 202 202 202 202 202 202 202 202 202 201 202 202 201 201 201 202 202 201 202 202 202 202 202 202 202 202 202 202 203 203 202 202 202 202 202 202 202 202 202 202 202 202 202 202 202 203 203 203 202 202 202 202 202 202 202 202 202 202 202 202 202 202 203 203 203 203 203 203 203 203 203 203 0 0 0 0 0 0 0 0 0 0 0 0 0 0 0 0 0 0 0 0 0 0 0 0 0 0 0 0 0 0 0 0 0 0 0 0 0 0 0 0 0 0 0 0 0 0 0 0 
0 0 0 0 0 0 0 0 0 0 0 0 0 0 0 0 0 0 0 0 0 0 0 0 0 0 0 0 0 0 0 0 0 0 0 0 0 0 0 0 0 0 0 0 0 0 0 0 0 0 0 0 0 0 0 0 0 0 0 0 0 0 0 0 0 0 0 0 0 0 0 0 0 0 0 0 0 0 0 0 0 0 178 178 178 178 179 179 180 180 181 180 180 181 181 181 182 182 183 184 184 184 183 183 183 183 184 185 185 185 185 185 185 186 186 186 186 186 186 186 186 186 186 187 186 186 186 186 186 187 187 187 187 187 188 188 188 189 189 189 189 190 190 189 189 189 189 189 190 190 190 190 191 190 190 191 191 191 191 191 191 191 191 191 192 192 192 192 192 192 192 192 192 191 192 192 192 192 192 192 192 193 193 193 193 193 193 193 193 193 193 194 194 194 194 194 195 195 195 195 195 195 195 195 195 195 195 196 195 195 196 195 196 196 196 196 196 196 196 196 196 196 196 196 196 196 197 197 197 196 197 197 197 197 197 197 197 197 197 197 197 197 196 196 196 196 197 197 196 197 197 197 197 197 197 197 197 197 197 197 197 197 197 197 197 197 198 198 198 198 198 198 198 198 198 198 198 198 198 198 198 198 198 198 198 198 198 198 198 199 199 199 198 198 198 198 198 198 198 198 198 198 199 199 199 199 199 199 199 199 199 199 199 199 199 199 199 199 199 200 200 199 199 199 199 199 200 199 199 200 200 199 200 200 200 200 200 199 199 199 200 200 201 201 201 201 201 201 201 201 202 203 203 202 202 202 203 203 203 203 203 203 203 203 203 203 203 203 203 203 203 202 202 201 201 201 201 202 202 202 202 202 201 201 202 202 202 202 202 202 202 202 201 201 202 201 201 201 201 201 201 202 202 202 202 202 202 202 202 202 202 203 202 203 203 202 202 202 202 202 202 202 202 202 202 202 202 202 203 203 203 203 203 202 202 202 202 202 202 202 202 202 202 202 202 202 203 203 203 203 203 203 203 203 203 203 0 0 0 0 0 0 0 0 0 0 0 0 0 0 0 0 0 0 0 0 0 0 0 0 0 0 0 0 0 0 0 0 0 0 0 0 0 0 0 0 0 0 0 0 0 0 0 
0 0 0 0 0 0 0 0 0 0 0 0 0 0 0 0 0 0 0 0 0 0 0 0 0 0 0 0 0 0 0 0 0 0 0 0 0 0 0 0 0 0 0 0 0 0 0 0 0 0 0 0 0 0 0 0 0 0 0 0 0 0 0 0 0 0 0 0 0 0 0 0 0 0 0 0 0 0 0 0 0 0 0 177 178 179 179 180 179 180 180 180 179 180 181 181 181 181 182 182 182 183 183 183 183 183 183 184 184 184 184 185 185 185 186 186 186 186 185 185 185 186 186 186 187 186 186 186 186 187 187 187 187 187 188 188 188 187 188 188 189 189 189 189 189 189 189 189 190 190 190 190 190 190 190 190 190 190 191 191 191 191 191 191 191 191 192 192 192 192 192 192 192 191 191 192 192 192 192 192 192 192 193 193 193 193 193 193 194 194 194 194 194 194 194 194 194 194 195 194 195 195 195 195 195 195 195 196 195 195 195 196 196 196 195 196 195 195 196 196 196 196 196 196 196 196 197 196 196 196 197 197 196 197 197 197 197 197 197 197 197 197 196 196 196 196 196 196 196 196 196 197 197 197 197 197 197 197 197 197 197 197 197 197 197 197 197 197 197 197 197 198 198 198 198 198 198 198 198 198 198 198 198 198 198 198 198 198 198 198 199 199 198 198 198 198 198 198 198 198 198 198 198 199 199 199 199 199 199 199 199 199 199 199 199 199 199 199 199 199 199 199 199 199 199 199 199 199 199 199 200 200 199 199 200 200 201 200 199 200 200 200 200 200 201 201 201 201 201 201 202 202 203 202 202 202 202 202 202 203 203 203 203 203 203 203 203 203 203 203 203 203 202 201 201 201 201 201 202 202 201 201 201 201 201 202 202 202 202 202 202 202 201 201 201 202 202 201 201 202 201 201 202 202 202 202 202 202 201 202 202 202 202 202 202 202 202 202 202 202 202 202 202 202 202 202 202 202 203 202 202 203 202 202 202 201 202 202 202 202 202 202 202 202 202 202 203 203 202 202 202 203 203 203 203 203 0 0 0 0 0 0 0 0 0 0 0 0 0 0 0 0 0 0 0 0 0 0 0 0 0 0 0 0 0 0 0 0 0 0 0 0 0 0 0 0 0 0 0 0 0 0 0 
0 0 0 0 0 0 0 0 0 0 0 0 0 0 0 0 0 0 0 0 0 0 0 0 0 0 0 0 0 0 0 0 0 0 0 0 0 0 0 0 0 0 0 0 0 0 0 0 0 0 0 0 0 0 0 0 0 0 0 0 0 0 0 0 0 0 0 0 0 0 0 0 0 0 0 0 0 0 0 0 0 0 0 0 177 178 178 178 178 179 180 179 179 180 180 181 180 180 181 181 182 183 183 183 183 183 183 183 183 183 184 185 185 185 185 186 186 186 186 185 185 185 186 186 186 186 186 186 186 186 187 187 187 187 188 188 187 187 187 188 189 189 188 188 189 189 189 189 189 190 190 190 190 190 190 190 191 190 190 190 191 191 191 191 191 191 191 191 192 192 192 192 192 192 192 191 191 192 192 192 192 192 193 193 193 193 193 193 193 194 194 194 194 194 194 194 194 194 194 195 194 194 194 194 194 194 195 196 195 195 195 195 196 196 196 196 196 195 195 195 196 196 196 196 196 196 196 196 196 196 196 197 197 197 197 197 197 197 197 197 197 197 196 196 196 196 196 196 196 196 196 196 196 196 197 197 197 197 197 197 197 197 196 197 197 197 197 197 197 197 197 198 198 198 198 198 198 198 198 198 198 198 198 198 198 198 198 198 198 198 199 199 198 198 198 198 198 198 198 198 198 198 198 199 199 199 199 199 199 199 199 199 199 199 199 199 199 199 199 199 199 199 199 199 199 199 199 199 199 200 200 200 199 199 200 200 200 200 200 201 201 201 201 200 201 200 201 201 201 201 201 202 202 202 201 202 202 202 202 203 203 203 203 203 203 203 203 203 203 203 203 203 203 202 201 200 201 201 202 202 202 202 202 201 201 202 202 202 202 202 202 202 201 201 201 201 202 202 202 202 201 201 201 202 202 202 201 201 202 202 202 202 202 202 202 202 202 202 202 202 202 202 202 202 202 202 202 202 202 202 202 202 202 202 201 201 201 202 202 202 202 202 202 202 202 202 202 202 202 202 202 203 203 203 203 204 0 0 0 0 0 0 0 0 0 0 0 0 0 0 0 0 0 0 0 0 0 0 0 0 0 0 0 0 0 0 0 0 0 0 0 0 0 0 0 0 0 0 0 0 0 0 0 
0 0 0 0 0 0 0 0 0 0 0 0 0 0 0 0 0 0 0 0 0 0 0 0 0 0 0 0 0 0 0 0 0 0 0 0 0 0 0 0 0 0 0 0 0 0 0 0 0 0 0 0 0 0 0 0 0 0 0 0 0 0 0 0 0 0 0 0 0 0 0 0 0 0 0 0 0 0 0 0 0 0 0 0 0 0 0 0 0 178 179 179 0 0 179 180 180 180 181 181 182 182 183 183 183 183 183 183 183 184 184 185 184 185 185 185 185 185 186 185 185 185 186 186 186 186 187 186 186 186 187 187 187 187 187 187 187 187 188 188 188 189 188 188 188 189 189 189 189 189 190 190 190 190 190 190 191 190 190 190 190 190 191 191 190 191 191 191 191 192 192 192 192 192 192 192 192 192 192 192 192 192 192 192 193 193 193 193 193 193 193 194 194 194 194 194 194 194 194 194 194 194 194 194 194 194 195 195 195 194 195 195 195 195 195 196 196 196 195 195 195 196 196 196 196 196 196 196 196 196 197 196 197 197 197 197 197 197 197 197 197 197 195 195 195 196 196 196 196 196 196 196 196 196 196 197 197 197 197 197 197 197 196 197 197 197 197 197 197 197 197 198 198 198 198 198 198 198 198 198 197 198 198 198 198 198 198 198 198 198 198 198 198 198 198 197 198 198 198 198 198 198 198 198 198 199 199 199 199 199 199 199 199 199 199 199 199 199 199 199 199 199 199 199 199 199 199 199 199 199 200 200 200 200 200 200 199 199 200 200 200 201 201 201 201 201 201 201 201 201 201 201 201 201 202 202 202 202 202 202 203 203 203 203 203 203 203 203 203 203 203 203 203 202 201 200 201 201 201 202 202 202 202 202 202 201 202 202 202 202 202 202 202 201 201 201 202 202 202 202 201 201 201 201 202 201 201 202 202 202 202 202 202 202 202 202 202 202 202 202 202 202 202 202 202 202 202 202 202 203 202 202 202 202 202 201 201 202 202 202 202 202 202 202 202 202 202 202 202 202 203 203 203 203 203 204 204 0 0 0 0 0 0 0 0 0 0 0 0 0 0 0 0 0 0 0 0 0 0 0 0 0 0 0 0 0 0 0 0 0 0 0 0 0 0 0 0 0 0 0 0 0 0 
0 0 0 0 0 0 0 0 0 0 0 0 0 0 0 0 0 0 0 0 0 0 0 0 0 0 0 0 0 0 0 0 0 0 0 0 0 0 0 0 0 0 0 0 0 0 0 0 0 0 0 0 0 0 0 0 0 0 0 0 0 0 0 0 0 0 0 0 0 0 0 0 0 0 0 0 0 0 0 0 0 0 0 0 0 0 0 0 0 0 179 179 0 0 179 180 180 181 181 182 181 181 182 183 183 183 182 182 184 184 184 185 184 184 185 185 185 185 185 186 186 186 185 186 186 186 186 186 186 186 186 187 187 187 187 187 187 187 187 187 188 188 188 188 188 189 189 189 189 189 190 190 190 190 190 190 190 190 190 190 190 190 190 190 190 191 191 191 191 191 192 192 192 192 192 192 192 192 192 191 192 192 192 192 192 193 193 193 193 193 193 194 193 194 194 194 194 194 194 194 194 194 194 194 195 195 195 194 194 194 195 195 195 195 195 195 195 195 195 195 195 196 196 196 196 196 196 196 196 196 196 196 196 197 197 197 197 197 197 197 197 197 195 195 195 195 196 196 196 196 196 196 196 196 196 196 197 197 197 197 196 197 197 197 197 197 197 197 197 197 197 198 198 197 197 197 197 197 197 197 198 198 198 198 198 198 198 197 198 198 198 198 197 198 197 197 197 197 198 198 198 198 198 198 198 198 199 199 199 199 199 199 199 199 199 199 199 199 199 199 199 199 199 199 199 199 200 200 200 200 200 200 200 200 200 200 200 200 200 200 200 200 201 201 201 202 202 201 201 202 202 202 202 201 201 202 202 203 203 202 202 203 203 203 203 203 203 203 203 203 203 203 203 202 201 200 201 201 201 201 202 202 202 202 202 202 201 201 202 201 202 202 202 202 201 202 202 201 201 202 202 201 201 201 201 201 201 201 202 202 202 202 202 202 202 202 202 202 202 201 202 202 202 202 202 202 202 202 202 202 202 202 202 201 202 202 202 202 202 202 202 202 202 202 202 203 202 202 203 203 203 203 0 204 204 204 0 0 0 0 0 0 0 0 0 0 0 0 0 0 0 0 0 0 0 0 0 0 0 0 0 0 0 0 0 0 0 0 0 0 0 0 0 0 0 0 0 0 0 0 0 0 0 
0 0 0 0 0 0 0 0 0 0 0 0 0 0 0 0 0 0 0 0 0 0 0 0 0 0 0 0 0 0 0 0 0 0 0 0 0 0 0 0 0 0 0 0 0 0 0 0 0 0 0 0 0 0 0 0 0 0 0 0 0 0 0 0 0 0 0 0 0 0 0 0 0 0 0 0 0 0 0 0 0 0 0 0 0 0 0 0 0 0 178 178 0 0 179 179 179 180 181 180 181 181 182 183 183 183 183 182 183 183 184 184 184 184 184 185 185 185 185 185 185 186 186 186 186 186 186 186 187 187 187 186 187 187 187 187 187 187 187 187 188 189 188 189 189 189 189 189 189 189 189 190 190 190 190 190 190 190 190 190 190 190 190 190 190 190 191 191 191 191 191 191 192 192 192 192 192 192 192 192 192 192 192 192 192 192 192 193 193 193 193 193 193 193 193 193 193 194 194 194 194 194 194 194 194 195 195 194 195 194 195 195 195 195 195 195 195 195 195 195 195 196 196 196 196 196 196 196 196 196 196 196 196 196 197 197 197 197 197 197 197 197 195 195 195 195 196 196 196 196 196 196 196 196 196 196 196 196 196 196 196 196 197 197 197 197 197 197 197 197 197 197 197 197 197 197 197 197 197 198 198 198 197 197 198 198 198 198 197 197 198 198 197 197 197 197 197 197 197 197 198 198 198 198 198 198 198 198 198 198 198 199 199 199 199 199 199 199 199 199 199 199 199 199 199 199 199 200 199 200 199 200 200 200 200 200 200 201 200 200 201 201 201 201 201 201 201 202 202 202 202 202 202 202 202 201 202 203 203 203 203 203 203 203 203 203 203 203 203 203 203 203 203 202 201 200 200 201 201 201 201 202 202 202 202 202 202 202 201 202 201 202 202 202 202 202 202 202 201 201 202 201 201 201 201 201 201 201 202 202 202 202 202 202 202 202 202 202 201 201 201 202 202 202 202 202 202 202 202 202 201 201 201 202 202 202 202 202 202 202 202 202 202 203 203 203 203 203 203 0 0 0 0 0 0 0 0 0 0 0 0 0 0 0 0 0 0 0 0 0 0 0 0 0 0 0 0 0 0 0 0 0 0 0 0 0 0 0 0 0 0 0 0 0 0 0 0 0 0 0 0 0 0 
0 0 0 0 0 0 0 0 0 0 0 0 0 0 0 0 0 0 0 0 0 0 0 0 0 0 0 0 0 0 0 0 0 0 0 0 0 0 0 0 0 0 0 0 0 0 0 0 0 0 0 0 0 0 0 0 0 0 0 0 0 0 0 0 0 0 0 0 0 0 0 0 0 0 0 0 0 0 0 0 0 0 0 0 0 0 0 0 0 0 0 0 0 0 0 0 0 180 180 180 181 181 182 181 182 183 183 182 182 183 183 184 184 184 184 184 184 185 185 185 185 185 185 185 185 186 186 186 186 186 186 186 187 187 187 187 187 187 187 187 187 188 188 188 188 189 189 189 189 189 189 190 190 189 190 190 190 190 190 190 190 190 190 190 190 190 190 191 191 191 191 191 192 192 192 192 192 192 192 192 192 192 192 192 192 192 192 192 192 193 193 193 193 193 193 193 193 193 194 194 194 194 194 194 194 194 194 194 195 195 194 194 194 195 195 195 195 195 195 195 195 195 196 196 196 196 196 196 196 196 196 196 196 196 197 197 197 197 197 197 197 197 195 195 195 196 196 196 196 196 196 196 196 196 196 196 196 196 196 196 196 196 196 197 197 197 197 197 197 197 197 197 197 197 197 197 198 197 197 198 197 197 197 197 198 198 198 198 198 198 197 198 197 197 197 197 197 197 197 197 197 198 198 198 198 198 198 198 198 198 198 198 198 199 199 199 199 199 199 199 199 199 199 199 199 199 199 199 199 199 199 200 199 200 200 200 200 200 200 201 201 201 202 201 201 201 201 201 202 202 201 202 202 202 202 202 202 203 203 203 203 203 203 203 203 203 203 203 203 203 203 203 203 202 201 201 200 200 201 201 201 202 202 202 202 202 202 202 202 202 201 201 201 201 202 202 202 202 201 201 201 201 201 202 201 201 201 201 202 202 202 202 202 202 202 202 202 201 201 201 201 202 202 202 202 202 202 202 202 201 202 202 202 202 202 202 202 202 202 202 202 202 202 202 203 203 0 0 0 0 0 0 0 0 0 0 0 0 0 0 0 0 0 0 0 0 0 0 0 0 0 0 0 0 0 0 0 0 0 0 0 0 0 0 0 0 0 0 0 0 0 0 0 0 0 0 0 0 0 0 0 0 0 
0 0 0 0 0 0 0 0 0 0 0 0 0 0 0 0 0 0 0 0 0 0 0 0 0 0 0 0 0 0 0 0 0 0 0 0 0 0 0 0 0 0 0 0 0 0 0 0 0 0 0 0 0 0 0 0 0 0 0 0 0 0 0 0 0 0 0 0 0 0 0 0 0 0 0 0 0 0 0 0 0 0 0 0 0 0 0 0 0 0 0 0 0 0 0 0 179 180 180 180 180 181 181 181 182 183 183 182 182 183 184 184 184 184 184 184 184 184 185 185 185 185 185 185 185 186 186 186 186 186 186 186 187 186 187 187 187 187 187 187 188 188 188 188 188 189 189 189 189 189 189 189 189 189 189 190 190 190 190 190 190 190 190 190 190 190 190 190 191 191 191 191 191 191 192 192 192 192 192 192 192 192 192 192 192 192 192 192 192 193 193 193 193 193 193 193 193 193 193 193 193 193 193 194 194 194 194 194 194 194 194 194 194 194 194 195 195 195 195 195 195 195 195 195 196 195 196 196 196 196 196 196 196 196 196 196 196 197 197 197 197 197 195 195 195 195 196 196 196 196 196 196 196 196 196 196 196 196 196 196 196 196 196 197 197 197 197 197 197 197 197 197 197 197 197 198 197 197 197 197 197 197 197 198 197 198 198 198 198 197 197 197 197 197 197 197 198 198 198 197 197 197 197 198 198 198 198 198 198 198 198 198 198 198 199 199 199 199 199 199 199 199 199 199 199 199 199 199 199 200 199 199 199 199 199 200 200 200 200 201 201 202 202 202 202 202 202 201 201 201 201 201 202 202 202 203 203 203 203 203 202 202 203 203 203 203 203 203 203 203 203 203 203 202 202 201 200 200 201 201 201 201 202 202 202 202 202 202 202 202 202 202 201 201 202 202 202 202 201 201 201 201 201 201 202 201 201 201 202 202 202 202 202 202 202 202 202 201 201 201 201 202 202 202 202 202 202 202 201 201 202 202 202 202 202 202 203 203 202 202 202 202 202 203 203 203 203 0 0 0 0 0 0 0 0 0 0 0 0 0 0 0 0 0 0 0 0 0 0 0 0 0 0 0 0 0 0 0 0 0 0 0 0 0 0 0 0 0 0 0 0 0 0 0 0 0 0 0 0 0 0 0 0 
0 0 0 0 0 0 0 0 0 0 0 0 0 0 0 0 0 0 0 0 0 0 0 0 0 0 0 0 0 0 0 0 0 0 0 0 0 0 0 0 0 0 0 0 0 0 0 0 0 0 0 0 0 0 0 0 0 0 0 0 0 0 0 0 0 0 0 0 0 0 0 0 0 0 0 0 0 0 0 0 0 0 0 0 0 0 0 0 0 0 0 0 0 0 0 0 179 180 181 181 180 180 180 181 182 183 182 181 182 183 183 184 184 184 184 184 184 184 184 185 185 185 185 185 185 185 186 186 186 186 186 186 186 187 186 187 187 187 187 187 188 188 188 188 188 189 189 189 189 188 188 188 189 189 189 189 189 189 190 190 190 190 190 190 190 190 190 190 190 190 191 191 191 191 191 192 192 192 192 192 192 192 191 191 192 192 192 193 193 193 193 193 193 193 193 193 193 193 193 193 193 194 193 193 194 194 194 193 194 194 194 194 194 194 194 194 195 195 195 195 195 195 195 195 195 195 195 195 196 196 196 196 196 196 196 196 196 196 196 196 196 197 195 195 195 195 195 195 195 196 196 196 196 196 196 196 196 196 196 196 196 196 196 196 196 197 197 197 197 197 197 197 197 197 197 198 198 198 197 197 197 197 197 197 197 198 198 198 197 197 197 197 197 197 197 197 197 197 197 198 197 197 197 197 197 198 198 198 198 198 198 198 198 198 198 198 198 198 199 199 199 199 199 199 199 199 199 199 199 200 200 199 199 200 200 200 200 200 200 200 201 201 201 201 201 201 201 202 202 202 202 202 201 201 202 203 203 203 203 203 202 202 202 202 203 203 203 203 203 203 203 203 202 202 201 201 200 200 201 201 201 201 202 202 202 202 202 202 202 202 202 202 201 201 201 202 202 202 202 202 201 201 201 201 201 201 201 201 201 201 201 201 201 201 202 202 202 202 202 202 202 202 202 202 202 202 202 201 202 202 202 202 203 203 203 203 203 203 203 202 203 203 203 203 203 203 203 0 0 0 0 0 0 0 0 0 0 0 0 0 0 0 0 0 0 0 0 0 0 0 0 0 0 0 0 0 0 0 0 0 0 0 0 0 0 0 0 0 0 0 0 0 0 0 0 0 0 0 0 0 0 0 0 
0 0 0 0 0 0 0 0 0 0 0 0 0 0 0 0 0 0 0 0 0 0 0 0 0 0 0 0 0 0 0 0 0 0 0 0 0 0 0 0 0 0 0 0 0 0 0 0 0 0 0 0 0 0 0 0 0 0 0 0 0 0 0 0 0 0 0 0 0 0 0 0 0 0 0 0 0 0 0 0 0 0 0 0 0 0 0 0 0 0 0 0 0 0 0 0 0 180 181 181 181 180 180 180 181 182 182 181 182 183 182 183 183 184 184 184 184 184 184 184 184 185 185 185 185 185 185 185 186 186 186 186 186 186 186 187 187 187 187 187 188 188 188 188 188 188 188 188 188 188 188 188 188 188 189 189 189 189 189 189 189 190 190 190 190 190 190 190 190 190 190 191 191 191 191 192 191 192 192 192 192 192 191 191 191 192 192 192 192 192 193 193 193 192 192 193 193 193 193 193 194 194 194 194 194 194 194 194 193 193 193 194 194 194 194 194 194 195 195 195 195 195 195 195 195 195 195 196 196 196 196 196 196 196 196 196 196 196 196 196 196 196 195 195 195 195 195 195 195 195 195 196 196 196 196 196 196 196 196 196 196 196 196 197 196 196 197 197 197 197 197 197 197 197 198 197 197 197 197 197 197 197 197 197 197 198 198 197 197 197 197 197 197 197 197 197 197 197 197 197 197 197 197 197 197 197 197 198 198 198 198 198 198 198 198 198 198 198 198 199 199 199 199 199 199 199 200 199 199 200 200 199 199 200 200 200 200 200 200 201 200 201 201 202 202 201 201 201 201 201 202 202 202 202 202 203 202 202 202 202 203 202 203 203 202 202 202 202 203 203 202 202 202 201 201 201 201 200 201 201 201 201 201 202 202 202 202 202 202 202 202 202 201 201 201 201 202 202 202 202 202 201 201 201 201 202 201 201 201 202 202 201 201 201 201 202 202 202 202 202 202 202 202 202 201 202 201 202 202 202 202 203 203 203 203 203 203 203 203 203 203 203 203 203 203 203 0 0 0 0 0 0 0 0 0 0 0 0 0 0 0 0 0 0 0 0 0 0 0 0 0 0 0 0 0 0 0 0 0 0 0 0 0 0 0 0 0 0 0 0 0 0 0 0 0 0 0 0 0 0 0 0 0 
0 0 0 0 0 0 0 0 0 0 0 0 0 0 0 0 0 0 0 0 0 0 0 0 0 0 0 0 0 0 0 0 0 0 0 0 0 0 0 0 0 0 0 0 0 0 0 0 0 0 172 172 0 0 0 0 0 0 0 0 0 0 0 0 0 0 0 0 0 0 0 0 0 0 0 0 0 0 0 0 0 0 0 0 0 0 0 0 0 0 0 0 0 0 0 0 179 180 180 180 180 181 180 180 180 181 181 181 182 182 182 183 183 184 184 184 184 184 184 185 184 184 184 184 185 185 185 185 185 185 186 186 186 186 186 186 187 187 187 188 188 188 188 188 188 188 188 189 189 189 189 189 188 188 188 188 188 189 189 189 189 190 190 190 190 190 190 190 190 190 190 191 191 191 191 191 191 192 192 192 192 192 192 191 191 191 192 192 192 192 192 193 193 192 192 193 193 193 193 193 193 193 193 194 194 194 194 194 194 194 194 194 194 194 194 194 194 194 195 195 195 195 195 195 195 195 195 195 195 196 196 196 196 196 196 196 196 196 196 196 196 196 195 195 195 195 195 195 195 195 195 195 195 195 196 196 196 196 196 196 196 196 196 196 196 197 197 197 197 197 197 197 197 197 198 198 197 197 197 197 197 197 197 197 197 197 197 197 197 197 197 197 197 197 197 197 197 197 197 197 197 197 197 197 197 197 197 198 198 198 198 198 198 198 198 198 198 198 198 198 198 198 198 199 199 199 199 199 199 199 200 200 200 200 200 200 200 200 200 200 200 201 201 201 201 202 202 202 202 202 202 202 202 202 202 203 203 202 202 202 202 202 202 202 202 202 202 202 202 202 202 202 201 202 202 202 201 200 201 201 201 201 201 201 202 202 202 202 202 202 202 202 202 202 201 201 201 202 202 202 202 202 202 201 202 202 201 201 201 202 202 202 201 201 201 201 202 202 202 202 202 202 202 202 202 202 202 202 202 202 203 203 203 203 203 0 0 0 0 0 0 0 0 0 0 0 0 0 0 0 0 0 0 0 0 0 0 0 0 0 0 0 0 0 0 0 0 0 0 0 0 0 0 0 0 0 0 0 0 0 0 0 0 0 0 0 0 0 0 0 0 0 0 0 0 0 0 0 0 0 0 0 0 
0 0 0 0 0 0 0 0 0 0 0 0 0 0 0 0 0 0 0 0 0 0 0 0 0 0 0 0 0 0 0 0 0 0 0 0 0 0 0 0 0 0 0 0 0 0 0 0 0 0 172 174 173 0 0 0 0 0 0 0 0 0 0 0 0 0 0 0 0 0 0 0 0 0 0 0 0 0 0 0 0 0 0 0 0 0 0 0 0 0 0 0 0 178 179 178 179 180 180 181 181 181 181 181 180 181 181 181 181 182 182 183 183 184 184 184 184 184 184 184 184 184 184 184 184 185 185 185 185 185 185 185 186 186 186 186 186 187 187 187 187 187 187 187 188 188 188 188 188 189 189 189 188 189 189 189 189 189 189 189 189 189 190 190 190 190 190 190 190 190 190 191 191 191 191 191 191 191 192 192 192 192 192 192 191 192 192 192 192 192 192 192 192 192 192 192 192 192 193 193 193 193 193 193 193 194 194 194 195 194 194 194 195 194 194 194 194 194 194 195 195 195 195 195 195 195 195 195 195 196 195 196 196 196 196 196 196 196 196 196 196 196 195 195 195 195 195 195 195 195 195 195 195 195 195 196 196 196 196 196 196 196 196 196 196 196 196 197 197 197 197 197 197 197 197 198 197 197 197 197 197 197 197 197 197 197 197 197 197 197 197 197 197 197 197 197 197 197 197 197 197 197 197 197 197 197 197 197 198 198 198 198 198 198 198 198 198 198 198 198 198 198 198 199 199 199 199 199 199 199 200 200 200 200 200 200 200 200 200 200 201 201 201 201 201 201 201 201 202 202 202 202 202 202 202 203 202 202 202 202 202 202 202 202 203 203 203 203 202 202 202 202 202 202 202 201 200 200 200 201 201 201 201 201 202 202 202 202 202 202 202 202 202 202 201 201 201 201 202 202 202 202 202 202 202 202 202 202 202 202 202 202 201 201 201 201 201 202 202 202 202 202 201 202 202 202 202 202 202 202 203 0 0 0 0 0 0 0 0 0 0 0 0 0 0 0 0 0 0 0 0 0 0 0 0 0 0 0 0 0 0 0 0 0 0 0 0 0 0 0 0 0 0 0 0 0 0 0 0 0 0 0 0 0 0 0 0 0 0 0 0 0 0 0 0 0 0 0 0 0 0 0 0 
0 0 0 0 0 0 0 0 0 0 0 0 0 0 0 0 0 0 0 0 0 0 0 0 0 0 0 0 0 0 0 0 0 0 0 0 0 0 0 0 0 0 0 0 0 0 0 0 0 0 171 174 175 173 172 172 172 172 172 0 0 0 0 0 0 0 0 0 0 0 0 0 0 0 0 0 0 0 0 0 0 0 0 0 0 0 0 0 0 0 178 178 178 179 180 179 179 180 181 181 180 180 181 181 180 181 181 181 181 181 182 182 183 184 184 184 184 184 184 184 184 184 185 185 185 185 186 185 185 185 185 185 185 186 186 186 186 186 186 186 187 187 187 187 187 188 188 188 188 188 188 189 189 189 189 189 189 189 189 189 189 189 189 190 190 190 190 190 190 190 190 190 190 191 191 191 191 191 191 191 191 192 192 192 192 192 192 192 192 192 192 192 192 192 192 192 192 192 192 192 193 193 193 193 193 194 194 194 194 194 194 194 194 194 195 195 194 194 194 194 194 195 195 195 195 195 195 195 195 195 195 195 195 196 196 196 196 196 196 196 196 196 195 195 195 195 195 195 195 195 195 195 195 195 195 195 195 196 196 196 196 196 196 196 196 196 196 197 197 197 196 196 197 197 197 197 197 197 197 197 197 197 197 197 197 197 197 197 197 197 197 197 197 197 197 197 197 197 197 197 197 197 197 197 197 197 197 197 198 197 198 198 198 198 198 198 198 198 198 198 198 198 198 198 198 199 199 199 199 200 199 200 200 200 200 200 200 200 200 201 201 201 201 201 201 202 201 201 201 201 201 202 202 202 202 203 202 202 202 202 202 202 202 202 202 203 203 202 202 202 203 203 203 202 202 201 200 200 200 201 201 201 201 201 201 202 201 202 202 202 202 202 202 202 202 201 201 201 201 201 202 202 202 202 202 202 202 202 202 202 202 202 201 201 201 201 201 202 202 202 202 201 201 201 202 202 202 202 202 203 203 0 0 0 0 0 0 0 0 0 0 0 0 0 0 0 0 0 0 0 0 0 0 0 0 0 0 0 0 0 0 0 0 0 0 0 0 0 0 0 0 0 0 0 0 0 0 0 0 0 0 0 0 0 0 0 0 0 0 0 0 0 0 0 0 0 0 0 0 0 0 0 0 
0 0 0 0 0 0 0 0 0 0 0 0 0 0 0 0 0 0 0 0 0 0 0 0 0 0 0 0 0 0 0 0 0 0 0 0 0 0 0 0 0 0 0 0 0 0 0 0 0 0 171 173 175 175 174 173 174 175 175 173 172 0 0 0 0 0 0 0 0 0 0 0 0 0 0 0 0 0 0 0 0 0 0 0 0 0 0 0 0 0 178 178 179 179 180 180 180 180 181 181 180 180 180 180 180 181 182 181 181 181 181 182 183 183 184 184 184 184 184 184 185 185 185 185 185 185 185 185 185 185 185 185 185 185 186 186 186 186 186 186 187 187 187 187 187 187 187 187 187 188 188 188 188 188 188 188 189 189 189 189 189 189 188 189 189 189 189 190 190 190 190 190 190 190 190 191 191 191 191 191 191 191 192 192 192 192 192 192 192 192 192 192 192 192 192 192 193 193 192 192 193 193 193 193 193 194 194 194 194 194 194 194 194 194 194 194 194 194 194 194 194 194 195 195 195 195 195 195 195 195 195 195 195 195 196 196 196 196 196 196 196 196 195 195 195 195 195 195 195 195 195 195 195 195 195 195 195 195 195 196 196 196 196 196 196 196 196 197 197 197 196 196 196 197 197 196 197 197 197 197 197 197 197 197 197 197 197 197 197 197 197 197 196 197 197 197 197 197 197 197 197 197 197 197 197 197 197 197 197 197 198 198 198 198 198 198 197 198 198 198 198 198 198 199 199 199 199 200 200 199 199 200 200 199 199 199 200 200 200 201 201 201 201 201 202 201 201 202 202 202 202 202 202 202 202 202 202 202 202 202 202 202 202 202 202 202 202 202 202 202 203 203 202 202 202 201 201 201 200 201 201 201 201 201 201 201 201 202 202 202 202 202 201 201 201 202 201 201 201 201 201 202 202 202 202 202 202 202 202 202 202 202 201 201 201 201 201 202 202 202 202 201 202 202 202 202 202 202 202 202 203 0 0 0 0 0 0 0 0 0 0 0 0 0 0 0 0 0 0 0 0 0 0 0 0 0 0 0 0 0 0 0 0 0 0 0 0 0 0 0 0 0 0 0 0 0 0 0 0 0 0 0 0 0 0 0 0 0 0 0 0 0 0 0 0 0 0 0 0 0 0 0 0 
0 0 0 0 0 0 0 0 0 0 0 0 0 0 0 0 0 0 0 0 0 0 0 0 0 0 0 0 0 0 0 0 0 0 0 0 0 0 0 0 0 0 0 0 0 0 0 0 0 0 0 171 173 174 174 174 174 175 176 175 174 173 173 173 173 0 0 0 0 0 0 0 0 0 0 0 0 0 0 0 0 0 0 0 0 0 0 0 177 178 178 178 178 179 179 180 180 180 180 181 181 181 180 180 181 181 181 182 182 182 181 181 182 182 183 184 184 184 184 184 185 185 185 185 185 185 185 185 185 185 185 185 186 185 185 185 186 186 186 186 186 187 187 187 187 187 187 187 187 188 188 188 188 188 188 188 188 188 189 189 189 189 189 189 189 189 190 190 190 190 190 190 190 190 190 190 191 190 191 191 191 191 191 191 191 192 192 192 192 192 192 192 192 192 192 192 193 193 193 192 193 193 193 193 194 193 194 194 193 194 194 193 193 194 194 194 194 194 194 194 194 194 194 195 195 195 195 195 195 195 195 195 195 195 195 196 196 196 196 196 196 196 194 194 194 194 195 195 195 195 195 195 195 195 195 195 195 195 195 196 196 196 196 196 197 197 196 196 196 197 196 196 196 196 196 197 196 196 196 196 196 197 197 197 197 197 197 197 197 197 197 197 196 197 197 197 197 197 197 197 197 197 197 197 197 197 197 197 197 197 198 198 198 198 198 197 198 198 198 198 198 198 198 198 199 199 199 199 199 199 199 200 200 199 199 199 200 200 200 201 201 201 201 201 201 202 202 202 202 202 202 202 202 202 202 202 202 202 202 202 202 202 203 202 202 202 202 202 202 202 202 202 202 201 201 201 201 201 200 201 201 201 201 201 201 201 201 202 202 202 202 202 202 201 201 201 201 201 201 201 201 202 202 202 202 202 202 202 201 201 202 202 202 202 202 202 202 202 202 202 202 202 202 202 202 202 202 202 202 202 203 0 0 0 0 0 0 0 0 0 0 0 0 0 0 0 0 0 0 0 0 0 0 0 0 0 0 0 0 0 0 0 0 0 0 0 0 0 0 0 0 0 0 0 0 0 0 0 0 0 0 0 0 0 0 0 0 0 0 0 0 0 0 0 0 0 0 0 0 0 0 0 0 
0 0 0 0 0 0 0 0 0 0 0 0 0 0 0 0 0 0 0 0 0 0 0 0 0 0 0 0 0 0 0 0 0 0 0 0 0 0 0 0 0 0 0 0 0 0 0 0 0 0 0 0 172 173 173 174 174 175 176 176 175 175 175 175 174 173 0 0 0 0 0 0 0 0 0 0 0 0 0 0 0 0 0 0 0 0 177 177 177 178 178 178 178 179 179 179 179 179 180 180 180 180 180 180 181 181 181 182 182 181 181 182 182 183 183 183 183 184 184 184 184 184 184 184 184 184 184 184 185 185 185 186 186 186 185 185 185 185 186 186 186 186 187 187 187 187 187 187 187 188 187 187 188 188 188 188 188 188 188 188 188 189 189 188 189 189 190 190 190 190 190 190 190 190 190 190 190 190 191 191 191 191 191 191 191 191 192 192 191 191 192 192 191 192 192 192 192 193 193 193 193 193 193 193 194 194 193 193 193 193 193 194 193 193 194 193 194 194 194 194 194 194 194 194 195 195 195 195 195 195 195 195 195 195 195 195 196 196 195 195 195 196 194 194 194 194 194 194 195 195 195 195 195 195 195 195 196 196 196 196 196 196 196 196 196 196 196 196 196 196 196 196 196 196 196 196 197 196 196 196 196 196 196 197 197 197 197 197 197 197 197 197 196 196 196 197 197 197 197 197 197 197 197 197 197 197 197 197 197 197 197 198 198 198 197 198 198 198 198 198 197 198 198 198 198 199 199 199 199 199 200 199 199 199 199 199 199 200 200 200 201 201 201 201 201 201 201 201 202 202 202 202 202 202 202 202 202 202 202 202 202 202 202 202 202 202 202 202 202 202 201 201 202 201 201 201 201 200 201 201 201 201 201 201 201 201 202 202 202 201 201 202 201 202 202 201 201 201 201 202 202 201 202 202 202 202 202 202 202 202 201 202 202 202 202 202 202 202 202 202 202 202 202 202 202 202 202 202 202 202 203 203 0 0 0 0 0 0 0 0 0 0 0 0 0 0 0 0 0 0 0 0 0 0 0 0 0 0 0 0 0 0 0 0 0 0 0 0 0 0 0 0 0 0 0 0 0 0 0 0 0 0 0 0 0 0 0 0 0 0 0 0 0 0 0 0 0 0 0 0 0 0 0 
0 0 0 0 0 0 0 0 0 0 0 0 0 0 0 0 0 0 0 0 0 0 0 0 0 0 0 0 0 0 0 0 0 0 0 0 0 0 0 0 0 0 0 0 0 0 0 0 0 0 0 0 0 173 174 174 174 175 175 176 176 175 175 175 174 174 173 0 0 0 174 174 0 0 0 0 0 0 0 0 0 0 0 0 0 0 177 177 178 178 178 178 179 179 179 179 179 179 180 180 180 180 180 180 181 181 182 182 182 181 182 183 183 183 183 183 184 184 183 183 183 183 183 184 184 184 184 184 184 184 185 185 186 186 186 186 185 185 185 186 186 186 186 187 187 187 187 187 187 187 187 187 187 188 188 189 188 188 188 188 188 188 188 188 188 189 189 190 190 190 190 190 190 190 190 190 190 190 190 191 191 191 191 191 191 191 191 192 191 191 191 191 191 192 192 192 192 192 193 193 192 193 193 193 193 193 193 193 193 193 193 193 193 193 193 193 193 194 194 194 194 194 194 194 195 195 195 195 195 195 195 195 195 195 195 195 195 196 195 195 195 196 194 194 194 194 194 194 194 195 194 195 195 195 195 195 195 195 195 195 196 196 196 196 196 196 196 196 196 196 195 196 196 196 196 196 196 196 196 196 196 196 196 196 197 197 197 197 197 197 197 197 196 196 197 196 196 197 197 197 197 197 197 197 197 197 197 197 197 197 197 197 197 197 197 198 198 198 198 197 197 198 198 198 199 199 199 199 198 199 199 199 199 199 199 199 199 200 200 200 201 201 201 202 201 201 201 201 201 202 202 202 202 202 202 202 202 202 202 202 202 202 202 202 202 202 202 202 202 202 202 201 201 201 201 200 200 201 201 201 201 201 201 201 201 201 201 202 202 201 201 201 201 201 202 202 201 202 201 202 202 202 202 202 202 202 202 201 201 201 201 202 202 202 202 202 202 202 202 202 202 202 202 202 202 202 202 202 202 202 203 0 0 0 0 0 0 0 0 0 0 0 0 0 0 0 0 0 0 0 0 0 0 0 0 0 0 0 0 0 0 0 0 0 0 0 0 0 0 0 0 0 0 0 0 0 0 0 0 0 0 0 0 0 0 0 0 0 0 0 0 0 0 0 0 0 0 0 0 0 0 0 0 
0 0 0 0 0 0 0 0 0 0 0 0 0 0 0 0 0 0 0 0 0 0 0 0 0 0 0 0 0 0 0 0 0 0 0 0 0 0 0 0 0 0 0 0 0 0 0 0 0 0 0 0 172 173 174 174 175 175 175 176 176 175 174 174 174 175 175 175 175 175 175 175 175 174 175 175 175 175 175 175 175 175 175 176 176 176 177 177 178 178 178 177 178 179 179 179 179 179 180 180 180 180 180 180 181 181 181 181 182 182 182 182 183 183 183 183 183 183 183 183 183 183 183 183 184 184 184 184 184 184 185 185 185 185 186 186 186 186 186 185 186 186 186 186 186 187 187 187 187 187 187 187 188 188 188 188 189 189 189 188 189 188 188 188 188 189 189 189 190 189 190 190 190 190 190 190 190 190 190 191 191 191 191 191 191 191 191 191 192 191 191 191 192 192 192 192 192 192 192 192 192 192 193 193 194 194 193 193 193 193 193 193 193 193 193 193 193 193 194 194 194 194 194 194 194 194 195 195 195 195 195 195 195 195 195 195 195 195 195 196 196 196 194 194 194 194 194 194 194 195 194 195 195 195 195 195 195 195 195 195 195 195 196 196 196 196 196 196 196 196 196 196 196 196 196 196 196 196 196 196 196 196 196 196 196 197 197 197 197 197 197 197 196 196 196 196 196 196 196 196 197 197 197 197 197 197 197 197 197 197 197 197 197 197 197 197 197 197 197 198 198 198 198 198 198 198 198 198 198 198 198 198 198 198 199 199 200 200 200 200 200 201 201 201 201 201 201 201 201 201 201 202 202 202 202 202 202 202 201 201 201 202 202 202 201 201 201 202 202 202 202 201 201 201 201 200 200 201 201 201 201 201 201 201 201 201 201 201 201 201 201 201 201 201 201 201 202 202 201 201 202 201 201 202 202 202 202 202 201 201 202 202 202 202 202 202 202 202 202 202 202 202 202 202 202 202 202 202 202 202 203 0 0 0 0 0 0 0 0 0 0 0 0 0 0 0 0 0 0 0 0 0 0 0 0 0 0 0 0 0 0 0 0 0 0 0 0 0 0 0 0 0 0 0 0 0 0 0 0 0 0 0 0 0 0 0 0 0 0 0 0 0 0 0 0 0 0 0 0 0 0 0 0 
0 0 0 0 0 0 0 0 0 0 0 0 0 0 0 0 0 0 0 0 0 0 0 0 0 0 0 0 0 0 0 0 0 0 0 0 0 0 0 0 0 0 0 0 0 0 0 0 0 0 0 0 0 0 173 175 175 175 175 175 175 175 174 173 173 174 175 176 176 176 176 176 176 176 175 176 176 176 176 176 176 176 176 176 176 177 177 177 177 178 178 178 178 178 178 179 179 179 180 180 180 180 180 180 180 181 181 181 181 181 181 182 182 183 183 184 184 183 183 183 183 183 184 183 183 184 184 184 184 184 185 185 185 185 185 186 186 186 186 186 185 186 186 186 186 186 187 187 187 187 187 187 187 188 188 188 188 189 189 189 189 189 188 188 188 188 188 189 189 189 190 190 190 190 190 190 190 190 190 190 191 191 191 191 191 191 191 191 191 191 191 191 192 192 192 192 192 192 192 192 192 192 193 193 193 194 194 194 193 193 193 193 194 193 193 193 193 193 194 194 194 194 194 194 194 194 194 194 194 195 195 195 195 195 195 195 195 195 195 195 195 196 194 194 194 194 194 194 194 195 195 195 195 195 195 195 195 195 195 195 195 195 195 196 196 196 196 196 196 196 196 196 196 196 196 196 196 196 196 196 196 196 196 196 196 196 197 197 197 197 197 197 196 196 196 196 196 196 196 196 196 197 197 197 197 197 197 197 197 197 197 197 197 197 197 197 197 198 198 198 198 198 198 198 198 198 198 199 199 199 199 199 199 198 198 199 199 199 200 200 200 201 201 201 201 201 201 201 201 202 201 202 202 202 202 202 202 201 201 201 201 201 201 202 201 201 201 202 202 202 202 201 201 200 200 200 200 201 201 201 201 201 201 201 201 201 201 201 201 201 201 201 201 201 201 201 202 202 202 201 201 201 201 202 202 202 202 202 201 201 202 202 202 202 202 202 202 202 202 202 202 202 202 202 202 202 202 202 202 203 203 0 0 0 0 0 0 0 0 0 0 0 0 0 0 0 0 0 0 0 0 0 0 0 0 0 0 0 0 0 0 0 0 0 0 0 0 0 0 0 0 0 0 0 0 0 0 0 0 0 0 0 0 0 0 0 0 0 0 0 0 0 0 0 0 0 0 0 0 0 0 0 0 
0 0 0 0 0 0 0 0 0 0 0 0 0 0 0 0 0 0 0 0 0 0 0 0 0 0 0 0 0 0 0 0 0 0 0 0 0 0 0 0 0 0 0 0 0 0 0 0 0 0 0 0 0 0 0 174 174 174 175 175 175 174 173 174 174 174 174 176 176 177 177 177 177 177 177 177 177 177 177 177 177 177 176 176 176 177 177 177 177 177 178 179 179 178 178 178 179 179 179 179 179 180 180 180 180 180 181 181 181 181 182 182 182 183 183 183 184 184 183 183 183 183 183 184 183 184 184 184 184 184 184 185 185 185 185 185 185 186 185 185 185 185 186 186 186 186 187 187 187 187 187 187 187 188 188 188 188 188 188 188 188 189 189 188 188 188 188 188 188 189 189 190 189 190 190 190 190 190 190 190 190 190 191 191 191 191 191 191 191 191 191 191 191 191 192 192 192 192 192 192 192 192 193 193 193 193 193 193 193 193 193 194 194 193 193 193 193 193 194 194 194 194 194 194 194 194 194 194 194 194 194 194 195 195 195 195 195 195 195 195 195 196 194 194 194 194 194 194 194 194 195 195 195 195 195 195 195 195 194 195 195 195 195 195 195 195 195 196 195 196 196 196 196 196 196 195 196 196 196 196 196 196 196 196 196 196 196 196 196 196 197 197 196 196 196 196 196 196 196 196 196 196 197 197 197 197 197 197 197 197 197 197 197 197 197 197 197 198 198 198 198 198 198 198 198 198 198 199 199 199 199 199 199 199 199 199 199 200 200 200 200 200 200 201 201 201 201 201 201 202 202 201 201 201 202 202 201 200 201 201 201 201 201 201 201 200 201 201 201 201 201 201 200 201 200 200 200 201 201 201 201 201 201 201 201 201 201 201 201 201 201 201 201 201 201 201 201 201 201 201 201 201 201 201 202 202 201 201 201 201 201 202 202 202 202 202 202 202 202 202 202 202 202 202 202 202 202 202 203 203 203 0 0 0 0 0 0 0 0 0 0 0 0 0 0 0 0 0 0 0 0 0 0 0 0 0 0 0 0 0 0 0 0 0 0 0 0 0 0 0 0 0 0 0 0 0 0 0 0 0 0 0 0 0 0 0 0 0 0 0 0 0 0 0 0 0 0 0 0 0 0 0 0 
0 0 0 0 0 0 0 0 0 0 0 0 0 0 0 0 0 0 0 0 0 0 0 0 0 0 0 0 0 0 0 0 0 0 0 0 0 0 0 0 0 0 0 0 0 0 0 0 0 0 0 0 0 0 0 0 174 174 175 176 176 175 174 174 174 174 175 175 177 177 177 177 177 177 178 178 177 177 178 178 178 178 178 177 177 177 176 177 177 177 178 178 178 178 178 179 179 179 179 180 179 180 180 180 180 180 181 181 181 181 181 181 182 182 182 183 183 183 183 183 183 183 183 183 183 184 184 184 184 184 184 184 185 185 185 185 185 185 185 185 185 185 186 186 186 186 186 186 186 187 187 187 187 187 187 188 188 187 188 187 188 188 188 188 188 188 189 189 188 189 189 189 189 189 190 190 190 190 190 190 190 190 190 191 191 191 191 191 191 191 191 191 191 191 192 192 192 192 192 192 192 192 192 192 193 193 193 193 193 193 193 194 194 193 193 193 193 193 193 194 194 194 194 194 194 194 194 194 194 194 194 194 194 195 195 195 195 195 195 195 195 195 194 194 194 194 194 194 194 194 194 194 195 195 195 195 195 195 194 195 195 195 195 195 195 195 195 195 195 196 196 196 195 195 195 195 196 196 196 196 196 196 196 196 196 196 196 196 196 197 197 197 196 196 196 196 196 196 196 196 196 196 196 197 197 197 197 197 197 197 197 197 197 197 197 197 197 198 198 198 198 198 198 198 197 198 198 198 199 199 199 199 199 199 199 199 199 200 200 200 200 200 200 200 200 200 201 201 201 201 201 201 201 201 201 200 200 200 201 202 202 202 201 201 201 200 200 201 201 201 201 201 201 200 200 200 200 201 201 201 201 201 201 201 201 201 201 201 201 201 201 201 201 201 201 201 201 201 201 201 201 201 201 201 201 201 201 202 201 201 201 202 202 202 202 202 202 202 202 202 202 202 202 202 202 202 202 202 202 0 0 0 0 0 0 0 0 0 0 0 0 0 0 0 0 0 0 0 0 0 0 0 0 0 0 0 0 0 0 0 0 0 0 0 0 0 0 0 0 0 0 0 0 0 0 0 0 0 0 0 0 0 0 0 0 0 0 0 0 0 0 0 0 0 0 0 0 0 0 0 0 0 0 
0 0 0 0 0 0 0 0 0 0 0 0 0 0 0 0 0 0 0 0 0 0 0 0 0 0 0 0 0 0 0 0 0 0 0 0 0 0 0 0 0 0 0 0 0 0 0 0 0 0 0 0 0 0 0 0 0 175 175 176 176 176 175 175 175 175 176 176 177 177 177 177 177 177 178 178 178 178 178 178 178 178 177 177 177 176 177 177 177 177 178 178 178 178 179 179 179 179 179 179 179 180 180 180 180 180 181 181 181 181 181 182 182 182 183 183 183 183 183 183 183 183 183 183 183 183 184 184 184 184 184 184 184 185 185 185 185 185 185 185 185 186 185 186 186 186 186 186 186 186 187 187 187 187 187 187 187 188 187 188 188 188 188 189 189 188 188 188 188 188 189 189 189 189 189 189 190 190 190 190 190 190 191 191 191 191 191 191 191 191 191 191 191 191 191 192 192 192 192 192 192 192 192 192 192 192 192 193 193 193 193 193 193 193 193 193 193 193 193 194 194 194 194 194 194 194 194 194 194 194 194 194 194 194 194 194 195 195 195 195 195 195 194 194 194 194 194 194 194 194 194 194 195 195 195 195 195 194 194 195 195 195 195 195 195 195 195 195 195 196 196 196 196 195 195 195 196 196 196 196 196 196 196 196 196 196 196 196 196 196 196 196 196 196 196 196 196 196 196 196 196 196 196 197 197 197 197 197 197 197 197 197 197 197 197 197 197 197 198 198 198 198 198 198 198 197 198 198 198 198 199 199 199 199 199 199 200 200 200 199 200 200 200 200 201 200 201 201 201 201 201 201 201 201 200 200 201 201 201 201 201 201 201 201 200 201 200 200 201 200 200 200 200 200 200 200 200 201 201 201 201 201 201 201 201 201 201 201 201 201 201 201 201 201 201 201 201 201 201 201 201 201 201 201 201 201 201 201 201 201 201 201 201 201 202 202 202 202 202 202 202 202 202 202 202 202 202 203 202 0 0 0 0 0 0 0 0 0 0 0 0 0 0 0 0 0 0 0 0 0 0 0 0 0 0 0 0 0 0 0 0 0 0 0 0 0 0 0 0 0 0 0 0 0 0 0 0 0 0 0 0 0 0 0 0 0 0 0 0 0 0 0 0 0 0 0 0 0 0 0 0 0 0 
0 0 0 0 0 0 0 0 0 0 0 0 0 0 0 0 0 0 0 0 0 0 0 0 0 0 0 0 0 0 0 0 0 0 0 0 0 0 0 0 0 0 0 0 0 0 0 0 0 0 0 0 0 0 0 0 0 0 176 176 176 175 175 175 176 176 176 176 177 177 177 177 177 178 178 178 178 178 179 179 178 178 178 178 178 178 179 179 178 178 179 178 178 178 178 179 179 179 179 179 179 180 181 180 181 181 181 181 181 181 181 182 182 182 182 183 183 183 183 183 183 183 183 183 183 183 184 184 184 184 184 184 184 184 184 185 185 185 185 185 185 185 185 186 186 186 186 186 186 186 187 187 187 187 187 187 186 187 187 188 188 188 188 188 189 188 187 187 188 188 188 189 189 189 189 189 189 190 190 190 190 190 190 190 191 191 191 191 191 191 191 191 191 191 191 191 192 192 192 192 192 192 192 192 192 192 192 192 193 193 193 193 193 193 193 193 193 193 193 194 194 194 194 194 194 194 194 194 194 194 194 194 194 194 194 194 194 194 195 195 195 195 193 194 194 194 194 194 194 194 194 194 194 195 195 195 195 194 194 194 195 195 195 195 195 195 195 195 195 195 196 196 195 195 196 196 196 196 196 196 196 196 196 196 196 196 196 196 196 196 196 196 196 196 196 196 196 196 196 196 196 196 196 197 197 197 197 197 197 197 197 197 197 197 197 197 197 197 198 198 198 198 197 197 197 197 198 198 198 199 199 199 198 199 199 199 199 200 199 199 200 200 200 201 200 201 201 201 201 201 201 201 201 200 200 200 201 201 201 201 201 200 201 201 201 200 201 201 200 201 200 200 200 200 200 200 200 201 201 201 201 201 201 201 201 201 201 201 201 201 201 201 201 201 201 201 201 201 201 201 201 201 201 201 201 201 201 201 201 201 201 201 201 201 201 201 201 202 202 202 202 202 202 202 202 202 202 203 203 0 0 0 0 0 0 0 0 0 0 0 0 0 0 0 0 0 0 0 0 0 0 0 0 0 0 0 0 0 0 0 0 0 0 0 0 0 0 0 0 0 0 0 0 0 0 0 0 0 0 0 0 0 0 0 0 0 0 0 0 0 0 0 0 0 0 0 0 0 0 0 0 0 0 
0 0 0 0 0 0 0 0 0 0 0 0 0 0 0 0 0 0 0 0 0 0 0 0 0 0 0 0 0 0 0 0 0 0 0 0 0 0 0 0 0 0 0 0 0 0 0 0 0 0 0 0 0 0 0 0 0 0 176 176 176 176 176 176 176 176 176 176 176 176 177 177 177 178 178 178 178 179 179 179 179 179 178 178 178 179 179 179 179 179 179 179 179 178 178 179 179 180 180 181 181 181 181 181 181 182 182 182 182 182 182 181 182 182 182 182 182 182 183 183 184 183 183 183 183 184 184 184 184 184 184 184 184 184 184 185 185 185 185 186 185 185 185 186 186 186 186 187 187 187 187 187 187 187 187 187 186 186 187 187 188 187 187 187 187 187 187 188 188 188 188 188 188 189 189 189 189 189 190 190 190 190 190 190 190 190 191 191 191 191 191 191 191 191 191 191 191 191 191 192 192 192 192 192 192 192 192 193 192 193 193 193 192 193 193 193 193 193 194 194 194 194 194 194 193 193 193 194 194 194 194 194 194 194 194 194 194 194 194 195 195 195 193 194 194 194 194 194 194 194 194 194 194 194 195 195 194 194 194 194 194 194 195 195 195 195 195 195 195 195 195 195 195 195 196 196 196 196 196 196 196 196 196 196 196 196 196 196 196 196 196 196 195 195 196 196 196 196 195 195 196 196 196 197 197 197 197 197 197 197 197 197 197 197 197 197 197 197 198 198 197 197 197 197 197 198 198 198 198 198 199 199 198 198 199 199 199 199 199 199 199 199 200 200 200 200 201 201 201 201 201 201 201 200 199 200 200 200 201 200 200 200 200 200 200 201 200 201 200 200 200 200 200 200 200 200 200 201 201 201 201 201 201 201 201 201 201 201 201 201 201 201 201 201 201 201 201 201 201 201 201 201 201 201 201 201 201 201 201 201 201 201 201 201 201 201 202 202 202 202 202 202 202 202 202 202 202 202 203 0 0 0 0 0 0 0 0 0 0 0 0 0 0 0 0 0 0 0 0 0 0 0 0 0 0 0 0 0 0 0 0 0 0 0 0 0 0 0 0 0 0 0 0 0 0 0 0 0 0 0 0 0 0 0 0 0 0 0 0 0 0 0 0 0 0 0 0 0 0 0 0 0 0 
0 0 0 0 0 0 0 0 0 0 0 0 0 0 0 0 0 0 0 0 0 0 0 0 0 0 0 0 0 0 0 0 0 0 0 0 0 0 0 0 0 0 0 0 0 0 0 0 0 0 0 0 0 0 0 0 0 0 0 176 176 175 175 176 176 176 177 176 176 176 176 177 177 178 178 178 178 179 179 179 179 179 179 178 179 179 179 179 180 180 179 179 180 179 179 180 180 181 181 181 181 181 181 182 182 182 182 182 182 182 182 182 182 182 182 182 182 182 183 183 183 183 183 183 183 184 184 184 184 184 184 184 184 184 184 184 185 185 185 185 185 185 185 186 186 186 186 187 187 187 187 187 187 187 186 186 186 186 186 186 186 187 187 187 186 187 188 189 189 188 188 188 188 188 189 189 189 189 189 189 190 190 190 190 190 190 190 191 191 191 191 191 191 191 191 191 191 191 191 192 192 192 192 192 192 192 192 192 192 192 193 193 193 193 193 193 193 193 193 193 193 193 193 193 193 193 193 193 194 194 194 194 194 194 194 194 194 194 194 195 195 195 193 193 194 194 194 194 194 194 194 194 194 194 195 195 195 194 194 194 194 194 194 194 195 195 195 195 195 195 195 195 195 195 195 196 196 196 196 196 196 196 196 196 196 196 196 196 196 196 196 196 195 196 195 196 196 196 196 195 195 196 196 196 197 197 197 197 197 197 197 197 197 197 197 197 198 198 198 197 197 197 197 198 198 198 198 198 198 198 198 198 198 198 199 199 199 199 198 198 199 199 200 200 200 200 201 201 201 201 201 201 201 201 200 200 199 200 201 200 200 200 200 200 200 200 200 200 200 200 200 200 200 200 200 200 200 200 201 201 201 201 201 201 201 201 201 201 201 201 201 201 201 201 201 201 201 201 201 201 201 201 201 201 201 201 201 201 201 201 201 201 201 201 201 201 202 202 202 202 202 202 202 202 202 202 202 203 203 0 0 0 0 0 0 0 0 0 0 0 0 0 0 0 0 0 0 0 0 0 0 0 0 0 0 0 0 0 0 0 0 0 0 0 0 0 0 0 0 0 0 0 0 0 0 0 0 0 0 0 0 0 0 0 0 0 0 0 0 0 0 0 0 0 0 0 0 0 0 0 0 0 0 
0 0 0 0 0 0 0 0 0 0 0 0 0 0 0 0 0 0 0 0 0 0 0 0 0 0 0 0 0 0 0 0 0 0 0 0 0 0 0 0 0 0 0 0 0 0 0 0 0 0 0 0 0 0 0 0 0 0 0 0 175 175 175 175 176 176 176 176 176 176 177 176 177 177 178 178 178 179 179 178 178 179 179 179 179 179 179 180 180 180 180 180 180 180 180 180 180 180 181 181 181 181 181 181 181 182 182 182 182 182 182 182 182 182 182 182 182 183 183 182 182 183 183 183 183 183 183 183 184 184 184 184 184 184 184 184 184 185 185 185 185 185 185 186 186 186 186 186 187 187 187 187 187 187 187 186 186 187 187 187 187 188 188 188 187 187 188 188 188 188 188 188 188 189 188 188 189 189 189 189 189 189 190 190 190 190 190 190 191 191 191 191 191 191 191 191 191 191 191 191 191 192 192 192 192 192 192 192 192 192 193 193 193 193 193 193 193 193 193 193 193 193 193 193 193 193 193 193 193 193 194 193 193 194 194 194 194 194 194 194 194 194 193 193 193 193 194 194 194 194 194 194 194 195 194 194 194 194 194 194 194 194 194 195 195 195 194 195 195 195 195 195 195 195 195 195 196 196 196 196 196 196 196 196 196 196 196 196 196 196 196 196 195 195 196 196 196 196 195 195 195 196 196 196 196 197 197 197 197 196 196 197 197 197 197 197 197 197 197 197 197 197 198 198 198 198 198 198 198 198 198 198 198 198 198 199 199 199 198 199 199 199 199 200 200 200 200 200 201 201 201 201 201 201 201 200 200 199 200 200 200 200 200 200 200 200 200 200 200 200 200 200 200 200 200 200 200 201 201 200 200 200 200 201 201 201 201 201 201 201 201 201 201 201 201 201 201 202 201 201 201 201 201 201 201 201 201 201 201 201 201 201 201 201 202 202 201 201 201 201 202 201 202 202 202 202 202 202 203 0 0 0 0 0 0 0 0 0 0 0 0 0 0 0 0 0 0 0 0 0 0 0 0 0 0 0 0 0 0 0 0 0 0 0 0 0 0 0 0 0 0 0 0 0 0 0 0 0 0 0 0 0 0 0 0 0 0 0 0 0 0 0 0 0 0 0 0 0 0 0 0 0 0 
0 0 0 0 0 0 0 0 0 0 0 0 0 0 0 0 0 0 0 0 0 0 0 0 0 0 0 0 0 0 0 0 0 0 0 0 0 0 0 0 0 0 0 0 0 0 0 0 0 0 0 0 0 0 0 0 0 0 0 0 0 175 175 175 176 175 175 175 176 176 176 176 176 177 178 178 178 179 179 178 178 178 179 179 179 179 179 179 179 179 180 180 180 180 180 180 180 180 180 181 181 181 181 181 181 181 182 182 182 182 182 182 182 182 181 181 182 182 183 182 182 182 183 183 183 183 183 184 183 183 183 184 184 184 184 184 184 185 185 185 185 185 185 185 185 186 186 186 186 186 186 187 187 187 186 186 187 187 187 187 187 188 188 188 187 187 187 188 188 188 189 189 189 189 189 189 189 189 189 189 189 189 189 190 190 190 190 190 191 191 191 191 191 191 191 191 191 191 191 191 191 192 192 192 192 192 192 192 192 192 192 192 192 193 193 193 193 193 193 193 193 193 193 193 193 193 193 193 193 193 193 193 193 194 194 194 194 194 194 194 194 194 193 193 193 193 193 194 194 194 194 194 194 194 194 194 194 195 194 194 194 194 194 194 194 195 195 195 195 195 194 195 195 195 195 195 195 195 195 195 195 195 195 195 196 196 195 196 196 196 196 196 195 196 196 196 196 196 195 195 195 196 196 196 196 196 197 197 197 196 196 197 197 197 197 197 197 197 197 197 197 197 198 198 198 198 198 198 198 198 198 198 198 198 198 199 199 198 198 198 199 199 199 200 200 200 200 200 200 200 200 201 201 201 201 200 200 200 199 199 200 200 199 199 200 200 200 200 200 200 200 200 200 200 200 200 200 200 200 200 201 200 201 201 201 201 201 201 202 201 201 201 201 201 201 201 201 202 201 201 201 201 201 201 201 201 201 201 201 201 201 201 202 202 201 201 201 201 201 201 201 201 202 202 202 202 202 202 203 0 0 0 0 0 0 0 0 0 0 0 0 0 0 0 0 0 0 0 0 0 0 0 0 0 0 0 0 0 0 0 0 0 0 0 0 0 0 0 0 0 0 0 0 0 0 0 0 0 0 0 0 0 0 0 0 0 0 0 0 0 0 0 0 0 0 0 0 0 0 0 0 0 0 
0 0 0 0 0 0 0 0 0 0 0 0 0 0 0 0 0 0 0 0 0 0 0 0 0 0 0 0 0 0 0 0 0 0 0 0 0 0 0 0 0 0 0 0 0 0 0 0 0 0 0 0 0 0 0 0 0 0 0 0 0 0 174 175 176 176 176 176 176 176 176 176 176 177 178 178 178 178 178 178 178 178 179 179 179 179 179 179 179 179 179 179 180 180 180 180 180 180 181 181 180 180 180 180 181 181 181 181 182 182 182 182 182 182 182 182 182 182 182 182 182 182 182 182 183 183 183 184 184 184 184 184 184 184 184 184 184 184 185 185 185 185 185 185 185 185 185 186 186 186 186 186 186 186 186 186 186 186 186 187 187 187 187 187 188 187 187 188 188 188 188 188 189 189 189 189 189 189 189 189 189 189 189 190 190 190 190 190 190 190 191 191 191 191 191 191 191 191 191 191 191 192 192 192 192 192 192 192 192 192 192 192 192 192 193 193 193 193 193 193 194 193 193 193 194 194 194 193 193 193 193 193 193 193 194 194 194 194 194 194 194 194 193 193 193 193 194 194 194 194 194 194 194 194 194 194 194 195 195 194 194 195 195 194 195 195 195 195 195 195 195 194 195 195 195 195 195 195 195 195 195 195 195 196 196 195 195 196 195 196 196 196 195 196 196 195 195 195 195 195 195 195 196 196 196 196 196 196 197 196 196 197 197 197 197 197 197 197 197 197 197 197 197 198 198 198 198 198 198 198 198 198 198 198 198 199 199 198 199 199 199 199 199 200 200 200 199 200 200 200 200 201 201 201 201 201 201 200 200 200 200 199 199 199 199 200 200 200 200 200 200 200 200 200 200 200 201 201 200 200 201 201 201 201 201 201 201 201 201 201 201 201 201 201 201 201 201 201 201 201 201 201 201 201 201 201 201 201 201 201 201 201 201 201 201 201 201 201 201 201 201 202 202 202 202 202 202 203 0 0 0 0 0 0 0 0 0 0 0 0 0 0 0 0 0 0 0 0 0 0 0 0 0 0 0 0 0 0 0 0 0 0 0 0 0 0 0 0 0 0 0 0 0 0 0 0 0 0 0 0 0 0 0 0 0 0 0 0 0 0 0 0 0 0 0 0 0 0 0 0 0 0 0 
0 0 0 0 0 0 0 0 0 0 0 0 0 0 0 0 0 0 0 0 0 0 0 0 0 0 0 0 0 0 0 0 0 0 0 0 0 0 0 0 0 0 0 0 0 0 0 0 0 0 0 0 0 0 0 0 0 0 0 0 0 0 0 175 176 176 176 176 176 176 176 176 176 176 177 178 178 178 178 178 178 178 178 178 178 178 178 179 178 179 179 179 180 180 180 180 180 180 180 180 180 180 180 180 180 181 181 181 182 181 182 182 182 182 182 182 182 182 182 181 182 182 182 182 182 182 183 183 183 183 184 184 184 184 184 184 184 184 184 185 185 185 185 185 185 185 185 186 186 186 186 186 186 185 186 186 186 186 186 186 186 186 187 187 188 187 188 188 188 188 188 188 188 189 189 189 189 189 189 189 189 189 189 190 190 190 190 190 190 190 190 191 191 191 191 191 191 191 191 191 191 191 192 192 192 192 192 192 192 192 192 192 192 192 192 192 193 193 193 193 194 194 194 194 194 194 193 193 193 193 193 193 193 193 194 194 194 194 193 194 194 194 193 193 194 194 194 194 194 194 195 194 194 194 194 194 194 194 195 195 195 195 195 195 195 195 195 195 194 194 194 194 194 195 195 195 195 195 195 195 195 195 195 195 195 195 195 195 195 196 195 196 195 196 196 195 195 195 195 195 195 195 196 196 196 196 196 196 196 196 196 196 196 196 196 197 197 197 197 197 197 197 197 197 197 197 197 197 197 197 197 197 197 198 198 198 198 198 199 199 199 199 199 199 200 200 199 199 200 200 200 200 200 200 200 200 201 201 200 200 200 200 199 199 199 199 200 200 200 200 200 200 200 200 200 200 200 201 200 200 200 201 201 201 201 201 201 201 201 201 201 201 201 201 201 201 201 201 201 201 201 201 201 201 201 201 201 201 201 201 201 201 201 201 201 201 201 201 201 201 201 201 202 202 202 202 202 202 0 0 0 0 0 0 0 0 0 0 0 0 0 0 0 0 0 0 0 0 0 0 0 0 0 0 0 0 0 0 0 0 0 0 0 0 0 0 0 0 0 0 0 0 0 0 0 0 0 0 0 0 0 0 0 0 0 0 0 0 0 0 0 0 0 0 0 0 0 0 0 0 0 0 0 
0 0 0 0 0 0 0 0 0 0 0 0 0 0 0 0 0 0 0 0 0 0 0 0 0 0 0 0 0 0 0 0 0 0 0 0 0 0 0 0 0 0 0 0 0 0 0 0 0 0 0 0 0 0 0 0 0 0 0 0 0 0 0 0 175 175 176 176 176 176 176 176 176 177 177 177 178 178 178 178 178 178 178 178 178 178 178 178 178 179 179 179 179 180 180 180 180 180 181 181 180 180 180 180 181 181 181 181 181 181 181 182 182 182 182 182 182 182 182 181 181 182 182 182 182 182 183 182 182 183 183 184 184 184 184 184 184 184 184 184 185 185 185 185 185 185 185 186 186 186 186 186 186 186 186 186 186 186 186 186 186 186 186 187 187 187 187 188 188 188 188 188 188 188 189 189 189 188 189 189 189 189 189 189 189 189 190 190 190 190 190 190 190 190 191 191 191 191 191 191 191 191 192 192 192 192 192 192 192 192 192 192 192 192 192 192 193 193 193 193 193 193 194 194 194 194 193 193 193 193 193 193 193 193 193 193 193 193 193 193 194 194 193 193 193 193 193 193 193 193 194 194 194 194 194 194 194 194 195 195 195 195 195 195 194 195 195 195 194 194 194 194 194 194 195 195 195 195 195 195 195 195 195 195 195 195 195 195 195 196 196 196 195 196 196 195 195 195 195 195 195 195 196 196 196 196 196 196 196 196 196 196 196 196 196 196 197 197 197 197 197 197 197 197 197 197 197 197 197 197 197 197 197 197 197 198 198 198 198 198 198 198 199 199 199 199 199 199 200 200 200 200 200 200 200 200 200 200 200 200 200 200 199 199 199 199 199 200 200 200 200 200 200 200 200 200 200 201 201 201 201 201 201 201 201 201 201 201 201 201 201 201 201 201 201 202 202 201 201 201 201 201 201 201 201 201 201 201 201 201 201 201 201 201 201 201 201 201 201 201 201 202 202 202 202 202 202 202 0 0 0 0 0 0 0 0 0 0 0 0 0 0 0 0 0 0 0 0 0 0 0 0 0 0 0 0 0 0 0 0 0 0 0 0 0 0 0 0 0 0 0 0 0 0 0 0 0 0 0 0 0 0 0 0 0 0 0 0 0 0 0 0 0 0 0 0 0 0 0 0 0 0 0 
0 0 0 0 0 0 0 0 0 0 0 0 0 0 0 0 0 0 0 0 0 0 0 0 0 0 0 0 0 0 0 0 0 0 0 0 0 0 0 0 0 0 0 0 0 0 0 0 0 0 0 0 0 0 0 0 0 0 0 0 0 0 0 0 0 175 175 175 176 176 175 176 177 177 177 177 178 178 178 178 178 178 178 179 178 178 178 178 178 178 179 179 179 179 180 180 180 180 181 181 180 180 180 180 180 180 180 181 181 181 181 181 181 181 181 181 182 182 182 182 182 182 182 182 182 182 182 182 182 182 182 183 183 184 184 184 184 184 184 184 184 185 185 185 185 185 185 185 186 186 186 186 186 186 186 187 187 186 186 186 186 186 186 187 187 187 187 188 188 188 188 188 188 188 188 189 189 189 189 189 189 189 189 189 189 189 189 190 190 190 190 190 190 190 190 191 191 191 191 191 191 191 191 192 192 192 192 192 192 192 192 192 192 192 192 192 192 192 193 193 193 193 193 194 194 193 194 193 193 193 193 193 193 193 193 193 194 194 193 193 193 194 192 193 193 193 193 193 193 193 194 194 194 194 194 194 194 195 195 195 194 195 195 195 195 194 194 194 194 194 194 194 194 194 194 195 195 195 195 195 195 195 195 195 195 195 195 195 196 195 196 196 196 196 195 195 195 195 195 195 195 195 196 196 196 196 196 196 196 196 196 196 196 196 196 197 197 197 197 197 197 197 197 197 197 197 198 198 197 197 197 197 198 198 198 198 198 198 198 198 198 198 198 199 199 199 199 199 199 199 199 200 200 200 200 200 200 200 200 200 200 200 200 200 199 199 199 199 200 200 200 200 200 200 200 200 200 201 200 201 201 201 201 201 201 201 201 201 202 201 201 201 201 201 201 202 202 201 201 201 201 201 201 201 201 201 201 201 201 201 201 201 201 201 201 201 201 201 201 201 201 201 202 202 202 202 202 0 0 0 0 0 0 0 0 0 0 0 0 0 0 0 0 0 0 0 0 0 0 0 0 0 0 0 0 0 0 0 0 0 0 0 0 0 0 0 0 0 0 0 0 0 0 0 0 0 0 0 0 0 0 0 0 0 0 0 0 0 0 0 0 0 0 0 0 0 0 0 0 0 0 0 0 
0 0 0 0 0 0 0 0 0 0 0 0 0 0 0 0 0 0 0 0 0 0 0 0 0 0 0 0 0 0 0 0 0 0 0 0 0 0 0 0 0 0 0 0 0 0 0 0 0 0 0 0 0 0 0 0 0 0 0 0 0 0 0 0 0 0 176 176 176 176 175 176 176 177 177 177 177 178 178 178 178 178 177 178 178 178 178 178 178 178 178 179 179 179 180 180 180 180 180 180 180 180 180 180 180 180 181 181 181 181 181 181 182 182 182 182 182 182 182 182 182 182 182 182 182 181 182 182 182 182 182 182 183 184 184 184 184 184 184 184 184 185 185 185 185 185 185 185 186 186 186 186 186 186 186 186 187 187 186 186 186 186 187 187 187 187 187 187 187 187 188 188 188 188 188 188 189 189 189 189 189 189 189 189 189 189 189 189 189 190 190 190 190 190 190 190 190 191 191 191 191 191 191 191 192 192 192 192 192 192 192 192 192 192 192 192 192 192 192 193 193 193 193 194 194 194 194 193 193 193 193 193 193 193 193 193 193 193 193 193 193 193 192 193 193 193 192 193 193 193 193 193 194 194 194 194 194 195 195 195 195 195 194 194 195 194 194 194 194 194 194 194 194 194 194 194 195 195 195 195 195 195 195 195 195 195 195 195 196 196 196 196 196 196 195 195 195 195 195 195 195 195 195 196 196 196 196 196 196 196 196 196 196 196 196 197 197 197 197 197 197 197 197 197 197 197 197 198 198 197 198 197 198 198 198 198 199 198 198 198 198 198 199 199 199 199 199 199 199 199 199 199 199 199 199 200 200 200 200 200 200 199 199 199 199 199 199 199 200 200 200 200 200 200 200 200 200 200 200 200 201 201 201 201 201 201 201 201 202 201 201 201 201 201 201 201 201 201 201 201 201 201 201 201 201 201 201 201 201 201 201 201 202 202 201 201 201 201 201 201 201 201 202 202 202 203 202 0 0 0 0 0 0 0 0 0 0 0 0 0 0 0 0 0 0 0 0 0 0 0 0 0 0 0 0 0 0 0 0 0 0 0 0 0 0 0 0 0 0 0 0 0 0 0 0 0 0 0 0 0 0 0 0 0 0 0 0 0 0 0 0 0 0 0 0 0 0 0 0 0 0 0 0 
0 0 0 0 0 0 0 0 0 0 0 0 0 0 0 0 0 0 0 0 0 0 0 0 0 0 0 0 0 0 0 0 0 0 0 0 0 0 0 0 0 0 0 0 0 0 0 0 0 0 0 0 0 0 0 0 0 0 0 0 0 0 0 0 0 0 0 176 175 175 175 176 176 176 177 177 177 177 177 177 177 177 177 177 177 177 177 178 178 178 178 179 179 179 179 180 180 180 180 181 181 181 180 180 181 181 181 181 181 181 181 181 181 182 182 182 182 182 182 183 183 183 182 182 182 182 182 182 183 183 182 182 182 183 184 184 184 184 184 184 185 185 185 185 185 185 185 185 185 186 186 186 186 186 186 186 186 187 187 186 186 186 186 187 187 187 187 187 187 187 187 187 188 188 188 188 188 189 189 189 189 190 189 189 189 189 189 189 189 189 190 190 190 190 190 190 190 190 191 191 191 191 191 191 191 191 192 192 192 192 192 192 192 192 192 192 192 192 192 192 193 193 193 193 193 193 193 193 193 192 192 192 192 193 193 193 193 193 193 193 193 193 192 193 193 193 193 193 193 194 194 194 194 194 194 194 194 195 195 195 195 194 194 194 194 194 194 194 194 194 194 194 194 194 194 194 195 195 195 195 195 195 195 195 195 195 195 195 196 196 196 196 196 196 195 195 195 195 195 195 195 195 195 196 196 196 196 196 196 196 196 196 196 196 196 196 197 197 197 197 197 197 197 197 197 197 197 197 198 198 198 198 198 198 198 198 199 199 199 198 198 199 199 199 199 199 199 199 199 199 199 199 199 199 199 199 200 199 199 199 199 199 199 199 199 199 199 200 200 200 200 200 200 200 200 200 200 200 200 200 200 200 201 201 201 201 201 201 201 201 201 201 201 201 201 201 201 201 201 201 201 201 201 201 201 201 201 201 201 201 201 201 201 201 201 201 201 201 201 201 202 201 202 202 202 202 0 0 0 0 0 0 0 0 0 0 0 0 0 0 0 0 0 0 0 0 0 0 0 0 0 0 0 0 0 0 0 0 0 0 0 0 0 0 0 0 0 0 0 0 0 0 0 0 0 0 0 0 0 0 0 0 0 0 0 0 0 0 0 0 0 0 0 0 0 0 0 0 0 0 0 0 0 
0 0 0 0 0 0 0 0 0 0 0 0 0 0 0 0 0 0 0 0 0 0 0 0 0 0 0 0 0 0 0 0 0 0 0 0 0 0 0 0 0 0 0 0 0 0 0 0 0 0 0 0 0 0 0 0 0 0 0 0 0 0 0 0 0 0 0 175 175 175 175 175 175 176 176 176 176 176 177 176 176 177 176 176 177 178 178 178 178 179 179 179 179 179 179 179 180 180 180 180 181 180 180 180 181 181 181 181 181 181 181 181 181 181 181 182 182 182 182 183 183 183 183 183 183 183 183 182 182 182 182 182 182 182 183 183 184 184 184 184 185 185 185 185 185 185 185 185 185 185 186 186 186 186 186 186 186 186 187 187 186 186 186 186 187 187 187 187 187 187 187 187 187 187 187 188 188 188 188 189 189 189 189 190 189 189 189 189 189 189 190 190 190 190 190 190 190 190 190 191 191 191 191 191 191 191 191 192 192 192 192 192 192 192 192 192 192 192 192 192 192 192 193 193 193 194 194 193 193 193 192 192 192 192 192 193 193 193 193 193 193 193 192 192 193 193 192 193 193 193 193 193 194 194 194 194 194 194 194 194 194 194 194 195 194 194 194 194 195 194 194 194 194 194 195 195 195 195 195 195 195 195 195 195 195 195 195 195 196 196 196 196 195 195 195 194 195 195 195 195 195 195 195 196 196 196 196 196 196 196 196 196 196 196 196 196 196 197 197 197 197 197 197 197 197 197 197 197 198 198 198 198 198 197 198 198 198 199 199 199 199 199 199 199 199 199 199 199 199 199 199 198 199 199 199 199 199 199 199 199 199 199 199 199 199 199 199 200 199 200 200 200 200 200 200 200 200 200 200 200 200 201 201 201 201 201 201 201 201 201 201 201 201 201 201 201 201 201 201 201 201 201 201 201 201 201 201 201 201 201 201 201 201 201 201 201 201 201 201 201 202 202 202 202 202 0 0 0 0 0 0 0 0 0 0 0 0 0 0 0 0 0 0 0 0 0 0 0 0 0 0 0 0 0 0 0 0 0 0 0 0 0 0 0 0 0 0 0 0 0 0 0 0 0 0 0 0 0 0 0 0 0 0 0 0 0 0 0 0 0 0 0 0 0 0 0 0 0 0 0 0 0 0 
0 0 0 0 0 0 0 0 0 0 0 0 0 0 0 0 0 0 0 0 0 0 0 0 0 0 0 0 0 0 0 0 0 0 0 0 0 0 0 0 0 0 0 0 0 0 0 0 0 0 0 0 0 0 0 0 0 0 0 0 0 0 0 0 0 0 0 0 175 175 175 174 175 175 174 175 176 176 176 176 176 176 176 176 176 177 178 179 179 179 179 179 179 179 179 179 180 180 180 180 180 181 180 181 181 181 181 181 181 181 181 181 181 181 182 182 182 182 183 183 183 183 183 183 183 183 183 183 183 183 183 183 182 182 182 183 183 183 183 183 184 184 184 184 185 185 185 185 185 185 185 186 185 186 186 186 186 186 186 186 187 187 186 186 186 186 187 187 187 187 187 187 187 187 187 187 187 188 188 188 189 189 189 189 189 189 189 189 189 189 189 190 190 190 190 190 190 190 190 190 191 191 191 191 191 191 191 191 192 192 192 192 192 192 192 192 192 192 192 192 192 192 193 193 193 193 194 194 193 193 192 192 192 192 192 192 193 193 193 193 193 193 192 192 193 192 192 193 193 193 193 193 194 194 194 193 193 194 194 194 194 194 194 194 194 194 194 194 194 194 195 194 194 194 195 195 195 195 195 195 195 195 195 195 195 195 195 195 195 196 196 196 196 196 195 195 194 195 195 195 195 195 195 196 196 196 196 196 196 196 196 196 196 196 196 196 196 197 197 197 197 197 197 197 197 197 197 197 197 197 198 197 197 198 198 198 198 198 199 199 199 199 199 199 199 199 199 199 199 199 199 198 198 199 199 199 199 199 199 199 199 199 199 199 199 199 199 199 199 200 200 200 200 200 200 200 200 200 200 200 200 200 200 201 201 201 201 201 201 201 201 201 200 201 201 201 201 201 201 201 201 201 201 201 201 201 201 201 201 201 201 201 201 201 201 201 201 201 201 201 201 202 202 202 202 0 0 0 0 0 0 0 0 0 0 0 0 0 0 0 0 0 0 0 0 0 0 0 0 0 0 0 0 0 0 0 0 0 0 0 0 0 0 0 0 0 0 0 0 0 0 0 0 0 0 0 0 0 0 0 0 0 0 0 0 0 0 0 0 0 0 0 0 0 0 0 0 0 0 0 0 0 0 
0 0 0 0 0 0 0 0 0 0 0 0 0 0 0 0 0 0 0 0 0 0 0 0 0 0 0 0 0 0 0 0 0 0 0 0 0 0 0 0 0 0 0 0 0 0 0 0 0 0 0 0 0 0 0 0 0 0 0 0 0 0 0 0 0 0 0 0 0 175 175 175 175 175 174 174 175 176 176 176 176 176 176 176 176 177 178 178 178 178 179 179 179 179 179 179 179 179 179 180 180 180 180 180 180 180 181 181 181 181 181 181 181 182 181 182 182 182 182 183 183 183 183 183 183 183 183 183 183 183 183 183 183 182 182 182 183 183 183 183 184 184 184 184 184 184 184 185 185 185 185 185 185 185 185 186 186 186 186 186 186 187 186 186 186 186 186 186 187 187 187 187 187 187 187 187 188 188 188 188 188 189 189 189 190 189 190 189 189 189 189 189 189 190 190 190 190 190 190 190 190 190 191 191 191 191 191 191 191 191 192 192 192 192 192 192 192 192 192 192 192 192 192 193 193 193 193 193 193 193 193 192 193 193 192 192 192 193 193 193 193 193 192 192 192 192 192 193 193 193 193 193 193 194 193 193 193 193 193 193 194 194 194 194 194 194 194 194 194 194 194 195 194 195 195 195 195 195 195 195 195 195 195 195 195 195 195 196 196 196 196 196 196 195 194 194 194 194 195 195 195 195 195 195 196 196 196 196 196 196 196 196 196 196 196 196 196 197 197 196 196 197 197 197 197 197 197 197 197 197 197 197 197 197 198 198 198 198 198 198 199 199 199 199 199 199 199 199 199 198 198 198 198 198 198 199 199 199 199 199 199 199 199 199 199 199 199 199 199 199 199 200 200 200 200 200 200 200 200 200 200 200 200 200 201 201 201 201 201 201 201 201 201 201 200 201 201 201 201 201 201 201 201 201 201 201 201 201 201 201 201 201 201 201 201 201 201 201 201 201 201 201 202 202 202 0 0 0 0 0 0 0 0 0 0 0 0 0 0 0 0 0 0 0 0 0 0 0 0 0 0 0 0 0 0 0 0 0 0 0 0 0 0 0 0 0 0 0 0 0 0 0 0 0 0 0 0 0 0 0 0 0 0 0 0 0 0 0 0 0 0 0 0 0 0 0 0 0 0 0 0 0 0 
0 0 0 0 0 0 0 0 0 0 0 0 0 0 0 0 0 0 0 0 0 0 0 0 0 0 0 0 0 0 0 0 0 0 0 0 0 0 0 0 0 0 0 0 0 0 0 0 0 0 0 0 0 0 0 0 0 0 0 0 0 0 0 0 0 0 0 0 0 0 0 175 0 175 174 174 175 176 176 175 176 176 176 176 176 176 177 177 177 178 178 178 179 179 179 179 179 179 179 179 179 180 180 180 180 180 180 181 181 181 181 181 181 181 181 182 182 182 182 182 183 183 182 182 183 183 183 183 183 183 183 183 183 183 182 182 183 183 183 184 184 184 184 184 184 184 184 185 185 185 185 185 185 185 185 186 186 186 186 186 186 186 187 186 187 187 186 186 186 186 187 187 187 187 187 188 188 188 188 188 188 188 189 189 190 190 189 189 189 189 189 189 189 189 190 190 190 190 190 190 190 190 190 191 191 191 191 191 191 191 191 192 192 192 192 192 192 192 192 192 192 192 192 192 193 193 193 193 193 193 193 193 193 193 192 192 192 192 193 193 194 194 192 192 192 192 193 193 192 193 193 193 193 194 194 193 193 193 193 194 194 194 194 194 194 194 194 194 194 194 194 194 194 194 195 195 195 195 195 195 195 195 195 195 195 195 195 195 196 196 196 196 196 195 195 194 194 194 194 195 195 195 195 195 196 196 196 196 196 196 196 196 196 196 196 196 196 196 196 196 196 197 197 197 197 197 197 197 197 197 197 197 197 198 198 198 198 197 197 198 198 198 199 199 199 199 199 199 199 199 199 198 198 198 198 198 198 199 199 199 199 199 199 199 199 199 199 199 199 199 199 199 199 199 200 200 200 200 200 200 200 200 200 200 201 201 201 201 201 201 201 201 200 200 200 200 201 201 201 201 201 201 201 201 201 201 201 201 201 201 201 201 201 201 201 201 201 201 201 201 201 202 202 202 202 202 0 0 0 0 0 0 0 0 0 0 0 0 0 0 0 0 0 0 0 0 0 0 0 0 0 0 0 0 0 0 0 0 0 0 0 0 0 0 0 0 0 0 0 0 0 0 0 0 0 0 0 0 0 0 0 0 0 0 0 0 0 0 0 0 0 0 0 0 0 0 0 0 0 0 0 0 0 
0 0 0 0 0 0 0 0 0 0 0 0 0 0 0 0 0 0 0 0 0 0 0 0 0 0 0 0 0 0 0 0 0 0 0 0 0 0 0 0 0 0 0 0 0 0 0 0 0 0 0 0 0 0 0 0 0 0 0 0 0 0 0 0 0 0 0 0 0 0 0 0 0 0 175 174 174 176 176 175 175 175 175 176 176 177 176 177 177 177 178 178 179 180 180 180 179 179 179 179 179 179 179 179 180 180 180 180 181 181 181 181 181 181 181 181 182 182 182 182 182 183 182 182 183 183 183 183 183 183 183 183 183 184 184 183 183 184 184 184 184 184 184 184 184 184 184 184 184 185 185 185 185 185 185 185 186 186 186 186 186 186 186 187 187 187 187 186 186 186 187 187 187 187 187 187 188 188 188 188 188 188 188 189 189 190 190 189 189 190 189 189 189 189 189 190 190 190 190 190 190 190 190 190 191 191 191 191 191 191 191 191 191 192 192 192 192 192 192 192 192 192 192 192 193 193 192 193 193 193 193 193 193 193 192 192 192 192 193 193 193 193 192 192 192 192 192 193 193 192 193 193 193 194 194 194 194 194 194 194 194 194 194 194 194 194 193 193 194 194 194 194 194 194 194 195 194 195 195 195 195 195 195 195 195 195 195 195 196 196 196 196 195 194 194 194 194 194 194 195 195 195 195 195 195 196 196 196 196 196 196 196 196 196 196 196 196 196 196 196 197 197 197 197 197 197 197 197 197 197 197 197 197 198 198 198 198 198 198 198 197 198 198 199 199 199 199 199 199 199 199 199 199 199 198 198 198 199 199 199 199 199 199 199 199 199 199 199 199 200 200 199 199 200 200 200 200 200 200 200 200 200 200 200 200 201 201 201 200 200 200 200 200 201 201 201 201 201 201 201 201 201 201 201 201 201 201 201 201 201 201 201 201 201 201 201 201 201 201 201 201 201 201 201 201 202 0 0 0 0 0 0 0 0 0 0 0 0 0 0 0 0 0 0 0 0 0 0 0 0 0 0 0 0 0 0 0 0 0 0 0 0 0 0 0 0 0 0 0 0 0 0 0 0 0 0 0 0 0 0 0 0 0 0 0 0 0 0 0 0 0 0 0 0 0 0 0 0 0 0 0 0 0 
0 0 0 0 0 0 0 0 0 0 0 0 0 0 0 0 0 0 0 0 0 0 0 0 0 0 0 0 0 0 0 0 0 0 0 0 0 0 0 0 0 0 0 0 0 0 0 0 0 0 0 0 0 0 0 0 0 0 0 0 0 0 0 0 0 0 0 0 0 0 0 0 0 0 175 175 174 175 175 174 175 175 176 176 176 177 177 177 178 178 178 178 179 179 180 180 180 180 180 179 179 179 179 179 179 180 180 180 180 181 181 181 181 181 182 182 182 182 182 182 182 182 183 183 182 183 183 183 183 182 182 183 182 183 183 184 184 184 184 184 184 184 184 184 184 184 184 184 184 185 185 185 185 185 185 185 185 186 186 186 186 186 186 186 187 187 187 186 186 186 187 187 187 187 187 187 187 188 188 188 188 188 188 188 188 189 189 189 190 190 190 189 189 189 189 190 190 190 190 190 190 190 190 190 190 191 191 191 191 191 191 191 191 191 192 192 192 192 192 192 192 192 192 192 192 192 192 192 193 193 193 193 193 193 192 192 192 192 192 193 193 193 192 192 192 192 192 192 193 193 193 193 193 193 194 194 194 193 194 193 193 193 194 194 194 194 194 194 194 194 194 194 194 194 194 194 194 194 195 195 195 195 195 195 195 195 195 195 195 196 196 195 195 194 194 194 194 194 195 195 195 195 195 195 195 196 196 196 196 196 196 196 196 196 196 196 196 196 196 197 197 197 197 197 197 197 197 197 197 197 197 197 197 197 197 197 198 198 198 198 198 198 198 198 198 199 199 199 199 199 200 200 200 199 199 199 199 199 199 199 199 199 199 200 200 200 201 201 201 202 201 200 199 199 200 201 200 200 200 200 200 200 200 200 200 200 201 201 201 201 200 200 200 201 201 201 201 201 201 201 201 201 201 201 200 200 200 201 201 201 201 201 201 201 201 201 201 201 201 201 201 201 201 202 202 202 202 0 0 0 0 0 0 0 0 0 0 0 0 0 0 0 0 0 0 0 0 0 0 0 0 0 0 0 0 0 0 0 0 0 0 0 0 0 0 0 0 0 0 0 0 0 0 0 0 0 0 0 0 0 0 0 0 0 0 0 0 0 0 0 0 0 0 0 0 0 0 0 0 0 0 0 0 
0 0 0 0 0 0 0 0 0 0 0 0 0 0 0 0 0 0 0 0 0 0 0 0 0 0 0 0 0 0 0 0 0 0 0 0 0 0 0 0 0 0 0 0 0 0 0 0 0 0 0 0 0 0 0 0 0 0 0 0 0 0 0 0 0 0 0 0 0 0 0 0 0 0 0 0 0 174 175 175 175 175 176 176 176 176 177 178 178 178 179 179 179 179 180 180 180 180 180 180 180 180 180 180 180 180 180 180 180 180 180 181 181 181 181 181 182 182 182 182 182 182 182 183 182 182 182 183 183 183 183 182 182 182 182 182 183 183 183 183 183 184 184 184 185 184 184 184 185 185 185 185 185 185 185 185 186 186 186 186 186 186 186 186 186 187 187 186 186 186 186 186 187 187 187 188 188 188 188 188 188 188 188 188 188 189 189 189 190 189 189 189 189 189 189 189 190 190 190 190 190 190 190 190 190 190 191 191 191 191 191 191 191 191 191 192 192 192 192 192 192 192 192 192 192 192 192 192 192 192 193 193 193 193 193 192 192 192 192 193 193 193 192 192 192 192 192 192 192 193 193 193 192 193 193 193 193 193 193 193 193 193 193 193 194 194 194 194 194 194 194 194 194 194 195 194 195 194 195 195 195 195 195 195 195 195 195 195 195 195 195 195 194 194 194 194 195 195 195 195 195 195 195 195 195 195 196 196 196 196 196 196 196 196 196 196 196 196 196 197 197 197 197 197 197 197 197 197 197 197 197 197 197 197 197 197 197 198 198 198 198 199 199 199 199 199 198 199 199 199 199 199 200 200 199 199 199 199 199 199 199 199 199 200 201 201 201 201 201 202 201 201 200 199 200 201 200 200 201 201 200 200 200 200 200 200 200 201 201 201 201 201 201 201 201 201 201 201 201 201 201 200 200 201 200 200 200 201 201 201 201 201 201 201 201 201 201 201 201 201 201 202 202 202 202 202 202 202 0 0 0 0 0 0 0 0 0 0 0 0 0 0 0 0 0 0 0 0 0 0 0 0 0 0 0 0 0 0 0 0 0 0 0 0 0 0 0 0 0 0 0 0 0 0 0 0 0 0 0 0 0 0 0 0 0 0 0 0 0 0 0 0 0 0 0 0 0 0 0 0 0 0 0 
0 0 0 0 0 0 0 0 0 0 0 0 0 0 0 0 0 0 0 0 0 0 0 0 0 0 0 0 0 0 0 0 0 0 0 0 0 0 0 0 0 0 0 0 0 0 0 0 0 0 0 0 0 0 0 0 0 0 0 0 0 0 0 0 0 0 0 0 0 0 0 0 0 0 0 0 0 0 174 175 175 175 175 176 177 177 177 178 179 179 179 179 179 179 180 180 180 180 180 180 180 180 180 180 180 180 180 180 180 180 180 180 181 181 181 181 181 182 182 182 182 182 182 182 182 182 182 182 183 183 183 183 182 182 183 183 183 183 182 182 182 183 183 184 184 184 185 185 185 185 184 184 184 184 185 185 185 185 186 186 186 186 186 186 186 186 186 187 187 186 186 186 186 187 187 187 187 188 188 188 188 188 188 188 188 188 189 189 190 189 189 189 189 189 189 189 189 190 190 190 190 190 190 190 190 190 190 191 191 191 191 191 191 191 191 191 191 192 192 192 192 192 192 192 192 192 192 192 192 192 192 193 193 193 193 192 192 193 193 193 193 193 192 192 192 192 192 192 192 192 192 193 192 193 193 193 193 194 193 193 193 193 193 193 193 193 193 194 194 194 194 194 194 194 194 194 194 194 194 195 195 195 195 195 195 195 194 194 194 195 195 195 194 194 194 194 194 195 195 195 195 195 195 195 195 195 195 196 196 196 196 196 196 196 196 196 196 196 196 196 197 197 197 196 197 197 197 197 197 197 197 197 197 197 197 197 197 198 198 198 198 198 199 199 199 199 199 199 199 199 199 199 199 199 199 200 200 200 199 199 199 199 200 200 200 200 200 200 200 201 201 201 201 200 200 200 200 201 201 200 200 200 201 200 200 200 200 201 201 201 201 201 201 201 201 201 201 200 201 201 201 200 200 201 200 200 200 201 201 201 202 201 201 201 201 201 201 201 201 201 201 202 202 202 202 202 202 202 202 0 0 0 0 0 0 0 0 0 0 0 0 0 0 0 0 0 0 0 0 0 0 0 0 0 0 0 0 0 0 0 0 0 0 0 0 0 0 0 0 0 0 0 0 0 0 0 0 0 0 0 0 0 0 0 0 0 0 0 0 0 0 0 0 0 0 0 0 0 0 0 0 0 0 
0 0 0 0 0 0 0 0 0 0 0 0 0 0 0 0 0 0 0 0 0 0 0 0 0 0 0 0 0 0 0 0 0 0 0 0 0 0 0 0 0 0 0 0 0 0 0 0 0 0 0 0 0 0 0 0 0 0 0 0 0 0 0 0 0 0 0 0 0 0 0 0 0 0 0 0 0 0 175 175 175 176 177 177 177 177 177 178 178 178 178 179 179 179 179 179 180 180 180 180 180 180 181 181 181 180 180 180 180 180 180 180 180 181 181 181 181 182 181 181 181 182 182 182 182 182 182 182 182 182 183 183 182 182 182 183 183 183 183 182 182 182 182 183 183 183 184 184 184 184 184 184 184 184 184 184 185 185 186 186 186 186 186 186 186 186 186 186 187 187 186 186 186 186 187 187 187 187 188 188 188 188 188 188 188 188 188 189 189 189 189 189 189 189 189 189 189 189 189 190 190 190 190 190 190 190 190 190 191 191 191 191 191 191 191 191 191 191 191 192 192 192 192 192 192 192 192 192 192 192 192 192 193 192 192 192 192 192 192 193 193 193 192 192 192 192 192 192 192 192 192 192 192 192 193 193 194 194 194 193 193 193 193 193 193 193 193 193 194 194 194 194 194 194 194 194 194 194 194 194 194 195 195 195 195 195 194 194 194 194 195 195 194 194 194 194 194 194 195 195 195 195 195 195 195 195 195 195 196 196 196 196 196 196 196 196 196 196 196 196 196 196 196 196 196 197 197 197 197 197 197 197 197 197 197 197 197 197 197 198 198 198 198 198 198 198 198 198 198 199 199 199 199 199 199 199 199 200 200 200 200 200 200 200 200 200 200 200 200 200 201 201 201 201 200 200 200 201 201 201 201 200 201 201 200 200 200 200 201 201 201 201 201 201 201 201 201 200 201 201 201 200 200 201 201 201 201 201 201 201 202 202 201 201 201 201 201 201 201 201 201 201 202 202 202 202 202 202 202 203 0 0 0 0 0 0 0 0 0 0 0 0 0 0 0 0 0 0 0 0 0 0 0 0 0 0 0 0 0 0 0 0 0 0 0 0 0 0 0 0 0 0 0 0 0 0 0 0 0 0 0 0 0 0 0 0 0 0 0 0 0 0 0 0 0 0 0 0 0 0 0 0 0 
0 0 0 0 0 0 0 0 0 0 0 0 0 0 0 0 0 0 0 0 0 0 0 0 0 0 0 0 0 0 0 0 0 0 0 0 0 0 0 0 0 0 0 0 0 0 0 0 0 0 0 0 0 0 0 0 0 0 0 0 0 0 0 0 0 0 0 0 0 0 0 0 0 0 0 0 0 0 0 175 175 175 175 176 176 176 177 177 177 178 178 178 179 179 179 179 179 180 180 180 180 181 181 181 181 181 181 181 180 181 181 181 181 181 181 181 181 182 182 182 182 182 182 182 182 182 182 182 182 182 182 182 182 182 183 183 183 183 183 183 183 183 183 183 183 183 183 183 183 183 184 184 184 184 184 184 184 185 185 186 186 186 186 186 186 186 186 186 186 186 187 186 186 186 186 186 187 187 188 188 188 188 188 188 188 188 188 188 189 189 190 189 188 188 188 188 188 188 188 188 189 189 189 189 189 189 189 189 190 190 190 190 190 190 190 190 190 190 190 190 191 191 191 191 191 191 191 191 191 191 191 191 192 192 192 191 191 191 191 192 192 192 192 192 192 192 192 192 192 193 193 194 194 194 194 194 194 194 194 194 195 194 194 194 194 194 194 194 194 194 194 194 194 194 194 194 194 195 195 195 195 195 195 195 195 195 195 195 196 195 195 195 194 194 194 195 195 195 195 195 195 195 195 195 195 196 196 196 196 196 196 196 196 196 196 196 196 196 196 196 197 196 197 197 197 197 197 197 197 197 197 197 198 198 198 198 198 198 198 198 198 198 198 198 198 199 198 199 199 199 199 199 199 199 199 199 199 200 200 200 200 200 200 200 200 200 201 201 201 201 202 201 201 201 201 200 200 200 201 201 201 201 201 201 201 201 201 201 201 202 201 201 200 201 201 201 201 200 200 202 202 201 200 201 201 201 201 201 201 202 202 202 201 201 201 201 201 201 201 201 201 202 202 202 203 202 202 202 203 203 0 0 0 0 0 0 0 0 0 0 0 0 0 0 0 0 0 0 0 0 0 0 0 0 0 0 0 0 0 0 0 0 0 0 0 0 0 0 0 0 0 0 0 0 0 0 0 0 0 0 0 0 0 0 0 0 0 0 0 0 0 0 0 0 0 0 0 0 0 0 0 0 0 
0 0 0 0 0 0 0 0 0 0 0 0 0 0 0 0 0 0 0 0 0 0 0 0 0 0 0 0 0 0 0 0 0 0 0 0 0 0 0 0 0 0 0 0 0 0 0 0 0 0 0 0 0 0 0 0 0 0 0 0 0 0 0 0 0 0 0 0 0 0 0 0 0 0 0 0 0 0 0 0 174 174 174 175 175 176 176 177 177 178 178 178 179 179 179 179 179 180 180 180 180 180 181 181 181 181 181 181 181 181 182 182 181 181 181 181 181 181 182 182 182 182 182 182 182 182 182 182 182 182 183 183 183 182 183 183 183 183 184 184 184 184 183 183 183 183 183 183 183 184 185 184 184 184 184 184 185 185 185 185 186 186 186 186 186 187 186 186 186 186 186 186 186 186 187 186 187 187 187 187 188 188 188 188 188 188 188 188 188 189 189 189 188 188 188 188 188 188 189 188 188 189 189 189 189 189 189 189 189 190 190 190 190 190 190 190 190 190 190 190 191 191 191 191 191 191 191 191 191 191 191 191 192 192 191 191 191 191 191 192 192 192 192 192 192 192 192 192 193 193 193 193 193 194 193 194 194 193 194 194 194 194 194 194 194 193 193 194 194 194 194 194 195 195 195 195 195 195 195 195 195 195 195 195 195 195 195 195 196 196 195 195 194 194 194 194 195 195 195 195 195 195 195 195 195 195 196 196 196 196 196 196 196 196 196 196 196 196 196 196 196 196 197 197 197 197 197 197 197 197 197 197 197 197 198 198 198 198 198 198 198 198 198 198 198 198 199 199 199 200 200 199 199 199 199 199 200 200 200 200 200 200 200 200 200 200 200 201 201 201 201 201 201 201 201 201 200 200 201 201 201 201 201 201 201 201 201 201 201 201 201 201 200 201 201 201 201 200 200 202 202 202 201 201 201 201 201 201 201 201 202 202 202 202 201 202 201 201 201 201 201 201 202 202 203 203 202 202 202 203 0 0 0 0 0 0 0 0 0 0 0 0 0 0 0 0 0 0 0 0 0 0 0 0 0 0 0 0 0 0 0 0 0 0 0 0 0 0 0 0 0 0 0 0 0 0 0 0 0 0 0 0 0 0 0 0 0 0 0 0 0 0 0 0 0 0 0 0 0 0 0 0 0 
0 0 0 0 0 0 0 0 0 0 0 0 0 0 0 0 0 0 0 0 0 0 0 0 0 0 0 0 0 0 0 0 0 0 0 0 0 0 0 0 0 0 0 0 0 0 0 0 0 0 0 0 0 0 0 0 0 0 0 0 0 0 0 0 0 0 0 0 0 0 0 0 0 0 0 0 0 0 0 0 0 175 175 175 175 176 176 176 177 177 178 178 179 179 179 179 180 180 180 180 180 180 181 181 181 181 181 181 181 181 182 181 181 181 181 181 181 181 182 182 182 182 182 182 182 182 182 182 182 182 182 183 183 182 182 182 183 183 183 184 184 184 184 184 184 183 184 183 183 184 184 184 184 184 184 184 184 185 185 185 185 185 186 186 186 186 186 186 186 186 186 186 187 186 186 187 186 187 187 187 187 187 188 188 188 188 188 188 188 188 189 189 188 188 188 188 188 188 189 188 189 189 189 189 189 189 189 189 189 189 190 190 190 190 190 190 190 190 190 190 190 191 191 191 191 191 191 191 191 191 191 191 191 191 191 191 191 191 191 192 192 192 192 192 192 192 192 192 192 192 193 193 193 194 193 193 194 193 193 194 194 194 194 194 194 194 194 194 194 194 194 194 194 194 195 195 195 195 195 195 195 195 195 195 195 195 195 195 195 196 196 195 194 194 194 194 194 195 195 195 195 195 195 195 195 195 195 196 196 196 196 196 196 196 196 196 196 196 196 196 197 197 197 197 197 197 197 197 197 197 197 197 197 197 197 197 197 197 197 197 197 198 198 198 198 198 199 199 199 199 199 199 199 199 199 199 199 200 200 200 200 200 200 200 200 200 200 200 200 200 200 201 201 201 201 201 201 200 200 201 201 201 201 201 201 201 201 201 201 201 201 201 200 201 201 201 200 200 200 202 202 202 202 202 201 201 201 201 201 201 201 201 201 202 202 202 201 201 201 201 201 201 202 202 202 202 202 202 203 0 0 0 0 0 0 0 0 0 0 0 0 0 0 0 0 0 0 0 0 0 0 0 0 0 0 0 0 0 0 0 0 0 0 0 0 0 0 0 0 0 0 0 0 0 0 0 0 0 0 0 0 0 0 0 0 0 0 0 0 0 0 0 0 0 0 0 0 0 0 0 0 0 0 
0 0 0 0 0 0 0 0 0 0 0 0 0 0 0 0 0 0 0 0 0 0 0 0 0 0 0 0 0 0 0 0 0 0 0 0 0 0 0 0 0 0 0 0 0 0 0 0 0 0 0 0 0 0 0 0 0 0 0 0 0 0 0 0 0 0 0 0 0 0 0 0 0 0 0 0 0 0 0 0 0 0 0 175 175 175 176 176 176 177 178 178 178 178 178 178 179 179 179 180 180 180 180 181 181 181 181 181 181 181 181 181 181 181 181 181 181 181 182 182 182 182 182 182 182 182 182 182 182 182 182 183 183 183 183 182 182 183 184 184 184 184 184 184 184 183 183 183 183 184 184 184 184 184 184 184 184 184 184 185 185 185 185 185 186 186 186 186 186 186 186 186 187 186 186 187 186 187 187 187 187 187 187 188 188 188 188 188 188 188 189 189 189 189 189 188 188 188 188 188 189 189 189 189 189 189 189 189 189 189 189 189 190 190 190 190 190 190 190 190 190 190 190 191 191 191 191 191 191 191 191 191 191 191 191 191 191 191 192 192 192 192 192 192 192 192 192 192 192 193 193 193 193 193 193 193 193 193 193 193 194 194 193 193 194 194 194 194 194 194 194 194 194 194 194 194 195 195 195 195 195 195 195 195 195 195 195 195 196 196 196 195 194 194 194 195 195 195 195 195 195 195 195 195 195 195 195 195 196 196 196 196 196 196 196 196 196 196 196 196 196 197 197 197 197 197 197 197 197 197 197 197 197 197 197 197 197 197 197 197 197 197 198 199 199 199 199 199 199 199 199 199 199 199 199 199 199 199 199 200 200 200 200 200 200 200 200 200 200 200 200 200 200 201 201 201 201 201 200 201 201 201 201 201 201 201 201 201 201 201 201 201 200 201 201 201 200 200 200 201 202 202 202 202 202 201 201 201 202 201 201 201 201 201 201 201 201 201 201 201 201 201 202 202 202 202 202 202 203 203 0 0 0 0 0 0 0 0 0 0 0 0 0 0 0 0 0 0 0 0 0 0 0 0 0 0 0 0 0 0 0 0 0 0 0 0 0 0 0 0 0 0 0 0 0 0 0 0 0 0 0 0 0 0 0 0 0 0 0 0 0 0 0 0 0 0 0 0 0 0 0 0 0 
0 0 0 0 0 0 0 0 0 0 0 0 0 0 0 0 0 0 0 0 0 0 0 0 0 0 0 0 0 0 0 0 0 0 0 0 0 0 0 0 0 0 0 0 0 0 0 0 0 0 0 0 0 0 0 0 0 0 0 0 0 0 0 0 0 0 0 0 0 0 0 0 0 0 0 0 0 0 0 0 0 0 0 0 176 176 176 176 176 177 176 176 177 177 178 179 179 179 179 180 180 180 180 181 181 181 181 181 181 181 181 181 181 181 182 182 181 182 182 182 181 181 182 182 182 182 182 182 182 182 182 182 182 182 182 182 183 183 184 183 183 184 184 183 184 184 184 183 183 184 184 184 184 184 184 184 184 184 184 184 185 185 185 185 186 186 186 185 185 186 186 186 186 186 187 187 187 187 187 187 187 187 187 187 188 188 188 188 188 188 188 189 188 188 188 188 188 188 188 188 188 189 189 189 189 189 189 189 189 189 189 189 190 189 189 190 190 190 190 190 190 190 190 190 190 191 191 191 191 191 191 191 191 191 191 191 191 191 192 192 192 192 192 192 192 192 192 192 192 192 193 193 193 193 193 192 192 193 194 194 194 194 193 193 194 194 194 194 194 194 194 194 194 194 194 194 194 194 194 195 195 195 195 195 195 195 195 195 196 196 195 195 194 194 194 194 195 195 195 195 195 195 195 195 195 195 195 195 196 196 196 196 196 196 196 196 196 196 196 196 197 197 197 197 197 197 197 197 197 197 197 197 197 197 197 197 197 197 198 198 198 198 198 199 199 199 199 199 199 199 199 199 199 199 199 199 199 199 199 199 199 200 200 200 200 200 200 200 200 200 200 200 200 201 201 201 201 201 201 201 201 201 201 201 201 201 201 201 201 202 202 201 201 201 201 200 200 200 200 201 202 202 202 202 202 201 202 201 201 201 201 201 201 201 201 201 201 201 201 201 201 201 202 202 203 202 202 202 202 203 0 0 0 0 0 0 0 0 0 0 0 0 0 0 0 0 0 0 0 0 0 0 0 0 0 0 0 0 0 0 0 0 0 0 0 0 0 0 0 0 0 0 0 0 0 0 0 0 0 0 0 0 0 0 0 0 0 0 0 0 0 0 0 0 0 0 0 0 0 0 0 0 0 
0 0 0 0 0 0 0 0 0 0 0 0 0 0 0 0 0 0 0 0 0 0 0 0 0 0 0 0 0 0 0 0 0 0 0 0 0 0 0 0 0 0 0 0 0 0 0 0 0 0 0 0 0 0 0 0 0 0 0 0 0 0 0 0 0 0 0 0 0 0 0 0 0 0 0 0 0 0 0 0 0 0 0 0 175 176 176 176 176 176 176 176 177 178 178 179 179 180 180 180 180 180 180 180 181 181 181 181 181 180 180 181 181 181 182 182 182 182 182 182 182 182 182 181 182 182 182 182 182 182 182 182 181 181 182 183 183 183 183 183 183 183 184 184 183 183 184 183 183 184 184 184 183 184 184 184 184 184 184 184 185 185 185 185 186 186 186 186 185 185 186 186 186 186 186 187 187 187 187 187 187 187 187 187 187 187 188 188 188 188 189 188 188 188 188 188 188 188 188 188 188 188 188 188 189 189 189 189 189 189 189 189 189 189 189 189 189 190 190 190 190 190 190 190 190 190 191 191 191 191 191 191 191 191 191 191 191 191 191 192 192 192 192 192 192 192 192 192 192 192 192 193 193 193 193 193 192 193 193 193 193 193 193 193 194 194 194 194 194 194 194 194 194 194 194 194 194 194 194 194 195 195 195 195 195 195 195 195 195 195 195 195 195 195 195 195 195 195 195 195 195 195 195 195 195 195 195 195 195 196 196 196 196 195 195 196 196 196 196 196 197 197 197 197 197 197 197 197 197 197 198 198 198 197 197 198 198 198 198 199 199 199 198 198 199 199 199 199 199 199 199 199 199 199 199 199 199 199 199 199 199 199 199 199 199 199 199 200 200 200 200 200 201 201 201 201 201 200 200 201 201 201 201 201 201 201 201 201 201 201 201 201 201 201 201 201 201 200 201 201 202 202 202 202 202 201 201 201 201 201 201 201 202 202 201 201 201 201 201 202 202 202 202 202 202 202 202 202 202 203 204 0 0 0 0 0 0 0 0 0 0 0 0 0 0 0 0 0 0 0 0 0 0 0 0 0 0 0 0 0 0 0 0 0 0 0 0 0 0 0 0 0 0 0 0 0 0 0 0 0 0 0 0 0 0 0 0 0 0 0 0 0 0 0 0 0 0 0 0 0 0 0 0 
0 0 0 0 0 0 0 0 0 0 0 0 0 0 0 0 0 0 0 0 0 0 0 0 0 0 0 0 0 0 0 0 0 0 0 0 0 0 0 0 0 0 0 0 0 0 0 0 0 0 0 0 0 0 0 0 0 0 0 0 0 0 0 0 0 0 0 0 0 0 0 0 0 0 0 0 0 0 0 0 0 0 0 0 176 175 176 176 176 176 176 177 178 178 178 178 179 180 180 180 180 180 180 180 181 181 181 181 181 180 180 180 180 181 181 181 182 182 182 182 182 182 181 181 182 182 182 182 182 182 182 182 182 181 181 182 183 183 183 183 183 183 183 184 184 183 183 183 183 183 184 183 183 183 183 184 184 184 185 185 185 185 185 185 185 186 186 185 185 185 186 186 187 186 186 186 187 187 187 187 187 187 187 187 187 187 188 188 188 188 188 189 188 187 188 188 188 188 188 189 188 188 188 189 189 189 189 189 189 189 189 189 189 189 189 189 189 189 189 190 190 190 190 190 190 190 190 191 191 191 191 191 191 191 191 191 191 191 191 191 192 192 192 192 192 192 192 192 192 192 192 192 192 193 193 193 192 193 193 193 193 193 193 193 194 194 194 194 194 194 194 194 194 194 194 194 194 194 194 195 195 195 195 195 195 195 195 195 195 195 195 195 194 194 194 195 195 195 195 195 195 195 195 195 195 195 195 195 195 195 195 195 195 195 196 196 196 196 196 196 196 196 197 197 197 197 197 197 197 197 198 198 198 198 198 198 198 199 199 199 198 198 198 198 199 199 199 199 199 199 199 199 199 198 199 199 199 199 199 199 199 199 199 199 199 199 199 200 200 200 200 200 200 201 201 201 201 200 200 200 201 201 201 201 202 202 202 202 202 202 201 201 201 201 200 201 201 201 201 202 202 202 201 201 201 201 201 201 201 201 201 201 201 201 201 201 201 201 201 201 201 202 202 202 202 202 203 203 203 203 204 0 0 0 0 0 0 0 0 0 0 0 0 0 0 0 0 0 0 0 0 0 0 0 0 0 0 0 0 0 0 0 0 0 0 0 0 0 0 0 0 0 0 0 0 0 0 0 0 0 0 0 0 0 0 0 0 0 0 0 0 0 0 0 0 0 0 0 0 0 0 0 0 
0 0 0 0 0 0 0 0 0 0 0 0 0 0 0 0 0 0 0 0 0 0 0 0 0 0 0 0 0 0 0 0 0 0 0 0 0 0 0 0 0 0 0 0 0 0 0 0 0 0 0 0 0 0 0 0 0 0 0 0 0 0 0 0 0 0 0 0 0 0 0 0 0 0 0 0 0 0 0 0 0 0 0 0 176 176 176 176 176 176 176 177 178 178 178 179 179 179 180 180 180 180 180 180 181 181 181 181 181 181 180 180 180 180 180 181 181 181 182 182 182 182 182 182 182 182 182 182 182 182 182 182 182 181 182 182 183 183 183 183 183 183 183 183 183 183 184 183 183 184 184 184 184 183 183 184 184 183 184 184 185 185 185 185 185 185 186 185 185 185 185 186 186 186 186 187 186 187 187 187 187 187 187 187 187 188 188 187 188 188 188 188 188 187 187 187 188 187 187 188 188 188 188 189 189 189 189 189 188 188 188 188 188 189 189 189 189 189 189 189 190 190 190 190 190 190 190 190 190 190 191 191 191 191 191 191 191 191 191 191 191 192 192 192 192 192 192 192 192 192 192 192 192 193 193 192 192 192 193 192 193 193 193 193 194 194 194 193 194 194 194 194 194 194 194 194 194 194 194 195 194 195 195 195 195 195 195 195 195 195 195 195 194 194 194 194 194 195 194 195 195 195 195 195 195 195 195 195 195 195 195 195 195 195 196 196 196 196 196 196 196 196 196 197 197 197 197 197 197 197 197 198 198 198 198 198 198 199 199 199 198 198 198 198 199 199 199 199 199 199 199 199 198 198 199 199 199 199 199 199 199 199 199 199 199 199 199 200 200 200 200 200 200 200 200 201 201 201 200 200 201 201 201 201 201 201 201 202 202 202 202 201 201 201 201 201 201 201 201 201 202 202 202 201 200 200 201 201 201 201 201 201 201 201 201 201 201 201 202 202 202 202 202 202 202 202 202 203 203 202 203 203 0 0 0 0 0 0 0 0 0 0 0 0 0 0 0 0 0 0 0 0 0 0 0 0 0 0 0 0 0 0 0 0 0 0 0 0 0 0 0 0 0 0 0 0 0 0 0 0 0 0 0 0 0 0 0 0 0 0 0 0 0 0 0 0 0 0 0 0 0 0 0 
0 0 0 0 0 0 0 0 0 0 0 0 0 0 0 0 0 0 0 0 0 0 0 0 0 0 0 0 0 0 0 0 0 0 0 0 0 0 0 0 0 0 0 0 0 0 0 0 0 0 0 0 0 0 0 0 0 0 0 0 0 0 0 0 0 0 0 0 0 0 0 0 0 0 0 0 0 0 0 0 0 0 0 0 0 176 177 176 176 176 176 176 177 178 179 178 179 179 179 179 179 180 180 180 180 180 180 181 181 181 181 181 180 180 180 180 181 181 181 181 181 181 182 182 182 182 182 182 182 182 182 182 182 181 182 183 183 182 183 183 183 183 183 183 183 184 184 184 184 184 184 184 184 184 184 184 183 183 184 184 184 185 185 185 185 185 185 185 185 185 185 185 186 186 186 187 186 187 187 187 187 188 187 187 187 188 188 188 187 188 188 189 188 188 187 187 187 187 187 187 187 187 187 188 188 188 188 189 189 188 188 188 189 189 189 189 189 189 189 189 189 189 190 190 190 190 190 190 190 190 190 191 191 191 191 191 191 191 191 191 191 191 191 192 192 192 192 192 192 192 192 192 192 192 193 193 192 192 192 192 193 192 193 193 194 193 193 193 193 193 194 194 194 194 194 194 194 194 194 194 194 195 195 195 195 195 195 195 195 195 195 195 194 194 194 194 194 194 194 194 194 194 194 195 195 195 195 195 195 195 195 195 195 195 195 196 196 196 195 195 196 196 196 197 197 197 197 197 197 197 197 197 198 198 197 198 198 198 198 198 198 198 198 198 198 199 199 199 199 199 199 199 198 198 199 199 199 199 199 199 199 199 199 199 199 199 200 200 200 200 200 200 200 200 200 201 201 201 200 200 201 201 200 201 201 201 201 201 201 202 201 201 200 201 201 201 201 201 201 201 201 202 201 201 201 201 201 201 201 201 201 201 201 201 201 201 201 201 201 202 202 202 202 202 202 202 202 202 202 202 202 203 203 0 0 0 0 0 0 0 0 0 0 0 0 0 0 0 0 0 0 0 0 0 0 0 0 0 0 0 0 0 0 0 0 0 0 0 0 0 0 0 0 0 0 0 0 0 0 0 0 0 0 0 0 0 0 0 0 0 0 0 0 0 0 0 0 0 0 0 0 0 0 
0 0 0 0 0 0 0 0 0 0 0 0 0 0 0 0 0 0 0 0 0 0 0 0 0 0 0 0 0 0 0 0 0 0 0 0 0 0 0 0 0 0 0 0 0 0 0 0 0 0 0 0 0 0 0 0 0 0 0 0 0 0 0 0 0 0 0 0 0 0 0 0 0 0 0 0 0 0 0 0 0 0 0 0 0 176 176 176 176 176 176 176 177 178 178 179 179 179 179 179 179 179 179 180 180 180 180 180 180 181 181 181 181 181 180 181 181 181 181 181 181 181 181 182 182 182 182 182 182 182 182 182 182 181 181 182 182 183 183 183 183 183 183 183 183 183 183 183 183 184 184 184 184 183 183 183 183 183 184 184 184 184 185 185 185 185 186 185 185 185 186 186 186 186 186 187 187 187 187 187 187 187 188 187 188 188 188 187 188 188 188 189 188 188 187 187 187 188 188 187 188 187 187 188 187 187 188 188 189 189 188 188 188 189 189 189 189 189 189 189 189 189 189 189 189 190 190 190 190 190 190 190 190 191 191 191 191 191 191 191 191 191 191 191 191 192 192 192 192 192 191 191 192 192 192 192 192 193 192 192 192 192 193 193 193 193 193 193 193 193 193 194 194 194 194 194 194 194 194 194 194 194 195 194 195 195 195 195 195 195 195 195 194 194 194 194 194 194 194 194 194 194 194 194 194 195 195 195 195 195 195 195 195 195 195 196 196 196 195 195 196 196 196 197 197 197 197 197 197 197 197 197 197 198 197 197 198 198 198 198 198 198 198 198 198 198 199 199 198 198 199 199 198 198 198 199 199 199 199 199 199 199 199 199 199 199 199 200 200 200 200 200 200 200 200 200 200 201 201 200 200 201 200 200 200 201 201 201 202 201 201 201 200 200 200 200 201 201 201 201 201 201 201 201 201 201 201 201 201 201 201 201 201 201 201 201 201 201 201 201 201 202 202 202 202 202 202 202 202 202 203 203 203 203 203 0 0 0 0 0 0 0 0 0 0 0 0 0 0 0 0 0 0 0 0 0 0 0 0 0 0 0 0 0 0 0 0 0 0 0 0 0 0 0 0 0 0 0 0 0 0 0 0 0 0 0 0 0 0 0 0 0 0 0 0 0 0 0 0 0 0 0 0 
0 0 0 0 0 0 0 0 0 0 0 0 0 0 0 0 0 0 0 0 0 0 0 0 0 0 0 0 0 0 0 0 0 0 0 0 0 0 0 0 0 0 0 0 0 0 0 0 0 0 0 0 0 0 0 0 0 0 0 0 0 0 0 0 0 0 0 0 0 0 0 0 0 0 0 0 0 0 0 0 0 0 0 0 0 0 176 176 177 176 176 176 177 178 178 178 179 179 179 179 180 180 180 179 180 180 180 180 180 181 181 181 181 181 180 181 181 180 181 181 181 180 181 181 182 182 182 182 182 182 181 181 181 181 182 182 182 183 183 183 183 183 183 183 183 183 183 183 182 183 183 183 183 182 182 183 183 183 184 184 184 184 184 185 185 185 185 185 186 186 186 186 185 186 186 186 186 187 187 187 187 187 187 188 188 188 187 187 188 188 188 188 187 187 186 187 188 189 188 187 187 187 187 187 187 187 187 188 188 188 188 188 188 188 189 189 189 189 189 189 189 190 190 189 189 189 190 190 190 190 190 190 190 190 191 191 191 191 191 191 191 191 191 191 191 191 191 192 192 192 192 192 191 192 192 192 192 192 192 193 192 192 193 193 193 193 193 193 193 193 193 194 194 194 194 194 194 194 194 194 194 194 195 194 194 195 195 195 195 195 195 195 194 194 194 194 194 194 194 194 195 194 195 195 194 194 194 195 195 195 195 195 195 195 196 196 195 195 195 195 195 196 196 196 197 197 197 197 197 197 197 197 197 197 197 198 198 198 198 198 198 198 198 198 198 198 199 198 198 199 199 199 198 198 198 198 199 199 199 199 199 199 199 199 199 199 199 199 200 200 200 200 200 200 200 200 200 200 201 201 200 200 200 201 201 201 201 202 202 202 201 201 200 200 200 200 201 201 201 201 201 201 201 201 201 201 201 201 201 201 201 201 201 201 201 201 201 201 201 201 202 201 201 202 202 202 202 202 202 202 202 202 202 202 203 203 0 0 0 0 0 0 0 0 0 0 0 0 0 0 0 0 0 0 0 0 0 0 0 0 0 0 0 0 0 0 0 0 0 0 0 0 0 0 0 0 0 0 0 0 0 0 0 0 0 0 0 0 0 0 0 0 0 0 0 0 0 0 0 0 0 0 0 
0 0 0 0 0 0 0 0 0 0 0 0 0 0 0 0 0 0 0 0 0 0 0 0 0 0 0 0 0 0 0 0 0 0 0 0 0 0 0 0 0 0 0 0 0 0 0 0 0 0 0 0 0 0 0 0 0 0 0 0 0 0 0 0 0 0 0 0 0 0 0 0 0 0 0 0 0 0 0 0 0 0 0 0 0 175 175 175 176 177 176 176 176 177 177 177 178 179 180 180 180 180 180 180 180 180 180 180 180 181 181 181 181 181 181 181 180 181 181 181 181 180 181 180 181 181 181 181 182 182 181 181 182 182 183 183 182 182 183 183 183 183 183 183 183 183 183 183 183 183 182 183 183 183 183 183 182 183 184 184 184 184 184 185 185 185 185 185 186 186 186 186 186 186 186 186 186 186 186 187 187 187 187 187 188 188 187 188 188 188 188 188 187 187 186 187 187 188 188 188 188 187 187 187 187 187 187 187 187 187 188 188 188 188 188 189 189 190 189 189 189 190 190 190 189 189 189 190 190 190 190 190 190 190 190 191 191 190 191 191 191 191 191 191 191 191 191 191 192 192 192 192 192 191 191 192 193 192 192 192 192 192 193 193 193 193 193 193 193 193 193 193 194 193 194 194 194 194 194 194 194 194 194 194 194 195 195 195 195 195 195 195 194 194 194 194 194 194 195 195 195 195 195 195 195 195 194 194 195 195 195 195 195 195 195 195 195 195 195 195 195 196 196 197 197 196 196 197 197 197 197 197 197 197 197 197 197 198 198 197 198 198 198 198 198 198 198 198 198 198 199 198 198 198 198 198 198 199 199 199 199 199 199 199 199 199 199 199 199 199 199 200 200 200 200 200 200 200 201 201 200 200 201 201 201 201 201 201 202 202 201 201 200 200 200 200 201 201 201 201 201 201 201 201 201 201 201 201 201 201 201 201 201 201 201 201 201 201 201 201 202 201 202 202 202 202 202 202 202 202 202 202 202 202 203 203 203 203 203 204 0 0 0 0 0 0 0 0 0 0 0 0 0 0 0 0 0 0 0 0 0 0 0 0 0 0 0 0 0 0 0 0 0 0 0 0 0 0 0 0 0 0 0 0 0 0 0 0 0 0 0 0 0 0 0 0 0 0 0 0 0 0 0 
0 0 0 0 0 0 0 0 0 0 0 0 0 0 0 0 0 0 0 0 0 0 0 0 0 0 0 0 0 0 0 0 0 0 0 0 0 0 0 0 0 0 0 0 0 0 0 0 0 0 0 0 0 0 0 0 0 0 0 0 0 0 0 0 0 0 0 0 0 0 0 0 0 0 0 0 0 0 0 0 0 0 0 0 174 175 175 175 176 177 177 176 176 177 177 177 178 178 179 179 178 179 180 180 180 180 180 180 181 181 181 181 181 181 182 182 181 181 181 181 181 181 181 181 181 181 181 181 181 181 181 181 182 182 182 183 183 183 183 183 183 183 183 183 183 183 183 184 184 183 182 183 184 184 184 183 182 183 183 184 184 184 184 185 185 185 185 185 185 186 186 186 186 186 186 186 187 187 187 187 187 187 187 187 188 188 188 188 188 188 188 188 188 187 187 188 188 187 188 189 188 188 187 187 187 188 188 187 187 188 188 188 188 188 188 188 189 189 189 189 189 189 190 190 190 189 189 190 190 190 190 191 190 190 190 190 190 190 190 191 191 191 191 191 191 191 191 191 191 191 192 192 192 192 191 192 192 192 192 192 193 192 192 193 192 192 193 193 193 193 193 193 194 193 193 194 194 194 194 194 194 194 194 194 194 194 194 195 195 195 195 195 194 194 194 194 194 195 195 195 195 195 195 195 195 195 194 194 194 195 195 195 195 195 195 195 195 195 195 195 195 196 196 196 197 196 196 196 197 197 197 197 197 197 197 198 198 198 198 198 198 198 198 198 198 198 198 198 199 199 199 198 199 199 198 198 198 198 199 199 199 199 199 199 199 199 199 198 199 199 199 199 199 199 199 200 200 200 200 201 200 200 201 201 201 201 201 201 201 201 201 201 201 201 201 201 201 201 201 201 201 201 201 201 201 201 201 201 201 201 201 201 201 201 201 201 201 201 201 201 202 202 202 202 202 202 202 202 202 201 201 202 202 202 202 202 203 203 203 204 0 0 0 0 0 0 0 0 0 0 0 0 0 0 0 0 0 0 0 0 0 0 0 0 0 0 0 0 0 0 0 0 0 0 0 0 0 0 0 0 0 0 0 0 0 0 0 0 0 0 0 0 0 0 0 0 0 0 0 0 0 0 0 
0 0 0 0 0 0 0 0 0 0 0 0 0 0 0 0 0 0 0 0 0 0 0 0 0 0 0 0 0 0 0 0 0 0 0 0 0 0 0 0 0 0 0 0 0 0 0 0 0 0 0 0 0 0 0 0 0 0 0 0 0 0 0 0 0 0 0 0 0 0 0 0 0 0 0 0 0 0 0 0 0 173 0 0 174 174 174 175 176 176 176 177 177 177 178 178 178 179 179 179 179 178 178 179 179 179 180 180 180 181 181 181 181 181 181 182 181 181 181 181 182 182 182 181 181 181 182 182 182 182 182 181 181 182 182 182 182 183 183 183 184 184 183 183 183 183 182 183 183 182 182 183 183 184 183 183 183 183 183 183 183 184 184 184 184 184 185 185 185 186 186 186 186 186 186 186 187 187 187 187 187 187 187 187 187 187 188 188 189 189 188 188 187 187 187 188 188 188 188 189 189 188 188 187 187 187 187 187 187 188 188 188 188 188 188 189 189 189 189 189 190 190 190 190 190 190 189 190 190 190 191 191 191 190 190 190 190 190 190 190 190 191 191 191 191 191 191 191 191 191 191 192 192 192 191 191 191 191 192 192 192 192 193 192 192 192 192 193 193 193 193 193 193 193 193 193 194 194 194 194 194 194 194 194 194 194 194 195 195 195 195 195 194 194 194 194 194 194 194 195 195 195 195 195 195 195 194 194 195 195 195 195 195 195 195 195 195 195 195 196 195 195 196 197 197 197 196 196 197 197 197 197 197 197 197 197 198 198 198 198 198 198 198 198 198 198 198 198 198 198 199 199 199 199 199 199 198 198 198 198 198 198 198 199 198 199 199 199 198 198 199 199 199 199 199 199 199 199 200 200 200 200 200 200 201 201 201 201 201 201 201 201 201 201 201 201 201 201 201 201 200 201 201 201 201 201 201 201 201 201 201 201 201 201 201 201 201 201 201 202 202 202 202 202 202 202 202 202 203 202 202 202 202 202 202 202 202 202 203 203 204 0 0 0 0 0 0 0 0 0 0 0 0 0 0 0 0 0 0 0 0 0 0 0 0 0 0 0 0 0 0 0 0 0 0 0 0 0 0 0 0 0 0 0 0 0 0 0 0 0 0 0 0 0 0 0 0 0 0 0 0 0 0 
0 0 0 0 0 0 0 0 0 0 0 0 0 0 0 0 0 0 0 0 0 0 0 0 0 0 0 0 0 0 0 0 0 0 0 0 0 0 0 0 0 0 0 0 0 0 0 0 0 0 0 0 0 0 0 0 0 0 0 0 0 0 0 0 0 0 0 0 0 0 0 0 0 0 0 0 0 0 0 0 0 173 173 173 173 174 174 175 174 175 175 176 177 177 177 177 177 178 178 179 179 179 178 178 178 179 179 180 180 180 180 180 181 181 181 181 181 180 180 181 181 181 182 182 181 182 182 182 182 182 182 182 181 182 182 182 182 182 182 183 183 183 183 184 184 183 182 182 183 183 183 183 183 182 182 182 183 183 183 183 183 183 183 184 184 184 184 185 185 186 185 185 186 186 186 187 186 186 186 187 187 188 188 188 188 188 188 188 188 189 189 188 187 187 187 188 188 189 189 189 188 188 188 187 187 187 186 186 187 188 188 189 189 189 189 189 189 189 189 189 190 190 189 189 189 189 189 190 190 190 190 191 191 190 190 190 190 190 190 190 190 190 191 191 191 191 191 191 191 191 191 191 191 191 191 191 192 192 191 192 192 192 192 192 192 192 192 193 193 193 193 193 193 193 193 193 193 194 194 194 194 194 194 194 194 194 194 194 195 195 195 195 194 194 194 194 194 194 194 194 194 194 194 194 194 195 194 194 195 195 195 195 195 196 196 196 196 196 196 195 195 195 196 196 196 196 196 196 197 197 197 197 197 197 197 197 197 197 198 198 198 198 198 198 198 198 198 198 198 198 198 199 199 199 199 199 199 198 198 199 199 199 199 199 199 199 199 199 199 199 199 199 199 199 199 199 199 199 199 200 200 200 200 200 200 200 201 201 200 201 201 201 201 201 200 201 201 201 201 201 201 201 201 201 201 201 201 201 201 201 201 201 201 201 201 201 201 201 201 201 201 201 201 201 201 202 202 202 202 203 203 203 203 203 202 202 202 202 203 203 0 0 0 0 0 0 0 0 0 0 0 0 0 0 0 0 0 0 0 0 0 0 0 0 0 0 0 0 0 0 0 0 0 0 0 0 0 0 0 0 0 0 0 0 0 0 0 0 0 0 0 0 0 0 0 0 0 0 0 0 0 0 0 
0 0 0 0 0 0 0 0 0 0 0 0 0 0 0 0 0 0 0 0 0 0 0 0 0 0 0 0 0 0 0 0 0 0 0 0 0 0 0 0 0 0 0 0 0 0 0 0 0 0 0 0 0 0 0 0 0 0 0 0 0 0 0 0 0 0 0 0 0 0 0 0 0 0 0 0 0 0 0 0 0 172 173 174 174 173 173 173 174 173 174 175 176 176 176 176 177 177 178 178 178 179 179 179 178 179 179 179 180 180 180 180 181 181 181 181 181 180 180 180 181 181 181 181 181 181 181 182 181 182 182 182 181 182 182 183 183 182 182 182 182 183 183 183 183 183 182 182 183 184 183 183 182 182 182 183 183 183 183 183 183 183 183 184 184 184 185 185 185 185 185 185 185 186 186 186 186 186 186 187 187 187 187 188 188 188 188 188 188 189 189 188 187 186 187 187 188 188 189 188 188 187 187 187 188 187 187 186 186 187 187 188 188 189 190 190 190 189 189 189 189 189 189 189 189 189 189 190 190 190 190 191 191 191 190 190 190 190 190 190 190 190 190 190 191 191 191 191 191 191 191 191 191 191 191 192 192 192 192 191 191 192 192 192 192 192 192 192 193 193 193 193 193 193 193 193 193 194 194 194 194 194 194 194 194 194 194 194 194 195 195 195 194 194 194 194 194 194 194 194 194 194 194 194 194 194 194 194 195 195 195 195 196 196 196 196 196 196 195 196 195 195 195 196 196 196 196 196 196 197 197 197 197 197 197 197 197 197 198 198 198 198 198 198 198 198 198 198 198 198 198 198 199 199 199 198 198 198 198 199 200 199 199 199 198 199 199 199 200 200 199 199 199 199 199 199 199 199 200 200 201 201 201 201 200 200 200 200 200 201 201 201 201 200 200 200 201 201 201 201 201 201 201 201 201 201 201 201 201 201 201 201 201 200 201 201 201 201 201 201 201 202 202 202 202 202 202 202 202 203 203 203 203 203 203 202 202 202 202 202 0 0 0 0 0 0 0 0 0 0 0 0 0 0 0 0 0 0 0 0 0 0 0 0 0 0 0 0 0 0 0 0 0 0 0 0 0 0 0 0 0 0 0 0 0 0 0 0 0 0 0 0 0 0 0 0 0 0 0 0 0 0 0 
0 0 0 0 0 0 0 0 0 0 0 0 0 0 0 0 0 0 0 0 0 0 0 0 0 0 0 0 0 0 0 0 0 0 0 0 0 0 0 0 0 0 0 0 0 0 0 0 0 0 0 0 0 0 0 0 0 0 0 0 0 0 0 0 0 0 0 0 0 0 0 0 0 0 0 0 0 0 0 0 0 0 173 173 174 174 174 174 175 174 174 173 174 175 175 176 177 177 177 178 178 178 178 178 178 178 178 179 179 180 180 180 181 181 181 181 181 181 180 181 181 181 181 181 181 181 181 181 181 181 181 181 181 181 182 182 182 182 182 182 183 182 182 183 183 183 182 182 183 183 183 182 182 182 183 183 183 183 183 184 183 183 183 184 183 184 184 184 185 185 184 185 185 186 186 186 186 186 187 187 187 186 187 187 187 187 188 188 189 188 188 188 186 187 187 187 187 187 188 189 188 187 187 187 187 187 186 186 186 187 188 188 188 188 189 190 189 189 188 188 189 189 189 189 189 189 189 190 190 190 190 190 191 191 191 190 190 190 190 190 190 190 190 190 191 190 191 191 191 191 191 191 191 191 191 192 191 192 192 192 192 191 192 192 192 192 192 192 193 193 193 193 193 193 193 193 194 194 194 194 194 194 194 194 194 194 194 194 194 194 194 194 194 194 194 194 194 194 194 194 194 194 194 194 194 194 194 195 195 195 195 195 195 196 196 196 196 195 195 195 195 195 196 196 196 196 196 196 196 197 197 197 197 197 197 197 197 197 197 197 198 198 198 198 198 198 198 198 198 199 198 198 198 199 199 199 199 198 198 199 200 199 199 199 199 199 199 199 200 200 200 200 200 200 200 200 200 201 201 201 201 201 201 201 200 200 200 200 200 201 201 201 201 201 200 200 200 200 200 200 200 201 201 201 201 201 201 201 201 201 201 201 201 201 201 201 201 201 201 201 202 202 202 203 203 203 202 202 203 203 203 203 203 204 203 203 203 202 203 203 203 0 0 0 0 0 0 0 0 0 0 0 0 0 0 0 0 0 0 0 0 0 0 0 0 0 0 0 0 0 0 0 0 0 0 0 0 0 0 0 0 0 0 0 0 0 0 0 0 0 0 0 0 0 0 0 0 0 0 0 0 0 0 
0 0 0 0 0 0 0 0 0 0 0 0 0 0 0 0 0 0 0 0 0 0 0 0 0 0 0 0 0 0 0 0 0 0 0 0 0 0 0 0 0 0 0 0 0 0 0 0 0 0 0 0 0 170 0 0 0 0 0 0 0 0 0 0 0 170 170 0 0 0 0 0 0 0 0 0 0 0 0 0 0 172 173 173 174 174 174 174 175 175 175 174 175 175 175 175 176 177 177 178 178 178 178 178 178 178 179 179 179 179 180 180 180 181 181 181 181 181 181 181 181 182 182 181 182 182 182 181 181 181 182 182 182 181 181 182 183 183 183 183 183 183 182 183 184 184 183 183 183 183 183 182 182 183 183 183 183 184 184 183 183 183 184 184 184 184 183 184 184 184 184 185 185 186 186 185 186 186 187 187 186 187 187 187 187 187 188 188 189 188 188 188 187 187 187 187 187 187 188 188 188 187 187 187 187 187 187 187 187 187 188 188 188 188 189 190 190 190 189 189 188 189 189 189 189 189 189 189 189 190 190 190 190 191 191 190 190 190 190 190 190 190 190 190 190 191 190 191 191 191 191 191 191 191 191 191 191 192 192 192 192 192 192 192 192 192 192 192 192 193 193 193 193 193 193 193 193 194 194 194 194 194 194 194 194 194 194 194 194 194 194 194 193 193 193 193 194 194 194 194 194 194 194 194 194 194 194 194 195 195 195 195 195 195 195 196 196 195 195 195 195 195 195 196 196 196 196 196 196 196 197 197 197 197 197 197 197 197 197 197 198 198 198 198 198 198 198 198 198 199 199 199 198 199 199 199 199 198 198 198 199 200 199 199 199 200 200 199 200 200 201 201 201 201 201 201 201 201 201 201 201 201 201 201 200 200 200 200 201 201 201 201 201 201 201 200 200 200 200 200 200 200 201 201 201 201 201 201 201 201 201 201 201 201 201 201 201 201 201 201 202 202 202 202 203 203 202 202 203 203 203 203 203 204 204 204 204 203 204 204 203 0 0 0 0 0 0 0 0 0 0 0 0 0 0 0 0 0 0 0 0 0 0 0 0 0 0 0 0 0 0 0 0 0 0 0 0 0 0 0 0 0 0 0 0 0 0 0 0 0 0 0 0 0 0 0 0 0 0 0 0 0 0 
0 0 0 0 0 0 0 0 0 0 0 0 0 0 0 0 0 0 0 0 0 0 0 0 0 0 0 0 0 0 0 0 0 0 0 0 0 0 0 0 0 0 0 0 0 0 0 0 0 0 0 0 0 0 0 171 0 171 0 0 0 0 0 171 171 170 170 170 0 0 0 0 0 0 0 0 0 0 0 0 0 0 172 173 173 174 174 174 174 175 175 175 176 176 176 175 175 175 176 177 178 178 177 178 178 178 179 179 179 179 179 180 179 180 180 181 181 181 181 181 181 181 181 181 181 182 182 182 182 182 182 183 183 183 182 182 182 183 183 183 183 183 182 182 183 184 184 183 183 183 183 183 183 183 183 183 183 183 183 183 183 184 184 183 184 184 184 184 184 184 184 185 185 186 186 185 186 187 186 186 186 186 187 187 187 187 188 188 189 189 189 189 188 188 188 188 187 187 188 188 188 187 188 187 187 186 187 187 187 186 186 187 188 189 190 189 189 189 189 189 190 190 189 189 189 189 189 189 189 190 190 190 190 191 191 190 190 190 190 190 190 190 190 190 190 190 190 190 190 190 191 191 191 191 191 191 191 192 192 192 192 192 192 192 192 192 192 192 192 192 193 193 193 193 193 193 193 193 193 194 194 194 194 194 194 194 194 194 194 194 194 194 193 193 193 193 194 194 194 194 194 194 194 194 194 194 195 195 195 195 195 195 195 195 195 195 195 195 195 195 195 196 196 196 196 196 196 196 196 196 197 197 197 197 197 197 197 197 197 197 197 198 198 198 198 198 198 198 198 198 199 199 199 199 199 199 199 199 199 199 199 200 200 200 200 200 200 200 200 200 200 201 201 201 201 202 202 202 202 201 201 201 201 201 201 201 200 200 201 201 201 201 200 200 200 200 200 200 200 200 201 201 201 201 201 201 201 201 201 201 201 201 201 201 201 201 201 201 201 202 201 202 202 202 202 203 203 202 202 203 202 203 203 203 203 204 204 204 204 204 204 0 0 0 0 0 0 0 0 0 0 0 0 0 0 0 0 0 0 0 0 0 0 0 0 0 0 0 0 0 0 0 0 0 0 0 0 0 0 0 0 0 0 0 0 0 0 0 0 0 0 0 0 0 0 0 0 0 0 0 0 0 0 
0 0 0 0 0 0 0 0 0 0 0 0 0 0 0 0 0 0 0 0 0 0 0 0 0 0 0 0 0 0 0 0 0 0 0 0 0 0 0 0 0 0 0 0 0 0 0 0 0 0 0 0 169 170 170 170 171 171 171 171 171 172 172 171 170 170 170 170 170 170 0 0 0 0 0 0 0 0 0 0 0 0 0 172 172 173 173 173 174 174 175 175 176 177 177 176 176 176 175 176 177 178 177 178 178 178 179 179 179 179 179 179 179 180 180 180 181 181 181 181 181 180 181 181 181 181 181 181 182 182 182 182 182 182 182 182 182 182 183 183 184 184 183 183 182 182 183 183 184 184 183 183 183 183 183 183 183 182 183 183 184 183 183 184 184 185 184 184 184 184 184 185 185 186 186 185 186 186 186 186 186 186 186 186 187 187 188 188 188 189 189 189 189 189 189 188 188 188 189 188 187 188 188 187 187 187 187 187 187 187 187 186 187 188 189 188 189 188 189 188 189 189 189 189 189 188 189 189 189 189 190 190 190 190 191 191 191 191 191 190 190 190 190 190 190 190 190 190 190 190 190 191 191 191 191 191 191 191 192 192 192 192 192 192 192 192 192 192 192 192 192 193 193 193 193 193 193 193 193 193 194 194 194 194 194 194 194 194 194 194 194 194 193 193 193 194 194 194 194 194 194 194 194 194 194 194 194 195 195 195 195 195 195 195 195 195 195 196 195 195 195 196 195 196 196 196 196 196 196 196 196 197 197 197 197 197 197 197 197 197 197 197 198 198 198 198 198 198 198 198 199 199 199 199 199 199 199 199 199 199 199 200 201 201 201 201 201 201 200 200 200 200 201 201 201 201 201 201 201 202 201 201 201 201 201 201 201 200 201 201 201 201 200 201 201 200 200 200 200 201 201 201 201 201 201 201 201 201 201 201 201 201 201 201 201 201 201 201 201 201 202 202 202 202 203 203 203 203 203 203 203 202 203 203 204 204 204 203 204 204 205 0 0 0 0 0 0 0 0 0 0 0 0 0 0 0 0 0 0 0 0 0 0 0 0 0 0 0 0 0 0 0 0 0 0 0 0 0 0 0 0 0 0 0 0 0 0 0 0 0 0 0 0 0 0 0 0 0 0 0 0 0 0 
0 0 0 0 0 0 0 0 0 0 0 0 0 0 0 0 0 0 0 0 0 0 0 0 0 0 0 0 0 0 0 0 0 0 0 0 0 0 0 0 0 0 0 0 0 0 0 0 0 0 0 0 170 169 170 170 171 171 171 170 170 170 170 170 170 170 170 171 170 0 0 0 0 171 172 173 0 0 0 0 0 0 173 173 172 172 173 173 173 174 174 175 176 176 177 177 176 176 176 176 176 176 177 178 178 178 178 179 178 178 179 179 179 180 180 180 181 181 181 181 181 181 181 181 182 182 182 181 181 181 181 181 182 182 182 182 182 182 182 183 183 184 183 183 183 183 183 183 183 184 184 183 183 183 183 182 182 183 183 184 184 184 184 184 184 184 184 184 184 184 184 185 185 186 185 185 185 186 186 187 187 187 187 187 187 187 188 188 188 189 189 189 189 189 189 189 189 189 189 188 188 188 188 188 187 187 187 187 186 187 186 187 186 187 187 188 188 188 188 188 189 189 190 189 189 189 189 190 189 189 190 190 190 191 191 191 191 191 191 190 190 190 190 190 190 191 190 190 190 190 190 191 191 191 191 191 191 191 191 192 192 192 192 192 192 192 192 192 192 192 192 192 192 193 193 193 193 193 193 193 193 193 194 194 194 194 194 194 194 194 194 194 193 193 193 193 194 194 194 194 194 194 194 194 194 194 194 195 195 195 195 195 195 195 195 195 195 195 195 195 195 195 195 196 196 196 196 196 196 196 196 196 197 197 197 197 197 197 197 197 197 197 197 198 198 198 197 198 198 198 198 199 199 199 198 199 199 199 199 199 199 199 200 200 200 200 200 200 200 200 200 200 200 200 201 201 201 201 201 201 201 201 201 202 202 201 201 201 201 201 201 201 201 200 200 200 200 200 200 200 200 201 201 201 201 201 201 201 201 201 201 201 201 201 201 201 201 201 201 201 202 202 202 202 202 203 203 203 204 204 203 203 203 203 203 203 203 204 203 204 204 0 0 0 0 0 0 0 0 0 0 0 0 0 0 0 0 0 0 0 0 0 0 0 0 0 0 0 0 0 0 0 0 0 0 0 0 0 0 0 0 0 0 0 0 0 0 0 0 0 0 0 0 0 0 0 0 0 0 0 0 0 0 
0 0 0 0 0 0 0 0 0 0 0 0 0 0 0 0 0 0 0 0 0 0 0 0 0 0 0 0 0 0 0 0 0 0 0 0 0 0 0 0 0 0 0 0 0 0 0 0 0 0 0 0 170 169 170 170 171 171 171 170 170 170 170 170 170 170 171 171 171 171 0 171 170 171 171 172 172 173 173 174 175 174 173 173 172 172 173 173 173 173 174 174 175 176 177 177 177 177 177 177 176 176 178 178 178 178 178 178 178 179 179 179 179 180 180 180 181 181 181 181 181 181 181 181 181 182 182 182 181 181 181 182 182 182 182 182 182 183 182 183 183 183 184 184 184 184 184 183 183 183 184 183 183 183 182 182 183 183 184 184 183 184 184 184 184 184 184 184 184 184 184 184 184 185 185 185 185 185 185 186 186 187 187 187 188 188 188 188 188 189 189 189 188 188 188 188 188 188 189 189 188 189 189 187 187 186 186 186 186 186 187 187 186 186 186 187 187 188 187 188 189 189 189 189 189 189 189 190 190 189 189 190 190 190 190 190 191 191 191 191 191 191 191 190 191 191 191 191 190 190 191 191 191 191 191 191 191 191 191 191 192 192 191 191 191 192 192 192 192 192 192 192 192 193 193 193 193 193 193 193 193 193 193 193 194 194 194 194 194 194 194 194 193 193 193 193 193 193 194 194 194 194 194 194 194 194 194 194 194 195 195 195 195 195 195 195 195 195 195 195 195 195 195 195 196 196 196 196 197 196 196 196 196 196 197 197 197 197 197 197 197 197 197 198 198 198 197 198 198 198 198 198 199 199 199 198 199 199 199 199 199 199 199 199 199 200 200 200 200 200 200 200 200 200 201 201 201 201 201 201 201 201 201 202 202 201 201 201 201 201 201 202 201 201 201 200 200 200 200 200 200 201 201 201 201 201 201 201 201 201 201 201 201 201 201 201 201 201 202 202 202 201 202 202 202 202 202 203 203 203 203 203 203 203 203 203 203 204 204 204 205 0 0 0 0 0 0 0 0 0 0 0 0 0 0 0 0 0 0 0 0 0 0 0 0 0 0 0 0 0 0 0 0 0 0 0 0 0 0 0 0 0 0 0 0 0 0 0 0 0 0 0 0 0 0 0 0 0 0 0 0 0 0 
0 0 0 0 0 0 0 0 0 0 0 0 0 0 0 0 0 0 0 0 0 0 0 0 0 0 0 0 0 0 0 0 0 0 0 0 0 0 0 0 0 0 0 0 0 0 0 0 0 0 0 0 170 170 170 170 171 171 170 170 170 170 170 171 171 171 172 171 171 171 171 0 0 171 172 172 172 172 172 173 174 173 173 173 173 172 172 173 174 174 174 173 175 176 176 176 176 176 177 177 177 177 178 178 178 178 177 178 178 179 179 180 180 180 180 180 180 180 180 180 181 181 181 182 182 182 182 182 182 182 182 182 183 183 183 183 183 183 182 182 183 183 183 183 183 183 183 182 182 183 183 183 183 182 182 183 183 184 184 183 183 184 184 185 185 185 184 184 185 184 184 184 184 184 185 185 185 186 186 186 185 186 186 187 187 188 188 188 188 188 188 188 187 188 188 187 187 187 188 189 189 189 189 188 187 187 187 187 187 187 187 187 187 187 186 186 187 187 187 188 188 188 189 189 189 189 189 190 190 190 190 190 190 190 190 191 190 191 191 192 192 192 192 192 192 192 192 192 191 191 191 191 191 191 191 191 191 191 191 191 192 191 191 191 192 192 192 192 192 192 192 192 192 193 193 193 193 193 193 193 193 193 193 193 193 193 194 194 194 194 194 194 193 193 193 193 193 193 194 194 194 194 194 194 194 194 194 194 195 195 195 195 195 195 195 195 195 195 195 195 195 195 195 195 196 196 196 196 196 196 196 196 196 196 196 197 197 197 197 197 197 197 197 197 198 198 198 197 197 198 198 198 198 198 199 198 198 199 199 199 199 198 199 199 199 200 200 200 200 200 200 200 200 201 201 201 201 201 201 201 201 201 201 201 201 202 201 201 201 201 201 201 201 201 201 201 200 200 200 200 200 200 200 201 201 201 201 201 201 201 201 201 201 201 201 201 201 201 201 201 201 201 202 202 202 202 202 202 202 203 203 203 204 203 203 203 204 204 204 204 204 0 0 0 0 0 0 0 0 0 0 0 0 0 0 0 0 0 0 0 0 0 0 0 0 0 0 0 0 0 0 0 0 0 0 0 0 0 0 0 0 0 0 0 0 0 0 0 0 0 0 0 0 0 0 0 0 0 0 0 0 0 0 
0 0 0 0 0 0 0 0 0 0 0 0 0 0 0 0 0 0 0 0 0 0 0 0 0 0 0 0 0 0 0 0 0 0 0 0 0 0 0 0 0 0 0 0 0 0 0 0 0 0 0 0 170 170 170 170 171 171 171 171 171 171 171 171 172 172 172 171 171 170 0 0 0 171 171 171 171 172 172 172 173 173 173 172 173 173 173 172 173 173 173 174 175 175 176 175 175 176 176 177 177 177 178 178 178 178 177 178 178 179 179 179 180 180 180 179 180 180 180 180 180 181 181 181 182 182 182 182 182 182 182 182 182 182 183 183 183 182 182 183 183 183 183 183 183 183 183 182 182 182 183 183 182 182 183 183 184 184 183 183 183 183 184 184 184 184 184 184 184 185 185 185 184 185 185 186 186 186 186 186 186 187 187 187 187 188 188 187 187 188 188 188 188 188 187 187 187 187 187 188 188 189 189 188 188 188 188 188 187 187 187 187 187 187 186 186 186 187 187 188 189 189 188 189 189 189 189 189 189 190 190 190 190 190 191 191 191 191 191 191 191 192 192 192 192 192 192 192 192 192 191 191 192 191 191 191 191 191 191 191 191 192 191 192 192 192 192 192 192 192 192 192 192 192 192 193 193 193 193 193 193 193 193 193 193 193 194 194 194 194 194 194 193 193 193 193 193 194 194 194 194 194 194 194 194 194 194 194 194 194 195 195 195 195 195 195 195 195 195 195 195 195 195 195 196 196 196 196 196 196 196 196 197 197 196 197 197 197 197 197 197 197 198 197 198 198 198 197 197 198 198 198 198 198 198 199 198 199 199 199 199 199 199 199 200 200 200 200 200 200 200 200 200 201 201 201 201 201 201 201 201 201 201 201 201 201 202 202 201 201 201 201 201 201 201 201 201 200 200 200 200 200 200 200 200 200 200 200 200 200 201 201 201 201 201 201 201 201 201 201 201 202 202 202 202 202 202 202 202 202 203 203 203 203 203 204 204 203 203 204 204 0 0 0 0 0 0 0 0 0 0 0 0 0 0 0 0 0 0 0 0 0 0 0 0 0 0 0 0 0 0 0 0 0 0 0 0 0 0 0 0 0 0 0 0 0 0 0 0 0 0 0 0 0 0 0 0 0 0 0 0 0 0 
0 0 0 0 0 0 0 0 0 0 0 0 0 0 0 0 0 0 0 0 0 0 0 0 0 0 0 0 0 0 0 0 0 0 0 0 0 0 0 0 0 0 0 0 0 0 0 0 0 0 0 0 170 170 170 170 171 172 172 172 171 171 171 172 172 172 172 171 171 170 170 0 0 171 171 172 172 172 172 172 173 173 173 172 172 172 172 172 173 173 174 174 175 176 176 175 175 176 176 177 177 178 178 178 178 178 177 177 178 178 179 179 179 180 180 180 180 180 180 180 180 180 181 181 181 181 181 181 182 182 182 182 182 182 182 182 182 182 183 183 184 184 184 184 184 184 184 183 182 182 182 182 182 183 183 183 184 184 183 184 184 184 184 184 184 184 184 184 184 184 185 184 184 184 185 185 186 186 186 187 187 187 187 187 187 187 187 187 187 187 187 188 188 188 187 187 187 187 186 187 187 187 188 188 188 188 189 188 188 188 188 188 187 187 186 186 186 187 188 188 189 189 188 189 189 190 189 190 190 190 190 190 190 190 191 191 191 191 191 192 192 192 192 192 192 192 192 192 192 192 192 192 192 192 191 191 191 191 191 191 191 192 192 192 192 191 191 191 192 192 192 192 192 192 192 192 193 193 193 193 193 193 193 193 193 193 194 194 194 194 194 194 193 193 193 193 193 194 194 194 194 194 194 194 194 194 194 194 194 194 195 195 195 195 195 195 195 195 195 195 195 195 195 195 195 196 196 196 196 196 196 196 197 197 196 196 197 197 197 197 197 197 198 198 198 198 198 197 198 198 198 198 198 198 198 199 198 198 199 198 199 199 199 199 199 199 199 200 200 200 200 200 200 200 200 201 201 201 201 200 200 200 201 201 201 201 202 202 201 201 201 201 201 201 201 201 201 201 200 200 200 200 200 200 200 200 200 200 200 200 200 201 201 201 201 201 201 201 202 202 202 202 202 202 202 202 202 202 202 202 202 203 203 203 203 203 204 203 203 204 204 205 0 0 0 0 0 0 0 0 0 0 0 0 0 0 0 0 0 0 0 0 0 0 0 0 0 0 0 0 0 0 0 0 0 0 0 0 0 0 0 0 0 0 0 0 0 0 0 0 0 0 0 0 0 0 0 0 0 0 0 0 0 
0 0 0 0 0 0 0 0 0 0 0 0 0 0 0 0 0 0 0 0 0 0 0 0 0 0 0 0 0 0 0 0 0 0 0 0 0 0 0 0 0 0 0 0 0 0 0 0 0 0 0 0 170 170 171 171 171 172 171 171 170 170 171 172 172 172 171 171 171 170 170 171 172 171 172 172 172 172 173 173 173 173 172 172 172 172 172 172 172 172 173 173 175 176 176 175 175 175 176 176 177 177 177 178 178 178 178 178 178 178 179 179 179 179 180 180 180 180 180 180 180 180 180 181 181 181 181 182 181 182 182 182 182 182 182 182 182 182 182 182 182 183 183 183 183 183 183 182 182 182 183 183 182 183 183 184 184 184 184 184 184 184 184 183 183 184 184 184 184 184 184 184 184 184 184 184 185 185 186 186 187 187 187 187 188 188 188 188 187 187 187 188 187 187 188 187 187 187 187 186 186 187 187 187 187 188 189 189 189 188 188 187 186 186 186 186 186 187 187 187 188 189 189 189 190 190 190 190 190 191 190 191 191 191 191 191 192 192 191 191 191 192 192 192 192 192 191 192 192 192 192 192 192 191 191 191 191 191 191 191 191 191 192 192 192 192 192 192 192 192 192 192 192 192 192 192 193 193 193 193 193 193 193 193 193 193 194 194 194 194 194 194 193 193 193 193 193 194 194 194 193 193 194 194 194 194 194 194 194 194 194 195 195 195 195 195 195 195 195 195 195 195 195 195 195 196 196 196 196 196 196 197 197 196 196 196 197 197 197 197 197 197 197 198 198 198 198 198 198 198 198 198 198 198 198 198 199 198 198 198 198 198 199 199 199 199 199 199 200 200 200 200 200 200 200 201 200 200 200 200 200 201 201 201 201 201 201 201 201 201 201 201 201 201 201 201 201 201 200 200 200 200 200 200 200 200 200 201 201 200 200 201 201 201 201 201 201 201 201 201 201 202 202 202 202 202 202 202 202 202 202 202 202 203 203 203 203 203 203 203 204 204 0 0 0 0 0 0 0 0 0 0 0 0 0 0 0 0 0 0 0 0 0 0 0 0 0 0 0 0 0 0 0 0 0 0 0 0 0 0 0 0 0 0 0 0 0 0 0 0 0 0 0 0 0 0 0 0 0 0 0 0 0 
0 0 0 0 0 0 0 0 0 0 0 0 0 0 0 0 0 0 0 0 0 0 0 0 0 0 0 0 0 0 0 0 0 0 0 0 0 0 0 0 0 0 0 0 0 0 0 0 0 0 0 170 170 170 170 171 171 171 171 170 170 170 170 171 171 171 171 171 170 170 171 172 172 171 171 172 173 172 172 173 173 173 173 173 173 173 172 172 172 172 172 173 174 174 175 175 175 175 175 175 176 176 177 177 177 178 178 178 178 178 178 179 179 179 179 179 180 180 180 180 181 181 181 181 181 181 181 182 182 181 182 182 182 183 183 183 182 182 182 183 183 183 183 182 183 183 182 182 182 183 183 183 182 183 183 184 184 183 184 184 183 183 183 183 183 183 183 183 183 183 184 184 184 185 184 184 184 184 185 186 187 187 187 187 187 188 188 188 187 186 186 187 186 187 187 187 186 186 187 187 186 187 187 186 187 187 188 188 188 188 187 187 186 186 186 186 186 187 188 188 188 188 190 190 190 190 189 190 190 190 190 191 191 191 192 192 192 191 191 191 191 191 191 192 192 191 191 191 192 192 192 192 192 192 192 192 192 192 191 191 191 191 192 192 192 192 192 192 192 192 192 192 192 192 192 192 192 193 193 193 193 193 193 193 193 193 193 193 193 193 193 193 192 193 193 193 193 194 193 193 193 193 193 194 194 194 194 194 194 194 194 194 194 195 195 195 195 195 195 195 195 195 195 195 195 196 196 196 196 196 196 196 196 196 196 196 197 197 197 197 197 197 197 197 198 198 198 198 198 198 198 198 198 198 198 198 199 198 198 198 198 199 199 199 199 199 199 199 199 200 200 200 200 200 200 200 200 200 200 200 201 201 201 201 201 201 201 201 200 200 200 200 200 200 200 201 201 201 201 200 200 200 200 200 200 200 200 201 201 200 200 200 201 201 201 201 200 201 201 201 201 202 202 202 202 202 202 202 202 202 202 202 202 202 202 202 203 203 203 203 204 204 0 0 0 0 0 0 0 0 0 0 0 0 0 0 0 0 0 0 0 0 0 0 0 0 0 0 0 0 0 0 0 0 0 0 0 0 0 0 0 0 0 0 0 0 0 0 0 0 0 0 0 0 0 0 0 0 0 0 0 0 0 
0 0 0 0 0 0 0 0 0 0 0 0 0 0 0 0 0 0 0 0 0 0 0 0 0 0 0 0 0 0 0 0 0 0 0 0 0 0 0 0 0 0 0 0 0 0 0 0 0 0 170 171 171 171 171 170 170 171 171 171 171 170 170 170 170 170 170 170 170 170 171 172 172 171 172 173 173 173 173 173 174 174 174 174 174 173 173 173 172 172 172 172 174 174 174 175 176 176 176 177 176 176 176 176 177 177 177 177 178 178 178 178 179 179 179 180 179 180 179 180 180 180 181 181 181 181 181 181 181 181 182 182 182 182 182 183 183 183 183 183 184 184 183 183 183 182 182 182 182 182 183 183 182 183 184 184 183 183 183 183 183 183 183 183 183 183 184 184 183 183 184 184 185 185 185 184 185 184 185 186 186 186 186 186 187 187 187 187 187 187 187 186 185 186 187 186 186 185 185 185 185 186 186 186 186 187 187 187 188 188 188 188 187 186 186 185 186 187 188 188 188 189 190 190 189 189 189 190 190 190 190 190 190 191 191 192 192 191 191 191 191 191 191 191 191 191 192 191 192 192 192 192 193 192 192 192 192 192 192 192 192 192 192 192 192 192 192 192 192 192 192 192 192 192 192 192 192 193 193 193 193 193 193 193 193 193 193 193 193 193 193 193 192 193 193 193 193 193 193 193 193 193 193 194 194 194 194 194 194 194 194 194 195 195 195 195 195 195 195 195 195 195 195 195 195 195 196 196 196 196 196 196 196 196 196 196 197 197 197 197 197 197 197 197 197 198 198 198 198 198 198 198 198 198 198 198 198 198 198 198 199 198 199 199 199 199 199 199 199 199 200 200 200 200 199 200 200 200 201 201 201 201 201 200 200 201 200 200 200 200 200 201 200 200 201 201 201 201 200 200 200 200 200 201 200 200 200 201 201 201 201 200 200 201 201 201 200 200 201 201 201 201 201 201 201 201 201 202 202 202 202 203 203 203 203 203 203 203 203 203 204 204 204 0 0 0 0 0 0 0 0 0 0 0 0 0 0 0 0 0 0 0 0 0 0 0 0 0 0 0 0 0 0 0 0 0 0 0 0 0 0 0 0 0 0 0 0 0 0 0 0 0 0 0 0 0 0 0 0 0 0 0 0 
0 0 0 0 0 0 0 0 0 0 0 0 0 0 0 0 0 0 0 0 0 0 0 0 0 0 0 0 0 0 0 0 0 0 0 0 0 0 0 0 0 0 0 0 0 0 0 0 0 170 170 170 170 171 170 170 169 171 170 170 170 171 170 169 169 169 169 170 170 171 171 172 171 171 171 172 172 173 174 174 174 174 174 174 174 174 174 173 173 173 173 173 173 174 175 175 175 176 176 177 177 176 176 176 176 176 177 177 177 177 178 178 178 178 179 179 179 179 179 179 179 180 180 180 180 180 180 180 180 181 181 181 182 182 182 182 183 183 183 183 184 184 183 183 183 183 182 182 182 182 183 182 182 183 184 183 183 183 183 182 183 183 183 183 184 184 184 184 183 183 184 184 185 185 185 185 185 186 186 186 186 186 186 186 186 187 187 188 188 187 187 187 186 185 185 185 185 186 186 186 186 185 185 185 186 187 187 187 187 187 187 188 188 187 186 186 186 187 187 188 188 189 189 189 189 188 189 189 189 189 189 189 190 190 190 191 191 191 190 191 191 191 191 191 191 191 191 191 192 192 192 192 192 192 192 192 192 192 192 192 192 192 192 192 192 192 192 192 192 192 192 192 192 192 192 192 192 192 192 193 193 193 193 193 193 193 193 193 193 193 193 193 192 193 193 193 193 193 193 193 193 193 193 193 194 194 194 194 194 194 194 194 195 195 195 195 195 195 195 195 195 195 195 195 195 195 196 196 196 196 196 196 196 196 196 196 197 197 197 197 197 197 197 197 197 197 198 198 198 198 198 198 198 198 198 198 198 198 198 198 198 199 199 199 199 199 199 199 199 200 200 200 200 200 199 200 200 200 200 200 200 200 201 200 200 200 200 200 200 200 200 201 200 200 200 201 200 200 200 200 200 200 200 201 201 200 200 201 201 201 201 201 200 200 201 201 201 201 200 200 201 201 202 202 202 202 202 202 202 202 202 203 203 203 203 204 203 203 203 203 204 204 204 0 0 0 0 0 0 0 0 0 0 0 0 0 0 0 0 0 0 0 0 0 0 0 0 0 0 0 0 0 0 0 0 0 0 0 0 0 0 0 0 0 0 0 0 0 0 0 0 0 0 0 0 0 0 0 0 0 0 0 0 
0 0 0 0 0 0 0 0 0 0 0 0 0 0 0 0 0 0 0 0 0 0 0 0 0 0 0 0 0 0 0 0 0 0 0 0 0 0 0 0 0 0 0 0 0 0 0 0 0 169 169 169 170 171 170 170 169 170 170 170 169 170 170 169 169 170 170 170 171 172 171 171 171 171 171 171 172 172 173 173 173 173 173 174 175 175 175 175 174 173 173 173 173 173 174 174 174 175 175 176 177 177 177 177 177 177 177 177 177 178 178 178 178 178 179 179 179 179 179 179 179 180 180 180 180 180 180 181 181 181 181 181 181 182 182 182 183 182 182 183 183 184 183 183 184 183 183 182 182 182 182 182 182 183 183 184 184 184 183 183 182 183 183 183 184 184 184 184 184 183 183 184 185 185 185 186 186 186 186 186 186 186 186 186 186 186 187 187 187 187 187 186 185 185 185 186 186 186 187 187 186 186 186 185 186 187 187 187 187 187 187 187 187 186 186 186 186 187 188 187 188 188 188 188 188 188 189 189 189 189 189 189 189 189 190 190 191 191 191 191 190 190 190 190 190 191 191 191 191 191 191 192 192 192 192 192 191 192 192 192 192 192 192 192 192 192 192 192 192 192 192 192 192 192 192 192 192 192 192 193 193 192 193 193 193 193 193 193 193 193 193 193 192 193 193 193 193 193 193 193 193 193 193 194 194 194 194 194 194 194 194 194 194 195 195 195 195 195 195 195 195 195 195 195 195 195 195 196 196 196 196 196 196 196 196 196 197 197 197 197 197 197 197 197 197 197 197 198 198 198 198 198 198 198 198 198 198 198 198 198 199 199 199 199 199 199 199 199 199 199 200 200 200 200 199 199 200 200 200 200 200 200 200 200 200 200 200 200 200 201 201 200 200 200 200 200 200 200 200 200 200 200 200 201 201 201 201 201 201 201 201 200 201 201 201 201 201 201 201 200 200 201 201 202 202 202 202 202 202 202 202 202 202 203 203 204 204 203 203 203 203 203 203 204 0 0 0 0 0 0 0 0 0 0 0 0 0 0 0 0 0 0 0 0 0 0 0 0 0 0 0 0 0 0 0 0 0 0 0 0 0 0 0 0 0 0 0 0 0 0 0 0 0 0 0 0 0 0 0 0 0 0 0 
0 0 0 0 0 0 0 0 0 0 0 0 0 0 0 0 0 0 0 0 0 0 0 0 0 0 0 0 0 0 0 0 0 0 0 0 0 0 0 0 0 0 0 0 0 0 0 0 0 168 168 169 169 170 170 170 169 169 170 170 170 169 169 170 170 170 171 172 172 173 172 171 171 171 172 171 171 172 173 172 172 173 173 174 174 174 175 175 174 173 173 173 174 174 173 173 173 174 174 174 175 176 177 177 177 178 178 178 178 178 178 179 179 179 179 179 179 179 180 180 179 180 180 181 181 180 180 180 181 181 181 181 181 182 182 182 182 183 182 182 183 183 183 183 183 183 183 183 183 182 182 183 183 183 183 183 184 183 183 182 183 183 184 184 184 183 183 183 183 184 183 184 184 184 185 186 186 187 186 186 186 186 186 186 186 186 186 186 186 186 186 186 185 185 186 186 186 186 187 187 186 186 185 185 185 186 186 186 187 187 187 187 186 186 186 186 186 187 187 187 187 187 188 188 188 188 188 188 188 189 189 189 190 190 190 191 191 191 191 190 191 191 191 190 191 191 191 191 191 191 191 191 191 191 191 192 192 191 192 192 192 192 192 192 192 192 192 192 192 192 192 192 192 192 192 192 192 193 192 192 192 192 192 193 193 193 193 193 193 193 193 193 192 193 193 193 192 193 193 193 193 193 193 193 194 194 194 194 194 194 194 194 194 194 194 195 195 194 195 195 195 195 195 195 195 196 195 196 196 196 196 196 196 196 196 196 197 197 197 197 197 197 197 197 197 197 197 197 198 198 198 198 198 198 198 198 198 198 198 198 198 199 199 199 199 199 199 199 199 199 199 200 199 200 199 199 199 200 200 200 200 200 200 200 200 200 200 200 200 200 201 201 200 200 200 200 200 200 200 200 200 200 200 200 200 201 201 201 201 201 201 201 201 201 201 201 201 201 201 201 200 201 201 202 202 201 202 202 202 202 202 202 202 203 203 203 203 203 203 203 203 204 204 204 205 0 0 0 0 0 0 0 0 0 0 0 0 0 0 0 0 0 0 0 0 0 0 0 0 0 0 0 0 0 0 0 0 0 0 0 0 0 0 0 0 0 0 0 0 0 0 0 0 0 0 0 0 0 0 0 0 0 0 
0 0 0 0 0 0 0 0 0 0 0 0 0 0 0 0 0 0 0 0 0 0 0 0 0 0 0 0 0 0 0 0 0 0 0 0 0 0 0 0 0 0 0 0 0 0 0 0 0 169 169 169 168 169 169 170 170 169 169 170 169 170 170 171 171 171 172 172 172 172 173 172 172 173 173 172 172 171 172 172 173 174 174 174 174 175 175 175 175 174 174 173 174 174 174 174 174 174 174 174 175 176 176 177 177 177 178 179 178 178 179 179 179 179 179 179 180 180 180 180 180 180 180 180 181 181 180 180 180 181 181 181 181 181 182 182 182 182 182 183 183 183 183 183 183 183 183 183 183 183 182 182 182 182 183 183 184 183 183 183 182 183 184 184 184 184 183 183 184 184 183 184 185 184 184 185 186 186 187 187 187 187 187 187 187 186 186 186 186 186 186 186 186 185 186 187 186 187 188 187 186 186 186 186 185 185 185 186 187 187 188 187 187 186 186 186 186 187 187 187 188 188 188 189 189 188 188 188 188 189 189 189 190 190 191 191 191 192 192 191 191 191 191 191 191 192 191 191 191 191 190 191 191 191 191 192 192 192 191 192 192 192 191 191 192 192 191 192 192 192 192 192 192 192 192 192 192 192 192 192 193 193 192 193 193 193 193 193 193 193 193 193 192 193 192 192 192 193 193 193 193 193 193 193 193 194 193 194 194 194 194 194 194 194 194 194 194 194 195 195 195 195 195 195 195 195 195 196 196 196 196 196 196 196 196 196 197 197 197 197 197 197 197 197 197 197 197 197 198 198 198 198 198 198 198 198 198 198 198 198 198 199 199 199 199 199 199 199 199 199 199 200 199 199 199 199 199 199 199 200 200 200 200 200 200 200 200 200 200 200 200 200 200 199 199 199 199 199 200 200 200 200 200 200 201 201 201 201 201 202 202 201 201 201 201 202 201 202 201 201 201 200 201 201 201 201 201 202 202 202 202 202 202 203 203 203 203 203 203 204 203 203 203 204 204 0 0 0 0 0 0 0 0 0 0 0 0 0 0 0 0 0 0 0 0 0 0 0 0 0 0 0 0 0 0 0 0 0 0 0 0 0 0 0 0 0 0 0 0 0 0 0 0 0 0 0 0 0 0 0 0 0 0 
0 0 0 0 0 0 0 0 0 0 0 0 0 0 0 0 0 0 0 0 0 0 0 0 0 0 0 0 0 0 0 0 0 0 0 0 0 0 0 0 0 0 0 0 0 0 0 0 0 170 170 170 169 169 168 169 169 169 169 169 170 170 170 170 170 171 172 172 172 171 171 171 171 173 173 173 173 173 171 172 173 174 174 174 174 175 175 176 175 175 175 174 175 174 174 175 175 175 174 173 174 175 176 176 176 176 177 177 177 177 178 178 179 179 179 179 179 180 180 180 180 180 180 180 181 181 181 181 180 180 180 181 181 182 182 182 182 182 182 182 182 183 183 183 183 183 183 184 184 183 182 182 182 182 182 182 183 182 182 182 183 183 183 184 184 184 184 184 184 184 183 184 184 185 185 185 186 186 186 187 187 186 187 187 186 186 186 186 186 186 186 186 185 186 186 187 187 188 188 188 187 187 186 186 186 186 185 186 187 187 187 187 186 186 186 186 186 187 187 188 188 188 189 188 187 187 188 188 188 189 189 189 189 190 191 191 192 192 193 192 192 191 191 191 191 191 191 191 190 191 190 190 190 191 191 191 192 191 191 191 192 192 191 191 191 192 192 191 191 191 192 192 192 192 192 192 192 192 192 192 193 193 193 193 193 193 193 193 193 193 193 193 192 192 192 192 192 193 193 193 193 193 193 193 193 193 193 193 194 194 194 194 194 194 194 194 195 195 194 195 195 195 195 195 195 195 195 196 196 196 196 196 196 196 196 196 197 197 197 197 197 197 197 197 197 197 197 197 197 198 198 198 198 198 198 198 198 198 198 198 198 199 199 199 199 199 199 199 199 199 199 199 199 199 199 199 199 199 199 199 200 200 200 200 200 200 200 200 200 200 200 200 200 199 199 200 200 201 200 200 200 200 200 201 201 201 202 202 202 202 202 202 201 201 202 202 202 202 201 201 201 201 201 201 201 201 201 202 202 202 202 202 202 202 202 202 203 203 203 203 203 203 203 204 204 205 0 0 0 0 0 0 0 0 0 0 0 0 0 0 0 0 0 0 0 0 0 0 0 0 0 0 0 0 0 0 0 0 0 0 0 0 0 0 0 0 0 0 0 0 0 0 0 0 0 0 0 0 0 0 0 0 0 
0 0 0 0 0 0 0 0 0 0 0 0 0 0 0 0 0 0 0 0 0 0 0 0 0 0 0 0 0 0 0 0 0 0 0 0 0 0 0 0 0 0 0 0 0 0 0 0 0 0 0 171 170 169 169 169 169 169 169 169 170 170 170 170 170 171 172 172 172 172 171 172 172 172 173 173 174 174 173 172 173 173 173 173 174 174 175 175 175 175 175 175 175 175 175 174 175 175 174 174 174 174 174 175 175 175 176 176 177 177 177 177 178 178 179 179 180 180 180 180 180 180 180 180 181 181 181 181 181 180 180 181 181 181 182 182 182 182 183 183 183 183 182 182 183 183 183 183 183 183 182 182 182 182 182 182 182 183 183 183 182 183 183 183 184 184 184 184 184 184 183 184 184 185 185 186 186 186 186 186 186 186 186 186 186 186 186 186 186 187 187 187 186 186 186 187 187 188 188 188 187 187 187 187 186 186 185 185 186 186 186 186 186 186 185 186 186 186 186 187 187 187 187 187 187 187 188 188 188 189 189 190 190 190 191 191 192 192 192 192 192 191 191 191 192 191 191 191 191 190 191 191 191 190 191 191 191 192 191 191 191 192 191 191 191 191 192 191 191 191 191 192 192 192 192 192 192 192 192 192 192 192 193 192 193 193 193 193 193 193 193 193 192 192 192 192 192 193 193 193 193 193 193 193 193 193 193 194 193 194 194 194 194 194 194 194 195 195 195 195 195 195 195 195 195 195 195 196 196 195 196 196 196 196 196 196 197 197 197 197 197 197 197 197 197 197 197 197 197 197 198 198 198 198 198 198 198 198 198 198 198 199 199 199 199 198 199 199 199 199 199 199 199 198 198 198 199 199 199 199 200 200 200 200 200 200 200 200 200 200 200 200 199 199 200 200 200 200 201 201 201 201 201 201 201 201 201 201 201 202 202 202 202 202 202 202 202 202 202 201 200 201 201 200 200 201 201 201 202 201 202 202 202 202 203 203 203 203 203 203 203 203 203 203 204 205 0 0 0 0 0 0 0 0 0 0 0 0 0 0 0 0 0 0 0 0 0 0 0 0 0 0 0 0 0 0 0 0 0 0 0 0 0 0 0 0 0 0 0 0 0 0 0 0 0 0 0 0 0 0 0 0 0 
0 0 0 0 0 0 0 0 0 0 0 0 0 0 0 0 0 0 0 0 0 0 0 0 0 0 0 0 0 0 0 0 0 0 0 0 0 0 0 0 0 0 0 0 0 0 0 0 0 0 0 0 0 170 170 169 170 169 169 169 169 169 170 170 171 172 172 172 172 172 172 172 172 172 172 173 173 174 173 173 173 174 174 174 174 174 175 175 174 174 174 174 175 176 175 174 174 174 174 174 174 175 175 175 175 176 176 176 176 176 177 177 177 177 177 178 178 179 179 179 180 180 180 181 181 181 181 181 181 180 180 180 181 181 181 182 182 182 183 183 183 183 183 183 183 183 183 183 183 183 183 182 182 182 183 183 183 183 183 183 182 182 183 183 184 184 184 183 183 183 184 184 184 184 185 186 186 186 186 186 185 185 186 187 187 186 186 186 187 188 187 188 187 186 186 187 187 188 187 187 187 186 186 186 186 185 186 186 185 186 186 186 186 185 185 185 186 186 186 186 186 186 186 187 187 188 188 189 189 189 190 190 190 190 191 191 191 192 192 192 191 191 191 191 192 192 192 192 191 191 191 191 191 190 190 190 191 191 191 191 191 191 192 191 191 191 191 191 191 191 192 192 192 192 192 192 192 192 192 192 192 192 192 192 193 193 193 193 193 193 193 193 192 192 192 192 192 192 193 192 193 193 193 193 193 193 193 194 194 194 194 194 194 194 194 194 195 195 195 195 195 195 195 195 195 195 195 196 195 195 195 196 196 196 196 196 196 197 197 197 197 197 197 197 197 197 197 197 197 197 197 198 198 198 198 198 198 198 198 198 198 199 199 198 198 198 199 199 199 199 198 198 198 198 198 198 199 199 199 199 200 200 200 200 200 200 200 201 201 201 200 200 200 199 199 199 199 200 200 200 201 201 201 201 201 201 201 201 201 202 202 202 202 202 202 202 202 202 202 201 201 201 201 201 201 201 201 200 201 202 202 202 202 202 202 202 202 202 203 203 203 203 203 203 204 204 205 206 0 206 206 0 0 0 0 0 0 0 0 0 0 0 0 0 0 0 0 0 0 0 0 0 0 0 0 0 0 0 0 0 0 0 0 0 0 0 0 0 0 0 0 0 0 0 0 0 0 0 0 0 0 0 0 
0 0 0 0 0 0 0 0 0 0 0 0 0 0 0 0 0 0 0 0 0 0 0 0 0 0 0 0 0 0 0 0 0 0 0 0 0 0 0 0 0 0 0 0 0 0 0 0 0 0 0 0 0 0 0 170 170 169 169 169 170 169 170 171 171 172 172 171 172 172 171 172 172 173 173 173 174 174 174 174 173 173 174 174 175 175 175 174 174 173 173 174 175 175 175 174 174 174 174 174 175 176 176 176 176 176 177 177 177 177 177 177 177 177 177 178 179 179 179 180 180 180 180 180 180 181 181 181 180 180 181 180 181 181 181 182 182 182 182 183 183 183 183 183 183 183 183 183 183 183 183 182 182 182 183 183 183 183 183 183 182 182 183 183 184 184 184 183 183 183 184 185 185 184 185 187 186 186 185 185 185 185 186 187 186 185 185 186 187 188 188 188 187 187 187 187 187 187 187 187 187 186 185 185 185 186 187 186 186 185 185 185 185 185 186 186 186 186 186 186 186 186 186 186 187 187 188 188 189 189 189 190 190 190 191 191 191 192 192 192 192 192 192 191 191 192 192 192 192 191 191 190 190 190 191 191 191 190 191 191 191 191 191 191 191 191 191 191 191 191 191 192 192 192 192 192 192 192 192 192 192 192 192 192 193 193 193 193 193 193 193 193 192 192 192 192 192 192 192 192 193 193 193 193 193 193 193 194 194 194 193 194 194 194 194 194 194 195 195 195 195 195 195 195 195 195 195 195 195 195 195 196 196 196 196 196 196 197 197 197 197 197 197 197 197 197 197 197 197 197 197 198 198 198 198 198 198 198 198 198 198 198 198 198 198 199 199 198 198 198 198 198 198 198 199 199 199 199 199 199 200 200 200 200 200 200 200 200 200 200 200 200 199 199 199 199 199 199 200 200 200 201 201 201 201 201 201 201 201 202 202 202 202 202 202 202 202 202 202 202 202 201 201 201 201 202 202 201 201 201 201 202 202 202 202 202 203 203 203 203 204 204 203 203 203 204 204 205 205 204 204 205 0 0 0 0 0 0 0 0 0 0 0 0 0 0 0 0 0 0 0 0 0 0 0 0 0 0 0 0 0 0 0 0 0 0 0 0 0 0 0 0 0 0 0 0 0 0 0 0 0 0 0 
0 0 0 0 0 0 0 0 0 0 0 0 0 0 0 0 0 0 0 0 0 0 0 0 0 0 0 0 0 0 0 0 0 0 0 0 0 0 0 0 0 0 0 0 0 0 0 0 0 0 0 0 0 0 0 0 0 171 170 170 171 170 170 171 171 171 171 171 171 171 172 171 172 173 173 174 174 174 174 174 173 173 173 174 174 175 175 174 173 174 173 173 174 175 175 175 174 173 173 174 175 175 176 176 177 177 177 177 177 178 178 177 178 178 178 178 178 179 179 179 180 180 180 180 180 180 181 181 181 181 181 181 181 181 181 182 182 182 182 182 182 183 183 183 183 184 184 184 184 184 184 183 183 183 183 183 183 183 183 183 183 182 182 183 184 183 183 183 183 183 184 184 185 184 185 187 187 186 186 186 186 186 186 186 186 186 185 186 187 187 187 188 187 187 187 187 187 187 187 187 187 186 186 186 187 187 186 186 186 186 186 186 186 186 186 186 186 187 187 187 187 186 186 187 187 187 188 188 189 189 189 189 189 190 190 190 191 191 191 191 191 191 192 192 191 191 192 192 192 191 191 191 191 191 191 191 191 191 190 190 191 191 191 191 191 191 191 191 191 191 191 192 192 192 192 192 192 192 192 192 192 192 192 192 193 193 193 193 192 192 192 193 192 192 192 192 192 192 192 192 193 193 193 193 193 193 193 194 194 195 194 195 195 194 194 194 194 194 195 195 195 195 195 195 195 195 195 195 195 195 195 196 196 196 196 196 197 197 196 196 197 197 197 197 197 197 197 197 197 197 197 197 198 198 198 198 198 198 198 198 198 198 198 198 199 199 199 198 199 199 199 199 199 199 200 200 199 200 199 199 200 199 199 199 199 199 199 199 200 199 200 200 199 199 199 199 200 200 200 200 200 200 201 201 201 201 201 201 201 201 202 202 201 202 202 202 202 202 202 202 202 202 202 202 202 202 202 202 201 201 201 201 202 201 202 202 202 202 203 203 203 203 203 203 203 203 204 204 203 203 203 204 205 0 0 0 0 0 0 0 0 0 0 0 0 0 0 0 0 0 0 0 0 0 0 0 0 0 0 0 0 0 0 0 0 0 0 0 0 0 0 0 0 0 0 0 0 0 0 0 0 0 0 
0 0 0 0 0 0 0 0 0 0 0 0 0 0 0 0 0 0 0 0 0 0 0 0 0 0 0 0 0 0 0 0 0 0 0 0 0 0 0 0 0 0 0 0 0 0 0 0 0 0 0 0 0 0 0 0 0 0 0 0 0 0 171 171 171 171 171 171 171 172 172 172 172 173 173 174 174 175 175 174 174 174 174 174 174 175 175 174 174 174 174 173 174 174 175 175 174 174 174 174 174 175 175 175 176 176 177 177 178 178 178 178 178 178 178 178 178 179 179 180 180 180 180 180 180 180 181 181 181 181 181 181 181 180 181 181 182 182 182 183 182 183 183 183 183 183 184 184 184 184 184 184 184 184 183 183 183 183 183 183 182 182 182 183 183 183 183 183 184 183 184 185 185 185 186 186 186 186 187 187 187 186 186 187 186 186 185 185 186 186 186 187 187 187 187 187 187 187 188 188 188 187 186 186 187 186 186 186 186 186 186 186 186 186 186 186 186 187 187 186 186 186 186 187 187 188 188 189 189 189 188 189 189 189 189 189 190 190 190 190 191 191 191 192 191 191 192 192 192 192 192 192 191 190 190 190 190 190 190 190 190 191 191 191 191 191 191 191 191 191 191 191 191 191 192 192 191 192 192 192 192 192 192 193 193 192 192 192 192 192 192 192 191 192 192 192 192 192 193 192 193 193 193 194 193 193 193 193 194 194 195 195 195 195 194 194 194 194 194 194 195 195 195 195 195 195 195 195 195 195 195 196 196 196 196 196 196 196 196 196 196 196 196 196 196 197 197 197 197 197 197 197 197 198 198 198 198 198 198 198 198 198 198 198 198 198 198 199 199 199 199 199 199 200 200 200 200 200 200 200 200 199 199 199 199 199 199 199 199 199 200 200 199 199 199 199 200 200 200 200 200 200 201 201 200 201 201 201 201 201 201 202 201 201 201 202 202 202 202 202 202 202 202 202 203 202 202 202 202 201 201 201 201 201 202 202 202 202 202 202 203 203 203 203 203 203 203 203 203 203 203 204 205 0 0 0 0 0 0 0 0 0 0 0 0 0 0 0 0 0 0 0 0 0 0 0 0 0 0 0 0 0 0 0 0 0 0 0 0 0 0 0 0 0 0 0 0 0 0 0 0 0 0 
0 0 0 0 0 0 0 0 0 0 0 0 0 0 0 0 0 0 0 0 0 0 0 0 0 0 0 0 0 0 0 0 0 0 0 0 0 0 0 0 0 0 0 0 0 0 0 0 0 0 0 0 0 0 0 0 0 0 0 0 0 0 0 172 172 172 171 171 171 172 173 173 173 173 174 174 174 175 175 175 175 175 175 175 175 175 175 174 175 174 174 173 173 173 174 174 174 174 174 174 175 175 175 175 175 176 177 177 178 178 178 178 178 179 179 179 179 179 179 179 179 180 180 180 180 180 181 181 181 181 181 181 181 181 181 181 182 182 182 182 183 183 183 183 183 183 183 183 183 184 184 184 184 184 183 183 183 183 183 182 182 183 183 184 183 183 183 184 184 183 184 184 185 186 186 186 186 186 187 187 187 187 187 187 186 186 185 185 186 186 186 187 187 187 187 187 187 187 187 187 187 187 186 187 187 186 186 186 186 187 186 186 186 186 186 186 186 186 186 186 186 186 187 187 187 188 188 188 188 189 188 188 188 188 189 190 190 190 190 190 190 191 191 191 191 191 192 192 192 192 192 191 191 191 190 190 190 191 191 191 190 191 191 191 191 191 191 191 191 191 191 191 191 191 191 191 191 191 192 192 192 192 192 192 192 192 192 192 192 192 192 192 191 192 192 192 192 192 192 193 192 193 193 194 193 193 193 193 193 194 194 195 195 194 195 195 195 194 195 195 194 195 195 195 195 195 195 195 195 195 195 195 196 196 196 196 196 196 196 195 196 196 196 196 196 197 197 197 197 197 197 197 197 198 198 198 198 198 198 198 198 198 198 198 198 198 198 198 198 199 199 199 199 199 199 199 200 200 200 200 200 200 199 199 199 199 199 199 200 200 200 200 199 200 199 200 200 200 200 200 200 200 201 201 200 201 201 201 201 201 201 201 202 201 201 202 202 202 202 202 202 202 202 202 202 203 203 202 202 202 201 201 201 202 202 202 202 202 202 202 203 204 203 203 202 203 203 203 203 203 204 204 204 205 205 206 0 0 207 207 0 0 0 0 0 0 0 0 0 0 0 0 0 0 0 0 0 0 0 0 0 0 0 0 0 0 0 0 0 0 0 0 0 0 0 0 0 0 0 0 0 0 0 
0 0 0 0 0 0 0 0 0 0 0 0 0 0 0 0 0 0 0 0 0 0 0 0 0 0 0 0 0 0 0 0 0 0 0 0 0 0 0 0 0 0 0 0 0 0 0 0 0 0 0 0 0 0 0 0 0 0 0 0 0 0 0 0 172 172 172 172 172 172 173 173 173 174 174 174 174 175 175 175 175 175 175 175 175 175 175 175 175 175 174 174 174 174 174 173 174 173 174 175 175 175 175 176 176 176 177 177 177 177 177 177 178 179 179 179 179 179 179 179 179 179 179 180 179 180 180 180 181 181 181 181 181 180 181 181 182 182 182 182 183 183 183 183 183 183 183 183 183 183 183 184 184 184 183 183 182 183 183 182 183 183 184 184 184 183 183 184 184 183 184 184 185 186 186 186 187 187 187 187 187 186 186 186 187 186 185 185 186 186 186 186 186 186 187 187 187 187 187 187 187 187 187 187 186 186 186 186 187 186 186 186 186 186 186 186 186 186 186 186 186 186 186 187 187 187 188 188 188 189 188 188 188 188 189 190 190 189 189 190 190 191 191 191 191 191 192 192 192 192 192 191 191 190 190 191 191 191 191 191 190 191 191 191 191 191 191 191 191 191 191 191 191 191 191 191 192 192 192 192 192 192 192 192 192 192 192 192 192 192 192 192 191 192 192 192 192 192 192 193 193 192 193 193 193 193 193 193 193 193 194 194 195 195 196 196 195 195 194 194 194 195 195 195 195 195 195 195 195 195 195 195 196 196 196 195 195 195 195 196 196 196 196 196 196 196 196 197 197 197 197 197 197 197 198 198 198 198 198 198 198 198 198 198 198 198 199 199 199 199 200 199 199 200 200 200 200 200 200 200 200 200 200 199 199 199 199 199 200 200 200 200 200 200 200 199 199 200 200 200 200 200 200 200 200 200 201 201 201 201 201 201 202 201 201 202 202 202 202 202 202 202 202 202 202 202 202 202 202 201 201 201 201 201 202 202 202 202 203 203 203 204 203 202 202 203 203 203 203 204 204 203 204 204 205 205 205 205 206 206 207 0 0 0 0 0 0 0 0 0 0 0 0 0 0 0 0 0 0 0 0 0 0 0 0 0 0 0 0 0 0 0 0 0 0 0 0 0 0 0 0 0 0 
0 0 0 0 0 0 0 0 0 0 0 0 0 0 0 0 0 0 0 0 0 0 0 0 0 0 0 0 0 0 0 0 0 0 0 0 0 0 0 0 0 0 0 0 0 0 0 0 0 0 0 0 0 0 0 0 0 0 0 0 0 0 0 0 0 172 0 0 172 173 173 173 173 173 174 174 174 174 175 175 175 175 175 175 175 175 176 175 175 175 175 174 175 174 174 174 173 173 174 175 175 175 175 176 176 176 176 177 177 176 176 177 177 178 179 180 180 180 180 180 180 180 180 180 180 180 180 180 180 180 181 181 181 181 181 181 182 182 182 182 183 183 183 183 183 183 183 183 183 184 183 184 184 184 184 183 182 182 183 183 183 183 184 184 184 183 183 184 184 184 184 184 184 185 186 186 187 187 186 186 187 186 185 186 186 186 186 186 185 186 187 188 187 186 187 187 187 187 187 187 187 187 187 186 186 186 186 186 186 186 186 186 186 186 186 187 187 187 187 186 186 186 186 187 187 187 187 187 188 188 188 188 188 189 190 190 190 189 190 190 190 190 190 190 191 191 191 192 192 192 192 191 191 191 191 191 191 190 190 190 190 190 191 191 191 191 191 191 191 191 191 191 191 192 191 191 192 192 192 192 192 192 192 192 192 192 192 192 192 192 192 192 191 192 192 192 192 192 192 192 193 192 193 194 194 193 193 193 193 193 194 195 196 195 195 195 194 194 194 194 195 195 195 195 195 195 195 195 195 195 196 196 196 196 195 196 196 195 196 196 196 196 196 196 196 196 196 196 197 197 197 197 197 197 197 198 198 198 198 198 198 198 198 198 198 199 199 199 199 199 199 200 200 200 200 200 200 200 200 200 200 200 200 200 199 199 199 200 200 200 200 200 199 199 199 199 199 199 199 200 200 200 200 200 200 200 201 201 201 201 201 201 202 201 201 202 202 202 202 202 202 202 202 202 202 202 202 202 202 202 201 201 201 201 201 201 201 202 202 202 203 203 203 202 202 203 203 203 203 203 203 203 204 204 204 204 204 205 205 206 206 207 0 0 0 0 0 0 0 0 0 0 0 0 0 0 0 0 0 0 0 0 0 0 0 0 0 0 0 0 0 0 0 0 0 0 0 0 0 0 0 0 0 
0 0 0 0 0 0 0 0 0 0 0 0 0 0 0 0 0 0 0 0 0 0 0 0 0 0 0 0 0 0 0 0 0 0 0 0 0 0 0 0 0 0 0 0 0 0 0 0 0 0 0 0 0 0 0 0 0 0 0 0 0 0 0 0 0 0 0 0 0 173 173 173 173 173 174 174 174 174 174 174 175 175 175 175 175 175 175 175 175 175 174 174 175 175 174 174 173 173 173 174 175 175 175 175 175 175 176 177 177 176 176 177 177 179 179 179 180 180 180 180 180 180 180 180 180 180 180 180 180 180 180 180 180 181 181 181 181 182 182 182 182 182 182 182 182 183 183 183 183 183 183 184 184 184 183 183 183 183 183 182 182 183 183 184 184 183 183 184 185 184 183 184 185 185 185 185 186 186 186 186 186 186 186 187 187 186 186 186 185 186 186 188 187 186 187 187 187 186 187 187 187 187 186 186 186 186 186 186 186 186 186 186 186 186 186 186 186 186 186 186 186 186 186 186 186 186 186 187 187 187 187 188 189 189 190 190 190 189 190 191 190 190 190 190 190 191 191 191 192 192 191 191 190 190 190 190 190 190 191 191 191 190 190 191 192 191 191 192 191 191 191 191 191 191 191 191 192 192 192 192 191 192 192 192 192 192 192 193 192 193 193 192 191 192 192 192 192 192 192 192 193 193 193 194 194 195 194 194 194 194 194 196 196 195 195 195 195 194 195 195 195 195 195 195 195 195 195 195 195 195 195 195 195 195 196 196 196 196 196 196 197 196 196 196 196 196 196 197 197 197 197 197 197 197 197 197 198 198 198 198 198 198 198 198 198 198 199 199 199 199 199 200 200 200 200 200 200 200 200 200 200 200 200 200 200 199 199 200 200 200 200 200 199 199 199 199 199 199 199 199 199 200 200 200 200 200 201 201 201 201 201 201 201 201 201 202 202 201 201 201 202 202 202 202 202 202 202 202 202 202 202 202 201 201 201 201 201 201 201 202 202 202 202 202 202 202 203 204 204 204 204 203 203 204 204 204 205 205 206 207 207 208 0 0 0 0 0 0 0 0 0 0 0 0 0 0 0 0 0 0 0 0 0 0 0 0 0 0 0 0 0 0 0 0 0 0 0 0 0 0 0 0 0 
0 0 0 0 0 0 0 0 0 0 0 0 0 0 0 0 0 0 0 0 0 0 0 0 0 0 0 0 0 0 0 0 0 0 0 0 0 0 0 0 0 0 0 0 0 0 0 0 0 0 0 0 0 0 0 0 0 0 0 0 0 0 0 0 0 0 0 0 0 0 0 173 173 174 174 174 174 174 174 174 174 174 175 175 175 175 175 175 175 174 174 174 174 175 175 174 174 174 173 173 174 174 174 174 175 175 176 176 176 176 176 176 177 178 179 179 179 180 180 180 180 180 180 180 180 180 180 180 180 180 180 180 181 181 181 181 182 182 182 182 182 182 182 182 182 182 183 183 183 184 184 184 184 184 184 183 183 183 183 182 183 183 184 184 184 183 183 184 185 185 183 184 184 185 185 185 185 186 186 186 186 186 186 187 187 186 187 186 185 186 187 187 187 187 187 187 187 187 187 187 187 187 186 185 185 185 186 186 186 187 186 186 186 186 185 185 185 185 185 185 186 186 186 186 187 187 187 187 188 187 187 187 188 189 189 189 189 189 190 190 190 191 190 191 191 191 191 191 192 192 192 192 191 191 190 191 191 190 190 191 190 190 190 191 191 191 191 192 192 191 191 191 191 191 191 191 191 192 191 192 191 191 192 192 192 192 192 192 192 193 193 192 191 191 192 192 192 193 193 193 193 194 194 194 194 195 195 194 194 194 195 196 196 196 196 196 195 195 195 196 196 195 195 195 195 195 195 195 194 195 195 195 195 196 196 196 196 197 197 197 197 196 196 197 197 197 197 197 197 197 197 197 197 197 197 197 198 198 198 198 198 198 199 199 199 199 199 199 199 199 199 199 200 199 199 200 200 200 200 200 200 200 200 200 200 200 199 199 200 200 200 199 199 199 199 199 199 199 199 199 199 199 199 199 200 200 200 200 201 201 201 201 201 201 201 202 202 201 201 202 202 202 202 202 202 202 202 201 201 201 202 201 201 202 202 201 201 201 201 201 201 202 202 203 203 202 203 203 203 203 203 204 205 204 204 204 205 206 207 207 207 207 208 0 0 0 0 0 0 0 0 0 0 0 0 0 0 0 0 0 0 0 0 0 0 0 0 0 0 0 0 0 0 0 0 0 0 0 0 0 0 0 0 
0 0 0 0 0 0 0 0 0 0 0 0 0 0 0 0 0 0 0 0 0 0 0 0 0 0 0 0 0 0 0 0 0 0 0 0 0 0 0 0 0 0 0 0 0 0 0 0 0 0 0 0 0 0 0 0 0 0 0 0 0 0 0 0 0 0 0 0 0 0 0 0 0 0 0 0 174 174 174 174 174 175 174 175 175 175 175 175 174 173 173 173 174 175 175 175 174 174 173 173 174 174 174 174 175 175 176 176 176 176 176 177 178 178 179 179 179 179 180 180 180 180 180 180 180 180 180 180 180 180 180 180 180 180 181 181 182 182 182 182 182 183 182 182 183 183 183 183 183 183 183 184 184 184 184 183 183 182 182 182 183 183 184 184 183 183 183 183 184 184 184 184 184 185 185 185 185 185 185 186 186 186 187 187 186 186 187 187 186 186 187 187 186 186 187 187 187 186 186 187 187 186 186 185 185 185 185 186 186 186 186 187 186 186 185 185 185 185 185 185 186 186 186 186 187 187 187 188 188 188 187 187 187 188 188 188 188 189 189 190 191 191 191 191 191 191 192 191 191 192 192 192 191 191 190 190 190 190 190 190 191 191 191 190 190 191 191 191 192 192 191 191 191 191 191 191 191 191 191 192 191 191 191 191 192 192 192 193 193 193 193 193 191 192 192 193 193 193 193 193 193 194 193 193 194 194 194 194 194 194 195 195 195 195 196 196 196 196 196 196 196 195 195 195 195 195 195 195 195 195 195 195 196 195 196 196 197 197 197 197 197 196 197 197 197 197 197 197 197 197 197 197 197 197 197 197 198 198 198 198 198 198 198 198 199 199 198 198 199 199 199 199 199 199 199 199 199 200 199 200 200 200 200 200 200 200 200 200 200 200 200 200 200 199 199 199 199 199 199 199 199 199 199 199 199 200 200 200 201 201 201 201 201 201 201 201 201 201 201 201 202 202 202 202 202 202 202 202 202 201 201 201 201 201 202 202 201 202 202 202 202 202 201 202 203 203 203 203 203 204 203 203 204 204 204 204 205 206 206 206 205 206 207 208 208 208 208 207 207 208 208 0 0 0 0 0 0 0 0 0 0 0 0 0 0 0 0 0 0 0 0 0 0 0 0 0 0 0 0 0 0 0 0 
0 0 0 0 0 0 0 0 0 0 0 0 0 0 0 0 0 0 0 0 0 0 0 0 0 0 0 0 0 0 0 0 0 0 0 0 0 0 0 0 0 0 0 0 0 0 0 0 0 0 0 0 0 0 0 0 0 0 0 0 0 0 0 0 0 0 0 0 0 0 0 0 0 0 0 0 174 174 174 174 174 175 175 175 175 175 175 175 174 173 173 172 173 174 174 175 174 174 173 174 174 174 174 174 174 175 175 175 175 176 177 178 179 179 179 179 179 179 179 180 180 180 180 180 180 181 181 181 181 181 180 180 180 180 181 181 182 182 182 182 182 183 182 182 183 183 183 183 183 183 183 183 183 184 184 184 184 183 182 182 183 183 183 184 183 183 184 184 184 185 185 184 184 185 185 185 185 185 185 186 186 186 187 186 186 187 187 187 186 186 186 186 186 186 186 187 187 186 186 186 186 186 186 186 185 185 185 185 185 186 186 186 186 186 185 185 185 185 185 185 186 186 186 186 187 187 188 188 188 187 187 187 188 188 188 189 188 189 189 190 190 191 191 191 191 192 192 191 191 191 192 192 192 191 190 190 190 191 191 191 191 191 191 190 190 191 190 191 191 192 192 191 191 191 191 191 191 192 192 191 191 191 191 191 191 192 192 193 193 193 193 193 192 192 193 193 193 193 193 193 193 193 193 193 194 194 193 194 194 195 195 195 194 195 195 195 195 196 196 196 196 195 195 195 195 195 195 195 195 195 195 195 196 196 196 197 197 197 197 197 197 197 197 197 197 197 197 197 197 197 197 197 197 197 197 197 198 198 198 198 198 198 198 198 198 198 198 198 199 199 199 199 199 199 199 199 199 200 199 199 199 200 200 200 200 200 200 199 199 200 200 200 200 200 199 200 200 200 199 199 199 200 200 199 199 200 200 200 200 200 201 201 201 201 201 201 201 201 201 201 201 201 202 202 202 202 202 202 202 202 202 201 201 201 201 203 202 202 202 203 202 202 202 202 202 203 203 203 203 204 204 203 203 204 204 205 205 206 205 205 205 205 205 206 207 207 207 206 206 207 206 207 208 0 0 0 0 0 0 0 0 0 0 0 0 0 0 0 0 0 0 0 0 0 0 0 0 0 0 0 0 0 0 
0 0 0 0 0 0 0 0 0 0 0 0 0 0 0 0 0 0 0 0 0 0 0 0 0 0 0 0 0 0 0 0 0 0 0 0 0 0 0 0 0 0 0 0 0 0 0 0 0 0 0 0 0 0 0 0 0 0 0 0 0 0 0 0 0 0 0 0 0 0 0 0 0 0 0 0 174 174 174 174 174 174 175 174 175 175 174 174 174 174 173 173 173 173 173 173 173 173 174 174 175 175 175 175 175 175 175 175 175 176 177 177 178 178 179 179 179 179 179 180 180 180 180 180 181 181 181 181 181 181 180 180 181 181 181 181 181 182 182 182 182 182 182 182 183 183 183 183 183 183 183 183 183 184 184 184 184 183 183 182 182 183 183 184 183 183 183 183 183 184 185 185 185 186 186 185 186 185 185 186 186 186 186 186 186 186 187 187 186 186 187 187 186 186 186 186 186 186 186 186 185 185 185 185 185 185 185 185 185 185 186 185 186 186 186 186 186 186 185 185 186 186 186 186 186 187 188 188 188 187 187 188 188 189 189 189 189 189 189 189 190 190 191 191 191 191 191 191 191 191 192 192 192 191 190 190 191 191 191 191 191 190 190 191 191 191 190 191 190 191 191 191 191 191 191 191 191 191 192 191 191 191 191 191 192 192 192 192 193 193 193 193 192 192 192 193 193 193 193 193 193 193 193 193 194 193 194 194 194 195 195 194 194 194 195 194 195 195 195 195 195 196 196 196 196 196 196 195 195 195 195 195 196 196 196 196 196 196 196 197 197 197 197 196 196 197 197 197 197 196 196 197 197 197 197 197 198 198 198 198 198 198 198 198 198 198 198 198 198 198 198 199 199 199 199 199 199 199 199 199 199 199 200 200 199 200 200 199 199 199 200 200 200 200 200 200 200 200 199 199 199 200 200 199 199 200 200 200 200 200 201 201 201 201 201 201 200 201 201 201 201 201 201 201 201 202 202 202 202 202 202 201 201 201 201 202 203 202 202 203 203 203 202 202 202 202 202 202 203 203 204 204 204 205 206 206 206 205 204 204 204 204 205 205 206 206 206 206 205 205 206 206 206 207 0 0 0 0 0 0 0 0 0 0 0 0 0 0 0 0 0 0 0 0 0 0 0 0 0 0 0 0 0 
0 0 0 0 0 0 0 0 0 0 0 0 0 0 0 0 0 0 0 0 0 0 0 0 0 0 0 0 0 0 0 0 0 0 0 0 0 0 0 0 0 0 0 0 0 0 0 0 0 0 0 0 0 0 0 0 0 0 0 0 0 0 0 0 0 0 0 0 0 0 0 0 0 0 0 0 0 174 174 174 174 174 175 175 175 174 174 174 173 173 172 172 173 173 173 173 173 173 173 174 175 175 175 175 175 175 175 175 175 175 176 177 177 177 178 179 179 178 179 180 180 179 180 180 180 180 180 180 180 180 180 181 181 181 181 181 181 182 182 182 182 182 182 182 182 182 182 183 183 183 183 183 183 183 183 184 184 183 182 182 182 182 183 184 183 184 183 183 184 184 185 185 185 186 186 186 185 185 186 186 186 186 186 186 185 186 187 186 186 186 186 187 186 186 186 186 186 186 186 185 185 185 185 185 185 185 185 185 185 185 185 185 186 185 185 185 186 185 186 185 185 185 186 186 187 187 188 188 188 187 187 188 189 189 190 190 190 189 190 189 189 190 191 192 192 191 191 191 191 191 192 192 192 191 190 190 190 190 190 190 190 190 191 191 191 191 191 191 191 191 191 191 191 191 191 191 191 191 191 191 191 191 191 191 191 192 192 193 193 193 193 193 192 192 192 193 193 193 193 192 193 193 193 193 193 193 193 194 194 194 194 194 194 194 194 194 194 194 195 195 195 195 196 196 196 196 196 196 196 196 195 195 196 196 196 196 196 196 196 196 196 196 197 197 196 196 196 196 196 196 196 197 197 197 197 197 198 198 198 198 198 198 198 198 198 198 198 198 198 198 199 199 199 199 199 199 199 199 199 199 199 199 199 199 199 199 199 199 199 200 200 200 200 200 200 200 200 200 200 200 200 201 201 200 200 200 200 200 200 200 200 200 200 200 201 200 200 201 201 201 201 202 201 201 201 201 202 202 202 202 202 202 201 201 201 201 203 202 202 203 203 203 202 202 202 202 202 202 203 204 204 205 205 205 206 206 206 205 205 204 204 204 204 204 205 205 205 206 206 205 205 206 206 207 208 0 0 0 0 0 0 0 0 0 0 0 0 0 0 0 0 0 0 0 0 0 0 0 0 0 0 0 0 
0 0 0 0 0 0 0 0 0 0 0 0 0 0 0 0 0 0 0 0 0 0 0 0 0 0 0 0 0 0 0 0 0 0 0 0 0 0 0 0 0 0 0 0 0 0 0 0 0 0 0 0 0 0 0 0 0 0 0 0 0 0 0 0 0 0 0 0 0 0 0 0 0 0 0 0 0 174 174 174 174 175 175 175 174 174 173 172 172 172 172 173 174 174 174 173 173 173 173 173 174 174 175 175 175 176 176 176 176 176 176 177 177 177 178 178 179 178 179 179 179 179 179 180 180 180 180 180 180 180 181 180 181 181 181 181 181 181 181 182 182 182 182 182 182 182 183 183 183 183 183 183 183 183 183 183 184 183 182 182 183 183 183 183 183 184 184 184 185 185 185 185 185 186 186 185 185 186 186 185 186 187 186 186 185 186 186 187 186 186 186 187 186 186 187 186 186 186 185 185 184 185 185 185 186 186 186 185 185 185 185 185 185 185 185 185 186 186 185 185 185 186 186 186 186 187 187 188 188 188 188 188 189 189 190 190 191 190 190 190 190 190 191 191 192 191 191 191 191 192 192 191 191 191 190 190 191 191 191 191 190 190 191 191 191 191 191 190 191 191 191 190 191 191 191 191 191 192 191 191 191 191 191 191 191 191 192 192 192 193 193 193 192 192 192 193 193 193 192 193 192 193 193 193 193 193 193 193 193 194 194 194 194 194 194 194 194 195 195 195 195 195 195 195 195 195 195 195 195 196 196 196 195 196 196 196 196 196 196 196 196 196 196 196 196 196 196 196 197 197 197 197 197 197 197 197 198 198 198 198 198 198 198 198 198 198 198 198 198 198 199 199 199 199 199 199 199 199 199 199 199 199 199 199 199 199 199 199 199 199 200 200 200 200 200 200 200 200 200 200 201 201 201 201 201 201 201 201 200 200 200 200 200 201 201 201 201 202 202 202 201 202 201 201 201 201 201 202 202 202 202 202 202 201 201 201 202 202 202 202 202 203 202 202 202 202 202 202 202 203 204 204 205 205 205 205 205 205 205 205 205 204 204 205 205 204 205 206 206 205 205 205 206 206 207 207 0 0 0 0 0 0 0 0 0 0 0 0 0 0 0 0 0 0 0 0 0 0 0 0 0 0 0 
0 0 0 0 0 0 0 0 0 0 0 0 0 0 0 0 0 0 0 0 0 0 0 0 0 0 0 0 0 0 0 0 0 0 0 0 0 0 0 0 0 0 0 0 0 0 0 0 0 0 0 0 0 0 0 0 0 0 0 0 0 0 0 0 0 0 0 0 0 0 0 0 0 0 0 0 0 0 174 174 174 174 175 175 174 173 172 172 172 172 173 174 174 174 174 174 173 173 173 173 173 174 174 174 174 175 175 176 177 177 177 178 178 177 177 178 178 178 178 178 178 179 179 180 180 180 180 180 180 181 181 181 181 181 181 181 181 181 181 181 182 182 182 182 182 182 183 183 183 183 183 183 183 183 183 184 184 183 182 182 183 183 184 183 183 184 184 184 185 186 186 185 185 186 186 186 186 186 186 186 186 186 185 185 186 186 186 186 186 186 186 187 186 186 187 186 186 185 185 185 185 184 185 185 186 186 185 185 185 184 184 185 185 185 186 186 186 185 185 185 185 185 185 185 186 186 187 188 188 188 188 189 189 190 190 191 191 191 191 191 190 190 190 191 192 192 192 191 191 192 191 191 190 190 190 190 191 191 190 190 190 190 191 191 191 190 191 191 191 191 191 190 190 191 190 190 191 191 191 191 191 191 191 191 191 191 192 192 192 192 192 193 192 192 192 192 192 192 192 192 192 192 193 192 193 193 193 193 193 193 193 193 194 194 194 194 194 195 194 195 195 195 194 195 195 195 195 195 195 195 195 195 195 196 196 196 196 196 196 196 196 196 196 196 196 196 196 197 197 197 197 197 197 197 197 197 198 198 198 198 198 198 198 198 198 198 198 198 198 198 199 199 199 199 199 199 199 199 199 199 199 199 200 200 199 199 199 199 199 199 199 199 198 199 199 199 199 199 200 200 200 200 199 199 200 200 201 201 201 201 200 200 200 201 202 202 202 202 202 202 201 201 201 201 201 201 201 201 202 202 202 202 202 202 201 201 201 202 202 202 202 202 202 203 202 202 202 202 203 203 203 204 204 205 205 204 204 204 205 205 205 204 204 204 204 204 204 205 204 204 205 205 205 205 206 207 207 0 0 0 0 0 0 0 0 0 0 0 0 0 0 0 0 0 0 0 0 0 0 0 0 0 0 
0 0 0 0 0 0 0 0 0 0 0 0 0 0 0 0 0 0 0 0 0 0 0 0 0 0 0 0 0 0 0 0 0 0 0 0 0 0 0 0 0 0 0 0 0 0 0 0 0 0 0 0 0 0 0 0 0 0 0 0 0 0 0 0 0 0 0 0 0 0 0 0 0 0 0 0 0 0 0 174 174 174 174 175 174 173 172 172 173 173 173 174 174 175 175 174 173 173 173 173 173 173 174 175 175 175 175 175 175 176 176 177 178 178 177 177 177 178 179 179 178 179 179 180 180 180 180 180 180 180 181 181 181 181 181 181 181 181 182 181 181 182 182 182 182 182 182 183 183 183 183 183 183 183 184 184 184 183 183 182 183 183 184 183 183 183 184 185 185 185 186 185 185 186 186 186 186 186 186 186 186 186 185 186 186 186 186 186 186 186 186 186 186 186 186 186 185 185 184 184 184 185 185 185 186 186 186 185 185 185 185 185 185 186 185 185 185 185 185 185 185 185 186 186 186 187 187 188 188 189 189 189 189 190 190 191 191 191 191 191 191 191 191 191 192 192 191 191 191 191 190 190 190 189 189 190 190 190 190 190 191 191 191 191 191 191 191 191 191 190 190 190 191 191 191 191 191 191 191 191 191 191 191 191 191 191 191 192 192 192 192 192 192 192 192 192 192 192 192 192 192 192 192 192 193 193 193 193 193 193 193 193 194 194 194 194 194 194 194 194 194 194 194 194 195 195 195 195 195 195 195 195 195 196 196 196 196 196 196 196 196 196 196 196 196 196 196 196 197 197 197 197 197 197 197 197 197 198 198 198 198 198 198 198 198 198 198 198 198 198 198 198 198 199 199 199 199 199 199 199 199 199 199 199 199 199 199 199 200 200 199 199 198 198 198 198 197 197 198 198 199 199 198 198 199 199 200 201 201 201 202 201 202 202 201 202 202 202 202 202 202 202 202 201 201 201 201 201 201 201 202 203 203 202 201 201 201 201 201 202 202 202 202 202 203 202 203 202 202 203 204 204 203 203 204 204 203 204 205 204 204 204 204 204 204 204 204 204 205 205 205 206 206 206 206 206 207 208 208 0 0 0 0 0 0 0 0 0 0 0 0 0 0 0 0 0 0 0 0 0 0 0 0 
0 0 0 0 0 0 0 0 0 0 0 0 0 0 0 0 0 0 0 0 0 0 0 0 0 0 0 0 0 0 0 0 0 0 0 0 0 0 0 0 0 0 0 0 0 0 0 0 0 0 0 0 0 0 0 0 0 0 0 0 0 0 0 0 0 0 0 0 0 0 0 0 0 0 0 0 0 0 0 0 174 174 174 174 174 174 173 173 173 173 173 173 174 175 174 174 173 174 173 173 173 173 173 174 175 175 175 175 175 176 176 176 177 178 178 178 178 178 179 179 179 179 179 179 180 180 180 180 180 180 181 181 181 181 181 181 181 181 181 181 182 182 181 182 182 182 182 182 182 183 183 183 183 184 184 184 184 184 183 183 183 183 184 183 183 184 184 184 185 185 185 185 185 185 185 186 186 186 186 186 186 186 186 186 187 186 186 187 187 187 187 186 186 186 186 185 185 185 185 184 184 185 185 185 185 185 185 185 185 185 185 185 184 184 185 184 184 184 184 185 185 185 185 186 186 186 187 187 187 188 189 190 190 190 190 191 191 191 191 192 191 191 191 191 191 191 191 190 190 190 190 190 189 189 190 190 189 190 190 190 190 190 190 190 190 190 190 190 189 190 190 190 190 190 191 190 190 190 190 190 190 190 190 190 191 191 191 190 191 191 192 192 192 192 192 192 192 192 193 193 193 193 193 193 193 193 193 194 194 194 194 194 194 194 194 194 194 194 194 195 195 195 195 195 195 195 195 195 195 196 196 196 196 196 196 196 196 196 196 196 196 196 196 196 196 196 196 196 196 196 197 197 197 197 197 197 197 197 197 198 198 198 198 198 198 198 198 198 198 198 198 198 198 198 198 198 199 199 198 199 199 199 199 199 199 199 199 199 199 198 198 198 199 199 198 198 198 198 199 199 199 198 199 199 199 199 200 200 200 201 201 202 202 202 202 202 203 203 203 203 203 203 202 202 201 201 202 202 202 202 202 202 203 203 202 202 202 202 202 202 203 203 203 203 204 203 203 203 203 203 204 205 204 204 204 204 204 205 205 205 204 204 205 206 206 206 205 205 206 207 207 207 208 208 208 208 209 209 208 209 209 0 0 0 0 0 0 0 0 0 0 0 0 0 0 0 0 0 0 0 0 0 0 
0 0 0 0 0 0 0 0 0 0 0 0 0 0 0 0 0 0 0 0 0 0 0 0 0 0 0 0 0 0 0 0 0 0 0 0 0 0 0 0 0 0 0 0 0 0 0 0 0 0 0 0 0 0 0 0 0 0 0 0 0 0 0 0 0 0 0 0 0 0 0 0 0 0 0 0 0 0 0 0 0 0 0 174 174 174 174 173 173 173 173 173 175 174 173 173 174 174 173 173 174 174 174 173 174 175 175 176 176 176 177 176 177 178 178 178 177 177 178 179 179 179 180 179 180 179 180 180 180 180 181 181 181 181 181 181 181 181 181 181 182 181 181 182 182 182 182 182 182 182 182 183 183 183 183 183 183 184 184 183 183 184 184 184 184 184 184 184 185 185 185 184 184 184 184 185 186 186 186 186 186 186 186 187 187 186 186 187 187 187 187 187 185 185 185 185 185 185 184 184 184 185 185 185 185 185 185 185 185 185 185 185 184 184 184 184 184 184 184 185 185 185 185 186 186 187 187 187 187 187 188 190 190 190 190 191 191 191 191 192 192 192 191 191 190 190 190 190 190 190 190 190 189 190 190 190 190 190 190 190 190 189 189 189 189 189 189 189 190 189 190 190 190 190 191 190 190 190 190 190 190 190 191 191 191 191 191 190 191 191 191 192 192 192 192 192 192 192 193 193 193 193 193 193 193 193 193 194 194 194 194 194 194 194 194 194 194 194 194 194 194 194 195 195 195 195 195 195 195 196 196 196 196 196 196 196 196 196 196 196 196 196 196 196 196 196 196 196 196 196 197 197 197 197 197 197 197 197 197 197 198 198 198 198 198 198 198 198 198 198 198 198 198 198 198 198 198 198 198 198 198 198 198 198 198 199 199 199 198 199 199 200 200 199 199 198 198 199 200 200 200 199 199 199 199 199 199 200 200 200 201 201 201 202 202 202 202 202 202 203 202 202 202 201 201 201 201 202 202 202 202 202 202 203 202 202 202 202 202 202 202 202 203 203 203 203 202 203 203 203 204 204 204 204 204 204 204 204 204 204 204 205 205 205 206 207 206 206 206 207 208 208 208 209 209 209 208 208 208 208 209 0 0 0 0 0 0 0 0 0 0 0 0 0 0 0 0 0 0 0 0 0 0 
0 0 0 0 0 0 0 0 0 0 0 0 0 0 0 0 0 0 0 0 0 0 0 0 0 0 0 0 0 0 0 0 0 0 0 0 0 0 0 0 0 0 0 0 0 0 0 0 0 0 0 0 0 0 0 0 0 0 0 0 0 0 0 0 0 0 0 0 0 0 0 0 0 0 0 0 0 0 0 0 0 0 0 0 0 0 174 173 173 173 173 173 174 174 173 173 174 174 173 174 174 174 174 173 173 173 174 175 175 176 176 177 177 178 178 178 178 178 177 177 178 179 179 180 180 180 180 180 180 180 180 181 181 181 181 181 181 181 181 181 182 182 181 182 182 182 182 182 182 182 182 182 183 183 183 183 183 183 184 184 183 184 184 184 184 184 184 184 184 184 184 183 184 184 184 184 185 186 186 186 186 186 187 187 187 186 187 187 188 187 187 186 184 184 184 185 185 185 185 184 184 184 184 184 184 184 184 184 184 185 185 185 185 184 184 184 184 184 184 185 185 185 186 186 186 186 186 186 186 187 188 189 190 190 190 190 191 191 191 191 192 192 191 191 190 190 190 190 190 190 190 189 189 190 190 190 190 190 190 190 189 189 190 189 190 190 190 189 189 189 189 190 190 190 191 191 190 190 190 190 190 191 191 191 191 191 191 191 191 191 191 191 192 192 192 192 192 192 193 193 192 193 193 193 193 193 193 193 194 194 194 194 194 194 194 194 194 194 194 194 194 194 195 195 195 195 195 195 195 195 196 196 196 196 196 196 196 196 196 196 196 196 196 196 196 196 196 196 196 197 197 197 197 197 197 197 197 197 197 197 197 198 198 198 198 198 198 198 198 198 198 198 198 198 198 198 198 198 198 198 198 198 198 198 198 198 198 198 198 199 199 199 200 200 199 199 199 198 199 200 199 199 199 199 199 199 199 199 200 200 200 200 201 201 201 201 201 201 201 202 202 202 202 202 201 201 201 202 202 202 202 202 202 202 202 202 202 202 202 202 202 202 202 202 203 203 202 203 203 203 204 203 204 203 204 204 204 204 203 204 204 205 205 205 206 207 207 207 207 207 208 208 207 207 208 207 207 207 208 209 209 209 0 0 0 0 0 0 0 0 0 0 0 0 0 0 0 0 0 0 0 0 0 
0 0 0 0 0 0 0 0 0 0 0 0 0 0 0 0 0 0 0 0 0 0 0 0 0 0 0 0 0 0 0 0 0 0 0 0 0 0 0 0 0 0 0 0 0 0 0 0 0 0 0 0 0 0 0 0 0 0 0 0 0 0 0 0 0 0 0 0 0 0 0 0 0 0 0 0 0 0 0 0 0 0 0 0 0 0 0 174 173 173 173 173 174 173 173 173 173 174 174 175 175 174 173 174 174 173 173 173 174 175 175 176 178 178 178 179 179 179 178 178 178 179 179 179 180 180 180 180 180 180 180 180 180 181 181 181 181 181 181 181 181 181 181 181 182 182 182 182 182 182 182 182 182 182 183 183 183 183 183 184 183 183 183 184 184 184 184 184 184 184 183 183 184 183 184 184 185 185 186 186 186 186 187 187 187 186 187 187 188 187 186 186 184 184 184 185 185 185 185 185 184 184 184 183 183 184 184 184 184 184 184 184 184 185 184 184 184 185 185 185 185 185 186 186 186 186 186 186 186 187 187 188 189 190 190 190 191 191 191 191 191 191 191 190 189 189 189 189 189 189 189 189 190 191 191 190 190 190 190 190 190 190 190 190 190 190 189 189 189 189 190 190 190 190 191 190 190 190 190 189 190 191 191 191 190 190 190 190 191 191 191 191 191 192 192 192 192 192 192 192 192 193 193 193 193 193 193 193 194 194 194 194 194 194 194 194 194 194 194 194 194 194 195 195 195 195 195 195 195 195 196 196 196 196 196 196 196 196 196 196 196 196 195 196 196 196 196 196 196 196 197 196 197 197 197 197 197 197 197 197 197 197 198 197 198 198 198 198 198 198 198 198 198 198 198 198 198 198 198 198 198 198 198 198 198 198 198 198 198 198 198 199 199 199 200 200 199 199 199 199 199 199 199 199 198 198 198 199 199 200 200 201 201 201 200 201 201 201 201 202 201 202 202 202 202 202 202 201 202 201 201 201 202 201 202 202 202 202 203 202 202 201 201 201 202 202 202 203 203 203 203 203 203 203 203 203 203 203 204 204 205 204 205 206 206 206 206 206 207 207 207 207 207 207 207 207 207 207 208 209 209 209 209 0 0 0 0 0 0 0 0 0 0 0 0 0 0 0 0 0 0 0 0 
0 0 0 0 0 0 0 0 0 0 0 0 0 0 0 0 0 0 0 0 0 0 0 0 0 0 0 0 0 0 0 0 0 0 0 0 0 0 0 0 0 0 0 0 0 0 0 0 0 0 0 0 0 0 0 0 0 0 0 0 0 0 0 0 0 0 0 0 0 0 0 0 0 0 0 0 0 0 0 0 0 0 0 0 0 0 174 174 174 173 173 173 174 173 173 174 174 174 175 175 174 174 174 175 175 174 173 173 174 174 175 176 177 178 178 179 179 179 178 178 179 179 179 179 180 180 180 180 180 180 180 180 180 180 180 181 181 181 181 181 181 181 181 181 181 181 182 182 182 182 182 182 182 182 182 183 183 183 183 183 183 183 183 183 184 184 184 184 184 184 183 183 183 183 184 184 184 184 185 186 186 186 187 187 187 187 187 187 187 187 187 186 184 183 184 184 184 185 185 184 184 184 183 183 183 184 184 184 184 184 184 184 184 184 185 184 184 185 185 185 186 185 185 185 185 186 186 186 186 187 188 188 189 189 189 190 190 190 191 191 192 192 191 191 190 190 189 189 190 190 190 190 190 190 190 190 189 189 189 190 190 190 190 190 190 190 190 190 189 189 190 190 189 190 190 191 190 190 190 190 190 191 191 191 191 191 190 191 191 191 191 192 192 192 192 192 192 192 192 193 193 193 193 193 193 193 193 193 193 194 193 194 194 194 194 194 194 194 194 194 194 194 194 194 194 195 195 195 195 195 195 196 196 196 196 196 196 196 196 196 196 196 195 195 196 196 196 196 196 196 196 196 196 197 197 197 197 197 197 197 197 197 197 197 197 197 198 198 198 198 198 198 198 198 198 198 198 198 198 198 198 198 198 198 198 198 198 198 198 198 198 198 199 199 200 200 200 200 199 199 200 200 200 199 199 199 199 199 198 199 200 200 200 200 201 201 201 201 201 202 202 202 202 202 202 202 202 201 201 201 201 201 201 201 202 202 202 202 202 203 203 202 201 201 202 202 202 202 203 203 203 202 202 202 203 203 204 204 205 205 205 205 205 206 206 205 205 206 206 207 207 207 207 207 206 207 207 208 209 209 209 208 208 0 0 0 0 0 0 0 0 0 0 0 0 0 0 0 0 0 0 0 0 
0 0 0 0 0 0 0 0 0 0 0 0 0 0 0 0 0 0 0 0 0 0 0 0 0 0 0 0 0 0 0 0 0 0 0 0 0 0 0 0 0 0 0 0 0 0 0 0 0 0 0 0 0 0 0 0 0 0 0 0 0 0 0 0 0 0 0 0 0 0 0 0 0 0 0 0 0 0 0 0 0 0 0 0 0 174 174 174 174 174 173 173 174 173 174 174 174 175 175 175 174 175 175 175 175 175 175 173 173 175 176 176 177 178 178 179 179 179 179 179 179 179 179 179 179 179 179 179 179 179 180 180 180 180 180 180 181 181 181 181 181 181 181 181 181 182 182 182 182 182 182 182 182 182 183 182 182 182 183 182 183 183 183 183 183 184 184 184 184 184 183 183 183 184 184 185 184 184 185 185 186 186 186 187 187 186 187 187 187 186 186 185 183 183 183 184 184 185 184 184 184 184 184 184 184 183 184 184 184 184 184 184 184 184 184 184 184 184 185 185 185 185 185 186 186 186 186 186 187 187 188 188 189 189 189 190 190 190 191 191 191 192 191 190 190 190 189 189 190 190 190 190 190 189 189 190 190 189 189 189 189 190 190 190 190 190 190 190 189 189 189 190 190 189 190 190 191 190 190 190 191 191 191 191 191 191 191 191 191 191 192 192 192 192 192 192 192 192 192 192 192 192 193 193 193 193 193 193 193 193 193 193 194 194 194 194 194 194 194 194 194 194 194 194 194 194 195 195 195 195 195 196 196 195 196 196 196 196 196 196 196 196 195 195 195 196 196 196 196 196 196 196 196 196 197 197 197 197 197 197 197 197 197 197 197 197 197 197 198 198 198 198 198 198 198 198 198 198 198 198 198 198 198 198 198 198 198 198 198 198 199 199 199 199 199 199 199 200 200 199 200 200 200 199 199 199 199 199 199 199 199 200 200 200 200 201 201 200 201 201 202 202 201 202 202 201 201 201 201 201 201 201 201 201 201 202 202 202 202 202 202 203 202 201 201 202 202 202 203 202 202 202 202 203 204 203 203 203 204 204 204 205 206 206 206 204 205 206 207 207 207 207 207 206 206 207 207 208 208 208 208 207 207 0 0 0 0 0 0 0 0 0 0 0 0 0 0 0 0 0 0 0 0 
0 0 0 0 0 0 0 0 0 0 0 0 0 0 0 0 0 0 0 0 0 0 0 0 0 0 0 0 0 0 0 0 0 0 0 0 0 0 0 0 0 0 0 0 0 0 0 0 0 0 0 0 0 0 0 0 0 0 0 0 0 0 0 0 0 0 0 0 0 0 0 0 0 0 0 0 0 0 0 0 0 0 0 0 0 174 174 174 174 174 174 174 174 173 174 175 175 175 174 174 175 175 175 175 175 175 174 173 173 175 175 176 177 177 178 178 179 179 179 179 179 180 180 179 179 179 179 179 179 180 180 180 180 180 180 180 180 180 180 181 181 181 181 181 181 182 182 182 182 182 182 182 182 182 183 182 182 182 183 183 183 183 183 183 183 183 184 184 184 183 183 182 183 184 184 185 184 184 184 184 185 186 186 186 186 186 186 186 186 185 185 185 183 183 183 184 184 184 185 185 184 184 184 183 183 184 184 184 184 184 184 184 184 184 184 184 184 184 184 184 185 185 185 186 186 186 186 186 186 187 187 188 188 189 189 189 190 190 191 191 191 191 190 190 190 189 189 189 190 189 189 189 190 190 189 189 189 189 190 190 189 189 189 189 189 190 190 190 190 190 190 190 190 189 190 190 191 191 191 191 191 191 192 191 191 191 191 191 191 191 191 191 191 192 192 192 192 192 192 192 192 192 193 193 193 193 193 193 193 193 193 193 193 194 194 194 194 194 194 194 194 194 194 194 194 194 195 195 195 195 195 195 195 196 196 196 196 196 196 196 196 196 196 196 196 196 196 196 196 196 196 196 196 196 196 196 197 197 197 197 197 197 197 197 197 197 197 197 197 198 198 198 198 198 198 198 198 198 198 198 197 198 198 199 199 198 198 198 198 198 198 199 199 199 200 199 199 199 200 200 200 200 200 200 200 200 199 199 199 199 199 199 200 200 200 200 200 200 201 201 201 201 201 201 201 201 201 201 201 201 201 201 201 201 201 202 202 202 202 202 202 203 202 202 202 202 202 202 202 202 202 202 203 203 204 203 203 203 203 203 204 204 204 205 205 204 204 205 206 207 207 207 207 206 206 207 207 207 208 208 207 206 207 207 0 0 0 0 0 0 0 0 0 0 0 0 0 0 0 0 0 0 0 
0 0 0 0 0 0 0 0 0 0 0 0 0 0 0 0 0 0 0 0 0 0 0 0 0 0 0 0 0 0 0 0 0 0 0 0 0 0 0 0 0 0 0 0 0 0 0 0 0 0 0 0 0 0 0 0 0 0 0 0 0 0 0 0 0 0 0 0 0 0 0 0 0 0 0 0 0 0 0 0 0 0 0 0 0 0 174 174 174 174 174 174 174 174 174 174 175 174 174 174 175 175 175 175 175 174 173 173 175 175 176 176 176 177 177 178 178 179 179 179 179 180 180 179 179 179 178 179 179 180 180 180 181 180 180 180 180 181 181 181 181 181 181 181 181 182 182 182 182 182 182 182 182 182 183 183 182 182 182 183 183 183 183 183 183 183 184 184 184 183 182 182 183 183 184 184 184 183 184 184 185 185 185 186 186 186 185 185 185 184 185 185 183 183 183 183 183 184 184 184 185 184 184 184 183 184 184 184 184 184 184 184 184 184 184 184 184 185 184 184 185 185 185 185 186 186 186 185 186 186 187 188 188 188 189 189 189 190 190 191 192 191 190 190 189 189 188 188 189 189 189 189 190 189 189 189 189 189 190 189 190 190 190 190 189 189 190 190 190 190 190 190 190 190 190 191 191 191 191 190 191 190 191 191 190 190 191 191 191 191 191 191 191 191 192 192 192 192 192 192 192 192 192 193 193 193 193 193 193 193 193 193 193 193 194 194 194 194 194 194 194 194 194 194 194 194 194 194 195 195 195 195 195 195 195 196 196 196 196 196 196 196 196 196 196 196 196 196 196 196 196 196 196 196 196 196 196 196 196 197 197 197 197 197 197 197 197 197 197 198 198 198 198 198 198 198 198 198 198 198 197 197 198 198 199 199 199 199 198 198 198 198 199 199 199 199 199 200 200 200 200 200 200 200 200 200 200 200 199 199 199 199 199 199 200 200 200 200 200 200 200 201 200 200 201 201 200 201 201 201 201 201 201 201 201 201 202 202 202 202 202 202 202 202 202 202 202 202 202 201 202 202 203 203 204 204 204 203 202 203 203 204 204 204 205 204 204 205 205 206 207 207 207 206 206 206 207 207 208 207 207 207 206 207 207 207 0 0 0 0 0 0 0 0 0 0 0 0 0 0 0 0 0 
0 0 0 0 0 0 0 0 0 0 0 0 0 0 0 0 0 0 0 0 0 0 0 0 0 0 0 0 0 0 0 0 0 0 0 0 0 0 0 0 0 0 0 0 0 0 0 0 0 0 0 0 0 0 0 0 0 0 0 0 0 0 0 0 0 0 0 0 0 0 0 0 0 0 0 0 0 0 0 0 0 0 0 0 0 0 0 174 174 174 174 174 175 174 174 174 174 174 174 174 174 174 174 175 175 174 173 174 175 175 176 175 176 176 176 177 177 178 179 179 179 179 179 179 179 179 179 179 179 180 180 180 181 181 180 181 181 181 181 181 181 181 181 181 181 181 182 182 182 182 182 182 182 182 182 182 182 182 183 183 183 183 183 183 183 184 184 184 184 183 183 182 182 183 183 183 183 183 184 184 184 185 185 185 185 184 185 184 184 184 184 184 183 183 183 183 184 184 184 184 184 184 184 183 183 183 183 183 183 183 184 184 183 183 184 184 185 185 185 184 184 184 185 185 185 185 185 186 186 186 186 187 187 188 188 189 189 189 189 190 190 191 190 189 188 188 188 189 188 188 189 189 189 189 189 189 189 188 189 189 189 189 189 189 190 189 189 189 190 190 191 190 191 190 190 191 191 191 191 191 190 190 190 190 190 190 191 191 191 191 191 191 191 191 192 192 192 192 192 192 192 192 192 193 193 193 193 193 193 193 193 193 193 193 193 194 194 194 194 194 194 194 194 194 194 194 194 194 194 195 195 195 195 195 195 195 195 196 195 195 196 196 195 196 196 196 196 196 196 196 196 196 196 196 197 197 197 197 197 196 197 197 197 197 197 197 197 197 197 197 197 197 197 197 198 198 198 198 198 198 197 197 197 197 198 198 199 199 199 199 198 198 198 199 199 199 200 200 199 199 200 200 200 200 200 200 200 199 199 200 199 199 199 199 199 200 199 200 200 200 200 200 200 200 200 200 200 201 200 200 201 201 201 201 201 201 201 201 202 202 202 202 202 202 202 202 201 202 202 202 202 202 202 203 203 204 203 203 202 203 203 203 203 204 204 204 204 204 205 206 206 206 206 206 206 206 206 207 207 207 207 206 206 206 207 207 0 0 0 0 0 0 0 0 0 0 0 0 0 0 0 0 0 
0 0 0 0 0 0 0 0 0 0 0 0 0 0 0 0 0 0 0 0 0 0 0 0 0 0 0 0 0 0 0 0 0 0 0 0 0 0 0 0 0 0 0 0 0 0 0 0 0 0 0 0 0 0 0 0 0 0 0 0 0 0 0 0 0 0 0 0 0 0 0 0 0 0 0 0 0 0 0 0 0 0 0 0 0 0 0 174 174 174 174 174 175 175 174 174 175 175 175 174 173 173 173 173 174 174 174 174 174 175 175 175 176 176 176 176 177 178 178 178 179 179 179 179 179 179 179 179 179 180 180 180 180 180 180 180 181 181 181 181 181 181 180 181 181 181 181 182 182 182 182 182 182 182 182 182 182 183 183 183 183 183 183 183 183 184 183 184 184 183 183 182 182 182 183 184 184 184 184 184 184 184 184 185 184 184 184 184 184 184 184 184 183 183 183 183 184 184 184 184 184 183 183 183 183 183 183 183 183 183 183 183 183 184 184 184 185 185 184 184 184 184 184 185 185 185 185 185 185 186 186 186 186 187 188 188 188 188 188 189 190 190 189 189 189 189 189 189 189 189 188 188 189 189 188 188 188 188 188 188 188 189 188 188 188 189 189 189 189 190 190 190 190 191 191 191 191 191 191 191 190 190 190 190 191 190 190 191 191 191 191 191 191 191 192 192 192 192 192 192 192 192 192 193 193 193 192 192 193 193 193 193 193 193 193 193 193 193 194 194 194 194 194 194 194 194 194 194 194 194 195 195 195 194 195 195 195 195 196 195 195 196 195 195 195 196 196 196 196 196 196 196 196 196 196 196 196 197 197 196 196 197 197 197 197 197 197 197 197 197 197 197 197 197 198 198 198 198 198 198 198 197 197 197 197 198 198 199 199 199 199 198 198 198 199 199 199 199 199 199 199 199 199 200 200 199 199 200 200 200 200 199 199 199 199 199 199 199 200 200 200 200 200 200 200 200 201 200 201 200 200 201 201 201 201 201 201 201 201 202 201 202 202 202 202 201 201 202 202 202 202 203 203 203 203 203 203 203 203 203 203 203 204 204 204 203 204 204 205 205 205 205 206 207 206 206 206 207 207 207 208 207 206 206 207 207 207 0 0 0 0 0 0 0 0 0 0 0 0 0 0 0 0 
0 0 0 0 0 0 0 0 0 0 0 0 0 0 0 0 0 0 0 0 0 0 0 0 0 0 0 0 0 0 0 0 0 0 0 0 0 0 0 0 0 0 0 0 0 0 0 0 0 0 0 0 0 0 0 0 0 0 0 0 0 0 0 0 0 0 0 0 0 0 0 0 0 0 0 0 0 0 0 0 0 0 0 0 0 0 0 0 174 0 0 175 175 175 175 175 175 175 174 173 173 173 173 173 174 174 175 174 174 175 175 175 175 176 176 176 177 177 178 178 178 178 179 179 180 179 179 179 179 180 180 180 180 180 180 181 181 181 181 181 181 181 180 181 181 181 181 182 182 182 182 182 182 182 182 182 182 182 183 183 183 183 183 183 183 183 183 184 184 184 183 183 183 182 182 183 183 183 183 184 184 184 184 184 184 184 184 184 184 184 184 184 183 183 183 183 183 184 184 184 183 183 183 183 183 184 184 184 183 183 183 183 183 184 184 184 185 184 184 184 184 184 184 185 185 185 185 185 186 186 186 186 187 187 187 187 187 187 188 189 189 188 188 189 189 189 189 189 189 188 188 189 189 189 189 188 188 189 189 189 188 189 189 189 189 189 189 189 189 189 189 190 190 190 190 191 191 191 191 191 191 191 190 190 190 191 190 190 191 191 191 191 191 191 191 192 192 192 192 192 192 192 192 192 192 192 193 193 193 193 193 193 193 193 193 193 193 193 194 194 194 194 194 194 194 194 194 194 194 194 195 195 194 194 194 195 195 195 195 195 195 196 195 195 195 195 196 196 196 196 196 196 196 196 196 196 196 196 196 196 196 197 197 197 197 197 197 197 197 197 197 197 197 198 198 198 198 198 198 198 197 197 197 197 197 198 198 198 198 198 198 199 199 198 198 199 199 199 199 199 199 200 199 199 199 199 200 200 200 200 199 199 199 199 199 199 199 199 199 200 199 199 199 200 200 200 200 200 200 200 200 200 201 201 201 201 201 201 201 201 201 202 202 202 201 201 201 202 202 202 202 203 203 203 204 204 203 203 203 203 203 203 203 204 203 204 204 205 204 204 204 204 206 207 206 205 206 207 207 207 207 207 206 206 206 207 208 208 0 0 0 0 0 0 0 0 0 0 0 0 0 0 0 
0 0 0 0 0 0 0 0 0 0 0 0 0 0 0 0 0 0 0 0 0 0 0 0 0 0 0 0 0 0 0 0 0 0 0 0 0 0 0 0 0 0 0 0 0 0 0 0 0 0 0 0 0 0 0 0 0 0 0 0 0 0 0 0 0 0 0 0 0 0 0 0 0 0 0 0 0 0 0 0 0 0 0 0 0 0 0 0 0 0 0 0 0 175 175 175 175 175 174 173 173 173 174 174 174 174 174 174 174 174 174 175 175 175 176 176 177 177 177 177 177 178 179 179 179 179 179 179 179 180 180 180 180 180 180 180 180 180 181 181 181 181 181 181 181 181 181 181 182 182 182 182 182 182 182 182 182 182 183 183 183 183 183 183 183 183 183 184 184 184 184 183 183 182 182 182 183 183 183 183 184 184 184 184 184 184 183 183 183 183 184 184 183 183 183 183 183 183 183 184 184 183 183 183 183 183 183 183 184 183 183 183 183 184 184 184 184 184 184 184 184 184 184 184 184 185 185 186 186 185 186 186 186 186 186 187 188 188 188 188 188 188 188 188 188 189 189 189 188 188 188 188 189 189 189 188 188 189 189 188 188 189 189 189 190 190 190 189 189 189 189 189 189 189 190 190 190 190 190 190 190 191 190 190 190 190 190 190 190 191 191 191 191 191 191 191 192 192 192 192 192 192 192 192 192 192 192 192 193 193 193 193 193 193 193 193 193 193 193 193 193 194 194 194 194 194 194 194 194 194 194 194 194 194 194 195 195 195 195 195 195 195 195 195 195 195 195 196 196 196 196 196 196 196 196 196 196 196 196 196 196 197 197 197 196 196 196 197 197 197 197 198 197 197 198 198 198 199 199 198 198 198 197 197 197 197 198 198 198 198 198 199 200 198 198 198 199 199 199 199 199 199 199 199 199 199 199 200 200 200 199 199 199 198 198 199 199 199 199 199 199 199 199 199 199 199 200 200 200 200 200 200 201 200 201 201 200 201 201 201 201 202 202 201 201 201 202 202 202 202 202 202 203 203 204 203 203 203 203 203 204 203 203 203 203 204 204 204 203 204 203 204 206 206 206 205 206 206 207 207 207 207 206 206 207 207 207 207 0 0 0 0 0 0 0 0 0 0 0 0 0 0 0 
0 0 0 0 0 0 0 0 0 0 0 0 0 0 0 0 0 0 0 0 0 0 0 0 0 0 0 0 0 0 0 0 0 0 0 0 0 0 0 0 0 0 0 0 0 0 0 0 0 0 0 0 0 0 0 0 0 0 0 0 0 0 0 0 0 0 0 0 0 0 0 0 0 0 0 0 0 0 0 0 0 0 0 0 0 0 0 0 0 0 0 0 0 0 0 0 175 175 174 173 173 174 173 174 174 174 174 174 174 174 175 174 175 175 175 175 176 177 177 177 177 178 179 179 179 179 178 179 179 179 180 180 180 180 180 180 180 180 180 181 181 181 181 181 181 181 181 181 181 181 181 182 182 182 182 182 182 182 182 183 183 183 183 183 183 183 183 184 184 183 183 183 182 182 182 182 182 182 183 183 184 184 184 184 184 183 183 184 184 183 183 183 183 183 183 183 183 183 183 183 184 184 183 183 183 183 183 183 183 183 183 183 183 184 184 184 184 184 184 184 184 184 184 184 184 184 185 185 185 185 185 185 186 186 186 187 187 187 187 188 188 187 187 187 188 188 189 189 189 189 188 188 188 189 189 188 189 189 189 189 189 189 190 189 190 190 189 189 189 190 189 189 189 189 190 189 189 189 190 190 190 190 191 190 190 190 190 190 190 191 191 191 191 191 191 191 192 191 191 192 192 191 192 192 192 192 192 192 192 192 192 193 193 193 193 193 193 193 193 193 193 193 193 193 193 193 193 193 193 194 194 194 194 194 194 195 195 195 195 195 195 195 195 195 195 195 195 195 196 196 196 196 196 196 196 196 196 196 196 196 196 196 196 196 196 196 197 197 197 197 198 198 198 198 198 198 199 199 198 198 198 197 197 197 197 197 198 198 198 198 198 198 199 199 199 199 199 199 199 199 199 199 199 199 199 199 199 199 200 200 200 199 198 198 198 198 199 199 199 199 199 199 199 199 199 199 199 200 200 200 200 200 200 200 200 200 200 200 200 201 201 201 201 201 201 201 202 201 201 202 202 202 202 203 203 203 204 204 204 204 204 203 203 203 203 203 203 203 203 204 204 205 206 206 206 205 205 206 206 206 207 206 206 206 206 206 206 207 208 208 0 0 0 0 0 0 0 0 0 0 0 0 0 
0 0 0 0 0 0 0 0 0 0 0 0 0 0 0 0 0 0 0 0 0 0 0 0 0 0 0 0 0 0 0 0 0 0 0 0 0 0 0 0 0 0 0 0 0 0 0 0 0 0 0 0 0 0 0 0 0 0 0 0 0 0 0 0 0 0 0 0 0 0 0 0 0 0 0 0 0 0 0 0 0 0 0 0 0 0 0 0 0 0 0 0 0 0 0 0 0 175 174 173 174 174 174 174 174 174 174 174 174 174 174 174 174 174 175 175 176 176 177 178 178 178 178 179 178 178 179 179 179 179 179 179 179 180 180 180 180 180 181 181 181 181 180 181 181 181 181 181 181 181 181 181 182 182 182 182 182 182 182 182 183 183 183 183 183 183 183 183 183 183 183 183 183 183 183 182 182 182 183 183 184 184 184 184 184 184 184 184 184 183 183 183 182 182 182 182 182 183 183 183 183 184 183 183 183 183 183 183 183 183 183 183 183 183 183 184 184 184 184 184 185 184 184 185 184 184 184 185 185 186 186 186 186 186 187 187 187 187 187 187 187 187 187 187 188 188 188 189 189 189 188 188 188 188 188 188 189 189 190 189 190 190 189 189 189 189 189 189 189 190 190 189 188 188 189 189 189 189 190 190 190 190 190 190 190 190 190 190 190 191 191 191 191 191 191 191 191 191 191 191 192 192 191 191 192 192 192 192 192 192 192 192 192 193 193 193 193 193 193 193 193 193 193 193 193 193 193 193 193 194 194 194 194 194 194 194 194 194 194 195 195 195 195 195 195 195 195 195 195 196 196 196 196 196 196 196 196 196 196 196 196 196 196 196 197 197 197 197 197 197 197 198 198 198 198 198 198 198 198 198 197 197 197 197 198 198 198 198 198 198 198 198 199 200 200 199 199 199 198 199 199 199 199 199 199 199 199 199 199 200 201 199 199 198 198 199 199 199 199 199 199 199 199 199 199 199 199 200 200 200 200 200 200 200 200 201 200 200 200 200 200 200 201 201 201 201 201 201 201 202 202 202 202 203 203 203 203 203 203 203 204 204 204 204 203 203 203 203 203 204 204 204 205 205 206 206 205 205 205 206 207 206 206 206 206 207 207 207 208 208 208 208 0 0 0 0 0 0 0 0 0 0 0 
0 0 0 0 0 0 0 0 0 0 0 0 0 0 0 0 0 0 0 0 0 0 0 0 0 0 0 0 0 0 0 0 0 0 0 0 0 0 0 0 0 0 0 0 0 0 0 0 0 0 0 0 0 0 0 0 0 0 0 0 0 0 0 0 0 0 0 0 0 0 0 0 0 0 0 0 0 0 0 0 0 0 0 0 0 0 0 0 0 0 0 0 0 0 0 0 0 0 174 174 174 174 174 173 173 174 174 174 174 175 175 176 175 174 175 175 176 176 177 178 178 177 177 178 178 179 179 179 179 180 180 179 179 179 180 180 180 181 181 181 181 181 180 180 180 180 180 181 181 181 181 181 181 181 182 182 182 182 182 182 183 183 183 183 183 183 183 183 183 183 183 183 183 183 182 182 182 182 182 183 183 183 184 184 184 185 184 184 184 184 183 183 182 182 182 183 183 182 182 183 183 183 184 184 184 183 183 182 183 183 183 183 183 183 184 184 184 184 185 185 185 185 184 184 184 184 184 185 185 186 186 186 186 187 187 187 187 187 187 187 187 187 187 187 188 188 188 188 188 188 188 188 188 188 188 189 189 189 190 190 190 189 189 189 189 190 190 189 189 190 190 189 189 188 188 189 188 189 189 189 190 189 190 190 190 190 190 190 191 191 191 191 191 191 191 191 191 191 191 191 192 192 191 191 191 192 192 192 192 192 192 192 192 193 193 193 193 193 193 193 193 193 193 193 193 193 194 193 193 193 194 194 194 194 194 194 194 194 194 194 195 195 194 195 195 195 195 195 195 195 195 196 196 196 196 196 196 196 196 196 196 196 196 196 197 196 197 197 197 197 197 197 198 198 198 197 197 197 197 197 197 197 197 198 197 198 198 198 198 198 198 198 199 199 200 201 200 199 199 199 199 199 199 199 199 199 199 199 199 200 201 200 200 199 199 198 199 199 199 199 199 199 199 199 199 199 199 200 200 200 200 200 201 201 201 201 201 201 201 201 201 200 200 200 201 201 202 201 201 201 202 202 202 203 203 202 203 203 203 203 203 204 204 204 205 204 204 203 203 203 203 203 204 204 205 206 206 205 205 206 207 206 206 206 207 207 207 207 207 208 208 208 207 0 0 0 0 0 0 0 0 0 0 
0 0 0 0 0 0 0 0 0 0 0 0 0 0 0 0 0 0 0 0 0 0 0 0 0 0 0 0 0 0 0 0 0 0 0 0 0 0 0 0 0 0 0 0 0 0 0 0 0 0 0 0 0 0 0 0 0 0 0 0 0 0 0 0 0 0 0 0 0 0 0 0 0 0 0 0 0 0 0 0 0 0 0 0 0 0 0 0 0 0 0 0 0 0 0 0 0 0 175 174 174 173 173 173 173 174 173 173 174 175 176 175 174 174 175 176 176 177 177 178 177 177 177 177 177 178 179 179 180 180 180 179 179 180 180 180 181 181 180 181 180 180 180 181 180 180 181 181 181 181 181 181 181 181 181 182 182 182 182 182 182 182 183 183 183 183 183 183 183 183 184 184 183 182 182 182 182 182 182 182 183 183 184 184 184 185 184 184 184 184 184 184 182 182 182 183 183 183 183 182 183 183 183 183 183 183 183 182 183 183 184 183 183 183 184 184 185 185 185 184 185 184 184 184 185 184 184 184 184 185 185 185 186 187 187 186 186 186 187 187 187 186 187 187 187 187 188 188 188 189 188 188 188 188 188 189 189 189 190 189 189 189 189 189 189 189 189 189 189 190 190 190 189 189 188 189 189 188 188 188 189 189 190 190 190 191 191 190 190 191 191 191 191 191 191 191 191 191 191 192 192 192 192 191 191 191 191 192 192 192 192 192 192 192 193 193 193 193 193 193 193 193 193 194 194 194 194 194 193 193 194 194 194 194 194 194 194 194 194 194 194 194 194 194 195 195 195 195 195 195 195 195 195 196 196 196 196 196 196 196 196 196 196 196 196 196 196 196 197 197 197 197 197 197 197 197 197 197 197 197 198 198 198 198 197 198 198 198 198 198 198 198 198 198 199 200 201 201 200 199 199 199 199 199 199 199 199 199 199 200 201 201 200 199 199 198 198 199 199 199 199 199 199 199 199 199 199 200 200 200 200 200 201 201 201 202 202 202 202 202 201 201 200 200 200 201 201 202 201 201 202 202 202 202 202 203 203 203 203 203 203 203 203 203 204 204 205 204 204 203 203 203 203 203 205 206 206 206 205 205 206 206 206 206 207 207 207 207 207 208 208 208 207 207 208 208 207 208 208 0 0 0 0 
0 0 0 0 0 0 0 0 0 0 0 0 0 0 0 0 0 0 0 0 0 0 0 0 0 0 0 0 0 0 0 0 0 0 0 0 0 0 0 0 0 0 0 0 0 0 0 0 0 0 0 0 0 0 0 0 0 0 0 0 0 0 0 0 0 0 0 0 0 0 0 0 0 0 0 0 0 0 0 0 0 0 0 0 0 0 0 0 0 0 0 0 0 0 0 0 0 0 175 174 174 174 173 173 174 173 173 173 174 175 174 174 174 174 174 176 176 175 176 176 176 176 176 177 177 178 178 179 179 179 179 179 180 180 181 181 181 180 180 180 181 181 180 180 181 181 181 181 181 181 181 181 181 181 181 182 182 182 182 182 182 182 182 182 183 183 183 183 183 183 184 183 183 183 183 183 182 182 182 182 182 183 183 184 183 184 184 183 184 184 184 184 182 183 183 182 183 183 183 182 182 183 183 183 183 183 183 182 183 183 183 183 183 183 184 184 184 184 184 184 184 184 184 184 184 184 183 184 184 185 184 185 185 186 187 186 186 186 186 186 186 187 187 188 188 187 188 188 189 188 188 188 187 188 188 189 189 189 190 190 190 190 190 189 189 189 188 189 190 190 189 189 189 189 189 189 190 189 189 189 189 189 189 189 190 190 190 190 190 191 191 191 191 191 191 191 191 191 192 191 192 192 192 191 191 191 192 192 192 192 192 192 192 192 192 192 192 193 193 193 193 193 193 193 194 194 194 193 194 194 194 194 194 194 194 194 194 194 194 194 194 194 194 194 194 195 195 195 195 195 195 195 195 195 196 196 196 196 196 196 196 196 196 196 196 196 196 196 196 196 197 197 197 197 197 197 197 197 197 197 198 198 198 198 197 198 198 198 198 198 198 198 198 198 198 199 199 199 200 200 200 199 199 199 199 199 199 199 199 199 200 201 200 200 199 198 198 198 199 199 200 200 200 199 199 199 200 200 200 200 201 201 201 201 201 202 202 202 202 202 202 202 202 201 201 201 201 202 201 201 202 202 202 202 202 203 203 204 203 203 203 203 203 203 203 204 204 205 205 204 204 204 203 204 205 205 205 206 205 205 206 206 205 206 207 207 207 206 207 207 207 207 207 207 207 208 207 207 208 208 208 0 0 
0 0 0 0 0 0 0 0 0 0 0 0 0 0 0 0 0 0 0 0 0 0 0 0 0 0 0 0 0 0 0 0 0 0 0 0 0 0 0 0 0 0 0 0 0 0 0 0 0 0 0 0 0 0 0 0 0 0 0 0 0 0 0 0 0 0 0 0 0 0 0 0 0 0 0 0 0 0 0 0 0 0 0 0 0 0 0 0 0 0 0 0 0 0 0 0 0 0 0 0 175 175 174 174 174 174 174 174 173 173 173 173 173 173 174 175 175 175 175 175 176 176 176 177 177 177 177 178 178 179 179 180 180 180 180 180 180 180 180 180 181 181 180 180 181 181 181 181 182 181 181 181 181 181 181 182 182 182 182 182 182 182 182 183 183 182 183 183 183 183 183 183 183 183 183 184 183 182 182 182 182 182 182 183 183 183 183 183 183 183 184 184 182 182 182 183 182 183 182 183 182 183 183 183 183 183 182 182 183 183 183 183 184 183 184 184 184 184 184 184 184 184 184 184 184 184 184 183 184 184 184 184 185 185 186 186 186 186 186 186 186 187 187 188 188 188 188 188 188 189 188 188 187 188 188 189 189 189 190 189 189 189 190 190 189 189 188 189 190 190 190 189 189 189 189 190 190 190 189 189 189 189 189 189 189 190 190 190 190 190 190 191 191 191 191 191 191 191 191 191 191 191 191 191 191 191 191 191 192 192 192 192 192 192 192 192 192 192 193 193 193 193 193 194 194 194 194 194 194 194 193 193 193 194 194 194 194 194 194 194 194 194 194 194 194 194 195 195 195 195 195 195 195 195 195 196 196 196 196 196 196 196 196 196 196 196 196 196 196 196 197 197 197 197 197 197 197 197 197 197 197 198 198 197 197 197 198 198 198 198 198 198 198 198 199 199 199 199 199 199 201 201 201 200 199 199 199 199 199 199 200 201 201 200 199 198 198 198 198 199 199 200 200 200 199 199 200 200 200 200 201 201 202 202 202 202 202 202 202 202 202 202 202 202 202 202 202 202 201 201 201 202 202 202 202 203 203 203 203 204 204 204 203 203 203 203 204 204 204 204 204 204 204 204 204 205 205 206 206 206 205 205 205 206 207 207 207 206 207 207 207 207 206 206 207 207 207 208 208 208 209 209 209 
0 0 0 0 0 0 0 0 0 0 0 0 0 0 0 0 0 0 0 0 0 0 0 0 0 0 0 0 0 0 0 0 0 0 0 0 0 0 0 0 0 0 0 0 0 0 0 0 0 0 0 0 0 0 0 0 0 0 0 0 0 0 0 0 0 0 0 0 0 0 0 0 0 0 0 0 0 0 0 0 0 0 0 0 0 0 0 0 0 0 0 0 0 0 0 0 0 0 0 0 0 0 0 0 175 174 174 174 174 174 174 174 174 174 174 175 176 176 176 177 177 177 177 178 177 177 178 178 178 179 180 180 180 180 180 180 180 180 180 180 181 181 181 180 181 181 181 181 181 181 181 181 181 181 181 181 182 182 182 182 182 182 183 183 182 182 183 183 183 183 183 183 183 183 183 183 183 183 183 183 182 182 181 181 182 183 183 182 182 182 183 183 182 182 182 182 183 183 182 182 182 182 183 183 183 183 182 182 183 183 184 183 184 184 184 184 184 184 183 183 183 183 183 183 184 184 184 184 184 184 184 185 185 185 186 186 185 186 186 187 187 187 187 187 187 187 187 188 188 188 188 188 188 188 188 189 189 189 189 189 189 189 190 190 190 189 189 189 190 190 190 189 189 188 188 189 190 190 190 190 189 189 189 190 189 189 189 189 190 190 190 190 191 191 191 191 191 191 191 191 191 191 191 191 191 191 191 191 191 192 192 192 192 192 193 193 192 192 192 193 193 193 193 194 194 194 193 193 193 193 193 194 193 193 194 194 194 194 195 194 194 194 194 194 194 194 195 195 195 195 195 195 195 195 195 196 196 196 196 196 196 196 196 196 196 196 196 196 196 196 197 197 197 197 197 197 197 197 197 197 197 197 197 198 197 197 197 197 197 197 198 198 198 198 198 198 198 199 199 199 199 201 202 202 201 200 200 199 199 199 200 202 202 201 200 199 199 199 198 199 199 200 200 200 200 200 200 201 200 200 201 201 201 201 202 202 202 202 202 202 201 201 201 202 202 202 202 202 202 202 201 202 202 202 202 202 202 203 203 203 204 204 204 204 204 204 204 204 204 203 203 204 204 203 204 204 205 205 206 206 205 205 205 206 206 207 206 206 207 207 207 207 206 206 206 206 207 207 208 208 208 208 0 
0 0 0 0 0 0 0 0 0 0 0 0 0 0 0 0 0 0 0 0 0 0 0 0 0 0 0 0 0 0 0 0 0 0 0 0 0 0 0 0 0 0 0 0 0 0 0 0 0 0 0 0 0 0 0 0 0 0 0 0 0 0 0 0 0 0 0 0 0 0 0 0 0 0 0 0 0 0 0 0 0 0 0 0 0 0 0 0 0 0 0 0 0 0 0 0 0 0 0 0 0 0 0 0 175 175 175 0 0 174 174 174 174 174 174 174 175 175 176 176 176 176 176 176 177 177 177 178 178 179 179 180 180 180 180 180 180 180 180 180 181 181 181 181 180 181 181 181 181 182 181 181 181 181 181 181 181 182 182 182 182 182 182 182 182 182 182 183 183 183 183 183 183 183 183 183 184 183 183 183 183 183 182 181 181 181 182 182 182 182 182 182 182 182 182 182 182 183 183 183 182 183 182 182 182 182 182 182 183 183 183 184 183 184 184 184 184 184 183 183 183 184 184 183 184 184 184 184 184 183 184 184 184 185 185 186 185 186 187 187 187 186 186 186 187 187 187 188 188 188 189 188 188 188 188 188 188 188 188 188 188 188 189 189 189 189 188 188 189 190 190 189 189 189 188 189 189 190 190 189 189 189 189 190 190 189 189 189 189 189 190 190 190 190 191 191 191 191 191 191 191 191 191 191 191 191 191 191 191 192 192 192 192 192 193 193 192 192 192 192 192 193 193 194 194 194 194 194 193 193 194 194 193 193 194 194 195 195 195 195 194 194 194 194 194 194 194 194 195 195 195 195 195 195 195 195 195 196 196 196 196 196 196 196 196 196 196 196 196 196 197 197 196 197 197 197 197 197 197 197 197 198 198 197 198 197 197 197 197 197 197 197 198 198 198 198 198 198 199 199 199 200 201 202 202 202 202 201 200 200 201 202 202 201 201 200 199 199 198 199 199 199 200 201 201 201 201 201 201 201 201 201 201 201 201 201 201 201 201 201 201 201 201 201 201 201 202 202 202 202 202 202 202 202 202 202 202 202 202 203 203 203 203 204 204 204 205 205 204 204 203 203 203 203 204 204 204 204 205 205 205 205 206 207 206 205 206 206 207 207 207 207 206 205 206 206 207 207 207 207 208 0 0 
0 0 0 0 0 0 0 0 0 0 0 0 0 0 0 0 0 0 0 0 0 0 0 0 0 0 0 0 0 0 0 0 0 0 0 0 0 0 0 0 0 0 0 0 0 0 0 0 0 0 0 0 0 0 0 0 0 0 0 0 0 0 0 0 0 0 0 0 0 0 0 0 0 0 0 0 0 0 0 0 0 0 0 0 0 0 0 0 0 0 0 0 0 0 0 0 0 0 0 0 0 0 0 0 0 0 0 0 0 0 0 174 175 0 0 175 175 175 175 175 175 176 176 176 177 177 178 178 178 178 179 179 180 180 180 180 180 180 180 180 181 181 181 180 180 181 181 181 181 181 181 181 181 181 181 181 181 181 182 182 182 182 182 182 182 182 183 183 183 183 183 183 183 183 183 183 183 183 184 184 183 183 183 182 182 181 181 181 181 181 181 181 180 181 181 181 182 182 182 182 183 183 183 182 182 182 182 183 182 183 183 184 184 183 183 184 184 184 184 183 183 184 184 183 184 185 185 184 184 183 184 184 184 185 185 185 185 186 186 186 186 186 186 187 187 187 187 188 188 188 188 188 188 188 189 188 188 188 188 189 189 189 188 188 188 188 188 188 189 190 190 190 189 189 188 189 189 190 190 189 189 189 189 190 190 189 189 189 189 189 189 189 190 190 190 190 190 190 190 191 191 191 190 190 191 191 191 191 191 192 192 192 193 192 192 192 192 192 192 192 192 193 193 193 193 194 194 194 194 193 194 194 193 193 194 195 195 195 195 194 194 195 194 194 194 194 194 194 195 195 195 195 195 195 195 195 195 196 196 196 196 196 196 196 196 196 196 196 196 196 196 196 196 197 197 197 197 197 197 197 197 197 198 198 198 198 197 197 197 198 197 197 198 198 198 198 198 198 198 198 198 199 199 200 202 202 202 202 202 201 202 202 202 202 202 201 200 199 198 198 199 199 199 200 201 201 201 201 202 202 201 202 202 201 201 201 201 201 201 201 201 201 201 201 201 201 201 201 202 202 202 202 202 202 202 202 202 202 202 202 202 203 203 203 203 204 205 205 205 205 204 203 203 203 203 203 203 203 204 204 204 205 205 206 206 205 206 206 207 207 207 207 206 206 206 206 206 207 207 207 208 0 0 
0 0 0 0 0 0 0 0 0 0 0 0 0 0 0 0 0 0 0 0 0 0 0 0 0 0 0 0 0 0 0 0 0 0 0 0 0 0 0 0 0 0 0 0 0 0 0 0 0 0 0 0 0 0 0 0 0 0 0 0 0 0 0 0 0 0 0 0 0 0 0 0 0 0 0 0 0 0 0 0 0 0 0 0 0 0 0 0 0 0 0 0 0 0 0 0 0 0 0 0 0 0 0 0 0 0 0 0 0 0 0 0 0 0 0 0 174 175 175 175 176 176 176 177 177 178 178 178 178 178 179 179 179 179 179 179 180 180 181 181 181 181 181 180 181 181 181 181 181 181 181 181 181 181 181 181 181 182 182 182 182 182 182 182 182 182 182 182 182 183 183 183 183 183 183 183 183 183 183 183 183 183 184 183 183 182 182 182 183 183 182 182 180 180 181 181 181 182 182 182 182 182 182 182 182 182 182 182 182 183 183 183 184 183 184 184 184 184 184 183 184 184 184 183 184 184 184 183 183 183 184 184 184 184 185 184 185 186 186 185 185 186 186 187 187 187 187 187 188 188 188 188 189 189 188 188 189 188 189 189 189 188 188 188 189 189 189 188 189 189 189 189 190 189 189 189 190 190 190 190 190 190 189 190 190 189 189 189 189 189 189 189 189 190 190 190 190 190 190 190 190 190 190 190 190 191 191 192 191 191 192 192 192 192 192 192 192 192 192 193 193 193 193 193 193 193 194 194 194 194 194 194 194 194 193 194 195 195 195 195 195 195 194 194 194 194 194 194 195 195 195 195 195 195 195 195 195 196 196 196 196 196 196 196 196 196 196 196 196 196 196 196 196 196 196 197 197 197 197 197 198 197 198 198 198 198 197 197 197 197 197 198 198 198 198 198 198 198 198 198 198 198 198 199 200 202 202 202 202 202 202 202 202 202 202 202 201 200 199 198 198 199 199 199 200 201 201 201 202 202 202 201 201 201 201 201 201 201 201 201 201 201 201 201 201 202 202 202 202 202 202 202 202 202 202 202 202 202 202 202 202 203 203 203 203 203 204 204 204 205 205 204 204 204 204 204 204 204 203 204 204 204 204 205 205 205 205 206 206 206 207 206 205 205 206 206 206 206 206 206 207 208 0 
0 0 0 0 0 0 0 0 0 0 0 0 0 0 0 0 0 0 0 0 0 0 0 0 0 0 0 0 0 0 0 0 0 0 0 0 0 0 0 0 0 0 0 0 0 0 0 0 0 0 0 0 0 0 0 0 0 0 0 0 0 0 0 0 0 0 0 0 0 0 0 0 0 0 0 0 0 0 0 0 0 0 0 0 0 0 0 0 0 0 0 0 0 0 0 0 0 0 0 0 0 0 0 0 0 0 0 0 0 0 0 0 0 0 0 0 174 175 176 176 176 176 176 177 178 178 178 178 178 178 179 179 179 179 179 180 180 180 180 180 180 181 181 180 180 180 181 181 181 181 181 181 181 181 181 181 181 182 182 182 182 182 182 182 182 182 182 182 182 182 183 183 182 182 182 183 183 183 183 183 183 183 184 184 184 183 183 183 183 183 183 182 181 180 180 181 181 181 182 182 182 182 182 182 182 182 182 183 182 183 183 183 183 183 184 184 184 184 184 184 184 184 184 184 184 184 184 184 183 183 184 184 184 184 184 185 186 186 186 185 185 186 186 187 186 186 187 187 187 188 188 189 189 189 189 188 188 188 189 189 189 189 189 189 190 189 189 188 188 189 189 189 190 190 189 189 190 191 190 190 189 189 189 189 190 189 189 189 189 189 189 189 189 189 190 190 190 190 190 190 190 190 190 190 190 191 191 191 192 192 192 192 192 192 192 192 192 192 193 193 193 193 192 192 193 193 193 194 195 194 194 194 194 194 194 194 195 195 195 195 195 195 194 194 194 194 194 194 195 195 195 195 195 195 195 195 195 195 195 195 196 196 196 196 196 196 196 196 196 196 196 196 196 196 196 196 197 197 197 197 198 198 198 198 198 198 198 198 198 197 198 197 198 198 198 198 198 198 198 198 198 198 198 199 199 201 202 202 202 202 202 202 202 202 202 201 201 200 200 199 198 199 199 199 200 200 201 201 201 201 202 201 201 201 201 201 201 201 201 201 201 201 201 201 201 202 202 202 202 202 202 202 202 202 202 202 202 202 202 202 202 202 202 203 203 203 204 204 204 204 204 205 205 205 205 205 205 205 205 205 204 204 204 204 204 205 205 205 206 206 206 206 205 205 206 206 206 206 206 207 207 0 0 
0 0 0 0 0 0 0 0 0 0 0 0 0 0 0 0 0 0 0 0 0 0 0 0 0 0 0 0 0 0 0 0 0 0 0 0 0 0 0 0 0 0 0 0 0 0 0 0 0 0 0 0 0 0 0 0 0 0 0 0 0 0 0 0 0 0 0 0 0 0 0 0 0 0 0 0 0 0 0 0 0 0 0 0 0 0 0 0 0 0 0 0 0 0 0 0 0 0 0 0 0 0 0 0 0 0 0 0 0 0 0 0 0 0 0 173 174 175 176 176 176 177 177 177 177 178 178 178 177 178 178 179 179 179 179 180 180 180 180 180 180 180 180 180 180 180 181 181 181 181 181 181 181 181 181 181 181 181 182 182 182 182 182 182 181 181 181 181 182 182 182 182 182 182 182 183 183 183 183 183 183 183 183 184 184 183 183 183 183 183 182 182 181 181 180 181 181 181 181 181 181 182 182 182 182 182 183 183 182 183 183 183 183 183 184 184 184 185 185 184 185 185 184 184 184 185 184 184 184 184 184 184 183 184 184 185 185 185 185 185 185 185 186 186 186 186 186 187 187 188 187 188 188 189 190 189 188 189 189 189 189 190 190 190 190 189 189 188 188 188 189 190 190 190 190 189 189 190 191 190 190 189 189 189 189 190 190 190 189 189 189 189 189 189 189 189 189 189 190 190 190 190 190 190 190 191 191 191 191 192 192 192 192 192 192 192 192 192 192 192 192 192 192 193 192 192 193 193 194 194 194 194 194 194 194 195 195 195 195 195 194 194 194 194 194 194 194 194 195 195 195 195 195 195 195 195 195 195 195 195 195 196 196 196 196 196 196 196 196 196 196 196 196 196 196 196 197 196 197 197 197 197 198 197 197 198 198 198 198 198 198 198 198 198 198 198 198 198 198 198 198 198 198 198 199 200 201 202 202 202 202 202 202 202 202 201 201 200 200 200 200 199 199 200 200 200 200 201 201 201 201 201 201 201 201 201 201 201 201 201 201 201 201 201 201 201 202 202 202 202 202 202 202 202 202 202 202 202 202 202 202 202 202 202 203 203 204 204 204 204 204 204 204 204 205 204 204 205 205 206 206 205 204 204 204 205 205 205 205 205 206 206 205 206 206 206 206 206 206 207 207 0 0 
0 0 0 0 0 0 0 0 0 0 0 0 0 0 0 0 0 0 0 0 0 0 0 0 0 0 0 0 0 0 0 0 0 0 0 0 0 0 0 0 0 0 0 0 0 0 0 0 0 0 0 0 0 0 0 0 0 0 0 0 0 0 0 0 0 0 0 0 0 0 0 0 0 0 0 0 0 0 0 0 0 0 0 0 0 0 0 0 0 0 0 0 0 0 0 0 0 0 0 0 0 0 0 0 0 0 0 0 0 0 0 0 0 0 0 0 175 175 175 175 175 176 177 177 177 178 178 178 177 177 178 179 179 179 179 179 180 180 180 180 180 180 180 180 180 180 180 181 181 181 181 181 181 181 181 181 181 181 182 182 182 182 182 182 181 181 181 181 182 182 182 182 182 182 182 183 183 183 183 183 183 183 183 183 183 183 183 182 182 182 181 181 180 180 181 181 181 181 181 181 182 182 182 182 182 182 182 183 183 182 183 183 183 184 184 184 184 185 185 185 185 185 184 184 185 185 184 184 184 184 184 184 183 183 184 184 184 185 185 185 185 185 186 186 186 186 186 187 187 187 187 188 188 189 190 189 190 190 190 189 189 189 189 190 190 190 189 188 189 189 189 190 190 190 190 190 190 190 190 190 190 190 189 189 189 189 189 189 189 189 189 189 189 189 189 189 189 189 190 190 190 190 191 191 190 190 190 191 191 191 192 192 192 192 192 192 191 192 192 192 192 193 193 193 193 193 193 193 194 194 193 193 193 193 194 194 194 195 195 194 194 194 194 194 194 194 194 194 194 194 194 195 195 195 195 195 195 195 195 195 195 195 196 196 196 196 196 196 196 196 196 196 196 196 196 196 196 196 197 197 197 197 197 197 197 198 198 198 198 199 198 198 198 198 198 198 198 198 198 198 198 198 198 198 199 199 200 201 201 201 201 202 202 202 202 202 201 200 200 199 199 199 199 200 200 200 200 200 201 201 201 201 201 201 201 202 201 201 201 201 201 201 201 201 201 201 201 201 201 202 202 202 202 202 202 202 202 203 202 202 202 202 202 202 202 203 203 203 203 204 204 204 204 204 205 204 204 204 204 205 205 206 206 205 204 204 205 205 205 206 206 206 205 206 206 206 206 206 206 206 207 0 0 
0 0 0 0 0 0 0 0 0 0 0 0 0 0 0 0 0 0 0 0 0 0 0 0 0 0 0 0 0 0 0 0 0 0 0 0 0 0 0 0 0 0 0 0 0 0 0 0 0 0 0 0 0 0 0 0 0 0 0 0 0 0 0 0 0 0 0 0 0 0 0 0 0 0 0 0 0 0 0 0 0 0 0 0 0 0 0 0 0 0 0 0 0 0 0 0 0 0 0 0 0 0 0 0 0 0 0 0 0 0 0 0 0 0 0 0 0 0 174 175 175 176 176 177 177 178 178 178 178 177 178 178 179 179 179 179 180 180 180 180 180 180 180 180 180 180 180 180 181 181 181 181 181 181 181 181 181 181 182 182 182 182 182 182 181 181 181 181 182 182 182 182 182 182 182 182 183 183 183 183 183 183 183 183 183 183 182 182 181 181 182 182 180 181 181 181 181 181 181 181 181 181 182 182 182 182 182 182 182 182 183 183 183 183 183 184 184 184 184 184 185 185 185 185 184 185 185 185 185 185 185 184 184 184 184 184 184 184 184 185 186 186 186 185 186 186 186 186 186 186 187 188 189 189 189 189 189 190 190 189 189 189 189 189 189 189 190 189 189 190 190 190 190 190 190 190 190 190 190 190 189 189 189 189 189 189 189 189 189 189 189 189 189 189 190 190 189 189 189 190 190 190 191 190 191 191 190 191 191 191 191 192 192 192 192 191 192 192 192 192 192 192 192 193 193 194 194 193 193 193 193 193 193 193 193 194 194 194 194 194 194 194 194 194 194 194 194 194 194 194 194 194 195 195 195 195 195 195 195 195 195 195 195 195 195 196 196 196 196 196 196 196 196 196 196 196 196 196 196 196 197 197 197 197 197 197 198 198 198 198 198 198 198 198 198 198 198 198 198 198 198 198 198 198 198 198 199 199 199 200 201 202 202 202 202 202 201 201 200 200 199 199 199 199 200 201 201 201 200 200 201 201 201 201 201 201 202 201 201 201 201 202 201 201 201 201 201 201 201 201 201 201 202 202 202 202 202 202 202 203 203 202 202 202 202 202 203 203 203 203 204 204 204 204 204 204 204 204 204 204 204 205 205 206 205 204 204 205 205 205 206 206 205 205 205 205 206 206 206 206 0 0 0 
0 0 0 0 0 0 0 0 0 0 0 0 0 0 0 0 0 0 0 0 0 0 0 0 0 0 0 0 0 0 0 0 0 0 0 0 0 0 0 0 0 0 0 0 0 0 0 0 0 0 0 0 0 0 0 0 0 0 0 0 0 0 0 0 0 0 0 0 0 0 0 0 0 0 0 0 0 0 0 0 0 0 0 0 0 0 0 0 0 0 0 0 0 0 0 0 0 0 0 0 0 0 0 0 0 0 0 0 0 0 0 0 0 0 0 0 0 0 0 0 0 0 176 176 177 178 177 177 178 177 178 178 178 178 179 179 179 179 180 180 180 180 180 180 180 180 180 180 181 181 181 181 181 181 181 181 181 181 181 182 182 182 182 182 182 182 182 181 181 181 182 182 182 182 182 182 182 182 183 183 183 183 183 183 183 183 182 181 181 181 182 182 180 181 182 181 181 181 182 181 181 181 182 182 182 182 182 182 182 182 182 183 183 183 183 183 183 184 184 184 184 184 185 185 184 185 185 185 185 186 185 185 184 184 184 184 184 184 185 185 185 186 185 185 186 187 187 186 186 187 187 188 189 189 189 188 189 190 190 190 190 190 190 189 189 189 189 190 190 191 190 190 189 190 190 191 190 190 191 190 190 190 189 189 189 189 189 189 189 189 189 189 189 189 190 190 189 189 189 190 190 190 191 191 191 191 191 191 190 191 191 191 192 192 192 191 192 192 192 192 192 192 192 192 193 193 193 193 193 193 193 193 193 193 193 194 194 194 194 194 194 194 193 194 194 194 194 194 194 194 195 195 195 195 195 195 195 195 195 195 195 195 195 195 195 195 196 196 196 196 196 196 196 196 196 196 196 196 196 196 196 197 197 197 197 197 197 197 198 198 198 198 198 198 198 198 198 198 198 198 198 198 198 198 198 198 198 198 198 199 200 201 201 202 202 202 202 201 201 200 200 199 199 199 199 200 200 200 200 200 200 200 201 201 201 201 201 202 202 201 201 202 201 201 201 201 201 201 201 201 201 201 201 202 202 202 202 202 202 203 203 203 202 202 202 202 202 203 203 203 204 204 204 204 204 204 204 204 204 204 204 204 204 205 205 205 205 205 205 205 205 206 205 205 205 205 205 205 206 206 0 0 0 
0 0 0 0 0 0 0 0 0 0 0 0 0 0 0 0 0 0 0 0 0 0 0 0 0 0 0 0 0 0 0 0 0 0 0 0 0 0 0 0 0 0 0 0 0 0 0 0 0 0 0 0 0 0 0 0 0 0 0 0 0 0 0 0 0 0 0 0 0 0 0 0 0 0 0 0 0 0 0 0 0 0 0 0 0 0 0 0 0 0 0 0 0 0 0 0 0 0 0 0 0 0 0 0 0 0 0 0 0 0 0 0 0 0 0 0 0 0 0 0 0 0 175 176 177 0 0 178 177 177 177 178 178 178 179 179 179 0 0 180 180 180 180 180 180 180 180 180 180 180 181 181 181 181 181 181 181 181 181 181 182 182 182 182 182 182 182 182 182 181 181 182 182 182 182 182 182 182 182 183 183 183 183 183 183 183 183 182 181 182 183 182 180 181 182 181 181 181 181 181 181 181 182 182 182 182 182 182 182 182 182 182 183 183 183 184 183 183 184 184 184 184 184 184 184 184 184 184 184 185 185 186 185 184 184 184 184 184 184 185 185 185 185 186 186 186 186 186 187 187 188 187 188 188 187 188 189 190 190 190 190 190 190 189 189 189 189 190 190 190 190 190 189 189 190 190 190 190 190 191 190 190 189 189 189 189 189 190 189 190 189 189 189 189 190 190 189 189 189 190 191 191 191 191 191 191 191 190 190 190 191 191 191 192 192 192 192 192 192 192 192 192 192 193 193 193 193 193 193 193 193 193 193 193 193 194 193 193 194 194 194 194 194 194 194 194 194 194 194 194 194 195 195 195 195 195 195 195 195 195 195 195 195 195 195 195 196 196 196 196 196 196 196 196 196 196 196 196 196 196 196 197 197 197 197 197 197 197 197 198 198 198 198 198 198 198 198 198 198 198 198 198 198 198 198 198 198 198 198 199 199 199 199 200 201 202 201 201 201 200 200 199 200 199 200 200 200 200 200 200 200 200 200 201 201 201 201 202 202 201 202 202 201 201 201 201 201 201 202 202 202 202 201 201 202 202 202 202 202 202 202 203 202 202 202 202 202 203 203 203 203 204 204 204 204 204 204 204 203 203 203 204 204 204 205 205 206 206 206 205 205 205 205 205 205 205 205 205 0 0 0 0 0 
0 0 0 0 0 0 0 0 0 0 0 0 0 0 0 0 0 0 0 0 0 0 0 0 0 0 0 0 0 0 0 0 0 0 0 0 0 0 0 0 0 0 0 0 0 0 0 0 0 0 0 0 0 0 0 0 0 0 0 0 0 0 0 0 0 0 0 0 0 0 0 0 0 0 0 0 0 0 0 0 0 0 0 0 0 0 0 0 0 0 0 0 0 0 0 0 0 0 0 0 0 0 0 0 0 0 0 0 0 0 0 0 0 0 0 0 0 0 0 0 0 0 176 0 0 0 0 0 0 0 177 178 178 178 178 0 0 0 0 179 179 180 180 180 180 180 180 180 180 180 181 181 181 181 181 181 181 181 181 181 181 182 182 182 182 182 182 182 182 182 181 181 182 182 182 182 182 182 182 182 182 183 183 183 183 183 183 182 182 182 182 183 181 181 181 181 181 181 181 181 182 182 182 181 182 182 182 182 182 182 183 182 182 183 183 183 184 183 184 184 185 184 184 184 184 185 184 184 184 184 185 185 185 185 184 184 184 184 184 184 185 185 185 185 185 186 186 187 187 187 187 187 187 187 187 188 189 189 189 190 189 190 190 189 189 189 189 190 190 189 190 190 189 190 189 190 190 190 190 191 190 189 189 189 189 189 190 190 190 189 189 189 189 189 190 190 190 189 189 190 190 190 190 191 191 191 191 191 191 191 190 191 191 191 191 191 192 192 192 192 192 192 192 192 193 193 193 193 193 193 193 193 193 193 193 193 193 193 194 194 194 194 194 194 194 194 194 194 194 194 194 194 194 194 194 194 194 194 194 194 195 195 195 195 195 195 195 196 195 196 196 196 196 196 196 196 196 196 196 196 196 196 197 197 197 197 197 197 197 197 197 198 198 198 198 198 198 198 198 198 198 199 198 198 198 198 198 198 199 199 198 198 199 199 200 201 201 201 200 200 200 200 200 200 200 200 200 200 200 200 200 201 201 201 201 201 201 201 201 201 202 202 202 202 201 201 201 201 202 202 202 202 201 201 201 202 202 202 202 202 202 202 202 202 202 202 202 203 203 203 203 204 204 204 204 204 204 204 203 203 203 203 203 204 204 204 205 206 206 206 205 205 205 205 205 205 205 0 0 0 0 0 0 
0 0 0 0 0 0 0 0 0 0 0 0 0 0 0 0 0 0 0 0 0 0 0 0 0 0 0 0 0 0 0 0 0 0 0 0 0 0 0 0 0 0 0 0 0 0 0 0 0 0 0 0 0 0 0 0 0 0 0 0 0 0 0 0 0 0 0 0 0 0 0 0 0 0 0 0 0 0 0 0 0 0 0 0 0 0 0 0 0 0 0 0 0 0 0 0 0 0 0 0 0 0 0 0 0 0 0 0 0 0 0 0 0 0 0 0 0 0 0 0 0 0 0 0 0 0 0 0 0 0 0 0 0 0 0 0 0 0 0 179 179 180 180 180 180 180 180 180 180 180 180 181 181 181 181 181 181 181 181 181 181 181 182 182 182 182 182 182 182 182 182 182 182 182 182 182 182 182 182 182 182 182 182 183 183 182 182 182 182 182 182 182 181 181 181 181 181 181 181 181 181 182 182 181 181 182 182 183 182 182 183 183 183 183 183 183 184 184 184 184 184 184 184 184 185 185 185 184 184 184 184 184 185 184 185 185 184 184 184 184 185 185 185 185 185 185 186 186 186 186 186 187 187 188 189 189 189 189 189 189 189 189 190 189 188 188 188 189 189 189 190 190 190 190 190 189 189 190 190 190 190 190 189 189 189 189 190 189 190 190 189 189 189 189 190 190 190 190 189 189 190 190 190 190 191 191 191 191 191 191 191 190 191 191 191 191 191 192 192 192 192 192 192 192 192 192 192 192 193 193 193 193 193 193 193 193 193 193 193 194 194 194 194 194 194 194 194 194 194 194 194 194 194 194 194 194 194 194 194 195 195 195 195 195 196 196 195 195 195 196 196 196 196 196 196 196 196 196 196 196 196 196 196 196 196 197 197 197 197 197 197 197 198 198 198 198 198 199 199 198 198 198 198 198 198 198 198 198 198 199 199 199 199 199 199 199 200 200 200 200 200 200 200 200 199 199 200 200 200 200 200 200 200 201 201 201 201 201 201 201 201 201 201 201 201 201 201 201 201 202 202 202 202 201 201 202 202 202 202 202 202 202 202 202 202 203 203 203 203 203 204 204 204 204 204 204 204 203 203 204 204 204 204 204 204 204 204 204 205 205 206 205 204 205 0 0 0 0 0 0 0 0 0 
0 0 0 0 0 0 0 0 0 0 0 0 0 0 0 0 0 0 0 0 0 0 0 0 0 0 0 0 0 0 0 0 0 0 0 0 0 0 0 0 0 0 0 0 0 0 0 0 0 0 0 0 0 0 0 0 0 0 0 0 0 0 0 0 0 0 0 0 0 0 0 0 0 0 0 0 0 0 0 0 0 0 0 0 0 0 0 0 0 0 0 0 0 0 0 0 0 0 0 0 0 0 0 0 0 0 0 0 0 0 0 0 0 0 0 0 0 0 0 0 0 0 0 0 0 0 0 0 0 0 0 0 0 0 0 0 0 0 0 0 179 179 179 179 180 180 180 180 180 180 180 180 181 181 181 181 181 181 181 181 181 181 181 181 182 182 182 181 182 182 182 182 181 182 182 182 182 182 182 182 182 182 182 182 182 182 182 182 183 182 182 182 181 181 181 181 181 181 181 180 181 182 182 182 182 181 182 182 182 182 182 183 183 183 183 184 184 184 185 184 185 184 184 184 185 184 184 184 184 184 184 184 184 184 184 184 184 184 184 184 185 185 185 185 185 185 185 186 186 186 187 187 188 188 188 189 189 188 188 189 189 189 190 189 189 188 188 188 189 189 189 189 190 190 190 190 189 190 190 190 189 189 189 189 188 189 189 189 189 190 189 189 189 189 190 190 190 189 189 189 190 190 190 190 190 191 191 191 192 191 191 191 191 191 191 191 191 191 191 192 192 192 192 192 192 192 192 192 193 193 193 193 193 193 193 193 193 193 193 193 194 194 193 193 194 194 194 194 194 194 194 194 194 194 194 194 194 194 194 194 195 195 195 195 196 195 195 195 195 195 195 196 196 196 196 196 196 196 196 196 196 196 196 196 197 197 197 197 197 197 197 197 198 198 198 198 198 198 199 199 198 198 198 198 198 198 198 198 198 198 199 199 198 198 199 199 199 199 200 200 200 200 200 200 199 199 200 200 200 200 200 200 200 200 200 201 201 201 201 201 201 201 201 201 201 201 201 201 201 201 202 202 202 202 202 201 202 202 202 202 202 202 202 202 202 202 203 203 203 203 203 203 204 204 204 204 204 203 203 203 204 204 204 204 204 204 204 204 204 204 205 206 0 0 0 0 0 0 0 0 0 0 0 
0 0 0 0 0 0 0 0 0 0 0 0 0 0 0 0 0 0 0 0 0 0 0 0 0 0 0 0 0 0 0 0 0 0 0 0 0 0 0 0 0 0 0 0 0 0 0 0 0 0 0 0 0 0 0 0 0 0 0 0 0 0 0 0 0 0 0 0 0 0 0 0 0 0 0 0 0 0 0 0 0 0 0 0 0 0 0 0 0 0 0 0 0 0 0 0 0 0 0 0 0 0 0 0 0 0 0 0 0 0 0 0 0 0 0 0 0 0 0 0 0 0 0 0 0 0 0 0 0 0 0 0 0 0 0 0 0 0 0 0 179 179 179 179 180 179 179 180 180 180 180 180 180 180 181 181 181 181 181 181 182 181 181 181 181 181 181 181 182 182 182 182 182 182 182 182 182 183 182 182 182 183 182 182 182 182 182 183 183 182 181 182 181 181 182 181 181 181 181 180 181 182 182 182 182 182 182 182 182 183 183 183 183 183 183 184 184 184 184 185 185 185 185 184 184 184 184 184 184 184 184 184 184 184 184 184 185 184 184 184 185 185 184 185 185 186 186 186 187 187 187 187 188 188 188 188 188 188 188 189 189 190 190 189 189 188 188 189 189 189 188 188 189 190 189 189 189 189 190 190 190 189 189 189 188 189 189 188 189 189 189 189 189 189 190 190 190 189 189 189 189 190 190 190 191 191 191 191 191 192 191 191 191 191 191 191 191 191 191 191 191 191 192 192 192 192 192 192 192 193 193 193 193 193 193 193 193 193 193 193 193 193 193 193 194 194 194 194 194 194 194 194 194 194 194 194 194 194 194 194 195 195 195 195 195 195 195 195 195 195 195 196 196 196 196 196 196 196 196 196 196 196 196 196 196 197 197 197 197 197 197 197 197 198 198 198 198 198 199 199 198 198 198 198 198 198 198 198 198 198 199 198 199 199 199 199 199 199 199 199 200 200 200 200 200 199 199 200 200 200 200 200 200 200 200 200 201 201 201 201 201 201 201 201 201 201 201 201 201 201 201 202 202 201 201 201 201 202 202 202 202 202 202 202 202 202 202 203 203 203 203 203 203 204 204 204 204 204 203 204 204 204 204 204 204 204 204 204 204 204 204 204 0 0 0 0 0 0 0 0 0 0 0 
0 0 0 0 0 0 0 0 0 0 0 0 0 0 0 0 0 0 0 0 0 0 0 0 0 0 0 0 0 0 0 0 0 0 0 0 0 0 0 0 0 0 0 0 0 0 0 0 0 0 0 0 0 0 0 0 0 0 0 0 0 0 0 0 0 0 0 0 0 0 0 0 0 0 0 0 0 0 0 0 0 0 0 0 0 0 0 0 0 0 0 0 0 0 0 0 0 0 0 0 0 0 0 0 0 0 0 0 0 0 0 0 0 0 0 0 0 0 0 0 0 0 0 0 0 0 0 0 0 0 0 0 0 0 0 0 0 0 0 0 0 179 179 179 179 180 180 179 180 180 180 180 180 180 180 180 181 181 181 181 181 181 181 182 182 181 181 181 181 181 182 182 182 182 182 182 182 182 183 183 182 183 183 182 182 182 182 182 182 181 182 182 181 181 181 181 180 181 181 181 181 181 181 182 182 182 183 183 183 183 183 183 184 184 184 184 184 184 184 184 185 185 185 185 184 184 185 185 185 184 184 184 184 184 184 184 185 184 184 184 184 184 184 185 185 186 186 187 187 187 187 187 188 188 188 188 188 188 188 189 189 189 189 190 189 189 188 189 189 189 189 189 189 189 189 189 189 189 190 190 190 189 189 188 189 189 189 189 188 188 189 189 189 189 190 190 189 189 190 189 189 190 190 190 191 191 191 191 191 192 192 192 191 192 191 192 192 192 192 191 191 191 192 192 192 192 192 192 192 192 192 193 193 193 193 193 193 193 193 193 193 193 193 193 193 193 194 194 194 194 194 194 194 194 194 194 194 194 194 194 195 195 195 195 195 195 195 195 195 195 195 195 195 195 196 196 196 196 196 196 196 196 196 196 196 197 197 197 197 197 197 197 197 198 198 198 198 198 198 199 198 198 198 198 198 198 198 198 198 198 198 199 199 199 199 199 199 198 199 199 199 199 200 200 200 200 200 200 200 199 200 200 200 200 200 200 200 201 201 202 202 202 202 201 201 201 201 201 201 200 201 201 202 202 201 201 201 201 202 202 202 202 202 202 202 202 202 202 202 202 203 203 203 203 204 204 204 204 204 204 204 204 204 204 204 204 204 204 204 204 204 0 0 0 0 0 0 0 0 0 0 0 0 
0 0 0 0 0 0 0 0 0 0 0 0 0 0 0 0 0 0 0 0 0 0 0 0 0 0 0 0 0 0 0 0 0 0 0 0 0 0 0 0 0 0 0 0 0 0 0 0 0 0 0 0 0 0 0 0 0 0 0 0 0 0 0 0 0 0 0 0 0 0 0 0 0 0 0 0 0 0 0 0 0 0 0 0 0 0 0 0 0 0 0 0 0 0 0 0 0 0 0 0 0 0 0 0 0 0 0 0 0 0 0 0 0 0 0 0 0 0 0 0 0 0 0 0 0 0 0 0 0 0 0 0 0 0 0 0 0 0 0 0 0 179 179 179 179 179 180 180 179 179 180 180 180 180 181 180 180 181 181 181 181 181 181 181 181 181 181 181 181 181 181 181 182 182 182 182 182 182 182 182 182 182 182 182 182 182 181 181 181 182 182 182 181 181 181 180 180 180 181 181 181 181 182 182 182 182 182 183 183 183 183 184 184 184 184 184 184 184 184 185 185 185 185 184 185 184 184 184 185 184 184 184 184 184 184 184 184 184 184 184 184 184 184 184 185 185 186 186 186 186 187 188 187 188 188 188 188 188 188 189 188 188 189 189 189 189 189 189 188 188 189 188 189 189 189 189 189 189 190 190 190 189 189 189 189 189 190 189 189 189 189 188 189 189 190 190 189 190 190 190 189 190 190 190 190 190 191 191 191 191 191 191 192 192 192 192 192 192 192 192 192 191 192 192 192 192 192 192 192 192 192 192 193 193 193 193 193 193 193 193 193 193 193 193 193 193 193 193 194 194 194 194 194 194 194 194 194 194 194 194 194 195 195 195 195 195 195 195 195 195 195 195 195 195 196 196 196 196 196 196 196 196 196 196 196 196 196 197 197 197 197 197 197 197 198 198 198 198 198 199 198 198 198 198 198 197 197 198 198 198 198 198 199 199 199 199 198 198 199 199 199 199 199 199 200 200 200 200 199 199 200 200 200 200 200 200 200 200 201 201 201 202 202 202 202 202 202 201 201 201 201 201 202 202 202 201 201 201 202 202 202 202 202 202 202 202 202 202 202 202 202 203 203 203 203 203 203 204 204 204 203 203 204 204 204 204 204 204 204 204 204 0 0 0 0 0 0 0 0 0 0 0 0 
0 0 0 0 0 0 0 0 0 0 0 0 0 0 0 0 0 0 0 0 0 0 0 0 0 0 0 0 0 0 0 0 0 0 0 0 0 0 0 0 0 0 0 0 0 0 0 0 0 0 0 0 0 0 0 0 0 0 0 0 0 0 0 0 0 0 0 0 0 0 0 0 0 0 0 0 0 0 0 0 0 0 0 0 0 0 0 0 0 0 0 0 0 0 0 0 0 0 0 0 0 0 0 0 0 0 0 0 0 0 0 0 0 0 0 0 0 0 0 0 0 0 0 0 0 0 0 0 0 0 0 0 0 0 0 0 0 0 0 0 0 0 0 180 180 179 179 180 179 180 180 180 180 180 180 180 180 180 181 181 181 181 181 181 181 182 181 181 181 181 181 181 181 181 181 181 181 182 182 182 182 182 182 182 182 182 181 182 181 181 182 182 181 181 180 180 180 180 180 180 181 182 183 182 182 182 183 183 183 182 183 183 183 183 183 183 184 184 184 184 184 184 185 185 185 185 184 184 184 184 184 184 184 184 184 184 183 183 183 183 184 184 184 185 185 185 185 185 185 186 187 187 187 188 188 188 188 188 188 188 188 189 189 189 189 189 189 188 188 188 189 189 189 189 189 189 189 189 189 189 190 189 189 189 189 189 189 190 190 189 189 189 189 189 190 190 190 190 190 189 189 190 190 190 190 190 190 190 190 190 190 191 191 191 192 192 192 192 192 192 192 192 192 192 192 192 192 192 192 192 192 192 192 192 192 192 193 193 193 193 193 193 193 193 193 193 193 193 193 193 194 194 194 194 194 194 194 194 194 194 194 195 195 195 195 195 195 195 195 195 195 195 195 195 196 196 196 196 196 196 196 196 196 196 196 196 196 196 196 197 197 196 197 197 197 198 198 198 198 198 198 198 198 198 198 198 197 197 198 198 198 198 198 198 198 198 198 199 199 199 198 199 199 199 199 199 200 199 200 199 199 200 200 200 200 200 200 200 200 201 201 201 201 202 202 202 202 202 201 201 201 201 201 202 202 202 201 201 201 201 202 202 202 202 202 202 202 202 202 202 202 202 203 203 203 203 203 203 203 203 203 203 204 204 204 204 204 204 204 204 0 0 0 0 0 0 0 0 0 0 0 0 0 
0 0 0 0 0 0 0 0 0 0 0 0 0 0 0 0 0 0 0 0 0 0 0 0 0 0 0 0 0 0 0 0 0 0 0 0 0 0 0 0 0 0 0 0 0 0 0 0 0 0 0 0 0 0 0 0 0 0 0 0 0 0 0 0 0 0 0 0 0 0 0 0 0 0 0 0 0 0 0 0 0 0 0 0 0 0 0 0 0 0 0 0 0 0 0 0 0 0 0 0 0 0 0 0 0 0 0 0 0 0 0 0 0 0 0 0 0 0 0 0 0 0 0 0 0 0 0 0 0 0 0 0 0 0 0 0 0 0 0 0 0 0 0 0 180 179 179 179 179 180 180 180 180 180 180 180 180 180 180 181 181 181 181 181 181 182 181 181 181 180 181 181 181 181 181 182 182 181 181 182 182 182 182 182 182 182 182 182 181 181 181 182 181 181 180 180 181 180 180 180 180 181 181 182 181 182 182 182 182 182 182 183 183 183 183 183 184 184 184 184 184 184 183 184 184 184 184 185 184 184 184 184 184 184 184 183 183 183 183 183 184 184 184 184 184 184 185 185 186 186 186 186 187 187 187 187 187 188 188 188 188 189 189 189 189 189 189 188 188 188 189 189 189 189 189 189 189 189 189 189 189 189 189 189 189 189 189 190 190 190 189 189 189 189 190 190 190 190 190 189 189 190 190 190 190 190 190 190 190 190 191 191 191 191 191 191 192 192 192 193 192 192 191 191 191 192 192 192 192 192 192 192 192 192 192 192 192 193 193 193 193 193 192 192 193 193 193 193 193 193 193 193 193 193 194 194 194 194 194 194 194 195 195 195 195 195 195 195 195 195 195 195 195 195 196 196 196 196 196 196 196 196 196 196 196 196 196 196 197 197 197 197 197 197 198 198 198 198 198 198 198 198 199 199 198 198 197 197 198 198 198 198 198 198 198 198 198 199 199 199 198 199 199 199 199 199 199 199 199 199 199 199 200 200 200 200 200 200 200 200 201 201 201 201 202 201 201 201 201 202 202 201 201 201 202 202 202 201 201 201 202 201 202 202 202 202 202 202 202 202 203 203 203 203 203 203 203 203 203 203 203 203 203 204 204 204 204 204 204 204 0 0 0 0 0 0 0 0 0 0 0 0 0 
0 0 0 0 0 0 0 0 0 0 0 0 0 0 0 0 0 0 0 0 0 0 0 0 0 0 0 0 0 0 0 0 0 0 0 0 0 0 0 0 0 0 0 0 0 0 0 0 0 0 0 0 0 0 0 0 0 0 0 0 0 0 0 0 0 0 0 0 0 0 0 0 0 0 0 0 0 0 0 0 0 0 0 0 0 0 0 0 0 0 0 0 0 0 0 0 0 0 0 0 0 0 0 0 0 0 0 0 0 0 0 0 0 0 0 0 0 0 0 0 0 0 0 0 0 0 0 0 0 0 0 0 0 0 0 0 0 0 0 0 0 0 0 0 0 0 0 180 180 180 180 180 180 180 180 180 180 180 180 181 181 181 181 181 181 181 181 181 180 180 181 181 181 181 181 181 182 182 182 181 182 182 182 182 182 182 182 182 182 182 182 182 181 181 181 181 180 180 180 181 181 181 181 181 182 182 182 182 182 183 182 183 183 183 183 183 184 184 184 184 184 183 183 183 184 184 184 184 184 184 184 184 184 184 184 184 184 184 184 183 183 183 183 184 184 185 185 185 185 185 185 186 187 187 187 188 188 188 188 188 188 188 189 189 190 189 189 189 189 189 188 189 188 188 188 189 188 188 189 189 189 189 189 189 189 190 190 190 190 190 189 189 189 189 189 189 189 189 189 189 189 190 190 190 190 191 191 190 190 190 191 191 191 191 191 191 192 192 192 193 192 192 191 192 192 192 192 192 192 192 192 192 192 192 192 192 192 192 193 193 193 193 192 192 192 193 193 193 193 193 193 193 193 193 193 194 194 194 194 194 194 194 194 195 195 195 195 195 195 195 195 195 195 195 195 196 196 196 196 196 196 196 196 196 196 196 196 196 196 196 197 197 197 197 198 198 198 198 198 198 198 198 199 198 198 198 198 197 198 198 198 198 198 198 198 198 198 198 198 198 198 198 198 199 198 198 199 199 199 199 199 200 200 200 200 200 200 200 200 200 201 202 201 202 202 202 201 201 201 202 202 201 201 201 201 202 202 201 201 201 201 201 202 202 202 202 202 202 201 202 202 203 203 202 202 202 202 202 202 203 203 203 203 203 203 204 204 204 0 0 0 0 0 0 0 0 0 0 0 0 0 0 0 
0 0 0 0 0 0 0 0 0 0 0 0 0 0 0 0 0 0 0 0 0 0 0 0 0 0 0 0 0 0 0 0 0 0 0 0 0 0 0 0 0 0 0 0 0 0 0 0 0 0 0 0 0 0 0 0 0 0 0 0 0 0 0 0 0 0 0 0 0 0 0 0 0 0 0 0 0 0 0 0 0 0 0 0 0 0 0 0 0 0 0 0 0 0 0 0 0 0 0 0 0 0 0 0 0 0 0 0 0 0 0 0 0 0 0 0 0 0 0 0 0 0 0 0 0 0 0 0 0 0 0 0 0 0 0 0 0 0 0 0 0 0 0 0 0 0 0 0 180 180 180 180 180 180 180 180 180 180 180 181 181 181 180 181 181 181 181 181 181 181 181 181 181 181 181 181 181 181 181 181 181 182 182 181 182 182 182 182 182 182 182 182 181 181 181 181 181 180 180 181 182 181 182 182 182 182 182 182 182 183 183 183 183 183 184 184 184 184 184 184 183 183 183 183 183 183 183 183 184 184 184 184 184 184 184 184 183 183 183 184 183 183 184 184 185 185 185 185 185 186 185 186 186 186 187 187 187 187 188 188 188 188 189 189 190 189 188 189 189 189 188 188 188 188 188 188 189 189 188 189 189 189 189 189 190 190 190 190 190 190 190 190 190 189 189 189 189 189 189 189 189 189 190 190 190 191 191 191 191 191 191 191 191 191 191 191 192 192 192 192 192 192 192 192 192 192 192 192 192 192 192 192 192 192 192 192 192 192 193 193 193 193 192 192 192 192 193 193 193 193 193 193 193 193 193 193 193 194 194 194 194 194 194 194 194 195 195 195 195 195 195 195 195 195 195 196 196 196 196 196 196 196 196 196 196 196 196 196 196 196 196 197 197 197 197 197 198 197 197 197 197 198 198 198 198 197 197 197 197 198 198 198 197 197 197 198 198 198 198 198 198 198 198 198 198 198 198 198 199 200 200 200 200 200 200 200 200 200 200 200 201 201 201 202 202 202 202 202 201 202 202 202 201 201 201 201 201 202 201 201 201 201 202 202 202 202 202 201 201 201 201 201 202 202 202 202 202 201 202 202 202 203 203 203 203 0 0 0 0 0 0 0 0 0 0 0 0 0 0 0 0 0 0 
0 0 0 0 0 0 0 0 0 0 0 0 0 0 0 0 0 0 0 0 0 0 0 0 0 0 0 0 0 0 0 0 0 0 0 0 0 0 0 0 0 0 0 0 0 0 0 0 0 0 0 0 0 0 0 0 0 0 0 0 0 0 0 0 0 0 0 0 0 0 0 0 0 0 0 0 0 0 0 0 0 0 0 0 0 0 0 0 0 0 0 0 0 0 0 0 0 0 0 0 0 0 0 0 0 0 0 0 0 0 0 0 0 0 0 0 0 0 0 0 0 0 0 0 0 0 0 0 0 0 0 0 0 0 0 0 0 0 0 0 0 0 0 0 0 0 0 0 179 180 180 180 180 180 180 180 180 180 180 180 180 180 181 181 181 181 181 181 181 181 181 181 181 181 181 181 181 181 181 181 181 181 181 181 182 182 182 182 182 182 182 182 181 181 181 181 181 181 181 181 182 182 182 182 183 182 182 182 182 183 184 184 183 183 183 183 184 184 183 183 184 184 183 184 184 183 183 183 183 183 184 184 184 184 184 184 184 183 183 183 183 184 184 185 185 185 184 185 186 186 186 186 186 187 187 186 186 187 187 187 188 188 188 189 189 189 188 188 189 189 188 188 188 188 188 188 188 189 188 189 189 189 189 189 189 190 189 190 190 190 190 190 190 189 189 189 189 189 189 188 189 189 189 190 190 190 190 191 191 191 191 191 191 192 191 191 191 192 192 193 193 192 193 193 193 192 192 192 192 192 192 192 192 192 192 192 192 193 193 193 193 193 192 192 192 192 193 193 193 193 193 193 193 193 193 193 193 194 194 194 194 194 194 194 194 194 194 195 195 195 195 195 195 195 195 195 195 196 196 196 196 196 196 196 196 196 196 196 196 196 196 196 197 197 197 197 197 197 197 197 197 198 198 198 198 198 198 198 197 198 198 198 197 197 197 197 197 198 198 198 198 197 198 198 199 199 198 199 199 199 199 199 200 200 200 200 200 200 200 200 200 201 201 201 202 202 202 202 202 202 202 202 201 201 200 201 201 201 201 201 201 201 201 202 202 202 202 201 201 201 201 201 201 201 201 202 202 201 201 201 202 202 202 203 203 0 0 0 0 0 0 0 0 0 0 0 0 0 0 0 0 0 0 
0 0 0 0 0 0 0 0 0 0 0 0 0 0 0 0 0 0 0 0 0 0 0 0 0 0 0 0 0 0 0 0 0 0 0 0 0 0 0 0 0 0 0 0 0 0 0 0 0 0 0 0 0 0 0 0 0 0 0 0 0 0 0 0 0 0 0 0 0 0 0 0 0 0 0 0 0 0 0 0 0 0 0 0 0 0 0 0 0 0 0 0 0 0 0 0 0 0 0 0 0 0 0 0 0 0 0 0 0 0 0 0 0 0 0 0 0 0 0 0 0 0 0 0 0 0 0 0 0 0 0 0 0 0 0 0 0 0 0 0 0 0 0 0 0 0 0 0 0 180 180 180 180 180 180 180 180 180 180 180 180 180 181 181 180 180 181 181 181 180 180 180 181 181 181 181 181 181 181 181 181 181 181 181 181 182 182 182 182 182 181 181 180 180 180 180 181 181 181 181 181 181 181 182 182 182 182 182 182 182 183 183 183 182 183 183 183 183 183 182 183 183 184 184 183 183 184 183 183 182 183 183 184 184 184 184 184 183 183 184 184 184 184 184 184 184 184 185 185 186 186 187 186 186 186 186 186 187 187 188 188 188 188 188 189 190 189 188 188 189 189 188 188 188 188 188 188 188 188 189 189 189 189 189 189 189 189 190 190 190 190 190 190 189 189 190 189 189 189 189 189 189 189 190 190 190 190 190 190 190 190 191 191 191 191 191 192 192 192 193 193 193 193 193 192 192 192 191 191 192 192 192 192 192 192 192 193 193 193 193 193 193 192 192 192 192 192 193 193 193 193 193 193 193 193 193 193 194 194 194 194 194 194 194 194 194 194 195 195 195 195 195 195 195 195 195 195 195 196 196 196 196 196 196 196 196 196 196 196 196 196 196 197 197 196 197 197 197 197 197 197 197 197 197 197 197 198 198 197 197 198 198 198 198 198 197 197 197 198 197 198 198 198 198 199 199 198 199 200 199 199 199 199 200 200 200 200 200 200 200 200 200 201 202 201 201 202 201 201 202 202 202 202 201 200 200 200 201 201 201 201 201 202 202 202 202 202 201 201 202 201 201 201 201 202 202 202 202 201 201 201 202 202 202 0 0 0 0 0 0 0 0 0 0 0 0 0 0 0 0 0 0 0 
0 0 0 0 0 0 0 0 0 0 0 0 0 0 0 0 0 0 0 0 0 0 0 0 0 0 0 0 0 0 0 0 0 0 0 0 0 0 0 0 0 0 0 0 0 0 0 0 0 0 0 0 0 0 0 0 0 0 0 0 0 0 0 0 0 0 0 0 0 0 0 0 0 0 0 0 0 0 0 0 0 0 0 0 0 0 0 0 0 0 0 0 0 0 0 0 0 0 0 0 0 0 0 0 0 0 0 0 0 0 0 0 0 0 0 0 0 0 0 0 0 0 0 0 0 0 0 0 0 0 0 0 0 0 0 0 0 0 0 0 0 0 0 0 0 0 0 0 0 180 180 180 180 180 180 181 180 179 179 180 180 181 181 181 181 180 180 181 181 181 180 180 180 180 181 181 181 181 181 181 181 181 181 181 181 181 181 182 182 182 182 182 181 180 180 180 181 181 181 181 181 181 182 182 182 181 182 182 182 182 182 182 182 182 182 183 183 183 182 182 182 183 183 184 184 184 185 184 184 183 183 183 183 184 183 183 184 183 183 183 184 184 184 184 184 185 184 184 184 185 186 186 187 187 186 186 186 186 187 187 187 188 188 189 189 189 189 189 188 189 189 188 188 188 188 188 188 188 188 188 189 189 189 189 189 189 189 189 190 190 190 190 190 190 189 189 189 189 189 188 189 189 189 189 189 189 190 190 190 190 190 191 191 191 191 192 192 192 192 192 193 193 193 193 193 192 192 192 192 192 192 192 192 192 192 192 193 193 193 193 193 193 192 192 192 192 192 192 193 193 193 193 193 193 193 193 193 194 194 194 194 194 194 194 194 194 194 194 195 195 195 195 195 195 195 195 195 195 195 196 196 196 196 196 196 196 196 196 196 196 196 196 197 196 197 197 197 197 197 197 197 197 197 197 197 197 197 198 197 197 198 198 198 198 197 197 197 197 197 197 198 198 198 199 199 199 199 199 199 200 199 199 199 199 199 200 200 200 200 200 200 200 200 201 202 201 201 201 201 201 201 202 202 201 201 200 200 200 200 201 201 201 201 202 202 202 202 202 201 202 202 202 201 201 201 202 202 202 202 201 202 202 0 0 0 0 0 0 0 0 0 0 0 0 0 0 0 0 0 0 0 0 0 
0 0 0 0 0 0 0 0 0 0 0 0 0 0 0 0 0 0 0 0 0 0 0 0 0 0 0 0 0 0 0 0 0 0 0 0 0 0 0 0 0 0 0 0 0 0 0 0 0 0 0 0 0 0 0 0 0 0 0 0 0 0 0 0 0 0 0 0 0 0 0 0 0 0 0 0 0 0 0 0 0 0 0 0 0 0 0 0 0 0 0 0 0 0 0 0 0 0 0 0 0 0 0 0 0 0 0 0 0 0 0 0 0 0 0 0 0 0 0 0 0 0 0 0 0 0 0 0 0 0 0 0 0 0 0 0 0 0 0 0 0 0 0 0 0 0 0 0 0 0 0 0 180 180 181 180 180 179 180 181 0 180 179 180 180 180 180 180 180 180 181 181 181 181 180 181 181 181 181 181 181 181 181 181 181 181 181 182 182 182 182 183 181 180 179 179 180 181 181 180 181 181 181 181 181 181 182 182 182 183 182 182 181 182 183 183 183 183 183 183 182 183 183 184 184 184 184 184 184 184 183 183 182 183 183 183 183 184 184 184 183 183 183 184 184 185 185 185 185 185 185 186 186 187 187 186 187 186 187 188 188 188 189 189 188 188 188 188 188 188 189 189 188 188 188 188 188 188 188 188 188 189 189 189 189 189 189 189 189 190 190 190 190 189 189 189 189 189 188 189 189 189 189 189 189 189 189 190 190 190 190 190 191 191 192 192 192 192 192 191 191 192 192 193 193 192 192 192 191 191 192 192 192 192 192 192 192 193 193 192 193 192 192 192 192 192 192 192 193 193 193 193 193 193 193 193 194 194 194 194 194 194 194 194 194 194 194 194 195 195 195 195 195 195 195 195 195 195 195 195 195 196 196 196 196 196 196 196 196 196 196 196 196 196 197 196 197 197 197 197 197 197 197 197 197 197 197 197 197 197 197 197 198 197 197 198 198 198 198 199 198 198 198 199 199 199 199 199 199 200 199 199 199 199 199 199 199 199 200 200 200 200 200 200 201 201 201 201 200 201 201 202 203 202 201 201 200 200 200 201 201 202 201 202 202 202 202 202 202 201 202 202 202 201 202 201 201 202 0 0 0 0 0 0 0 0 0 0 0 0 0 0 0 0 0 0 0 0 0 0 0 0 0 
0 0 0 0 0 0 0 0 0 0 0 0 0 0 0 0 0 0 0 0 0 0 0 0 0 0 0 0 0 0 0 0 0 0 0 0 0 0 0 0 0 0 0 0 0 0 0 0 0 0 0 0 0 0 0 0 0 0 0 0 0 0 0 0 0 0 0 0 0 0 0 0 0 0 0 0 0 0 0 0 0 0 0 0 0 0 0 0 0 0 0 0 0 0 0 0 0 0 0 0 0 0 0 0 0 0 0 0 0 0 0 0 0 0 0 0 0 0 0 0 0 0 0 0 0 0 0 0 0 0 0 0 0 0 0 0 0 0 0 0 0 0 0 0 0 0 0 0 0 0 0 0 0 180 180 180 180 180 0 0 0 180 180 179 179 179 179 180 180 180 180 180 180 180 180 181 181 181 181 181 181 181 181 181 181 181 181 182 182 182 183 183 181 180 180 179 180 180 180 180 180 180 180 181 181 181 181 182 182 182 182 182 181 182 182 182 182 182 183 183 182 182 183 183 183 183 184 184 184 184 184 183 183 182 183 183 183 183 183 184 183 184 184 184 184 184 185 185 186 186 185 186 186 186 187 187 187 187 187 187 188 188 188 189 189 189 188 188 188 188 188 189 188 188 188 188 188 188 188 188 188 189 189 189 189 189 189 189 189 189 189 189 189 189 189 189 189 189 189 189 189 189 189 189 189 189 189 189 189 190 190 191 191 191 191 192 192 192 191 191 191 191 191 191 192 192 192 192 191 191 191 192 192 192 192 192 192 192 192 192 192 192 192 192 192 192 192 192 192 192 193 193 193 193 193 193 193 193 194 194 194 194 194 194 194 194 194 194 194 194 194 194 195 195 195 195 195 195 195 195 195 195 196 196 196 196 196 196 196 196 196 196 196 196 196 196 196 197 197 197 197 197 197 197 197 197 197 197 197 197 197 197 197 197 197 198 198 198 198 198 198 198 199 199 199 200 199 200 200 200 199 200 200 199 199 199 199 199 200 200 200 200 200 200 200 201 201 201 201 200 201 201 202 202 202 201 201 200 200 200 201 201 201 202 202 202 202 202 202 202 202 202 202 202 202 201 0 0 0 0 0 0 0 0 0 0 0 0 0 0 0 0 0 0 0 0 0 0 0 0 0 0 0 
0 0 0 0 0 0 0 0 0 0 0 0 0 0 0 0 0 0 0 0 0 0 0 0 0 0 0 0 0 0 0 0 0 0 0 0 0 0 0 0 0 0 0 0 0 0 0 0 0 0 0 0 0 0 0 0 0 0 0 0 0 0 0 0 0 0 0 0 0 0 0 0 0 0 0 0 0 0 0 0 0 0 0 0 0 0 0 0 0 0 0 0 0 0 0 0 0 0 0 0 0 0 0 0 0 0 0 0 0 0 0 0 0 0 0 0 0 0 0 0 0 0 0 0 0 0 0 0 0 0 0 0 0 0 0 0 0 0 0 0 0 0 0 0 0 0 0 0 0 0 0 0 0 0 0 180 180 180 0 0 0 0 0 180 180 179 179 179 179 180 180 180 180 180 180 180 180 181 181 181 181 181 181 181 181 181 181 181 182 183 183 182 181 181 180 179 179 179 180 180 180 180 181 180 181 181 181 182 182 181 181 181 181 182 182 182 182 182 183 183 182 182 183 183 183 183 183 184 184 183 183 183 183 183 183 183 183 183 183 183 183 184 184 184 184 185 185 185 185 185 185 185 186 186 186 187 187 187 187 187 187 187 188 188 188 188 188 188 189 188 188 188 188 188 187 187 188 188 188 188 188 189 189 189 189 189 189 189 189 189 189 189 189 189 189 189 189 189 189 189 189 189 189 189 190 190 189 189 190 190 190 191 191 191 191 191 192 192 192 191 191 191 191 191 191 192 192 192 192 191 191 192 192 192 192 192 192 192 192 192 192 192 192 192 192 192 192 192 192 192 193 193 193 193 193 193 193 193 193 193 194 194 194 194 194 194 194 194 194 194 194 195 195 195 195 195 195 195 195 195 195 195 195 196 196 196 196 196 196 196 196 196 196 196 196 196 196 196 196 196 197 196 196 196 197 197 197 197 197 197 197 197 197 197 197 197 197 197 197 198 198 198 198 199 199 199 199 199 199 200 200 200 200 200 200 199 199 199 199 200 200 200 199 200 200 200 201 201 201 201 200 201 201 202 202 201 200 201 200 200 201 200 201 201 201 202 202 202 202 202 202 202 202 202 202 202 0 0 0 0 0 0 0 0 0 0 0 0 0 0 0 0 0 0 0 0 0 0 0 0 0 0 0 
0 0 0 0 0 0 0 0 0 0 0 0 0 0 0 0 0 0 0 0 0 0 0 0 0 0 0 0 0 0 0 0 0 0 0 0 0 0 0 0 0 0 0 0 0 0 0 0 0 0 0 0 0 0 0 0 0 0 0 0 0 0 0 0 0 0 0 0 0 0 0 0 0 0 0 0 0 0 0 0 0 0 0 0 0 0 0 0 0 0 0 0 0 0 0 0 0 0 0 0 0 0 0 0 0 0 0 0 0 0 0 0 0 0 0 0 0 0 0 0 0 0 0 0 0 0 0 0 0 0 0 0 0 0 0 0 0 0 0 0 0 0 0 0 0 0 0 0 0 0 0 0 0 0 0 0 0 0 0 0 0 0 0 0 180 180 180 180 180 180 180 180 180 180 180 180 180 180 180 181 181 181 181 181 181 181 181 182 182 182 182 182 180 179 179 180 180 179 180 180 181 181 181 181 181 181 181 181 181 181 181 181 182 182 182 182 182 182 182 183 182 182 182 182 182 183 184 183 184 184 183 183 184 184 184 183 183 183 183 183 183 183 183 184 184 184 184 184 185 185 185 185 186 186 186 187 187 187 187 187 187 187 187 188 188 187 188 188 188 188 188 188 188 188 187 187 187 188 188 188 188 188 189 189 189 189 189 189 189 189 189 189 189 189 189 189 189 189 189 189 189 189 189 189 190 190 190 189 190 190 190 190 191 191 191 192 191 192 192 191 191 191 191 191 191 191 191 192 192 192 191 192 192 192 192 192 192 192 192 192 192 192 192 192 192 192 192 192 192 193 193 193 193 193 193 193 193 193 193 193 194 194 194 194 194 194 194 194 194 194 194 194 194 194 194 195 195 195 195 195 195 195 195 195 196 196 196 196 196 196 196 196 196 196 196 196 196 196 196 196 196 196 196 197 196 197 197 197 197 197 197 198 198 197 197 197 197 197 197 198 198 198 198 198 198 198 199 198 199 199 200 200 200 200 200 200 200 199 199 200 200 200 199 199 200 200 201 201 201 201 201 200 200 201 200 200 199 202 201 200 200 200 200 201 201 202 202 202 202 203 203 202 202 202 202 202 0 0 0 0 0 0 0 0 0 0 0 0 0 0 0 0 0 0 0 0 0 0 0 0 0 0 0 
0 0 0 0 0 0 0 0 0 0 0 0 0 0 0 0 0 0 0 0 0 0 0 0 0 0 0 0 0 0 0 0 0 0 0 0 0 0 0 0 0 0 0 0 0 0 0 0 0 0 0 0 0 0 0 0 0 0 0 0 0 0 0 0 0 0 0 0 0 0 0 0 0 0 0 0 0 0 0 0 0 0 0 0 0 0 0 0 0 0 0 0 0 0 0 0 0 0 0 0 0 0 0 0 0 0 0 0 0 0 0 0 0 0 0 0 0 0 0 0 0 0 0 0 0 0 0 0 0 0 0 0 0 0 0 0 0 0 0 0 0 0 0 0 0 0 0 0 0 0 0 0 0 0 0 0 0 0 0 0 0 0 0 0 0 0 0 0 180 180 180 180 180 180 180 180 180 180 180 181 181 181 181 181 181 181 181 182 182 182 182 182 179 180 181 181 181 180 180 180 180 181 181 180 181 181 181 181 181 181 181 181 181 181 181 182 182 182 182 182 182 182 182 183 183 183 183 183 183 183 183 183 183 184 184 183 183 183 183 183 184 183 183 183 183 183 184 185 185 186 186 185 186 186 186 186 186 187 187 187 187 187 187 188 188 188 188 187 187 188 188 188 188 188 188 187 187 188 188 188 188 188 189 189 189 189 189 189 189 189 189 189 189 189 189 189 189 189 189 189 189 189 189 189 190 190 190 189 190 190 191 191 191 191 192 191 191 191 191 192 191 191 191 191 191 191 191 191 192 192 191 191 192 192 192 192 192 192 192 192 192 192 192 192 192 192 192 192 192 193 193 193 193 193 193 193 193 193 193 193 194 194 194 194 194 194 194 194 194 194 194 194 194 194 194 194 195 195 195 195 195 195 195 195 195 195 195 195 195 195 196 196 196 196 196 196 196 196 196 197 196 196 197 197 197 197 197 197 197 197 197 197 197 197 197 198 198 197 197 198 198 198 198 198 198 198 198 198 199 199 199 200 200 201 200 200 200 200 199 200 200 200 200 200 200 200 200 201 201 201 201 201 200 200 200 200 200 201 202 201 200 201 200 200 201 201 202 202 202 202 202 202 202 201 202 202 0 0 0 0 0 0 0 0 0 0 0 0 0 0 0 0 0 0 0 0 0 0 0 0 0 0 0 
0 0 0 0 0 0 0 0 0 0 0 0 0 0 0 0 0 0 0 0 0 0 0 0 0 0 0 0 0 0 0 0 0 0 0 0 0 0 0 0 0 0 0 0 0 0 0 0 0 0 0 0 0 0 0 0 0 0 0 0 0 0 0 0 0 0 0 0 0 0 0 0 0 0 0 0 0 0 0 0 0 0 0 0 0 0 0 0 0 0 0 0 0 0 0 0 0 0 0 0 0 0 0 0 0 0 0 0 0 0 0 0 0 0 0 0 0 0 0 0 0 0 0 0 0 0 0 0 0 0 0 0 0 0 0 0 0 0 0 0 0 0 0 0 0 0 0 0 0 0 0 0 0 0 0 0 0 0 0 0 0 0 0 0 0 0 0 0 0 180 180 180 180 180 180 180 180 180 180 180 180 181 181 180 180 181 181 182 182 182 182 182 179 180 181 181 181 181 180 181 181 181 181 180 181 181 181 181 182 182 182 181 181 181 180 181 181 181 182 182 181 181 182 182 183 183 183 182 183 183 183 183 183 183 183 183 183 183 183 184 183 183 183 183 183 183 184 184 185 185 185 185 185 185 186 186 186 186 187 187 187 187 187 187 188 188 188 187 187 187 188 188 188 187 187 187 187 188 188 188 188 188 188 189 189 189 189 189 189 189 189 189 189 189 189 189 189 189 189 190 189 190 190 190 190 190 190 190 189 190 190 190 190 191 191 191 191 191 191 192 191 190 191 191 191 191 191 191 192 192 191 191 191 192 192 192 192 192 192 192 192 192 192 192 192 192 192 192 192 193 193 193 193 193 193 193 193 193 193 193 193 193 194 193 193 194 194 194 194 194 194 194 194 194 194 194 194 194 195 195 195 195 195 195 195 195 195 195 195 195 195 195 196 196 196 196 196 196 197 197 196 196 197 197 197 197 197 197 197 197 197 197 197 197 197 197 197 197 197 197 198 198 198 198 198 198 198 199 198 199 200 199 200 200 201 201 200 200 200 199 200 201 200 200 200 200 200 200 200 201 201 201 201 201 200 200 200 201 201 202 201 201 201 200 201 201 202 202 202 202 202 202 202 202 0 0 0 0 0 0 0 0 0 0 0 0 0 0 0 0 0 0 0 0 0 0 0 0 0 0 0 0 0 
0 0 0 0 0 0 0 0 0 0 0 0 0 0 0 0 0 0 0 0 0 0 0 0 0 0 0 0 0 0 0 0 0 0 0 0 0 0 0 0 0 0 0 0 0 0 0 0 0 0 0 0 0 0 0 0 0 0 0 0 0 0 0 0 0 0 0 0 0 0 0 0 0 0 0 0 0 0 0 0 0 0 0 0 0 0 0 0 0 0 0 0 0 0 0 0 0 0 0 0 0 0 0 0 0 0 0 0 0 0 0 0 0 0 0 0 0 0 0 0 0 0 0 0 0 0 0 0 0 0 0 0 0 0 0 0 0 0 0 0 0 0 0 0 0 0 0 0 0 0 0 0 0 0 0 0 0 0 0 0 0 0 0 0 0 0 0 0 0 0 0 0 0 181 180 180 180 180 180 180 180 181 181 181 180 181 181 181 181 181 181 182 180 180 181 181 181 182 181 181 181 181 181 180 181 181 181 181 181 181 182 182 182 181 181 181 181 181 181 181 182 181 181 181 182 183 183 182 182 182 182 183 183 183 182 183 183 183 183 183 183 183 183 183 183 183 184 184 184 184 184 184 185 185 185 185 186 186 187 187 187 187 187 187 187 187 188 188 188 187 187 188 187 187 187 187 187 187 188 188 188 188 188 188 189 189 189 189 189 189 189 189 189 189 189 189 189 189 189 190 190 190 190 190 190 190 190 190 189 190 190 190 190 190 191 191 191 191 191 191 191 190 190 191 191 191 191 191 192 192 191 191 191 191 192 192 192 192 192 192 192 192 192 192 192 192 192 192 192 192 192 192 192 192 193 193 193 193 193 193 193 193 193 193 193 194 194 194 194 194 194 194 194 194 194 194 194 194 195 195 195 195 195 195 195 195 195 195 195 195 195 195 196 196 196 196 196 196 197 197 197 197 197 197 197 197 196 197 198 198 197 197 198 198 197 198 197 197 196 197 198 198 198 197 198 198 198 198 198 199 199 199 200 200 200 200 201 201 200 200 201 201 200 200 200 200 200 200 201 200 200 201 201 201 200 200 199 200 200 201 202 201 201 201 201 202 202 202 202 202 202 202 202 202 201 0 0 0 0 0 0 0 0 0 0 0 0 0 0 0 0 0 0 0 0 0 0 0 0 0 0 0 0 
0 0 0 0 0 0 0 0 0 0 0 0 0 0 0 0 0 0 0 0 0 0 0 0 0 0 0 0 0 0 0 0 0 0 0 0 0 0 0 0 0 0 0 0 0 0 0 0 0 0 0 0 0 0 0 0 0 0 0 0 0 0 0 0 0 0 0 0 0 0 0 0 0 0 0 0 0 0 0 0 0 0 0 0 0 0 0 0 0 0 0 0 0 0 0 0 0 0 0 0 0 0 0 0 0 0 0 0 0 0 0 0 0 0 0 0 0 0 0 0 0 0 0 0 0 0 0 0 0 0 0 0 0 0 0 0 0 0 0 0 0 0 0 0 0 0 0 0 0 0 0 0 0 0 0 0 0 0 0 0 0 0 0 0 0 0 0 0 0 0 0 0 0 0 0 181 181 181 180 180 180 180 180 180 180 180 180 181 181 181 181 181 179 180 181 181 181 182 182 182 181 181 182 181 181 181 181 181 181 181 181 182 182 182 181 181 182 181 181 181 182 181 181 181 182 182 182 183 183 182 182 182 183 183 183 183 183 183 182 183 183 183 183 183 184 184 183 183 184 184 184 184 185 186 185 185 186 186 186 187 186 186 187 186 187 187 187 188 187 187 187 187 188 188 187 187 187 187 188 188 188 188 188 188 189 189 189 189 189 189 189 189 189 189 189 189 189 189 189 189 190 190 190 190 190 190 190 190 189 189 190 190 190 190 190 190 191 191 191 191 190 190 190 190 191 191 191 191 191 192 191 191 191 191 191 192 192 192 192 192 192 192 192 192 192 192 192 192 192 192 192 192 192 192 192 192 193 193 193 193 193 193 193 193 193 193 194 194 194 194 194 194 194 194 194 194 194 194 195 195 195 194 194 195 195 195 195 195 195 195 196 196 196 196 196 196 196 196 196 196 197 197 197 197 197 197 197 197 198 198 197 198 198 198 198 198 198 197 197 197 197 198 198 198 199 198 197 198 198 198 198 199 199 199 199 200 200 200 201 201 201 201 201 201 201 200 200 200 200 201 200 200 200 200 200 200 200 199 200 200 201 201 201 201 201 201 202 202 202 202 202 202 201 202 202 0 0 0 0 0 0 0 0 0 0 0 0 0 0 0 0 0 0 0 0 0 0 0 0 0 0 0 0 
0 0 0 0 0 0 0 0 0 0 0 0 0 0 0 0 0 0 0 0 0 0 0 0 0 0 0 0 0 0 0 0 0 0 0 0 0 0 0 0 0 0 0 0 0 0 0 0 0 0 0 0 0 0 0 0 0 0 0 0 0 0 0 0 0 0 0 0 0 0 0 0 0 0 0 0 0 0 0 0 0 0 0 0 0 0 0 0 0 0 0 0 0 0 0 0 0 0 0 0 0 0 0 0 0 0 0 0 0 0 0 0 0 0 0 0 0 0 0 0 0 0 0 0 0 0 0 0 0 0 0 0 0 0 0 0 0 0 0 0 0 0 0 0 0 0 0 0 0 0 0 0 0 0 0 0 0 0 0 0 0 0 0 0 0 0 0 0 0 0 0 0 0 0 0 0 0 0 181 181 180 180 180 180 180 180 181 181 181 181 182 182 180 180 180 180 181 181 181 181 182 182 181 181 182 182 181 181 181 181 181 182 182 182 181 181 182 181 181 182 182 182 182 181 181 181 182 182 182 183 183 182 182 182 183 183 183 183 183 183 183 183 183 183 184 184 183 184 184 184 184 185 185 185 185 185 185 185 185 186 186 186 186 186 186 187 187 187 187 187 186 186 188 188 187 187 187 187 188 188 188 188 188 188 188 189 189 189 189 189 189 189 189 189 189 189 189 189 189 189 189 190 190 190 190 190 190 190 189 189 189 190 190 190 190 191 191 191 190 190 190 190 191 190 191 191 191 191 191 191 192 191 191 191 192 192 192 192 192 192 192 192 192 192 192 192 192 192 192 192 192 192 192 192 192 192 193 193 193 193 193 193 193 193 193 193 193 194 194 194 194 194 194 194 194 194 194 194 194 195 194 194 195 195 195 195 195 195 195 195 195 195 196 196 196 196 196 196 196 196 196 196 197 197 197 197 197 198 199 198 198 198 199 199 199 198 198 198 198 198 197 197 198 199 199 199 198 198 198 198 198 198 198 199 199 199 200 200 201 200 201 201 201 201 200 200 201 201 201 201 200 201 201 200 201 201 200 200 199 200 201 201 201 202 201 201 202 202 202 202 202 201 202 202 202 0 0 0 0 0 0 0 0 0 0 0 0 0 0 0 0 0 0 0 0 0 0 0 0 0 0 0 0 
0 0 0 0 0 0 0 0 0 0 0 0 0 0 0 0 0 0 0 0 0 0 0 0 0 0 0 0 0 0 0 0 0 0 0 0 0 0 0 0 0 0 0 0 0 0 0 0 0 0 0 0 0 0 0 0 0 0 0 0 0 0 0 0 0 0 0 0 0 0 0 0 0 0 0 0 0 0 0 0 0 0 0 0 0 0 0 0 0 0 0 0 0 0 0 0 0 0 0 0 0 0 0 0 0 0 0 0 0 0 0 0 0 0 0 0 0 0 0 0 0 0 0 0 0 0 0 0 0 0 0 0 0 0 0 0 0 0 0 0 0 0 0 0 0 0 0 0 0 0 0 0 0 0 0 0 0 0 0 0 0 0 0 0 0 0 0 0 0 0 0 0 0 0 0 0 0 0 0 0 0 0 180 180 181 181 181 182 182 182 182 182 180 180 180 181 181 181 181 182 182 182 183 182 182 182 183 182 182 182 182 182 182 181 181 181 181 181 182 181 182 182 182 181 181 181 181 181 182 182 182 183 182 182 182 183 183 183 183 183 183 183 183 183 183 183 183 183 184 184 184 184 185 185 185 185 185 185 185 185 186 186 186 186 186 186 187 186 187 187 187 186 187 188 187 187 187 187 187 188 188 188 188 188 188 188 189 189 189 189 189 189 189 189 189 189 189 189 189 189 190 190 190 190 190 190 190 189 189 189 189 189 190 190 190 191 191 190 190 190 190 190 190 190 190 190 191 191 191 191 191 191 191 192 192 192 192 192 192 192 192 192 192 192 192 192 192 192 192 192 192 192 192 193 193 193 193 193 193 193 193 193 193 193 193 193 193 194 194 194 194 194 194 194 194 194 194 194 194 195 194 195 195 195 195 195 195 195 195 195 195 195 195 195 195 195 195 195 196 196 195 195 196 196 196 196 197 198 198 197 197 198 198 198 198 198 197 198 198 197 196 196 197 197 197 198 198 198 199 199 198 197 197 198 198 198 198 199 199 199 200 200 201 201 200 200 200 200 200 200 201 201 201 200 200 201 201 200 200 199 200 200 201 201 202 202 202 202 201 201 201 201 202 0 0 0 0 0 0 0 0 0 0 0 0 0 0 0 0 0 0 0 0 0 0 0 0 0 0 0 0 0 0 
0 0 0 0 0 0 0 0 0 0 0 0 0 0 0 0 0 0 0 0 0 0 0 0 0 0 0 0 0 0 0 0 0 0 0 0 0 0 0 0 0 0 0 0 0 0 0 0 0 0 0 0 0 0 0 0 0 0 0 0 0 0 0 0 0 0 0 0 0 0 0 0 0 0 0 0 0 0 0 0 0 0 0 0 0 0 0 0 0 0 0 0 0 0 0 0 0 0 0 0 0 0 0 0 0 0 0 0 0 0 0 0 0 0 0 0 0 0 0 0 0 0 0 0 0 0 0 0 0 0 0 0 0 0 0 0 0 0 0 0 0 0 0 0 0 0 0 0 0 0 0 0 0 0 0 0 0 0 0 0 0 0 0 0 0 0 0 0 0 0 0 0 0 0 0 0 0 0 0 0 0 0 0 0 180 181 181 182 182 181 182 182 180 180 181 181 181 182 182 182 182 182 183 183 183 182 183 183 183 183 183 183 182 181 181 181 181 182 182 182 182 182 182 181 181 182 181 181 181 181 182 182 182 182 182 182 183 183 183 183 183 183 183 183 183 183 183 183 184 184 184 184 185 185 185 185 185 185 185 185 185 186 185 185 185 186 186 186 187 187 186 186 187 187 187 187 187 187 187 188 188 188 188 188 188 188 189 189 188 188 188 189 189 189 189 189 189 190 190 190 190 190 190 190 190 190 190 189 189 189 189 190 189 190 190 190 191 190 190 190 190 190 191 191 190 190 190 191 190 190 191 191 191 191 191 191 191 191 191 191 191 191 191 191 191 191 191 191 192 192 192 192 192 192 192 193 193 193 193 193 193 193 193 193 193 193 193 193 193 193 194 194 194 194 194 194 194 194 194 194 195 195 195 195 195 195 195 194 195 195 195 195 195 195 195 195 195 195 196 196 195 195 195 196 196 196 197 197 198 198 197 197 198 199 199 198 198 198 198 198 197 197 197 196 197 198 198 198 199 199 199 198 198 198 198 198 198 198 198 199 199 200 201 200 200 201 201 200 200 200 201 201 200 200 200 201 201 200 200 200 199 200 201 201 202 202 202 201 201 201 202 201 202 0 0 0 0 0 0 0 0 0 0 0 0 0 0 0 0 0 0 0 0 0 0 0 0 0 0 0 0 0 0 
0 0 0 0 0 0 0 0 0 0 0 0 0 0 0 0 0 0 0 0 0 0 0 0 0 0 0 0 0 0 0 0 0 0 0 0 0 0 0 0 0 0 0 0 0 0 0 0 0 0 0 0 0 0 0 0 0 0 0 0 0 0 0 0 0 0 0 0 0 0 0 0 0 0 0 0 0 0 0 0 0 0 0 0 0 0 0 0 0 0 0 0 0 0 0 0 0 0 0 0 0 0 0 0 0 0 0 0 0 0 0 0 0 0 0 0 0 0 0 0 0 0 0 0 0 0 0 0 0 0 0 0 0 0 0 0 0 0 0 0 0 0 0 0 0 0 0 0 0 0 0 0 0 0 0 0 0 0 0 0 0 0 0 0 0 0 0 0 0 0 0 0 0 0 0 0 0 0 0 0 0 0 0 0 180 181 181 182 181 182 182 182 180 180 181 181 181 181 182 182 182 182 182 183 183 183 183 183 184 184 184 183 182 182 182 182 182 182 182 182 182 182 182 182 182 182 182 182 182 182 182 182 182 182 182 182 183 183 183 183 183 184 183 183 183 183 183 183 184 183 184 184 185 184 184 185 185 185 185 185 185 185 185 185 186 185 186 186 186 187 187 186 187 187 187 187 187 187 187 187 188 188 188 188 188 188 188 188 188 188 188 188 189 189 189 189 189 190 190 190 190 190 190 190 190 189 189 189 189 189 190 189 189 190 190 190 190 190 190 190 190 190 190 190 191 190 190 190 190 190 190 191 191 191 191 191 191 191 191 191 191 191 191 191 191 191 191 191 191 192 192 192 192 192 192 192 192 192 193 193 193 193 193 193 193 193 193 193 193 193 194 194 194 194 194 194 194 194 194 194 194 195 194 195 194 194 195 194 194 195 194 195 194 195 195 195 195 195 196 196 196 195 195 196 196 196 196 197 197 198 198 197 198 198 198 198 198 198 197 197 197 196 196 197 196 197 197 197 198 198 199 199 199 199 199 199 199 198 198 198 199 199 201 201 200 201 201 201 201 200 201 201 201 201 201 201 201 201 201 200 200 200 201 201 202 202 202 202 201 202 202 201 0 0 0 0 0 0 0 0 0 0 0 0 0 0 0 0 0 0 0 0 0 0 0 0 0 0 0 0 0 0 0 
0 0 0 0 0 0 0 0 0 0 0 0 0 0 0 0 0 0 0 0 0 0 0 0 0 0 0 0 0 0 0 0 0 0 0 0 0 0 0 0 0 0 0 0 0 0 0 0 0 0 0 0 0 0 0 0 0 0 0 0 0 0 0 0 0 0 0 0 0 0 0 0 0 0 0 0 0 0 0 0 0 0 0 0 0 0 0 0 0 0 0 0 0 0 0 0 0 0 0 0 0 0 0 0 0 0 0 0 0 0 0 0 0 0 0 0 0 0 0 0 0 0 0 0 0 0 0 0 0 0 0 0 0 0 0 0 0 0 0 0 0 0 0 0 0 0 0 0 0 0 0 0 0 0 0 0 0 0 0 0 0 0 0 0 0 0 0 0 0 0 0 0 0 0 0 0 0 0 0 0 0 0 0 0 180 181 181 182 181 182 181 182 181 181 181 181 181 181 182 182 182 182 182 183 183 183 184 183 183 183 184 184 184 183 183 182 182 182 182 182 182 182 182 182 183 183 182 182 183 183 182 182 182 182 182 182 182 182 183 183 183 183 183 183 183 183 183 183 183 184 184 184 185 184 184 184 184 185 185 185 185 185 185 185 185 186 185 186 186 186 187 186 186 187 187 187 187 187 187 187 188 188 188 188 188 188 188 188 188 188 188 188 189 189 189 189 189 189 190 190 190 189 190 190 190 189 189 189 189 189 189 189 190 190 190 190 190 190 190 190 190 190 190 190 190 191 190 190 190 190 190 190 191 191 190 190 190 190 190 191 191 191 191 191 191 191 192 191 191 192 192 192 191 192 192 192 192 192 193 193 193 193 193 193 193 193 193 193 193 193 193 193 193 193 193 194 194 194 194 194 194 194 194 194 194 194 195 195 195 194 194 194 194 195 195 195 195 195 195 195 196 196 195 195 195 196 196 196 197 198 198 198 198 198 197 197 197 197 196 196 196 197 197 197 197 197 198 198 197 198 198 199 200 200 199 199 199 199 199 199 199 199 200 201 201 201 201 201 200 201 201 201 0 0 0 0 0 201 201 200 200 200 200 201 201 202 202 202 202 0 202 202 0 0 0 0 0 0 0 0 0 0 0 0 0 0 0 0 0 0 0 0 0 0 0 0 0 0 0 0 0 0 0 
0 0 0 0 0 0 0 0 0 0 0 0 0 0 0 0 0 0 0 0 0 0 0 0 0 0 0 0 0 0 0 0 0 0 0 0 0 0 0 0 0 0 0 0 0 0 0 0 0 0 0 0 0 0 0 0 0 0 0 0 0 0 0 0 0 0 0 0 0 0 0 0 0 0 0 0 0 0 0 0 0 0 0 0 0 0 0 0 0 0 0 0 0 0 0 0 0 0 0 0 0 0 0 0 0 0 0 0 0 0 0 0 0 0 0 0 0 0 0 0 0 0 0 0 0 0 0 0 0 0 0 0 0 0 0 0 0 0 0 0 0 0 0 0 0 0 0 0 0 0 0 0 0 0 0 0 0 0 0 0 0 0 0 0 0 0 0 0 0 0 0 0 0 0 0 0 0 0 0 0 0 0 0 0 181 181 181 182 181 182 182 182 181 182 182 181 182 182 182 182 182 183 183 183 184 184 184 183 183 183 183 183 183 183 183 183 183 182 181 182 182 182 182 183 183 183 182 182 182 183 182 182 182 182 182 182 182 182 183 183 183 183 183 183 183 183 183 183 183 183 184 184 185 184 184 184 184 184 185 185 185 185 185 185 185 186 185 185 185 186 187 187 186 187 187 187 187 187 187 187 187 187 188 188 188 188 188 188 188 188 188 188 188 189 189 189 189 189 189 190 190 189 189 189 190 190 190 190 190 190 190 190 190 190 190 190 190 190 189 190 190 190 190 190 190 190 190 190 190 190 190 190 190 190 190 190 191 191 191 191 191 191 191 192 191 191 192 192 191 192 192 191 191 191 192 192 192 192 192 193 193 193 193 193 193 193 193 193 193 193 193 193 193 193 193 193 193 194 194 194 194 194 194 194 194 194 194 194 194 194 194 194 194 194 194 194 195 195 194 195 195 196 195 195 196 196 196 196 197 198 198 198 198 198 197 197 196 196 197 197 198 198 197 197 198 197 198 198 197 197 198 199 199 199 199 199 199 199 199 199 200 200 200 201 201 201 0 201 201 201 201 0 0 0 0 0 0 0 0 0 0 0 200 200 201 0 0 0 0 0 0 0 0 0 0 0 0 0 0 0 0 0 0 0 0 0 0 0 0 0 0 0 0 0 0 0 0 0 0 0 0 0 0 
0 0 0 0 0 0 0 0 0 0 0 0 0 0 0 0 0 0 0 0 0 0 0 0 0 0 0 0 0 0 0 0 0 0 0 0 0 0 0 0 0 0 0 0 0 0 0 0 0 0 0 0 0 0 0 0 0 0 0 0 0 0 0 0 0 0 0 0 0 0 0 0 0 0 0 0 0 0 0 0 0 0 0 0 0 0 0 0 0 0 0 0 0 0 0 0 0 0 0 0 0 0 0 0 0 0 0 0 0 0 0 0 0 0 0 0 0 0 0 0 0 0 0 0 0 0 0 0 0 0 0 0 0 0 0 0 0 0 0 0 0 0 0 0 0 0 0 0 0 0 0 0 0 0 0 0 0 0 0 0 0 0 0 0 0 0 0 0 0 0 0 0 0 0 0 0 0 0 0 0 0 0 0 180 181 181 181 182 182 182 182 182 181 182 182 182 182 182 182 182 182 183 183 183 183 183 184 183 183 182 182 182 183 183 182 183 183 182 181 181 182 182 182 182 182 182 182 182 182 182 183 183 182 182 182 182 182 182 182 182 183 183 183 183 183 183 183 183 183 183 183 184 184 184 184 184 184 184 184 184 185 185 185 185 186 186 186 185 185 186 186 187 186 187 187 187 187 187 187 187 187 187 188 188 188 188 188 188 188 188 188 188 188 189 189 189 189 189 189 189 189 189 189 189 190 190 190 190 190 190 190 190 190 190 190 190 189 189 189 189 190 190 189 190 190 190 190 190 190 190 190 190 190 190 190 191 191 191 191 191 191 191 191 192 192 191 192 192 192 192 192 191 191 191 192 192 192 192 192 192 193 193 192 192 193 193 193 193 193 193 193 193 193 193 193 193 193 193 193 194 194 194 194 194 194 194 194 194 194 194 194 194 193 194 194 194 194 194 194 195 195 195 195 195 195 196 197 197 197 197 197 197 198 198 197 197 196 196 197 198 198 198 197 197 198 198 199 199 198 197 197 198 198 198 198 198 198 198 199 199 199 199 200 200 0 0 0 0 0 201 202 0 0 0 0 0 0 0 0 0 0 0 0 200 0 0 0 0 0 0 0 0 0 0 0 0 0 0 0 0 0 0 0 0 0 0 0 0 0 0 0 0 0 0 0 0 0 0 0 0 0 0 0 
0 0 0 0 0 0 0 0 0 0 0 0 0 0 0 0 0 0 0 0 0 0 0 0 0 0 0 0 0 0 0 0 0 0 0 0 0 0 0 0 0 0 0 0 0 0 0 0 0 0 0 0 0 0 0 0 0 0 0 0 0 0 0 0 0 0 0 0 0 0 0 0 0 0 0 0 0 0 0 0 0 0 0 0 0 0 0 0 0 0 0 0 0 0 0 0 0 0 0 0 0 0 0 0 0 0 0 0 0 0 0 0 0 0 0 0 0 0 0 0 0 0 0 0 0 0 0 0 0 0 0 0 0 0 0 0 0 0 0 0 0 0 0 0 0 0 0 0 0 0 0 0 0 0 0 0 0 0 0 0 0 0 0 0 0 0 0 0 0 0 0 0 0 0 0 0 0 0 0 0 0 0 0 181 181 181 182 182 182 182 182 183 181 181 182 182 182 182 182 182 182 182 183 183 183 183 183 183 183 182 182 182 182 182 182 182 182 182 182 181 181 182 182 182 183 183 183 183 183 182 182 183 183 182 182 182 182 183 183 183 183 183 183 183 183 183 183 183 183 183 183 183 184 184 184 184 184 184 184 185 185 184 185 185 185 185 185 185 185 186 186 187 186 186 187 187 187 187 187 187 187 187 187 187 188 188 188 188 188 188 188 188 188 188 189 189 189 189 189 189 189 189 189 189 189 190 189 190 190 190 190 190 190 190 190 190 190 189 189 190 190 190 189 190 190 190 190 189 190 190 190 190 190 190 190 191 191 191 191 191 191 191 191 192 191 191 192 192 192 192 192 191 191 191 192 192 192 192 192 192 192 192 192 192 192 192 193 192 192 192 192 192 192 193 193 193 193 193 193 194 194 194 194 194 194 194 194 195 194 194 194 194 194 194 194 193 193 194 194 194 194 194 195 195 195 196 197 197 197 196 197 197 198 198 198 197 196 197 198 198 198 198 198 197 198 199 199 198 197 197 197 198 198 198 198 198 198 199 199 198 199 199 200 200 0 0 0 0 0 0 0 0 0 0 0 0 0 0 0 0 0 0 0 0 0 0 0 0 0 0 0 0 0 0 0 0 0 0 0 0 0 0 0 0 0 0 0 0 0 0 0 0 0 0 0 0 0 0 0 0 0 0 0 
0 0 0 0 0 0 0 0 0 0 0 0 0 0 0 0 0 0 0 0 0 0 0 0 0 0 0 0 0 0 0 0 0 0 0 0 0 0 0 0 0 0 0 0 0 0 0 0 0 0 0 0 0 0 0 0 0 0 0 0 0 0 0 0 0 0 0 0 0 0 0 0 0 0 0 0 0 0 0 0 0 0 0 0 0 0 0 0 0 0 0 0 0 0 0 0 0 0 0 0 0 0 0 0 0 0 0 0 0 0 0 0 0 0 0 0 0 0 0 0 0 0 0 0 0 0 0 0 0 0 0 0 0 0 0 0 0 0 0 0 0 0 0 0 0 0 0 0 0 0 0 0 0 0 0 0 0 0 0 0 0 0 0 0 0 0 0 0 0 0 0 0 0 0 0 0 0 0 0 0 0 0 0 0 182 181 182 182 182 183 183 183 182 182 182 182 183 183 183 182 182 183 183 183 183 183 183 182 182 181 182 182 182 181 182 182 182 182 182 181 181 182 183 183 182 183 183 183 183 183 182 182 183 183 183 182 182 183 183 183 183 183 182 183 183 183 183 183 183 183 183 184 184 184 184 184 184 184 184 184 185 185 185 185 185 185 185 185 185 186 186 186 186 186 187 187 187 187 187 187 187 187 187 187 188 188 188 188 188 188 188 188 188 188 188 189 189 189 189 189 189 189 189 189 189 189 189 190 190 190 190 190 190 190 190 190 190 190 190 190 190 190 190 190 190 189 189 190 190 190 190 190 190 190 190 190 190 191 191 191 191 191 191 191 191 191 192 192 192 191 191 191 191 191 192 192 192 192 192 192 192 192 192 192 192 192 192 192 192 192 193 192 193 193 194 194 193 193 193 194 194 194 194 194 193 194 194 194 194 194 194 194 193 194 194 194 193 193 194 194 194 194 195 195 196 196 196 196 196 196 197 197 197 197 197 196 196 197 198 198 198 198 198 198 198 198 198 198 198 198 197 198 199 199 199 198 198 199 199 198 199 199 200 0 0 0 0 0 0 0 0 0 0 0 0 0 0 0 0 0 0 0 0 0 0 0 0 0 0 0 0 0 0 0 0 0 0 0 0 0 0 0 0 0 0 0 0 0 0 0 0 0 0 0 0 0 0 0 0 0 0 0 0 
0 0 0 0 0 0 0 0 0 0 0 0 0 0 0 0 0 0 0 0 0 0 0 0 0 0 0 0 0 0 0 0 0 0 0 0 0 0 0 0 0 0 0 0 0 0 0 0 0 0 0 0 0 0 0 0 0 0 0 0 0 0 0 0 0 0 0 0 0 0 0 0 0 0 0 0 0 0 0 0 0 0 0 0 0 0 0 0 0 0 0 0 0 0 0 0 0 0 0 0 0 0 0 0 0 0 0 0 0 0 0 0 0 0 0 0 0 0 0 0 0 0 0 0 0 0 0 0 0 0 0 0 0 0 0 0 0 0 0 0 0 0 0 0 0 0 0 0 0 0 0 0 0 0 0 0 0 0 0 0 0 0 0 0 0 0 0 0 0 0 0 0 0 0 0 0 0 0 0 0 0 0 0 0 183 182 183 183 183 183 184 184 182 182 182 182 182 183 183 183 183 183 182 182 182 182 181 181 181 181 181 181 181 181 181 181 181 182 182 181 181 181 182 182 182 182 183 183 183 183 183 182 182 183 183 182 182 182 183 183 183 183 182 183 183 183 183 183 183 183 183 184 184 184 184 184 184 184 184 184 184 184 185 185 185 185 185 185 185 186 186 186 186 186 186 187 186 187 187 187 187 187 187 187 187 188 188 188 188 188 188 188 188 188 188 189 189 189 189 189 189 189 189 189 189 189 189 189 190 189 190 190 190 190 190 190 190 190 189 190 190 190 190 190 190 190 190 189 189 189 189 190 190 190 190 190 190 191 191 191 191 191 191 191 191 192 192 191 192 191 191 191 191 191 192 192 192 192 192 192 192 192 192 192 192 192 192 192 192 193 193 192 193 194 194 194 193 193 194 194 194 194 195 194 193 194 195 195 194 194 194 194 193 194 194 194 194 193 193 193 194 195 195 195 196 196 196 196 196 196 196 197 197 198 197 197 196 197 197 197 198 199 199 199 199 199 198 198 199 198 198 199 199 198 198 199 198 199 199 199 199 0 0 0 0 0 0 0 0 0 0 0 0 0 0 0 0 0 0 0 0 0 0 0 0 0 0 0 0 0 0 0 0 0 0 0 0 0 0 0 0 0 0 0 0 0 0 0 0 0 0 0 0 0 0 0 0 0 0 0 0 0 0 
0 0 0 0 0 0 0 0 0 0 0 0 0 0 0 0 0 0 0 0 0 0 0 0 0 0 0 0 0 0 0 0 0 0 0 0 0 0 0 0 0 0 0 0 0 0 0 0 0 0 0 0 0 0 0 0 0 0 0 0 0 0 0 0 0 0 0 0 0 0 0 0 0 0 0 0 0 0 0 0 0 0 0 0 0 0 0 0 0 0 0 0 0 0 0 0 0 0 0 0 0 0 0 0 0 0 0 0 0 0 0 0 0 0 0 0 0 0 0 0 0 0 0 0 0 0 0 0 0 0 0 0 0 0 0 0 0 0 0 0 0 0 0 0 0 0 0 0 0 0 0 0 0 0 0 0 0 0 0 0 0 0 0 0 0 0 0 0 0 0 0 0 0 0 0 0 0 0 0 0 0 0 0 0 0 183 183 183 183 183 183 184 182 182 182 182 182 182 182 182 182 182 182 182 182 181 180 180 181 180 180 181 180 180 180 180 181 181 181 181 181 182 182 182 182 182 182 183 183 183 183 183 182 183 183 182 182 183 183 183 183 183 183 182 183 183 183 183 183 183 184 184 184 184 184 184 184 184 184 184 184 184 185 185 185 185 185 186 185 185 186 186 186 186 186 186 186 187 187 187 187 187 187 187 187 188 188 188 188 188 188 188 188 188 188 188 189 189 188 189 189 189 188 189 189 189 189 189 189 189 189 190 190 190 190 190 189 189 189 190 190 190 190 190 190 190 190 190 190 190 189 189 189 190 190 190 190 190 190 191 191 191 191 191 191 191 191 191 191 192 191 191 191 191 191 192 192 192 192 192 191 192 192 192 192 192 192 192 192 193 193 193 192 193 193 194 193 193 194 194 194 195 194 193 193 194 195 195 194 195 194 194 194 194 194 194 194 193 193 194 194 195 194 195 195 195 196 196 196 196 197 197 197 198 198 197 197 197 197 197 198 199 199 199 199 199 198 199 199 198 198 199 198 199 199 199 199 199 200 199 0 0 0 0 0 0 0 0 0 0 0 0 0 0 0 0 0 0 0 0 0 0 0 0 0 0 0 0 0 0 0 0 0 0 0 0 0 0 0 0 0 0 0 0 0 0 0 0 0 0 0 0 0 0 0 0 0 0 0 0 0 0 0 
0 0 0 0 0 0 0 0 0 0 0 0 0 0 0 0 0 0 0 0 0 0 0 0 0 0 0 0 0 0 0 0 0 0 0 0 0 0 0 0 0 0 0 0 0 0 0 0 0 0 0 0 0 0 0 0 0 0 0 0 0 0 0 0 0 0 0 0 0 0 0 0 0 0 0 0 0 0 0 0 0 0 0 0 0 0 0 0 0 0 0 0 0 0 0 0 0 0 0 0 0 0 0 0 0 0 0 0 0 0 0 0 0 0 0 0 0 0 0 0 0 0 0 0 0 0 0 0 0 0 0 0 0 0 0 0 0 0 0 0 0 0 0 0 0 0 0 0 0 0 0 0 0 0 0 0 0 0 0 0 0 0 0 0 0 0 0 0 0 0 0 0 0 0 0 182 0 181 182 182 0 183 183 183 184 184 183 183 183 183 183 184 182 182 182 182 182 182 182 182 182 181 182 182 181 180 180 180 181 180 180 180 180 180 180 180 181 181 181 181 181 182 182 182 182 182 182 182 183 183 183 183 183 182 183 183 183 183 183 183 183 183 183 182 182 183 183 183 183 183 183 183 184 184 184 184 184 184 184 184 184 184 184 184 185 185 185 185 185 185 186 186 186 186 187 186 186 186 187 187 187 187 187 187 187 187 187 187 188 188 188 188 188 188 188 188 188 188 188 188 189 189 189 188 189 189 189 189 189 189 189 189 190 189 190 189 189 189 189 189 190 190 190 190 190 190 190 190 190 190 190 189 189 190 190 190 190 190 190 191 191 191 191 191 191 191 191 191 191 191 192 191 191 191 191 192 192 192 192 192 191 192 192 192 192 192 192 192 193 193 194 193 192 193 194 194 193 193 194 194 194 193 193 193 194 195 195 194 194 194 194 194 194 194 193 193 193 192 193 193 193 194 194 194 195 195 196 196 196 196 196 196 197 198 198 197 197 197 198 198 199 199 199 199 200 199 199 199 199 198 198 198 198 199 200 199 200 0 0 0 0 0 0 0 0 0 0 0 0 0 0 0 0 0 0 0 0 0 0 0 0 0 0 0 0 0 0 0 0 0 0 0 0 0 0 0 0 0 0 0 0 0 0 0 0 0 0 0 0 0 0 0 0 0 0 0 0 0 0 0 0 0 0 
0 0 0 0 0 0 0 0 0 0 0 0 0 0 0 0 0 0 0 0 0 0 0 0 0 0 0 0 0 0 0 0 0 0 0 0 0 0 0 0 0 0 0 0 0 0 0 0 0 0 0 0 0 0 0 0 0 0 0 0 0 0 0 0 0 0 0 0 0 0 0 0 0 0 0 0 0 0 0 0 0 0 0 0 0 0 0 0 0 0 0 0 0 0 0 0 0 0 0 0 0 0 0 0 0 0 0 0 0 0 0 0 0 0 0 0 0 0 0 0 0 0 0 0 0 0 0 0 0 0 0 0 0 0 0 0 0 0 0 0 0 0 0 0 0 0 0 0 0 0 0 0 0 0 0 0 0 0 0 0 0 0 0 0 0 0 0 0 0 0 0 0 0 0 0 182 182 182 182 183 183 183 183 182 183 183 183 183 182 183 183 183 181 181 181 181 181 181 181 181 181 181 181 181 180 180 179 179 180 180 180 180 180 180 180 180 181 181 181 180 181 181 181 181 182 182 182 182 183 183 183 183 183 182 182 183 183 183 183 183 183 183 183 183 183 183 183 183 183 183 183 183 184 184 183 184 184 184 184 184 184 184 184 184 185 185 185 185 185 185 185 186 186 186 186 186 186 186 187 187 186 187 187 187 187 187 187 187 187 188 188 188 188 188 188 188 188 188 188 188 188 188 188 189 189 189 189 189 189 189 189 189 189 189 189 189 189 189 189 189 189 189 189 190 190 190 190 190 190 190 189 189 189 190 190 190 190 190 190 191 191 191 191 191 191 191 191 191 191 191 192 191 191 191 191 192 192 192 192 192 191 192 192 192 192 192 192 192 193 193 193 193 193 193 193 194 193 193 194 194 193 194 194 193 193 194 195 194 194 194 194 193 194 194 193 193 192 192 193 194 194 194 194 194 194 195 196 196 197 196 196 196 197 198 198 198 197 197 198 198 199 199 199 199 200 200 200 199 198 198 198 198 199 199 199 0 0 0 0 0 0 0 0 0 0 0 0 0 0 0 0 0 0 0 0 0 0 0 0 0 0 0 0 0 0 0 0 0 0 0 0 0 0 0 0 0 0 0 0 0 0 0 0 0 0 0 0 0 0 0 0 0 0 0 0 0 0 0 0 0 0 0 0 
0 0 0 0 0 0 0 0 0 0 0 0 0 0 0 0 0 0 0 0 0 0 0 0 0 0 0 0 0 0 0 0 0 0 0 0 0 0 0 0 0 0 0 0 0 0 0 0 0 0 0 0 0 0 0 0 0 0 0 0 0 0 0 0 0 0 0 0 0 0 0 0 0 0 0 0 0 0 0 0 0 0 0 0 0 0 0 0 0 0 0 0 0 0 0 0 0 0 0 0 0 0 0 0 0 0 0 0 0 0 0 0 0 0 0 0 0 0 0 0 0 0 0 0 0 0 0 0 0 0 0 0 0 0 0 0 0 0 0 0 0 0 0 0 0 0 0 0 0 0 0 0 0 0 0 0 0 0 0 0 0 0 0 0 0 0 0 0 0 0 0 0 182 182 181 182 182 182 182 182 182 183 182 182 182 182 182 182 182 183 183 182 180 180 180 180 180 180 180 180 180 181 181 180 179 179 179 180 179 180 180 180 180 180 180 180 181 180 181 180 181 181 181 181 181 182 182 182 182 182 183 182 183 183 182 182 183 183 183 183 183 183 183 183 183 183 182 183 183 183 183 183 183 183 183 183 184 184 184 184 184 184 184 184 185 185 185 185 185 185 185 185 185 185 186 186 186 186 186 186 186 186 187 187 187 187 187 187 187 188 188 188 188 188 188 188 189 189 188 188 188 188 188 188 189 189 189 189 189 189 189 189 189 189 188 189 189 189 190 189 190 189 189 189 189 189 190 190 190 190 190 189 189 189 190 190 190 190 191 191 191 191 191 190 190 191 191 191 191 191 191 191 191 191 191 191 191 191 191 191 191 192 192 192 191 192 192 192 193 193 193 193 193 194 194 194 193 193 194 194 194 194 194 193 193 194 195 194 194 194 193 193 193 193 193 192 192 193 193 193 194 195 195 195 195 195 196 196 197 197 196 196 197 198 198 198 197 197 197 198 198 198 199 199 199 199 199 199 199 198 198 198 198 199 198 0 0 0 0 0 0 0 0 0 0 0 0 0 0 0 0 0 0 0 0 0 0 0 0 0 0 0 0 0 0 0 0 0 0 0 0 0 0 0 0 0 0 0 0 0 0 0 0 0 0 0 0 0 0 0 0 0 0 0 0 0 0 0 0 0 0 0 0 
0 0 0 0 0 0 0 0 0 0 0 0 0 0 0 0 0 0 0 0 0 0 0 0 0 0 0 0 0 0 0 0 0 0 0 0 0 0 0 0 0 0 0 0 0 0 0 0 0 0 0 0 0 0 0 0 0 0 0 0 0 0 0 0 0 0 0 0 0 0 0 0 0 0 0 0 0 0 0 0 0 0 0 0 0 0 0 0 0 0 0 0 0 0 0 0 0 0 0 0 0 0 0 0 0 0 0 0 0 0 0 0 0 0 0 0 0 0 0 0 0 0 0 0 0 0 0 0 0 0 0 0 0 0 0 0 0 0 0 0 0 0 0 0 0 0 0 0 0 0 0 0 0 0 0 0 0 0 0 0 0 0 0 0 0 0 0 0 0 0 0 0 0 181 181 182 182 182 182 182 181 181 181 181 181 182 182 182 181 181 182 182 180 179 179 179 180 180 179 180 180 180 179 179 179 179 179 179 179 179 180 180 180 180 180 180 181 180 181 181 181 181 181 181 181 181 182 182 182 182 183 183 182 183 182 182 182 182 183 183 183 183 183 183 183 183 183 183 183 183 183 183 183 183 183 183 184 184 184 184 184 184 184 184 185 185 185 185 185 185 185 185 185 185 186 186 186 186 186 186 186 186 187 187 187 187 187 187 187 187 187 188 188 188 188 188 189 189 189 188 188 188 189 188 189 189 189 189 189 189 189 190 189 189 188 188 188 189 189 189 189 189 190 190 190 190 189 189 190 190 189 189 190 190 190 190 190 191 191 191 191 191 191 190 190 190 191 191 191 191 191 191 191 191 191 191 191 191 191 191 191 191 191 192 192 192 193 193 193 193 193 193 193 194 195 194 193 193 194 194 194 194 194 193 193 194 195 194 194 194 193 192 192 192 191 192 193 193 194 194 195 195 195 195 195 196 196 196 197 197 197 197 197 198 198 198 198 197 198 198 198 198 198 198 198 199 199 199 199 198 198 198 198 198 198 0 0 0 0 0 0 0 0 0 0 0 0 0 0 0 0 0 0 0 0 0 0 0 0 0 0 0 0 0 0 0 0 0 0 0 0 0 0 0 0 0 0 0 0 0 0 0 0 0 0 0 0 0 0 0 0 0 0 0 0 0 0 0 0 0 0 0 0 
0 0 0 0 0 0 0 0 0 0 0 0 0 0 0 0 0 0 0 0 0 0 0 0 0 0 0 0 0 0 0 0 0 0 0 0 0 0 0 0 0 0 0 0 0 0 0 0 0 0 0 0 0 0 0 0 0 0 0 0 0 0 0 0 0 0 0 0 0 0 0 0 0 0 0 0 0 0 0 0 0 0 0 0 0 0 0 0 0 0 0 0 0 0 0 0 0 0 0 0 0 0 0 0 0 0 0 0 0 0 0 0 0 0 0 0 0 0 0 0 0 0 0 0 0 0 0 0 0 0 0 0 0 0 0 0 0 0 0 0 0 0 0 0 0 0 0 0 0 0 0 0 0 0 0 0 0 0 0 0 0 0 0 0 0 0 0 0 0 0 0 0 0 0 180 181 181 181 181 181 180 180 180 181 181 182 181 181 180 180 181 180 179 178 178 179 179 179 179 179 179 179 178 178 178 179 179 179 179 180 180 180 180 180 180 180 181 180 181 181 181 181 181 181 181 181 182 182 182 182 182 182 182 182 182 182 182 182 182 183 183 183 183 183 183 183 183 183 183 183 183 183 183 183 183 184 184 184 184 184 184 184 184 184 184 184 185 185 185 185 185 185 185 186 185 186 186 186 186 186 186 186 187 187 187 187 187 187 187 187 187 187 188 188 188 188 188 188 188 188 188 188 188 188 188 189 189 188 189 189 189 189 189 189 188 189 188 188 188 188 189 189 189 189 189 189 190 189 189 189 189 189 190 190 190 190 191 191 191 191 191 191 191 190 190 190 191 191 191 190 191 191 191 190 191 191 191 191 191 191 191 192 192 192 192 193 193 193 193 194 193 193 193 194 195 195 194 194 194 194 194 193 194 194 194 194 195 194 194 193 193 192 191 191 192 192 193 194 194 194 194 194 195 195 195 195 196 196 197 197 197 197 197 198 198 198 197 197 198 199 198 198 198 198 199 199 200 199 198 198 197 198 197 198 198 198 0 0 0 0 0 0 0 0 0 0 0 0 0 0 0 0 0 0 0 0 0 0 0 0 0 0 0 0 0 0 0 0 0 0 0 0 0 0 0 0 0 0 0 0 0 0 0 0 0 0 0 0 0 0 0 0 0 0 0 0 0 0 0 0 0 0 0 
0 0 0 0 0 0 0 0 0 0 0 0 0 0 0 0 0 0 0 0 0 0 0 0 0 0 0 0 0 0 0 0 0 0 0 0 0 0 0 0 0 0 0 0 0 0 0 0 0 0 0 0 0 0 0 0 0 0 0 0 0 0 0 0 0 0 0 0 0 0 0 0 0 0 0 0 0 0 0 0 0 0 0 0 0 0 0 0 0 0 0 0 0 0 0 0 0 0 0 0 0 0 0 0 0 0 0 0 0 0 0 0 0 0 0 0 0 0 0 0 0 0 0 0 0 0 0 0 0 0 0 0 0 0 0 0 0 0 0 0 0 0 0 0 0 0 0 0 0 0 0 0 0 0 0 0 0 0 0 0 0 0 0 0 0 0 0 0 0 0 0 0 0 0 180 179 180 180 180 180 180 179 179 179 180 180 180 180 179 179 180 179 177 177 177 177 177 177 177 177 177 178 178 178 178 179 179 179 179 180 180 180 180 180 180 180 180 180 180 180 181 181 181 181 181 181 182 182 182 182 182 182 182 182 182 182 182 182 182 183 183 183 183 183 182 183 183 183 183 183 183 183 183 183 183 183 183 183 184 184 184 184 184 184 184 184 185 185 185 185 185 185 185 185 185 186 186 186 186 186 186 186 186 187 187 187 187 187 187 187 187 187 187 188 188 188 188 188 189 188 188 188 188 188 189 189 189 189 188 188 189 189 189 188 188 188 188 188 188 189 189 189 189 189 189 189 189 189 189 189 189 189 189 190 190 190 190 190 190 191 191 191 191 191 191 190 190 190 190 191 190 190 190 190 191 192 191 192 191 190 190 191 191 191 192 192 193 193 193 194 194 193 193 194 194 195 195 194 194 194 194 193 193 193 194 194 194 193 193 193 193 192 191 192 193 193 194 194 194 194 194 195 195 195 196 196 196 196 196 197 197 197 197 198 198 198 197 197 199 199 198 198 199 199 199 199 199 199 198 198 197 197 198 198 198 198 199 0 0 0 0 0 0 0 0 0 0 0 0 0 0 0 0 0 0 0 0 0 0 0 0 0 0 0 0 0 0 0 0 0 0 0 0 0 0 0 0 0 0 0 0 0 0 0 0 0 0 0 0 0 0 0 0 0 0 0 0 0 0 0 0 0 0 
0 0 0 0 0 0 0 0 0 0 0 0 0 0 0 0 0 0 0 0 0 0 0 0 0 0 0 0 0 0 0 0 0 0 0 0 0 0 0 0 0 0 0 0 0 0 0 0 0 0 0 0 0 0 0 0 0 0 0 0 0 0 0 0 0 0 0 0 0 0 0 0 0 0 0 0 0 0 0 0 0 0 0 0 0 0 0 0 0 0 0 0 0 0 0 0 0 0 0 0 0 0 0 0 0 0 0 0 0 0 0 0 0 0 0 0 0 0 0 0 0 0 0 0 0 0 0 0 0 0 0 0 0 0 0 0 0 0 0 0 0 0 0 0 0 0 0 0 0 0 0 0 0 0 0 0 0 0 0 0 0 0 0 0 0 0 0 0 0 0 0 0 0 0 180 180 178 179 178 178 178 178 178 178 178 178 178 178 178 178 178 178 177 177 177 177 177 177 177 178 178 178 178 179 179 179 179 179 179 180 180 180 180 180 180 180 180 180 180 180 181 181 181 181 181 181 182 182 182 182 182 182 182 182 182 182 182 182 182 182 183 183 182 182 182 182 182 183 183 183 183 183 182 183 183 183 183 183 183 184 184 184 184 184 184 184 184 184 185 185 185 185 185 185 185 185 186 186 186 186 186 186 186 187 187 187 187 187 187 187 187 187 188 187 188 188 188 188 188 188 188 188 188 188 189 189 189 189 189 188 189 189 189 188 188 188 188 188 189 189 189 189 189 189 189 189 189 189 189 190 190 189 189 189 189 189 190 190 190 190 190 191 191 191 191 191 190 190 190 191 191 190 190 190 191 191 192 191 191 191 190 191 192 192 192 193 193 193 193 194 194 193 193 194 194 194 195 194 194 193 194 193 193 192 193 193 194 193 192 192 193 192 192 192 193 194 194 193 193 193 194 195 195 195 195 195 196 196 196 196 197 197 197 198 198 198 197 198 199 198 198 198 199 199 199 199 198 198 198 198 198 197 198 198 198 198 198 0 0 0 0 0 0 0 0 0 0 0 0 0 0 0 0 0 0 0 0 0 0 0 0 0 0 0 0 0 0 0 0 0 0 0 0 0 0 0 0 0 0 0 0 0 0 0 0 0 0 0 0 0 0 0 0 0 0 0 0 0 0 0 0 0 0 
0 0 0 0 0 0 0 0 0 0 0 0 0 0 0 0 0 0 0 0 0 0 0 0 0 0 0 0 0 0 0 0 0 0 0 0 0 0 0 0 0 0 0 0 0 0 0 0 0 0 0 0 0 0 0 0 0 0 0 0 0 0 0 0 0 0 0 0 0 0 0 0 0 0 0 0 0 0 0 0 0 0 0 0 0 0 0 0 0 0 0 0 0 0 0 0 0 0 0 0 0 0 0 0 0 0 0 0 0 0 0 0 0 0 0 0 0 0 0 0 0 0 0 0 0 0 0 0 0 0 0 0 0 0 0 0 0 0 0 0 0 0 0 0 0 0 178 179 178 178 179 179 180 179 0 0 0 0 0 0 0 0 0 0 0 0 0 0 0 0 0 0 0 181 179 179 178 177 177 178 177 178 178 178 178 178 178 178 178 178 178 178 177 177 177 177 178 178 178 178 178 178 179 179 179 179 179 179 179 180 180 180 180 180 180 180 180 180 180 181 180 181 181 181 181 181 182 181 182 182 182 182 182 182 182 182 182 182 182 182 182 183 182 182 182 182 182 182 183 183 183 183 183 182 183 183 183 183 183 183 184 184 184 184 184 184 184 184 185 185 185 185 185 185 185 185 185 185 185 185 186 186 186 187 187 187 187 187 187 187 187 187 188 187 187 188 188 188 188 188 188 188 188 188 189 189 189 189 189 188 189 189 188 188 188 188 188 188 189 189 189 189 188 188 189 188 189 189 190 190 189 189 189 189 189 189 189 189 190 190 190 190 190 191 191 190 190 190 190 191 191 191 190 190 191 191 191 191 191 190 190 191 191 192 193 192 193 193 193 193 194 194 193 193 194 194 195 194 194 193 193 193 193 193 192 193 193 193 192 192 193 193 191 192 192 193 193 193 194 194 194 194 195 195 196 195 195 196 196 196 197 197 197 198 198 198 197 198 198 198 198 199 198 198 198 198 198 197 197 198 197 197 197 198 198 198 198 199 0 0 0 0 0 0 0 0 0 0 0 0 0 0 0 0 0 0 0 0 0 0 0 0 0 0 0 0 0 0 0 0 0 0 0 0 0 0 0 0 0 0 0 0 0 0 0 0 0 0 0 0 0 0 0 0 0 0 0 0 0 0 0 0 0 
0 0 0 0 0 0 0 0 0 0 0 0 0 0 0 0 0 0 0 0 0 0 0 0 0 0 0 0 0 0 0 0 0 0 0 0 0 0 0 0 0 0 0 0 0 0 0 0 0 0 0 0 0 0 0 0 0 0 0 0 0 0 0 0 0 0 0 0 0 0 0 0 0 0 0 0 0 0 0 0 0 0 0 0 0 0 0 0 0 0 0 0 0 0 0 0 0 0 0 0 0 0 0 0 0 0 0 0 0 0 0 0 0 0 0 0 0 0 0 0 0 0 0 0 0 0 0 0 0 0 0 0 0 0 0 0 0 0 0 0 0 0 0 0 0 178 179 178 178 178 178 178 179 179 179 181 181 0 0 0 180 179 0 0 0 0 0 0 0 0 0 0 183 181 180 179 178 177 177 177 177 177 178 178 178 178 178 178 178 178 178 178 177 177 178 178 178 178 178 178 178 179 179 179 179 179 179 179 179 179 180 180 180 180 180 180 180 180 180 180 180 181 181 181 181 181 181 181 182 182 182 182 182 182 182 182 182 182 182 182 182 182 182 182 182 182 182 182 182 182 183 183 183 183 183 183 183 183 183 183 183 183 184 184 184 184 184 184 184 185 185 185 185 185 185 185 185 185 185 185 186 186 186 186 186 187 187 187 187 187 187 187 187 187 188 188 188 188 188 188 188 188 188 188 188 188 188 189 189 189 189 189 189 188 188 188 188 188 188 188 188 188 188 189 189 188 189 189 190 189 189 190 190 190 189 189 189 190 190 190 190 190 190 191 191 190 190 191 191 191 191 190 190 191 191 191 191 191 191 191 191 191 191 192 192 192 193 192 192 193 193 194 194 194 194 194 194 195 194 193 193 193 193 193 192 192 193 193 193 192 193 193 192 192 192 192 192 193 194 194 194 194 195 195 195 195 195 196 196 197 197 197 197 198 198 198 197 198 198 198 198 198 198 198 198 198 198 198 197 197 197 197 198 198 198 198 198 198 198 0 0 0 0 0 0 0 0 0 0 0 0 0 0 0 0 0 0 0 0 0 0 0 0 0 0 0 0 0 0 0 0 0 0 0 0 0 0 0 0 0 0 0 0 0 0 0 0 0 0 0 0 0 0 0 0 0 0 0 0 0 0 0 0 
0 0 0 0 0 0 0 0 0 0 0 0 0 0 0 0 0 0 0 0 0 0 0 0 0 0 0 0 0 0 0 0 0 0 0 0 0 0 0 0 0 0 0 0 0 0 0 0 0 0 0 0 0 0 0 0 0 0 0 0 0 0 0 0 0 0 0 0 0 0 0 0 0 0 0 0 0 0 0 0 0 0 0 0 0 0 0 0 0 0 0 0 0 0 0 0 0 0 0 0 0 0 0 0 0 0 0 0 0 0 0 0 0 0 0 0 0 0 0 0 0 0 0 0 0 0 0 0 0 0 0 0 0 0 0 0 0 0 0 0 0 0 0 0 0 178 179 178 177 178 179 178 178 178 178 179 179 180 181 181 180 180 180 181 0 0 0 0 0 0 182 182 182 181 180 179 178 177 177 177 177 177 178 178 178 178 178 178 178 178 179 179 178 178 178 178 178 178 178 178 178 179 179 179 179 179 179 179 179 179 180 180 180 180 180 180 180 180 180 180 181 181 181 181 181 181 181 181 182 182 182 182 182 182 182 182 182 182 182 182 182 182 182 182 183 183 183 182 182 182 183 183 183 183 183 183 183 183 183 183 183 183 183 184 184 184 184 184 184 184 184 185 185 185 185 185 185 185 185 185 186 186 186 186 186 186 187 187 187 187 187 187 187 187 188 188 188 188 188 188 188 187 188 188 188 188 189 189 189 189 189 189 188 188 188 189 188 188 189 188 188 188 188 188 188 188 188 189 189 189 189 190 189 189 189 189 189 189 189 190 190 190 190 190 190 191 190 191 191 191 191 190 191 191 191 191 191 191 191 191 191 191 192 192 192 192 192 192 192 192 193 193 194 194 194 194 194 194 194 193 193 193 192 192 192 192 192 192 193 192 192 192 192 193 193 194 194 194 193 194 194 194 194 194 195 195 195 196 196 196 196 197 197 198 198 198 198 198 198 198 197 198 198 198 198 198 198 197 197 197 197 198 198 198 198 198 198 198 198 199 0 0 0 0 0 0 0 0 0 0 0 0 0 0 0 0 0 0 0 0 0 0 0 0 0 0 0 0 0 0 0 0 0 0 0 0 0 0 0 0 0 0 0 0 0 0 0 0 0 0 0 0 0 0 0 0 0 0 0 0 0 0 0 
0 0 0 0 0 0 0 0 0 0 0 0 0 0 0 0 0 0 0 0 0 0 0 0 0 0 0 0 0 0 0 0 0 0 0 0 0 0 0 0 0 0 0 0 0 0 0 0 0 0 0 0 0 0 0 0 0 0 0 0 0 0 0 0 0 0 0 0 0 0 0 0 0 0 0 0 0 0 0 0 0 0 0 0 0 0 0 0 0 0 0 0 0 0 0 0 0 0 0 0 0 0 0 0 0 0 0 0 0 0 0 0 0 0 0 0 0 0 0 0 0 0 0 0 0 0 0 0 0 0 0 0 0 0 0 0 0 0 0 0 0 0 0 0 178 177 177 177 177 178 178 178 178 178 177 178 179 179 179 179 179 179 179 180 180 181 180 180 180 181 182 182 182 181 180 179 178 177 176 177 177 177 178 178 178 178 178 178 178 179 179 179 178 178 178 178 178 178 178 178 178 179 179 179 179 179 179 179 179 179 179 179 179 179 179 180 180 180 180 180 181 181 181 181 181 181 181 181 181 182 182 182 181 182 182 182 182 182 182 182 182 182 182 182 182 183 183 183 182 182 183 183 183 183 183 183 183 183 183 183 183 183 183 184 184 184 184 184 184 184 184 184 184 185 185 185 185 185 185 185 185 185 186 186 186 186 187 187 187 187 187 187 187 187 188 188 188 188 188 188 188 188 187 188 188 188 188 189 189 189 189 189 189 189 189 189 189 188 189 189 189 189 188 188 188 189 188 189 189 190 190 189 189 189 189 189 189 190 189 189 189 190 189 190 190 191 191 191 191 191 190 191 191 191 191 191 191 191 191 191 191 191 191 192 192 192 192 192 192 192 193 194 194 194 193 193 193 194 194 194 193 193 193 193 193 192 192 192 192 192 193 193 192 193 193 193 194 194 194 194 194 195 195 195 195 194 195 195 195 195 195 196 197 197 198 198 198 198 198 197 197 197 198 198 198 198 198 198 197 197 197 197 198 198 198 197 198 198 198 198 199 199 0 0 0 0 0 0 0 0 0 0 0 0 0 0 0 0 0 0 0 0 0 0 0 0 0 0 0 0 0 0 0 0 0 0 0 0 0 0 0 0 0 0 0 0 0 0 0 0 0 0 0 0 0 0 0 0 0 0 0 0 0 
0 0 0 0 0 0 0 0 0 0 0 0 0 0 0 0 0 0 0 0 0 0 0 0 0 0 0 0 0 0 0 0 0 0 0 0 0 0 0 0 0 0 0 0 0 0 0 0 0 0 0 0 0 0 0 0 0 0 0 0 0 0 0 0 0 0 0 0 0 0 0 0 0 0 0 0 0 0 0 0 0 0 0 0 0 0 0 0 0 0 0 0 0 0 0 0 0 0 0 0 0 0 0 0 0 0 0 0 0 0 0 0 0 0 0 0 0 0 0 0 0 0 0 0 0 0 0 0 0 0 0 0 0 0 0 0 0 0 0 0 0 0 0 0 177 177 177 177 177 178 178 178 178 178 177 178 178 179 179 178 178 178 178 179 180 181 180 180 180 181 182 181 181 181 180 179 178 177 176 176 177 177 178 178 178 178 178 178 178 179 179 179 177 178 178 178 178 178 178 178 178 178 179 179 179 179 179 179 179 179 179 179 179 179 179 179 180 180 180 180 180 180 181 181 181 181 181 181 181 181 182 182 182 181 182 182 182 182 182 182 182 182 182 182 182 182 183 183 183 183 183 183 183 184 183 183 183 183 183 183 183 183 183 183 184 184 184 184 184 184 184 184 184 185 185 185 185 185 185 185 185 185 185 186 186 187 187 186 187 187 187 187 187 188 188 188 188 188 188 188 187 187 187 187 188 188 188 188 188 189 189 189 188 188 188 188 189 189 189 189 189 189 189 189 188 189 189 189 190 190 190 190 190 189 189 190 190 190 189 190 189 189 189 190 190 191 190 191 191 190 191 191 191 191 191 191 191 191 191 191 191 191 191 191 192 191 192 192 192 193 193 193 193 193 193 193 193 193 194 193 193 193 193 193 193 193 192 192 192 192 193 193 192 193 193 193 193 193 193 194 194 194 194 194 195 195 195 195 195 195 195 195 196 196 197 198 198 198 198 198 197 197 197 198 198 198 198 198 197 198 197 197 198 198 198 197 198 198 198 198 198 199 0 0 0 0 0 0 0 0 0 0 0 0 0 0 0 0 0 0 0 0 0 0 0 0 0 0 0 0 0 0 0 0 0 0 0 0 0 0 0 0 0 0 0 0 0 0 0 0 0 0 0 0 0 0 0 0 0 0 0 0 0 
0 0 0 0 0 0 0 0 0 0 0 0 0 0 0 0 0 0 0 0 0 0 0 0 0 0 0 0 0 0 0 0 0 0 0 0 0 0 0 0 0 0 0 0 0 0 0 0 0 0 0 0 0 0 0 0 0 0 0 0 0 0 0 0 0 0 0 0 0 0 0 0 0 0 0 0 0 0 0 0 0 0 0 0 0 0 0 0 0 0 0 0 0 0 0 0 0 0 0 0 0 0 0 0 0 0 0 0 0 0 0 0 0 0 0 0 0 0 0 0 0 0 0 0 0 0 0 0 0 0 0 0 0 0 0 0 0 0 0 0 0 0 0 0 177 177 177 177 177 178 178 178 178 178 177 178 178 178 178 178 177 177 178 179 180 181 180 179 180 181 181 181 180 180 179 178 177 177 176 176 177 177 177 178 178 178 178 178 178 179 179 179 177 177 178 178 178 178 178 178 178 178 178 179 179 179 179 179 179 179 179 179 179 179 179 180 180 180 180 180 180 180 180 180 181 181 181 181 181 181 182 182 182 182 181 181 182 182 182 182 182 182 182 182 182 182 182 182 183 183 182 183 183 183 183 183 183 183 182 182 183 183 183 183 183 184 184 184 184 184 184 184 184 185 185 185 185 185 185 185 185 186 186 186 186 186 186 187 187 187 187 187 187 187 188 188 187 187 187 187 187 188 188 187 187 188 188 188 188 189 188 188 188 188 188 188 188 188 188 188 188 189 189 189 189 189 190 190 190 190 190 190 190 190 189 190 190 190 189 190 190 189 189 190 190 191 190 190 190 190 191 191 191 191 191 191 191 191 191 191 191 191 191 191 192 192 192 192 192 192 192 192 193 193 193 193 192 193 193 193 193 193 193 193 193 193 193 192 192 192 193 193 193 193 192 192 193 193 193 193 193 193 194 194 194 195 195 195 195 195 195 195 196 196 197 198 198 198 198 198 197 197 197 197 198 198 198 198 198 198 197 197 198 198 198 197 197 197 198 198 198 199 0 0 0 0 0 0 0 0 0 0 0 0 0 0 0 0 0 0 0 0 0 0 0 0 0 0 0 0 0 0 0 0 0 0 0 0 0 0 0 0 0 0 0 0 0 0 0 0 0 0 0 0 0 0 0 0 0 0 0 0 0 
0 0 0 0 0 0 0 0 0 0 0 0 0 0 0 0 0 0 0 0 0 0 0 0 0 0 0 0 0 0 0 0 0 0 0 0 0 0 0 0 0 0 0 0 0 0 0 0 0 0 0 0 0 0 0 0 0 0 0 0 0 0 0 0 0 0 0 0 0 0 0 0 0 0 0 0 0 0 0 0 0 0 0 0 0 0 0 0 0 0 0 0 0 0 0 0 0 0 0 0 0 0 0 0 0 0 0 0 0 0 0 0 0 0 0 0 0 0 0 0 0 0 0 0 0 0 0 0 0 0 0 0 0 0 0 0 0 0 0 0 0 0 0 0 0 177 177 177 177 178 178 178 177 177 177 178 178 178 178 177 177 177 178 179 179 180 179 179 179 179 179 180 180 179 178 178 178 177 176 176 177 177 178 178 178 178 178 178 178 178 178 179 177 177 178 178 178 178 178 178 178 178 178 178 178 179 178 178 179 179 179 179 179 179 180 180 180 180 180 180 180 180 180 181 181 181 181 181 181 181 181 182 181 181 181 182 182 182 182 182 182 182 182 182 182 182 182 182 182 183 182 182 182 182 183 183 183 183 182 182 183 183 183 183 183 184 184 184 184 184 184 184 184 184 185 185 185 185 185 185 185 185 185 186 186 186 186 186 186 187 187 187 187 187 187 188 188 187 187 187 188 188 188 187 188 188 188 188 188 189 188 189 189 188 188 188 188 188 189 189 188 189 189 189 189 189 190 190 190 190 190 190 190 190 190 190 190 190 190 190 190 190 189 189 190 190 190 190 190 190 191 191 191 191 191 191 191 191 191 191 191 191 191 191 191 191 191 192 192 192 192 192 193 193 192 192 192 192 193 193 193 193 193 192 192 193 193 192 192 192 192 193 192 193 193 193 193 193 193 193 193 193 193 194 194 194 195 195 195 196 196 196 196 196 197 198 197 198 198 198 197 197 197 197 198 198 198 198 198 198 197 197 197 198 198 198 197 197 198 198 0 0 0 0 0 0 0 0 0 0 0 0 0 0 0 0 0 0 0 0 0 0 0 0 0 0 0 0 0 0 0 0 0 0 0 0 0 0 0 0 0 0 0 0 0 0 0 0 0 0 0 0 0 0 0 0 0 0 0 0 0 0 0 
0 0 0 0 0 0 0 0 0 0 0 0 0 0 0 0 0 0 0 0 0 0 0 0 0 0 0 0 0 0 0 0 0 0 0 0 0 0 0 0 0 0 0 0 0 0 0 0 0 0 0 0 0 0 0 0 0 0 0 0 0 0 0 0 0 0 0 0 0 0 0 0 0 0 0 0 0 0 0 0 0 0 0 0 0 0 0 0 0 0 0 0 0 0 0 0 0 0 0 0 0 0 0 0 0 0 0 0 0 0 0 0 0 0 0 0 0 0 0 0 0 0 0 0 0 0 0 0 0 0 0 0 0 0 0 0 0 0 0 0 0 0 0 0 176 176 176 177 176 177 178 177 178 178 178 177 177 178 177 177 177 178 178 178 178 179 179 179 178 178 178 180 179 178 178 177 177 177 176 176 177 177 178 178 178 178 178 178 178 178 178 179 177 177 178 178 178 178 178 178 178 178 178 178 178 178 178 178 179 179 179 179 179 179 180 180 180 180 180 180 180 180 180 180 180 181 181 181 181 181 181 181 181 181 181 182 182 182 182 182 182 182 182 182 182 182 182 182 182 182 182 182 182 182 183 183 183 183 183 182 182 183 183 183 183 183 184 184 184 184 184 184 184 184 184 184 185 185 185 185 185 185 185 186 186 186 186 186 186 186 187 187 187 187 187 187 187 187 187 187 187 187 188 187 187 188 188 188 188 188 188 188 188 188 189 188 188 188 189 189 188 189 189 189 189 190 189 190 190 190 190 190 190 190 190 190 190 190 190 190 190 189 189 189 190 190 190 190 190 190 191 191 191 191 191 191 191 191 191 191 191 191 191 191 191 191 191 192 192 192 192 192 193 193 193 192 192 192 192 192 192 192 192 192 192 192 192 192 192 192 192 193 192 192 192 192 193 193 193 193 193 193 193 194 194 194 194 194 195 195 195 196 196 196 197 197 196 197 197 197 197 197 197 197 198 198 198 198 198 198 197 197 197 197 198 198 198 198 198 0 0 0 0 0 0 0 0 0 0 0 0 0 0 0 0 0 0 0 0 0 0 0 0 0 0 0 0 0 0 0 0 0 0 0 0 0 0 0 0 0 0 0 0 0 0 0 0 0 0 0 0 0 0 0 0 0 0 0 0 0 0 0 0 
0 0 0 0 0 0 0 0 0 0 0 0 0 0 0 0 0 0 0 0 0 0 0 0 0 0 0 0 0 0 0 0 0 0 0 0 0 0 0 0 0 0 0 0 0 0 0 0 0 0 0 0 0 0 0 0 0 0 0 0 0 0 0 0 0 0 0 0 0 0 0 0 0 0 0 0 0 0 0 0 0 0 0 0 0 0 0 0 0 0 0 0 0 0 0 0 0 0 0 0 0 0 0 0 0 0 0 0 0 0 0 0 0 0 0 0 0 0 0 0 0 0 0 0 0 0 0 0 0 0 0 0 0 0 0 0 0 0 0 0 0 0 0 0 0 0 177 176 177 176 176 177 178 178 177 177 176 176 176 176 177 177 177 177 178 178 179 179 178 177 177 179 179 178 177 177 176 176 176 176 177 177 178 178 178 178 178 178 178 178 178 178 177 177 177 178 178 178 178 178 178 178 178 178 178 178 178 179 179 179 179 179 179 179 179 179 180 180 180 180 180 180 180 180 180 180 181 181 181 181 181 181 181 181 181 182 182 182 181 182 182 182 182 182 182 182 182 182 182 182 182 182 182 182 182 183 183 183 183 183 182 182 183 183 183 183 183 184 184 184 184 184 184 184 184 184 184 185 185 185 185 185 185 185 185 185 186 186 185 186 186 186 186 186 187 187 187 187 187 187 187 187 187 188 187 188 188 188 188 188 188 188 188 188 188 188 188 188 188 188 189 189 188 188 189 189 189 190 190 189 190 190 190 190 190 190 190 190 190 190 190 190 189 189 190 190 190 190 190 190 190 191 191 191 191 191 191 191 192 191 191 190 191 191 191 191 191 191 191 192 192 192 193 193 192 193 192 192 192 192 192 192 192 192 192 192 192 192 192 192 192 193 192 192 192 192 192 193 193 193 193 193 193 193 194 194 194 194 194 195 195 195 195 196 196 196 196 196 197 197 197 197 197 197 198 198 198 198 198 198 198 198 198 198 199 199 199 199 198 0 0 0 0 0 0 0 0 0 0 0 0 0 0 0 0 0 0 0 0 0 0 0 0 0 0 0 0 0 0 0 0 0 0 0 0 0 0 0 0 0 0 0 0 0 0 0 0 0 0 0 0 0 0 0 0 0 0 0 0 0 0 0 0 
0 0 0 0 0 0 0 0 0 0 0 0 0 0 0 0 0 0 0 0 0 0 0 0 0 0 0 0 0 0 0 0 0 0 0 0 0 0 0 0 0 0 0 0 0 0 0 0 0 0 0 0 0 0 0 0 0 0 0 0 0 0 0 0 0 0 0 0 0 0 0 0 0 0 0 0 0 0 0 0 0 0 0 0 0 0 0 0 0 0 0 0 0 0 0 0 0 0 0 0 0 0 0 0 0 0 0 0 0 0 0 0 0 0 0 0 0 0 0 0 0 0 0 0 0 0 0 0 0 0 0 0 0 0 0 0 0 0 0 0 0 0 0 0 0 0 0 177 178 177 176 176 176 176 175 176 176 176 176 176 176 175 176 176 177 177 178 179 179 179 178 177 177 176 176 176 176 176 176 177 177 177 178 178 178 178 178 178 178 178 178 178 177 177 177 178 178 178 178 178 178 178 178 178 178 178 178 179 179 179 179 179 179 179 179 179 180 180 180 180 180 180 180 180 180 180 180 181 181 181 181 181 181 181 181 181 181 181 181 181 182 182 182 182 182 182 182 182 182 182 182 182 182 182 182 183 183 183 183 183 182 183 183 183 183 183 183 183 184 184 184 184 184 184 184 184 184 184 185 185 185 185 185 185 185 185 186 186 186 186 185 186 186 186 186 186 186 187 187 187 187 187 187 188 187 187 187 187 187 187 188 188 188 187 188 188 187 187 188 188 188 188 189 188 189 189 189 189 190 189 189 189 190 189 190 190 190 190 190 190 189 190 189 190 191 190 190 190 191 191 191 191 191 191 191 191 191 191 191 191 191 191 191 191 191 191 191 191 191 191 192 192 192 192 192 193 192 192 192 192 192 192 192 192 192 192 192 192 192 192 192 193 192 192 192 192 192 193 193 193 193 193 193 193 193 193 193 193 193 194 194 194 195 195 196 196 196 196 197 197 197 197 197 197 198 198 198 198 198 198 199 199 198 198 198 199 199 199 199 0 0 0 0 0 0 0 0 0 0 0 0 0 0 0 0 0 0 0 0 0 0 0 0 0 0 0 0 0 0 0 0 0 0 0 0 0 0 0 0 0 0 0 0 0 0 0 0 0 0 0 0 0 0 0 0 0 0 0 0 0 0 0 0 
0 0 0 0 0 0 0 0 0 0 0 0 0 0 0 0 0 0 0 0 0 0 0 0 0 0 0 0 0 0 0 0 0 0 0 0 0 0 0 0 0 0 0 0 0 0 0 0 0 0 0 0 0 0 0 0 0 0 0 0 0 0 0 0 0 0 0 0 0 0 0 0 0 0 0 0 0 0 0 0 0 0 0 0 0 0 0 0 0 0 0 0 0 0 0 0 0 0 0 0 0 0 0 0 0 0 0 0 0 0 0 0 0 0 0 0 0 0 0 0 0 0 0 0 0 0 0 0 0 0 0 0 0 0 0 0 0 0 0 0 0 0 0 0 0 0 0 0 176 176 175 175 176 175 176 176 177 177 177 177 176 176 175 175 176 177 177 178 180 179 178 177 177 177 177 177 177 177 177 176 177 177 177 178 178 178 178 178 178 178 178 178 177 177 177 177 177 177 178 178 178 178 178 178 178 178 178 178 179 179 179 179 179 179 179 179 180 179 179 180 180 180 180 180 180 180 180 180 181 181 180 180 181 181 181 181 181 181 181 181 182 182 181 181 182 182 182 182 182 182 182 182 182 182 182 183 182 182 183 183 183 182 183 183 183 183 183 183 183 184 184 184 184 184 184 184 184 184 185 185 185 185 185 185 185 185 185 185 186 186 186 186 186 186 186 186 186 186 187 187 187 188 188 188 188 187 187 187 187 187 187 187 187 187 187 187 187 188 188 188 188 188 189 189 188 189 189 189 190 190 190 190 189 189 189 190 190 190 190 190 190 190 190 190 190 190 190 191 191 191 191 190 190 190 190 190 190 190 190 190 190 191 191 191 191 191 191 191 191 191 192 192 192 192 192 192 192 192 192 192 192 192 192 192 192 192 192 192 192 192 192 193 192 192 192 192 192 192 193 193 193 193 193 192 192 193 193 193 194 194 194 194 194 194 195 196 196 196 197 197 197 197 197 197 197 198 198 198 198 198 199 199 198 199 199 199 199 0 0 0 0 0 0 0 0 0 0 0 0 0 0 0 0 0 0 0 0 0 0 0 0 0 0 0 0 0 0 0 0 0 0 0 0 0 0 0 0 0 0 0 0 0 0 0 0 0 0 0 0 0 0 0 0 0 0 0 0 0 0 0 0 0 0 
0 0 0 0 0 0 0 0 0 0 0 0 0 0 0 0 0 0 0 0 0 0 0 0 0 0 0 0 0 0 0 0 0 0 0 0 0 0 0 0 0 0 0 0 0 0 0 0 0 0 0 0 0 0 0 0 0 0 0 0 0 0 0 0 0 0 0 0 0 0 0 0 0 0 0 0 0 0 0 0 0 0 0 0 0 0 0 0 0 0 0 0 0 0 0 0 0 0 0 0 0 0 0 0 0 0 0 0 0 0 0 0 0 0 0 0 0 0 0 0 0 0 0 0 0 0 0 0 0 0 0 0 0 0 0 0 0 0 0 0 0 0 0 0 0 0 0 0 0 0 0 0 177 176 176 177 178 178 179 179 177 177 177 175 175 177 177 177 178 178 178 177 177 176 176 176 176 176 176 176 177 177 177 178 178 178 178 178 178 178 178 178 177 177 177 177 177 177 177 178 178 178 178 178 178 178 178 178 178 178 179 179 179 179 179 179 179 179 179 179 179 180 180 180 180 180 180 180 180 180 180 181 181 181 181 182 181 181 181 181 182 182 181 181 181 182 182 182 182 182 182 182 182 182 182 182 183 182 182 183 183 183 183 183 183 183 183 183 183 183 184 184 184 184 184 184 184 184 184 184 185 185 185 185 185 185 185 185 185 186 186 187 187 186 186 186 186 186 186 186 187 187 188 187 187 187 187 186 186 186 186 187 187 188 188 188 187 187 187 188 188 188 188 189 188 189 189 189 189 189 190 189 189 189 189 190 190 190 189 190 190 190 190 190 190 190 190 190 190 190 190 191 190 190 190 190 191 190 191 191 191 191 191 190 190 191 191 191 191 191 191 192 192 192 192 192 192 192 192 192 192 191 191 192 192 192 192 192 192 192 192 192 192 192 193 193 192 192 192 192 192 193 193 193 193 193 193 194 193 194 194 195 195 194 194 195 195 196 197 197 197 197 197 197 197 197 198 198 198 199 199 198 199 199 199 199 199 199 199 0 0 0 0 0 0 0 0 0 0 0 0 0 0 0 0 0 0 0 0 0 0 0 0 0 0 0 0 0 0 0 0 0 0 0 0 0 0 0 0 0 0 0 0 0 0 0 0 0 0 0 0 0 0 0 0 0 0 0 0 0 0 0 0 
0 0 0 0 0 0 0 0 0 0 0 0 0 0 0 0 0 0 0 0 0 0 0 0 0 0 0 0 0 0 0 0 0 0 0 0 0 0 0 0 0 0 0 0 0 0 0 0 0 0 0 0 0 0 0 0 0 0 0 0 0 0 0 0 0 0 0 0 0 0 0 0 0 0 0 0 0 0 0 0 0 0 0 0 0 0 0 0 0 0 0 0 0 0 0 0 0 0 0 0 0 0 0 0 0 0 0 0 0 0 0 0 0 0 0 0 0 0 0 0 0 0 0 0 0 0 0 0 0 0 0 0 0 0 0 0 0 0 0 0 0 0 0 0 0 0 0 0 0 0 0 0 178 178 178 178 179 179 180 180 178 179 179 179 174 175 175 176 177 176 177 176 175 176 175 176 176 176 176 177 177 177 177 177 177 178 178 178 178 178 178 178 177 177 177 177 177 177 177 177 177 178 178 178 178 178 178 178 178 178 179 179 179 179 179 179 179 179 179 179 179 180 180 180 180 180 180 180 180 180 181 181 181 181 181 181 181 181 181 181 181 182 181 181 181 181 181 182 182 182 182 182 182 182 182 182 182 182 182 182 182 183 183 183 183 183 183 183 183 183 183 184 184 184 184 184 184 184 184 184 185 184 184 185 185 185 185 185 185 186 186 186 186 186 186 186 186 186 186 186 186 187 187 187 187 187 187 187 187 187 187 187 187 187 188 188 187 187 187 188 188 188 188 188 188 189 189 188 188 189 189 189 189 189 189 189 190 189 189 190 190 190 190 190 190 189 190 190 190 190 190 190 190 190 190 190 191 191 191 190 190 190 190 191 190 191 191 191 191 191 191 191 192 192 192 192 192 192 192 192 192 192 192 192 192 192 192 192 192 192 192 193 192 192 192 193 192 192 192 192 192 192 192 193 193 193 193 194 194 195 195 196 196 195 195 195 195 196 196 197 197 197 197 197 197 198 198 198 198 199 198 198 198 199 199 199 199 199 199 0 0 0 0 0 0 0 0 0 0 0 0 0 0 0 0 0 0 0 0 0 0 0 0 0 0 0 0 0 0 0 0 0 0 0 0 0 0 0 0 0 0 0 0 0 0 0 0 0 0 0 0 0 0 0 0 0 0 0 0 0 0 0 0 
0 0 0 0 0 0 0 0 0 0 0 0 0 0 0 0 0 0 0 0 0 0 0 0 0 0 0 0 0 0 0 0 0 0 0 0 0 0 0 0 0 0 0 0 0 0 0 0 0 0 0 0 0 0 0 0 0 0 0 0 0 0 0 0 0 0 0 0 0 0 0 0 0 0 0 0 0 0 0 0 0 0 0 0 0 0 0 0 0 0 0 0 0 0 0 0 0 0 0 0 0 0 0 0 0 0 0 0 0 0 0 0 0 0 0 0 0 0 0 0 0 0 0 0 0 0 0 0 0 0 0 0 0 0 0 0 0 0 0 0 0 0 0 0 0 0 0 0 0 0 0 0 0 0 179 180 180 180 180 180 179 180 180 179 178 177 175 175 175 174 174 175 174 175 175 175 176 176 176 177 177 177 177 177 177 178 178 178 178 178 178 178 177 177 177 177 177 177 177 177 177 177 177 178 178 178 178 178 178 178 178 179 179 179 179 179 179 179 179 179 179 180 180 180 180 180 180 180 180 180 180 181 181 181 181 181 181 181 181 181 181 181 181 181 181 181 181 182 182 182 182 182 182 182 182 182 182 183 183 182 182 182 183 183 183 183 183 183 183 183 183 184 184 184 184 184 184 184 184 184 184 184 184 185 185 185 185 185 185 186 186 186 186 185 186 186 186 186 186 186 186 187 187 187 187 187 187 188 187 187 187 187 187 187 187 187 187 187 187 187 187 187 188 189 188 188 188 188 188 188 189 189 189 190 189 189 189 189 189 189 190 191 190 190 190 189 189 190 190 190 190 190 190 190 190 191 191 191 191 191 190 190 191 191 191 191 191 191 191 191 191 191 192 191 191 191 191 191 192 192 192 192 192 192 192 192 192 192 192 192 192 192 192 192 192 192 192 192 192 192 192 192 192 193 194 194 194 194 194 195 195 196 196 195 196 196 195 195 196 196 197 197 197 197 197 198 198 198 198 198 198 198 198 199 199 198 199 199 0 0 0 0 0 0 0 0 0 0 0 0 0 0 0 0 0 0 0 0 0 0 0 0 0 0 0 0 0 0 0 0 0 0 0 0 0 0 0 0 0 0 0 0 0 0 0 0 0 0 0 0 0 0 0 0 0 0 0 0 0 0 0 0 0 
0 0 0 0 0 0 0 0 0 0 0 0 0 0 0 0 0 0 0 0 0 0 0 0 0 0 0 0 0 0 0 0 0 0 0 0 0 0 0 0 0 0 0 0 0 0 0 0 0 0 0 0 0 0 0 0 0 0 0 0 0 0 0 0 0 0 0 0 0 0 0 0 0 0 0 0 0 0 0 0 0 0 0 0 0 0 0 0 0 0 0 0 0 0 0 0 0 0 0 0 0 0 0 0 0 0 0 0 0 0 0 0 0 0 0 0 0 0 0 0 0 0 0 0 0 0 0 0 0 0 0 0 0 0 0 0 0 0 0 0 0 0 0 0 0 0 0 0 0 0 0 0 0 0 0 180 180 180 180 180 179 179 179 179 178 177 177 176 175 176 177 175 175 176 176 175 176 176 176 177 177 177 177 177 177 177 178 178 178 178 178 178 177 177 177 177 177 177 177 177 177 178 177 177 178 178 178 178 178 178 178 179 179 179 179 179 179 179 179 179 179 179 179 179 180 180 180 180 180 180 180 180 181 181 181 181 181 181 181 181 181 181 181 181 181 181 181 181 182 182 182 182 182 182 182 182 182 182 183 182 182 182 182 182 182 183 183 183 183 183 183 183 184 184 184 184 184 184 184 184 184 184 185 185 185 185 185 185 185 185 186 186 186 185 185 186 186 186 186 186 186 187 187 187 187 187 187 187 187 187 188 187 187 187 187 187 186 187 187 187 187 187 188 188 188 188 188 187 188 188 189 189 189 189 189 190 189 189 189 189 189 190 189 189 189 189 189 190 190 189 190 190 190 190 191 191 191 191 192 191 191 191 191 191 191 191 191 190 191 191 192 192 192 191 191 191 191 191 191 191 191 191 192 192 192 192 192 192 192 192 192 192 192 192 192 192 192 192 192 192 193 193 193 192 193 194 195 195 195 194 195 195 196 196 196 196 195 195 196 196 197 197 197 197 197 198 198 197 198 198 198 198 198 199 198 198 199 0 0 0 0 0 0 0 0 0 0 0 0 0 0 0 0 0 0 0 0 0 0 0 0 0 0 0 0 0 0 0 0 0 0 0 0 0 0 0 0 0 0 0 0 0 0 0 0 0 0 0 0 0 0 0 0 0 0 0 0 0 0 0 0 0 0 
0 0 0 0 0 0 0 0 0 0 0 0 0 0 0 0 0 0 0 0 0 0 0 0 0 0 0 0 0 0 0 0 0 0 0 0 0 0 0 0 0 0 0 0 0 0 0 0 0 0 0 0 0 0 0 0 0 0 0 0 0 0 0 0 0 0 0 0 0 0 0 0 0 0 0 0 0 0 0 0 0 0 0 0 0 0 0 0 0 0 0 0 0 0 0 0 0 0 0 0 0 0 0 0 0 0 0 0 0 0 0 0 0 0 0 0 0 0 0 0 0 0 0 0 0 0 0 0 0 0 0 0 0 0 0 0 0 0 0 0 0 0 0 0 0 0 0 0 0 0 0 0 0 0 179 179 178 178 179 179 179 179 179 178 177 177 177 177 178 179 178 176 175 176 176 176 176 176 176 177 177 177 177 177 177 177 177 178 178 178 178 178 177 177 177 177 177 177 177 177 177 178 178 178 178 177 178 178 178 178 178 178 179 179 179 179 179 179 179 179 179 179 179 179 179 180 180 180 180 180 180 180 181 181 181 181 181 181 181 181 181 181 181 181 181 181 181 181 181 182 182 182 182 182 182 182 182 182 183 182 182 182 182 182 182 182 183 183 183 183 183 183 184 184 184 184 184 184 184 184 184 184 184 184 184 185 185 185 185 185 185 185 185 185 185 186 186 186 186 186 186 186 187 187 187 186 186 187 186 187 187 187 187 187 186 186 187 187 187 187 187 187 187 188 187 188 188 187 188 188 188 188 189 189 189 189 189 189 188 188 189 190 189 189 189 189 189 189 190 189 190 190 190 190 191 191 191 192 191 192 191 191 191 191 191 190 190 191 191 191 191 192 192 191 191 191 191 191 191 191 191 191 191 192 192 192 191 191 192 192 192 192 191 191 192 192 192 193 193 193 193 194 194 193 193 194 194 195 196 195 195 195 196 197 196 196 196 195 196 196 197 197 197 197 197 197 197 197 197 197 197 198 198 198 198 198 199 0 0 0 0 0 0 0 0 0 0 0 0 0 0 0 0 0 0 0 0 0 0 0 0 0 0 0 0 0 0 0 0 0 0 0 0 0 0 0 0 0 0 0 0 0 0 0 0 0 0 0 0 0 0 0 0 0 0 0 0 0 0 0 0 0 0 
0 0 0 0 0 0 0 0 0 0 0 0 0 0 0 0 0 0 0 0 0 0 0 0 0 0 0 0 0 0 0 0 0 0 0 0 0 0 0 0 0 0 0 0 0 0 0 0 0 0 0 0 0 0 0 0 0 0 0 0 0 0 0 0 0 0 0 0 0 0 0 0 0 0 0 0 0 0 0 0 0 0 0 0 0 0 0 0 0 0 0 0 0 0 0 0 0 0 0 0 0 0 0 0 0 0 0 0 0 0 0 0 0 0 0 0 0 0 0 0 0 0 0 0 0 0 0 0 0 0 0 0 0 0 0 0 0 0 0 0 0 0 0 0 0 0 0 0 0 0 0 0 0 179 178 177 177 178 178 178 178 178 178 178 178 179 178 180 179 178 177 177 176 176 175 175 175 176 176 176 177 177 177 177 177 177 177 177 178 178 178 178 176 177 177 177 177 177 177 177 177 177 178 178 178 178 177 178 178 178 178 178 178 178 179 179 179 179 179 179 179 179 179 179 179 180 180 180 180 180 180 180 181 181 181 181 181 181 181 181 181 181 180 181 181 181 181 181 181 182 182 182 182 182 182 182 182 182 183 182 182 182 182 182 182 183 183 183 183 183 183 183 184 184 184 184 184 184 184 184 184 184 184 185 185 185 185 185 185 185 185 185 185 185 185 185 186 186 186 186 186 186 186 187 187 187 186 186 186 186 186 186 186 186 186 186 187 188 187 187 187 187 187 187 187 187 187 187 187 188 188 188 188 188 189 189 189 189 188 188 189 189 189 189 189 189 189 189 189 189 190 190 190 190 191 191 191 191 191 192 192 192 191 191 191 191 191 190 191 191 191 192 192 191 191 191 191 191 191 191 191 191 191 191 191 191 191 191 192 192 192 192 191 191 191 191 192 193 193 194 194 195 195 194 193 194 194 195 196 196 196 196 196 197 197 196 196 195 195 196 196 197 198 198 197 197 197 197 197 197 197 198 198 197 198 198 198 199 0 0 0 0 0 0 0 0 0 0 0 0 0 0 0 0 0 0 0 0 0 0 0 0 0 0 0 0 0 0 0 0 0 0 0 0 0 0 0 0 0 0 0 0 0 0 0 0 0 0 0 0 0 0 0 0 0 0 0 0 0 0 0 0 0 
0 0 0 0 0 0 0 0 0 0 0 0 0 0 0 0 0 0 0 0 0 0 0 0 0 0 0 0 0 0 0 0 0 0 0 0 0 0 0 0 0 0 0 0 0 0 0 0 0 0 0 0 0 0 0 0 0 0 0 0 0 0 0 0 0 0 0 0 0 0 0 0 0 0 0 0 0 0 0 0 0 0 0 0 0 0 0 0 0 0 0 0 0 0 0 0 0 0 0 0 0 0 0 0 0 0 0 0 0 0 0 0 0 0 0 0 0 0 0 0 0 0 0 0 0 0 0 0 0 0 0 0 0 0 0 0 0 0 0 0 0 0 0 0 0 0 0 0 0 0 0 0 0 178 178 178 178 177 177 177 179 179 179 180 180 180 179 181 180 178 177 176 176 175 175 175 175 176 176 176 177 177 177 177 177 177 177 177 177 178 178 178 176 176 176 177 177 177 177 177 177 177 177 177 178 178 177 177 178 178 178 178 178 178 178 179 178 178 178 179 179 179 179 179 179 179 180 179 179 179 180 180 180 180 181 181 181 181 181 181 181 181 180 180 181 181 181 181 181 182 182 182 182 182 182 182 182 182 182 182 182 182 182 182 182 182 183 183 183 183 183 183 183 183 184 184 184 184 184 184 184 184 184 184 184 185 185 185 185 185 185 184 185 185 185 185 186 186 186 186 186 186 186 187 187 187 186 186 186 187 186 186 186 186 186 187 187 188 187 187 187 187 187 188 187 188 187 187 187 188 188 188 188 188 188 189 189 189 188 188 188 189 188 189 189 189 189 189 189 189 190 190 190 190 191 191 191 191 191 191 191 191 192 191 190 190 190 190 191 191 192 192 192 191 192 192 191 191 191 191 191 191 191 191 191 191 191 191 191 192 192 192 191 191 192 192 192 192 192 193 193 194 195 194 193 193 194 195 195 196 195 196 196 197 197 196 196 195 195 196 197 197 197 197 198 197 197 197 197 197 197 198 197 197 198 198 198 0 0 0 0 0 0 0 0 0 0 0 0 0 0 0 0 0 0 0 0 0 0 0 0 0 0 0 0 0 0 0 0 0 0 0 0 0 0 0 0 0 0 0 0 0 0 0 0 0 0 0 0 0 0 0 0 0 0 0 0 0 0 0 0 0 0 
0 0 0 0 0 0 0 0 0 0 0 0 0 0 0 0 0 0 0 0 0 0 0 0 0 0 0 0 0 0 0 0 0 0 0 0 0 0 0 0 0 0 0 0 0 0 0 0 0 0 0 0 0 0 0 0 0 0 0 0 0 0 0 0 0 0 0 0 0 0 0 0 0 0 0 0 0 0 0 0 0 0 0 0 0 0 0 0 0 0 0 0 0 0 0 0 0 0 0 0 0 0 0 0 0 0 0 0 0 0 0 0 0 0 0 0 0 0 0 0 0 0 0 0 0 0 0 0 0 0 0 0 0 0 0 0 0 0 0 0 0 0 0 0 0 0 0 0 0 0 0 179 178 178 179 179 178 178 177 176 178 179 179 179 179 179 180 180 179 178 178 178 177 176 175 175 175 176 176 176 176 177 177 177 177 177 177 177 177 177 177 177 176 176 176 176 177 177 177 177 177 177 177 177 177 178 178 178 177 178 178 178 178 178 178 178 178 179 179 179 178 179 179 179 179 179 179 179 180 180 180 180 180 180 180 181 180 180 180 181 181 181 180 180 180 181 181 181 181 181 181 182 182 182 182 182 182 182 182 183 183 182 182 182 182 182 183 183 183 183 183 183 183 183 183 184 184 184 184 184 184 184 184 184 184 184 185 185 185 184 184 185 185 185 185 185 185 186 186 186 186 186 186 186 186 186 186 186 187 187 187 187 187 187 187 188 188 187 187 187 187 187 187 188 188 188 187 186 187 188 188 187 188 188 188 188 188 188 188 188 188 188 188 188 188 189 189 189 190 189 189 190 190 190 190 190 191 191 190 191 191 191 191 191 191 190 190 190 190 191 192 191 191 191 191 191 191 191 191 191 191 191 191 190 190 191 191 191 191 191 191 192 191 191 192 192 193 193 192 192 193 193 194 194 194 194 193 194 195 195 195 195 196 196 197 197 196 195 196 196 197 197 197 197 197 197 197 197 197 197 197 197 197 197 198 198 199 0 0 0 0 0 0 0 0 0 0 0 0 0 0 0 0 0 0 0 0 0 0 0 0 0 0 0 0 0 0 0 0 0 0 0 0 0 0 0 0 0 0 0 0 0 0 0 0 0 0 0 0 0 0 0 0 0 0 0 0 0 0 0 0 0 0 
0 0 0 0 0 0 0 0 0 0 0 0 0 0 0 0 0 0 0 0 0 0 0 0 0 0 0 0 0 0 0 0 0 0 0 0 0 0 0 0 0 0 0 0 0 0 0 0 0 0 0 0 0 0 0 0 0 0 0 0 0 0 0 0 0 0 0 0 0 0 0 0 0 0 0 0 0 0 0 0 0 0 0 0 0 0 0 0 0 0 0 0 0 0 0 0 0 0 0 0 0 0 0 0 0 0 0 0 0 0 0 0 0 0 0 0 0 0 0 0 0 0 0 0 0 0 0 0 0 0 0 0 0 0 0 0 0 0 0 0 0 0 0 0 0 0 0 0 0 0 0 178 179 180 180 178 178 179 178 176 177 178 178 177 178 177 179 180 179 179 179 179 178 177 175 175 175 175 176 176 176 177 177 177 177 177 177 177 177 177 177 177 176 176 176 176 176 177 177 177 177 177 177 177 177 178 178 178 177 178 178 178 178 178 178 178 179 179 179 179 179 179 179 179 179 179 179 179 180 180 180 180 180 180 180 180 180 180 181 181 181 181 181 180 180 180 181 181 181 181 181 182 182 182 182 182 182 182 182 182 182 182 182 182 182 182 182 183 183 183 183 183 183 183 183 184 184 184 184 184 184 184 184 184 184 184 184 185 184 185 185 185 185 185 185 185 185 185 185 185 185 186 186 186 186 186 186 186 186 187 187 187 187 187 187 187 187 187 187 187 187 187 187 188 188 188 187 187 186 187 187 187 187 187 188 188 188 188 188 188 188 188 188 188 189 189 189 189 189 190 190 190 190 190 190 190 190 190 190 190 191 191 191 191 191 190 190 191 191 191 191 191 190 190 190 190 190 190 191 191 191 190 190 190 190 190 191 191 191 192 191 191 191 192 192 192 193 194 193 192 193 194 194 194 195 195 194 194 194 194 195 195 195 196 196 197 196 196 197 197 197 197 197 197 196 197 197 197 197 197 197 197 197 198 198 198 0 0 0 0 0 0 0 0 0 0 0 0 0 0 0 0 0 0 0 0 0 0 0 0 0 0 0 0 0 0 0 0 0 0 0 0 0 0 0 0 0 0 0 0 0 0 0 0 0 0 0 0 0 0 0 0 0 0 0 0 0 0 0 0 0 0 0 
0 0 0 0 0 0 0 0 0 0 0 0 0 0 0 0 0 0 0 0 0 0 0 0 0 0 0 0 0 0 0 0 0 0 0 0 0 0 0 0 0 0 0 0 0 0 0 0 0 0 0 0 0 0 0 0 0 0 0 0 0 0 0 0 0 0 0 0 0 0 0 0 0 0 0 0 0 0 0 0 0 0 0 0 0 0 0 0 0 0 0 0 0 0 0 0 0 0 0 0 0 0 0 0 0 0 0 0 0 0 0 0 0 0 0 0 0 0 0 0 0 0 0 0 0 0 0 0 0 0 0 0 0 0 0 0 0 0 0 0 0 0 0 0 0 0 0 0 0 0 0 179 179 179 178 177 177 178 178 177 176 177 177 177 177 177 178 180 180 180 179 178 178 177 175 175 175 175 176 176 176 177 177 177 177 177 177 177 177 177 177 177 176 176 176 176 176 176 177 177 177 177 177 177 177 177 177 178 178 178 178 178 178 178 178 178 178 179 179 179 179 179 179 179 179 179 179 179 180 180 180 180 180 180 180 180 180 180 181 181 181 181 181 180 180 180 181 181 181 181 181 181 181 181 182 182 182 182 182 182 182 182 182 182 182 182 182 183 183 183 183 183 183 183 183 183 184 184 184 184 184 184 184 184 184 184 184 184 184 184 185 185 186 185 185 185 186 185 186 186 185 185 186 186 187 186 186 186 186 186 187 187 187 187 187 187 187 187 187 187 187 187 187 188 187 187 187 187 186 187 187 187 187 187 188 188 188 188 188 188 188 188 187 188 188 189 189 189 190 190 190 190 190 190 190 190 189 190 190 190 190 190 191 191 191 191 190 191 191 191 191 191 190 190 190 189 190 190 190 191 191 190 190 190 190 190 191 191 191 192 191 192 191 192 192 192 193 193 193 193 192 193 194 194 194 195 195 195 195 194 195 195 195 196 197 196 197 197 197 197 197 197 197 197 196 196 197 197 197 197 197 198 197 197 197 198 0 0 0 0 0 0 0 0 0 0 0 0 0 0 0 0 0 0 0 0 0 0 0 0 0 0 0 0 0 0 0 0 0 0 0 0 0 0 0 0 0 0 0 0 0 0 0 0 0 0 0 0 0 0 0 0 0 0 0 0 0 0 0 0 0 0 0 
0 0 0 0 0 0 0 0 0 0 0 0 0 0 0 0 0 0 0 0 0 0 0 0 0 0 0 0 0 0 0 0 0 0 0 0 0 0 0 0 0 0 0 0 0 0 0 0 0 0 0 0 0 0 0 0 0 0 0 0 0 0 0 0 0 0 0 0 0 0 0 0 0 0 0 0 0 0 0 0 0 0 0 0 0 0 0 0 0 0 0 0 0 0 0 0 0 0 0 0 0 0 0 0 0 0 0 0 0 0 0 0 0 0 0 0 0 0 0 0 0 0 0 0 0 0 0 0 0 0 0 0 0 0 0 0 0 0 0 0 0 0 0 0 0 0 0 0 0 0 0 0 179 177 177 178 177 176 176 176 177 177 176 176 176 177 178 178 179 180 179 178 177 176 176 175 175 175 176 176 176 176 177 177 177 177 177 177 177 177 177 177 176 176 176 176 176 176 177 177 177 177 177 177 177 177 177 177 178 178 178 178 178 178 178 178 178 179 179 179 179 179 179 179 179 179 179 179 180 180 180 180 180 180 180 180 180 180 180 180 180 181 181 180 180 180 180 181 181 181 181 181 181 181 181 182 182 182 182 182 182 182 182 182 182 182 182 183 183 183 183 183 183 183 183 183 183 184 184 184 184 184 184 184 184 184 184 184 184 184 184 185 185 185 185 185 185 186 186 186 185 185 185 186 186 186 186 186 186 186 186 187 187 186 187 187 187 187 186 187 187 187 188 187 187 187 187 187 187 187 187 187 187 187 188 188 188 188 188 188 188 188 187 188 188 189 189 189 189 189 190 189 190 189 189 189 190 190 190 191 191 191 191 191 191 191 190 190 191 191 191 191 190 190 190 190 189 190 190 190 190 190 190 190 190 191 191 191 191 191 191 192 192 192 192 193 193 193 194 194 193 193 193 194 194 195 195 195 195 195 194 195 195 196 196 196 196 197 197 197 197 197 197 197 197 197 197 197 197 197 197 196 197 197 197 198 0 0 0 0 0 0 0 0 0 0 0 0 0 0 0 0 0 0 0 0 0 0 0 0 0 0 0 0 0 0 0 0 0 0 0 0 0 0 0 0 0 0 0 0 0 0 0 0 0 0 0 0 0 0 0 0 0 0 0 0 0 0 0 0 0 0 0 
0 0 0 0 0 0 0 0 0 0 0 0 0 0 0 0 0 0 0 0 0 0 0 0 0 0 0 0 0 0 0 0 0 0 0 0 0 0 0 0 0 0 0 0 0 0 0 0 0 0 0 0 0 0 0 0 0 0 0 0 0 0 0 0 0 0 0 0 0 0 0 0 0 0 0 0 0 0 0 0 0 0 0 0 0 0 0 0 0 0 0 0 0 0 0 0 0 0 0 0 0 0 0 0 0 0 0 0 0 0 0 0 0 0 0 0 0 0 0 0 0 0 0 0 0 0 0 0 0 0 0 0 0 0 0 0 0 0 0 0 0 0 0 0 0 0 0 0 0 0 0 0 179 178 178 179 178 178 177 177 178 177 176 176 176 176 177 176 178 178 178 177 176 176 176 175 175 175 175 176 176 176 177 177 177 177 177 177 177 177 177 177 176 176 176 176 176 177 177 177 177 177 177 177 177 177 177 177 177 177 177 177 177 178 178 178 178 179 179 179 179 179 179 179 179 179 179 180 180 180 180 180 180 180 180 180 180 181 181 180 180 181 181 180 180 180 180 181 181 181 181 181 181 181 181 181 182 182 182 182 182 181 181 182 182 182 182 183 183 183 183 183 183 183 183 183 183 184 184 184 184 184 184 184 184 184 184 184 184 184 185 185 185 185 185 185 185 185 186 186 186 185 185 185 186 186 186 186 186 186 186 187 187 187 187 187 187 187 187 187 187 187 188 187 187 187 186 187 187 187 187 187 187 187 188 188 188 188 188 188 188 188 187 188 188 188 188 188 189 188 189 189 189 189 189 189 190 190 190 190 191 191 191 191 191 190 191 190 190 191 191 191 190 190 189 189 190 189 189 190 190 190 190 190 190 190 190 191 191 191 192 192 191 192 192 193 193 194 194 194 194 193 193 194 194 194 194 194 195 195 195 195 196 197 196 196 196 196 196 196 196 196 195 196 196 196 197 197 197 197 197 196 196 197 198 0 0 0 0 0 0 0 0 0 0 0 0 0 0 0 0 0 0 0 0 0 0 0 0 0 0 0 0 0 0 0 0 0 0 0 0 0 0 0 0 0 0 0 0 0 0 0 0 0 0 0 0 0 0 0 0 0 0 0 0 0 0 0 0 0 0 0 0 
0 0 0 0 0 0 0 0 0 0 0 0 0 0 0 0 0 0 0 0 0 0 0 0 0 0 0 0 0 0 0 0 0 0 0 0 0 0 0 0 0 0 0 0 0 0 0 0 0 0 0 0 0 0 0 0 0 0 0 0 0 0 0 0 0 0 0 0 0 0 0 0 0 0 0 0 0 0 0 0 0 0 0 0 0 0 0 0 0 0 0 0 0 0 0 0 0 0 0 0 0 0 0 0 0 0 0 0 0 0 0 0 0 0 0 0 0 0 0 0 0 0 0 0 0 0 0 0 0 0 0 0 0 0 0 0 0 0 0 0 0 0 0 0 0 0 0 0 0 0 0 0 0 179 179 179 178 177 176 176 176 176 177 177 176 175 175 176 176 178 178 177 176 175 175 175 175 175 175 176 176 176 176 177 177 177 177 177 177 177 177 177 176 176 176 176 176 176 176 177 177 177 177 177 177 177 177 177 177 177 177 177 177 178 178 178 178 178 179 179 179 179 179 179 179 179 179 180 180 180 180 180 180 180 180 180 180 181 180 180 180 180 180 180 180 180 180 180 181 181 181 181 181 181 181 181 181 181 182 182 182 181 181 181 182 182 182 182 183 183 183 183 183 183 183 183 183 183 183 183 184 184 184 184 184 184 184 184 184 184 185 184 185 185 185 185 186 185 185 186 186 185 185 185 186 186 186 186 186 186 186 187 187 186 186 186 186 187 187 187 187 187 187 187 187 187 187 187 187 187 187 187 187 187 187 188 188 188 187 188 188 188 188 188 188 188 188 188 188 188 188 188 189 189 189 189 190 190 191 191 191 190 190 190 190 190 190 190 189 190 190 190 190 189 189 189 189 189 189 190 190 190 190 190 190 190 190 190 190 191 190 191 191 191 191 192 193 193 194 194 194 194 194 194 193 194 194 194 195 195 195 196 196 196 196 196 196 196 195 196 195 195 195 195 195 196 196 197 196 196 196 196 196 197 197 0 0 0 0 0 0 0 0 0 0 0 0 0 0 0 0 0 0 0 0 0 0 0 0 0 0 0 0 0 0 0 0 0 0 0 0 0 0 0 0 0 0 0 0 0 0 0 0 0 0 0 0 0 0 0 0 0 0 0 0 0 0 0 0 0 0 0 0 
0 0 0 0 0 0 0 0 0 0 0 0 0 0 0 0 0 0 0 0 0 0 0 0 0 0 0 0 0 0 0 0 0 0 0 0 0 0 0 0 0 0 0 0 0 0 0 0 0 0 0 0 0 0 0 0 0 0 0 0 0 0 0 0 0 0 0 0 0 0 0 0 0 0 0 0 0 0 0 0 0 0 0 0 0 0 0 0 0 0 0 0 0 0 0 0 0 0 0 0 0 0 0 0 0 0 0 0 0 0 0 0 0 0 0 0 0 0 0 0 0 0 0 0 0 0 0 0 0 0 0 0 0 0 0 0 0 0 0 0 0 0 0 0 0 0 0 0 0 0 0 0 178 178 179 179 178 176 177 177 178 178 177 177 177 176 175 175 176 177 178 177 176 175 175 175 175 175 175 176 176 176 176 176 177 177 177 177 177 177 177 177 176 176 176 176 176 176 176 176 177 177 177 177 177 177 177 177 177 177 177 177 177 178 178 178 178 178 178 179 179 179 179 179 179 179 179 179 179 179 180 180 180 180 180 180 180 180 180 180 180 180 180 180 180 180 180 180 180 181 181 181 181 181 181 181 181 182 182 182 182 182 181 181 182 182 182 182 183 183 183 183 183 183 183 183 183 183 183 183 183 184 184 184 184 184 184 184 184 184 184 184 185 185 185 185 185 185 185 186 186 186 185 185 185 186 186 186 186 186 186 186 187 186 186 186 186 187 187 187 187 187 187 187 187 187 186 186 186 187 187 187 187 187 187 188 188 188 187 187 188 188 187 188 187 187 188 188 188 188 188 188 188 189 189 189 190 190 190 190 190 189 189 189 189 189 189 189 189 189 189 189 189 189 189 189 189 189 190 190 190 190 190 190 190 190 191 191 191 191 191 191 190 190 191 192 192 192 193 193 194 194 194 194 194 194 194 195 195 195 195 196 196 196 196 195 195 195 196 196 196 196 195 195 195 195 196 196 195 195 195 196 196 197 198 0 0 0 0 0 0 0 0 0 0 0 0 0 0 0 0 0 0 0 0 0 0 0 0 0 0 0 0 0 0 0 0 0 0 0 0 0 0 0 0 0 0 0 0 0 0 0 0 0 0 0 0 0 0 0 0 0 0 0 0 0 0 0 0 0 0 0 0 
0 0 0 0 0 0 0 0 0 0 0 0 0 0 0 0 0 0 0 0 0 0 0 0 0 0 0 0 0 0 0 0 0 0 0 0 0 0 0 0 0 0 0 0 0 0 0 0 0 0 0 0 0 0 0 0 0 0 0 0 0 0 0 0 0 0 0 0 0 0 0 0 0 0 0 0 0 0 0 0 0 0 0 0 0 0 0 0 0 0 0 0 0 0 0 0 0 0 0 0 0 0 0 0 0 0 0 0 0 0 0 0 0 0 0 0 0 0 0 0 0 0 0 0 0 0 0 0 0 0 0 0 0 0 0 0 0 0 0 0 0 0 0 0 0 0 0 0 0 0 0 0 178 178 177 177 176 177 178 179 179 179 178 177 177 176 175 175 175 175 176 176 176 175 175 175 175 175 176 176 176 176 176 176 176 177 177 177 177 177 177 177 176 176 176 176 176 176 176 176 176 176 177 177 177 177 177 177 177 177 177 177 177 178 178 178 178 178 178 178 178 179 179 179 179 179 179 179 179 179 180 180 180 180 180 180 180 180 180 180 180 180 180 180 180 180 180 180 180 180 181 181 181 181 181 181 181 181 181 182 182 181 181 181 181 182 182 182 182 183 183 183 183 183 183 183 183 183 183 183 183 183 184 184 184 184 184 184 184 184 184 184 185 185 185 185 185 185 185 185 186 186 186 186 185 185 186 186 186 186 186 186 187 186 186 186 186 187 186 186 186 186 187 187 187 187 187 187 187 186 187 187 187 187 187 187 187 187 187 187 188 188 187 187 187 187 188 188 188 188 188 188 188 188 189 189 189 189 190 190 189 189 189 188 189 189 189 189 189 189 189 189 189 189 189 189 189 189 189 189 190 190 190 190 190 190 190 191 191 191 192 192 191 190 191 191 191 192 192 192 193 193 194 194 194 194 194 194 195 195 196 196 196 196 196 195 196 196 196 196 196 196 196 195 195 194 195 196 195 196 196 197 197 197 198 197 197 197 0 0 0 0 0 0 0 0 0 0 0 0 0 0 0 0 0 0 0 0 0 0 0 0 0 0 0 0 0 0 0 0 0 0 0 0 0 0 0 0 0 0 0 0 0 0 0 0 0 0 0 0 0 0 0 0 0 0 0 0 0 0 0 0 0 
0 0 0 0 0 0 0 0 0 0 0 0 0 0 0 0 0 0 0 0 0 0 0 0 0 0 0 0 0 0 0 0 0 0 0 0 0 0 0 0 0 0 0 0 0 0 0 0 0 0 0 0 0 0 0 0 0 0 0 0 0 0 0 0 0 0 0 0 0 0 0 0 0 0 0 0 0 0 0 0 0 0 0 0 0 0 0 0 0 0 0 0 0 0 0 0 0 0 0 0 0 0 0 0 0 0 0 0 0 0 0 0 0 0 0 0 0 0 0 0 0 0 0 0 0 0 0 0 0 0 0 0 0 0 0 0 0 0 0 0 0 0 0 0 0 0 0 0 0 0 0 0 179 178 178 177 177 178 178 178 178 178 178 177 177 176 176 176 175 175 174 174 175 175 175 175 175 175 176 176 176 176 176 176 176 176 177 177 177 177 177 177 176 176 176 176 176 176 176 176 176 176 176 176 177 177 177 177 177 177 177 177 177 178 178 178 178 178 178 178 178 178 179 179 179 179 179 179 179 179 179 179 179 180 180 180 180 180 180 180 180 180 180 180 180 180 180 180 180 180 180 181 181 181 181 181 181 181 181 181 182 181 181 181 181 182 182 182 182 182 183 183 183 183 183 183 183 183 183 183 183 183 184 184 184 184 184 184 184 184 184 184 185 185 184 185 185 185 185 185 186 185 185 186 185 185 185 186 186 186 186 186 186 187 186 186 187 187 187 187 186 186 186 187 187 187 187 187 186 186 186 187 187 187 187 187 187 187 187 188 188 188 187 187 187 188 188 188 188 188 188 188 188 188 189 189 189 189 189 189 189 188 188 188 188 188 189 189 189 189 189 189 189 189 189 189 189 189 189 189 189 189 190 190 190 191 191 191 191 192 192 192 191 190 191 191 192 191 192 193 194 194 194 194 194 194 194 194 194 195 195 195 195 196 196 196 196 196 196 197 196 196 195 195 195 194 195 195 195 195 196 196 197 196 197 197 197 196 196 0 0 0 0 0 0 0 0 0 0 0 0 0 0 0 0 0 0 0 0 0 0 0 0 0 0 0 0 0 0 0 0 0 0 0 0 0 0 0 0 0 0 0 0 0 0 0 0 0 0 0 0 0 0 0 0 0 0 0 0 0 0 0 0 
0 0 0 0 0 0 0 0 0 0 0 0 0 0 0 0 0 0 0 0 0 0 0 0 0 0 0 0 0 0 0 0 0 0 0 0 0 0 0 0 0 0 0 0 0 0 0 0 0 0 0 0 0 0 0 0 0 0 0 0 0 0 0 0 0 0 0 0 0 0 0 0 0 0 0 0 0 0 0 0 0 0 0 0 0 0 0 0 0 0 0 0 0 0 0 0 0 0 0 0 0 0 0 0 0 0 0 0 0 0 0 0 0 0 0 0 0 0 0 0 0 0 0 0 0 0 0 0 0 0 0 0 0 0 0 0 0 0 0 0 0 0 0 0 0 0 0 0 0 0 0 0 0 179 178 177 178 178 179 178 178 177 177 176 176 176 175 175 175 175 175 175 175 174 175 175 175 175 176 176 176 176 176 176 176 176 177 177 177 177 177 177 176 176 176 176 176 176 176 176 176 176 176 176 177 177 177 177 177 177 177 177 177 177 177 178 178 178 178 178 178 178 178 178 179 179 179 179 179 179 179 179 179 179 179 179 179 180 180 180 180 180 180 180 180 180 180 180 180 180 180 180 181 181 181 181 181 181 181 181 181 181 181 181 181 182 182 182 182 182 182 182 183 183 183 183 183 183 183 183 183 183 183 183 184 184 184 184 184 184 184 184 184 184 184 185 185 185 185 185 185 185 185 185 185 185 185 186 186 186 186 186 186 187 186 186 187 187 187 187 187 187 187 186 187 187 187 186 186 186 187 187 187 186 186 187 187 187 187 188 188 188 187 187 187 187 187 187 188 188 188 188 188 188 188 189 188 189 189 188 188 188 188 188 188 189 189 189 189 189 189 189 189 189 189 189 189 189 190 190 190 189 189 190 190 190 190 191 191 191 192 192 191 191 191 192 193 192 192 192 193 193 194 194 194 194 194 194 195 195 195 195 195 195 195 195 195 196 197 197 197 196 195 195 195 195 195 195 195 194 194 195 195 196 196 196 196 196 196 196 196 0 0 0 0 0 0 0 0 0 0 0 0 0 0 0 0 0 0 0 0 0 0 0 0 0 0 0 0 0 0 0 0 0 0 0 0 0 0 0 0 0 0 0 0 0 0 0 0 0 0 0 0 0 0 0 0 0 0 0 0 0 0 
0 0 0 0 0 0 0 0 0 0 0 0 0 0 0 0 0 0 0 0 0 0 0 0 0 0 0 0 0 0 0 0 0 0 0 0 0 0 0 0 0 0 0 0 0 0 0 0 0 0 0 0 0 0 0 0 0 0 0 0 0 0 0 0 0 0 0 0 0 0 0 0 0 0 0 0 0 0 0 0 0 0 0 0 0 0 0 0 0 0 0 0 0 0 0 0 0 0 0 0 0 0 0 0 0 0 0 0 0 0 0 0 0 0 0 0 0 0 0 0 0 0 0 0 0 0 0 0 0 0 0 0 0 0 0 0 0 0 0 0 0 0 0 0 0 0 0 0 0 0 0 0 0 0 179 178 178 179 180 179 178 177 177 176 176 176 176 177 176 175 175 174 174 174 175 175 175 175 176 176 176 176 176 176 176 176 176 177 177 177 177 177 176 176 176 176 176 176 176 176 176 176 176 176 176 176 177 177 177 177 177 177 177 177 177 177 178 178 178 178 178 178 178 178 178 179 179 179 179 179 179 179 179 179 179 179 180 180 180 180 180 180 180 180 180 180 180 180 180 180 180 180 180 181 181 181 181 181 181 181 181 181 181 181 181 182 182 182 182 182 182 182 182 183 183 183 183 183 183 183 183 183 183 183 184 184 184 184 184 184 184 184 184 184 185 185 184 185 185 184 185 185 185 185 185 185 185 186 186 186 186 186 186 186 186 186 186 186 186 187 187 187 187 186 187 187 187 187 186 186 186 187 187 187 186 187 187 187 187 187 187 188 187 187 187 187 187 187 188 188 188 188 189 189 188 188 188 188 189 188 188 188 188 188 188 189 189 189 189 189 189 189 189 189 189 189 189 189 189 190 190 190 190 190 190 190 190 191 191 191 192 192 191 191 191 192 193 192 192 192 192 193 193 193 194 194 194 194 195 196 196 195 195 194 194 195 195 196 196 196 196 196 195 195 195 195 196 195 195 195 194 194 194 195 195 196 196 195 196 196 196 196 0 0 0 0 0 0 0 0 0 0 0 0 0 0 0 0 0 0 0 0 0 0 0 0 0 0 0 0 0 0 0 0 0 0 0 0 0 0 0 0 0 0 0 0 0 0 0 0 0 0 0 0 0 0 0 0 0 0 0 0 0 
0 0 0 0 0 0 0 0 0 0 0 0 0 0 0 0 0 0 0 0 0 0 0 0 0 0 0 0 0 0 0 0 0 0 0 0 0 0 0 0 0 0 0 0 0 0 0 0 0 0 0 0 0 0 0 0 0 0 0 0 0 0 0 0 0 0 0 0 0 0 0 0 0 0 0 0 0 0 0 0 0 0 0 0 0 0 0 0 0 0 0 0 0 0 0 0 0 0 0 0 0 0 0 0 0 0 0 0 0 0 0 0 0 0 0 0 0 0 0 0 0 0 0 0 0 0 0 0 0 0 0 0 0 0 0 0 0 0 0 0 0 0 0 0 0 0 0 0 0 0 0 0 0 0 0 179 179 180 179 179 179 178 177 177 177 177 177 177 177 176 175 175 174 174 174 175 175 175 176 176 176 176 176 176 176 176 176 176 177 177 177 177 176 176 176 176 176 176 176 176 176 176 176 176 176 176 176 177 177 177 177 177 177 177 177 177 177 178 178 178 178 178 178 178 178 178 179 179 179 179 179 179 179 179 179 180 180 180 180 180 180 180 180 180 180 180 180 180 180 180 180 180 180 180 181 181 181 181 181 181 181 181 181 181 181 181 182 182 182 182 182 182 182 182 183 183 183 183 183 183 183 183 183 183 183 183 184 184 184 184 184 184 184 184 184 184 184 184 184 185 185 185 185 185 185 185 185 185 185 186 186 186 186 186 186 186 186 186 186 186 187 187 186 186 187 187 187 186 186 186 186 186 187 187 187 187 187 187 187 187 187 187 187 187 187 187 188 188 188 188 188 188 188 189 188 188 188 188 188 188 188 188 188 188 188 188 189 189 189 189 189 189 189 189 189 189 189 189 189 189 190 190 190 191 191 190 190 190 191 191 191 192 191 191 191 192 193 193 193 193 193 193 193 194 194 194 194 195 195 196 196 195 195 195 194 194 195 196 195 195 195 195 196 195 195 195 196 197 196 196 195 195 194 194 194 195 196 195 195 195 196 196 197 0 0 0 0 0 0 0 0 0 0 0 0 0 0 0 0 0 0 0 0 0 0 0 0 0 0 0 0 0 0 0 0 0 0 0 0 0 0 0 0 0 0 0 0 0 0 0 0 0 0 0 0 0 0 0 0 0 0 0 0 
0 0 0 0 0 0 0 0 0 0 0 0 0 0 0 0 0 0 0 0 0 0 0 0 0 0 0 0 0 0 0 0 0 0 0 0 0 0 0 0 0 0 0 0 0 0 0 0 0 0 0 0 0 0 0 0 0 0 0 0 0 0 0 0 0 0 0 0 0 0 0 0 0 0 0 0 0 0 0 0 0 0 0 0 0 0 0 0 0 0 0 0 0 0 0 0 0 0 0 0 0 0 0 0 0 0 0 0 0 0 0 0 0 0 0 0 0 0 0 0 0 0 0 0 0 0 0 0 0 0 0 0 0 0 0 0 0 0 0 0 0 0 0 0 0 0 0 0 0 0 0 0 0 0 0 0 0 179 179 178 177 177 177 177 177 176 176 175 176 176 175 175 174 174 174 175 175 175 175 176 176 176 176 176 176 176 176 176 176 177 177 177 175 176 176 176 176 176 176 176 176 176 176 176 176 176 176 176 176 176 176 177 177 177 177 177 177 177 178 178 178 178 178 178 178 178 178 178 179 179 179 179 179 179 179 179 180 180 180 180 179 180 179 180 180 180 180 180 180 180 180 180 180 180 180 181 181 181 181 181 181 181 181 181 181 181 181 182 182 182 182 182 182 182 182 183 183 183 183 183 183 183 183 183 183 183 184 184 184 184 184 184 184 184 184 184 184 184 184 184 185 185 185 185 185 185 185 185 185 186 186 186 186 186 186 186 186 186 186 186 186 186 186 186 186 186 186 186 186 186 186 186 186 186 187 187 187 187 187 187 187 187 187 187 188 188 188 188 188 188 188 188 188 188 188 188 188 187 187 187 188 188 188 188 188 188 188 189 189 189 189 189 189 189 189 189 189 189 189 190 189 190 190 190 190 190 190 190 190 190 191 191 190 191 191 192 192 192 192 193 193 193 193 194 194 194 195 195 195 195 195 194 194 195 195 194 195 195 195 195 194 194 195 195 195 195 196 196 196 196 196 196 195 195 195 194 195 195 195 195 196 196 197 197 197 0 0 0 0 0 0 0 0 0 0 0 0 0 0 0 0 0 0 0 0 0 0 0 0 0 0 0 0 0 0 0 0 0 0 0 0 0 0 0 0 0 0 0 0 0 0 0 0 0 0 0 0 0 0 0 0 0 0 
0 0 0 0 0 0 0 0 0 0 0 0 0 0 0 0 0 0 0 0 0 0 0 0 0 0 0 0 0 0 0 0 0 0 0 0 0 0 0 0 0 0 0 0 0 0 0 0 0 0 0 0 0 0 0 0 0 0 0 0 0 0 0 0 0 0 0 0 0 0 0 0 0 0 0 0 0 0 0 0 0 0 0 0 0 0 0 0 0 0 0 0 0 0 0 0 0 0 0 0 0 0 0 0 0 0 0 0 0 0 0 0 0 0 0 0 0 0 0 0 0 0 0 0 0 0 0 0 0 0 0 0 0 0 0 0 0 0 0 0 0 0 0 0 0 0 0 0 0 0 0 0 0 0 0 0 0 0 0 0 178 178 178 178 178 177 176 175 174 175 175 175 174 174 174 175 175 175 175 175 176 176 176 176 176 176 176 176 176 176 176 177 175 176 176 176 176 176 176 176 176 176 176 176 176 176 176 176 176 176 176 177 177 177 177 177 177 177 177 178 178 178 178 178 178 178 178 178 179 179 179 179 179 179 179 179 179 179 180 180 179 180 180 180 180 180 180 180 180 180 180 179 180 180 180 181 181 181 181 181 181 181 181 181 181 181 181 181 182 182 182 182 182 182 182 182 183 183 183 183 183 183 183 183 183 183 183 184 184 184 184 184 184 184 184 184 184 185 184 184 184 185 185 185 185 185 185 185 185 185 185 185 186 186 186 186 186 186 186 186 186 186 186 186 186 186 186 186 186 186 186 186 186 186 186 186 186 186 186 187 187 187 187 187 187 187 187 187 187 188 188 188 188 187 188 187 188 187 187 188 188 188 188 188 188 188 188 188 189 189 189 189 189 189 189 189 189 189 189 189 189 190 190 190 191 190 190 190 190 190 190 190 190 191 191 191 191 192 191 192 192 193 193 193 193 193 194 195 195 195 195 194 194 194 194 194 195 195 195 194 194 194 194 195 194 195 196 196 195 194 195 195 195 195 195 195 194 195 195 195 195 195 196 196 197 197 197 0 0 0 0 0 0 0 0 0 0 0 0 0 0 0 0 0 0 0 0 0 0 0 0 0 0 0 0 0 0 0 0 0 0 0 0 0 0 0 0 0 0 0 0 0 0 0 0 0 0 0 0 0 0 0 0 
0 0 0 0 0 0 0 0 0 0 0 0 0 0 0 0 0 0 0 0 0 0 0 0 0 0 0 0 0 0 0 0 0 0 0 0 0 0 0 0 0 0 0 0 0 0 0 0 0 0 0 0 0 0 0 0 0 0 0 0 0 0 0 0 0 0 0 0 0 0 0 0 0 0 0 0 0 0 0 0 0 0 0 0 0 0 0 0 0 0 0 0 0 0 0 0 0 0 0 0 0 0 0 0 0 0 0 0 0 0 0 0 0 0 0 0 0 0 0 0 0 0 0 0 0 0 0 0 0 0 0 0 0 0 0 0 0 0 0 0 0 0 0 0 0 0 0 0 0 0 0 0 0 0 0 0 0 0 0 0 0 0 179 179 178 177 176 176 175 174 174 174 174 174 174 174 175 175 175 175 175 175 176 176 176 176 176 176 176 176 176 176 175 175 175 175 175 175 176 176 176 176 176 176 175 176 176 176 176 176 176 176 177 177 177 177 177 177 177 177 177 178 178 178 178 178 178 178 179 179 179 179 179 179 179 179 179 179 179 179 179 179 179 179 180 180 180 180 180 180 180 179 179 180 180 180 180 181 181 181 181 181 181 181 181 181 181 181 182 182 182 182 182 182 182 182 182 183 183 183 183 183 183 183 183 183 183 183 184 184 184 184 184 184 184 184 184 185 185 185 185 185 185 185 185 185 185 185 185 185 185 185 186 186 186 186 185 185 186 186 186 186 186 186 186 186 186 187 186 186 186 186 186 186 186 186 186 186 186 186 187 187 187 187 187 187 187 187 187 187 187 187 187 187 187 187 187 187 187 188 188 188 188 188 188 188 188 188 188 189 189 189 189 189 189 189 189 189 189 190 190 190 190 190 190 190 191 191 191 191 191 190 190 190 190 190 191 191 191 192 192 192 193 192 193 193 194 195 195 195 196 195 195 194 195 194 194 194 194 194 194 194 194 194 195 195 196 196 195 194 195 195 194 194 194 194 194 195 194 195 195 195 196 196 196 197 197 197 0 0 0 0 0 0 0 0 0 0 0 0 0 0 0 0 0 0 0 0 0 0 0 0 0 0 0 0 0 0 0 0 0 0 0 0 0 0 0 0 0 0 0 0 0 0 0 0 0 0 0 0 0 0 0 
0 0 0 0 0 0 0 0 0 0 0 0 0 0 0 0 0 0 0 0 0 0 0 0 0 0 0 0 0 0 0 0 0 0 0 0 0 0 0 0 0 0 0 0 0 0 0 0 0 0 0 0 0 0 0 0 0 0 0 0 0 0 0 0 0 0 0 0 0 0 0 0 0 0 0 0 0 0 0 0 0 0 0 0 0 0 0 0 0 0 0 0 0 0 0 0 0 0 0 0 0 0 0 0 0 0 0 0 0 0 0 0 0 0 0 0 0 0 0 0 0 0 0 0 0 0 0 0 0 0 0 0 0 0 0 0 0 0 0 0 0 0 0 0 0 0 0 0 0 0 0 0 0 0 0 0 0 0 0 0 0 0 177 177 177 176 175 175 174 173 173 172 172 173 173 173 173 174 174 174 174 174 174 174 174 175 175 175 175 175 175 175 175 175 175 175 175 176 176 175 175 175 175 175 175 176 176 176 176 176 176 176 177 177 177 176 177 177 177 177 177 178 178 178 178 178 178 178 178 178 179 179 179 179 179 179 179 179 179 179 179 179 179 180 180 180 180 180 180 180 180 180 180 179 180 180 180 181 181 181 181 182 181 181 181 181 181 181 181 182 182 182 182 182 182 182 183 183 183 183 183 183 183 183 183 183 183 184 184 184 184 184 183 184 184 184 184 184 185 185 185 185 185 185 184 184 184 184 185 185 185 185 185 185 185 185 185 185 185 185 185 186 186 186 186 186 186 186 186 186 185 185 186 186 186 186 186 186 186 186 186 186 186 186 186 186 187 187 187 187 187 187 186 186 187 187 187 187 187 187 188 188 188 188 188 188 188 188 188 188 188 188 188 189 189 189 189 189 189 189 189 190 190 190 190 190 190 191 190 191 191 191 191 191 191 191 191 191 191 192 193 192 192 193 193 193 193 194 195 194 194 194 194 194 194 194 194 195 195 195 195 195 194 194 194 195 196 196 195 194 194 194 194 194 194 195 195 195 194 194 195 195 196 196 196 196 196 197 0 0 0 0 0 0 0 0 0 0 0 0 0 0 0 0 0 0 0 0 0 0 0 0 0 0 0 0 0 0 0 0 0 0 0 0 0 0 0 0 0 0 0 0 0 0 0 0 0 0 0 0 0 0 0 
0 0 0 0 0 0 0 0 0 0 0 0 0 0 0 0 0 0 0 0 0 0 0 0 0 0 0 0 0 0 0 0 0 0 0 0 0 0 0 0 0 0 0 0 0 0 0 0 0 0 0 0 0 0 0 0 0 0 0 0 0 0 0 0 0 0 0 0 0 0 0 0 0 0 0 0 0 0 0 0 0 0 0 0 0 0 0 0 0 0 0 0 0 0 0 0 0 0 0 0 0 0 0 0 0 0 0 0 0 0 0 0 0 0 0 0 0 0 0 0 0 0 0 0 0 0 0 0 0 0 0 0 0 0 0 0 0 0 0 0 0 0 0 0 0 0 0 0 0 0 0 0 0 0 0 0 0 0 0 0 0 0 0 176 176 175 175 174 174 173 173 173 172 172 173 173 173 173 174 174 174 174 174 174 174 174 175 175 175 175 175 175 175 175 175 175 175 176 175 175 175 175 175 175 175 175 175 176 176 176 176 177 177 177 177 177 177 177 177 177 177 178 178 177 178 178 178 178 178 178 178 179 179 179 179 179 179 179 179 179 179 179 179 179 180 180 180 180 180 180 180 180 180 179 179 180 180 180 181 181 181 181 181 181 181 181 181 181 181 182 182 182 182 182 182 182 182 183 183 183 183 183 183 183 183 183 183 183 183 183 183 184 183 183 183 184 184 184 185 185 184 185 185 184 184 185 184 184 184 185 185 185 185 185 185 185 185 185 185 185 185 186 186 186 186 186 186 186 186 186 186 185 185 185 186 186 186 187 187 187 186 186 186 186 186 186 187 187 187 186 186 186 186 187 187 187 187 187 187 187 187 188 188 188 188 188 188 188 188 188 188 188 188 188 188 189 189 189 189 189 189 189 189 190 190 191 191 191 191 191 191 191 191 191 192 191 192 192 191 191 192 192 192 192 193 193 193 194 194 194 194 194 194 195 195 195 194 195 195 195 196 195 195 195 195 195 194 195 195 194 194 194 194 195 195 195 195 195 194 194 194 195 195 196 196 196 196 196 196 0 0 0 0 0 0 0 0 0 0 0 0 0 0 0 0 0 0 0 0 0 0 0 0 0 0 0 0 0 0 0 0 0 0 0 0 0 0 0 0 0 0 0 0 0 0 0 0 0 0 0 0 0 0 
0 0 0 0 0 0 0 0 0 0 0 0 0 0 0 0 0 0 0 0 0 0 0 0 0 0 0 0 0 0 0 0 0 0 0 0 0 0 0 0 0 0 0 0 0 0 0 0 0 0 0 0 0 0 0 0 0 0 0 0 0 0 0 0 0 0 0 0 0 0 0 0 0 0 0 0 0 0 0 0 0 0 0 0 0 0 0 0 0 0 0 0 0 0 0 0 0 0 0 0 0 0 0 0 0 0 0 0 0 0 0 0 0 0 0 0 0 0 0 0 0 0 0 0 0 0 0 0 0 0 0 0 0 0 0 0 0 0 0 0 0 0 0 0 0 0 0 0 0 0 0 0 0 0 0 0 0 0 0 0 0 0 0 0 176 176 175 175 174 173 173 173 173 172 172 173 173 173 173 174 174 174 174 174 174 174 174 174 175 175 175 175 175 175 175 175 175 175 175 175 175 175 175 175 175 175 175 176 176 176 176 176 177 177 177 177 177 177 177 177 177 178 177 177 177 177 178 178 178 178 178 178 178 179 179 179 179 179 179 179 179 179 179 180 180 180 180 180 180 180 180 180 180 180 179 179 180 180 181 181 181 181 181 181 181 181 181 181 181 182 182 182 182 182 182 182 182 183 183 183 183 183 183 183 183 183 183 183 183 183 183 183 183 183 183 183 184 184 184 184 184 184 185 185 184 184 185 185 185 185 185 185 185 185 185 185 185 185 185 185 186 185 186 186 186 186 186 186 186 186 185 185 185 186 186 186 187 187 186 186 186 186 185 185 185 186 187 187 186 186 186 186 186 187 187 187 187 187 187 187 187 187 187 188 188 188 188 188 188 188 188 188 188 188 189 189 188 189 189 189 189 190 190 190 190 190 191 191 192 192 192 191 191 191 191 191 192 191 191 191 192 192 192 192 192 193 194 194 195 195 194 194 194 195 195 195 194 195 195 196 196 195 195 195 195 195 195 194 194 195 196 195 195 195 195 195 195 195 194 194 194 195 195 195 195 196 196 196 196 0 0 0 0 0 0 0 0 0 0 0 0 0 0 0 0 0 0 0 0 0 0 0 0 0 0 0 0 0 0 0 0 0 0 0 0 0 0 0 0 0 0 0 0 0 0 0 0 0 0 0 0 0 0 
0 0 0 0 0 0 0 0 0 0 0 0 0 0 0 0 0 0 0 0 0 0 0 0 0 0 0 0 0 0 0 0 0 0 0 0 0 0 0 0 0 0 0 0 0 0 0 0 0 0 0 0 0 0 0 0 0 0 0 0 0 0 0 0 0 0 0 0 0 0 0 0 0 0 0 0 0 0 0 0 0 0 0 0 0 0 0 0 0 0 0 0 0 0 0 0 0 0 0 0 0 0 0 0 0 0 0 0 0 0 0 0 0 0 0 0 0 0 0 0 0 0 0 0 0 0 0 0 0 0 0 0 0 0 0 0 0 0 0 0 0 0 0 0 0 0 0 0 0 0 0 0 0 0 0 0 0 0 0 0 0 0 0 0 175 175 175 174 174 173 172 172 172 172 172 173 173 173 173 173 174 174 174 174 174 174 174 174 174 174 175 175 175 175 174 175 175 175 175 175 175 175 175 175 175 175 175 175 175 176 176 176 176 176 176 177 177 177 177 177 177 178 177 177 177 177 178 178 178 178 178 178 178 178 178 179 179 179 179 179 179 179 179 179 179 180 180 180 180 180 180 180 180 180 180 180 180 180 181 181 181 181 181 181 181 181 181 181 181 182 182 182 182 182 182 182 182 182 183 183 183 183 183 183 183 183 183 183 183 183 183 183 183 183 184 183 183 184 184 184 184 184 185 184 184 184 184 184 185 185 185 185 185 185 185 185 185 185 185 185 185 185 186 186 186 186 186 185 185 185 185 185 185 185 186 186 186 186 186 186 186 186 186 186 185 186 186 186 186 186 186 186 187 187 187 187 187 187 187 187 187 187 187 188 188 188 188 188 188 188 188 188 188 188 188 189 189 188 189 189 189 189 189 190 190 191 191 191 191 191 192 192 192 192 192 192 192 192 192 192 192 192 192 192 192 193 194 194 195 195 195 195 195 195 195 195 194 195 195 195 195 195 195 194 194 194 195 194 195 196 196 196 196 195 195 194 194 194 194 194 194 195 195 195 195 196 196 196 0 0 0 0 0 0 0 0 0 0 0 0 0 0 0 0 0 0 0 0 0 0 0 0 0 0 0 0 0 0 0 0 0 0 0 0 0 0 0 0 0 0 0 0 0 0 0 0 0 0 0 0 0 0 0 
0 0 0 0 0 0 0 0 0 0 0 0 0 0 0 0 0 0 0 0 0 0 0 0 0 0 0 0 0 0 0 0 0 0 0 0 0 0 0 0 0 0 0 0 0 0 0 0 0 0 0 0 0 0 0 0 0 0 0 0 0 0 0 0 0 0 0 0 0 0 0 0 0 0 0 0 0 0 0 0 0 0 0 0 0 0 0 0 0 0 0 0 0 0 0 0 0 0 0 0 0 0 0 0 0 0 0 0 0 0 0 0 0 0 0 0 0 0 0 0 0 0 0 0 0 0 0 0 0 0 0 0 0 0 0 0 0 0 0 0 0 0 0 0 0 0 0 0 0 0 0 0 0 0 0 0 0 0 0 0 0 0 0 0 0 0 174 174 173 173 172 172 172 172 172 173 173 173 173 173 174 174 174 174 174 174 174 174 174 174 174 174 174 174 174 175 175 175 175 175 175 175 175 175 175 175 175 175 175 175 175 176 176 176 176 177 177 177 177 177 177 178 178 178 178 177 178 178 178 178 178 179 178 178 178 178 179 179 179 179 179 179 179 179 179 179 179 180 180 180 180 180 180 180 180 181 180 180 180 180 181 181 181 181 181 181 181 181 181 182 182 182 182 182 182 182 182 182 183 183 183 183 183 183 183 183 183 183 183 183 183 183 183 183 184 184 184 184 184 184 184 184 185 185 184 184 184 184 184 185 185 185 185 185 185 185 185 185 185 185 185 185 186 185 186 186 186 186 186 186 185 185 185 185 186 186 186 186 186 186 186 186 186 186 186 185 186 186 186 186 186 186 187 187 187 187 187 187 187 187 187 187 187 187 187 188 188 188 188 188 188 188 188 188 188 188 189 189 188 189 189 189 189 190 190 191 191 191 191 191 192 192 192 192 193 193 192 192 192 192 192 192 192 193 193 194 194 194 194 194 195 195 195 195 195 195 195 195 195 195 195 195 195 194 195 195 195 194 195 195 195 196 196 196 195 194 194 194 194 194 194 194 195 195 195 196 196 0 0 0 0 0 0 0 0 0 0 0 0 0 0 0 0 0 0 0 0 0 0 0 0 0 0 0 0 0 0 0 0 0 0 0 0 0 0 0 0 0 0 0 0 0 0 0 0 0 0 0 0 0 0 0 0 
0 0 0 0 0 0 0 0 0 0 0 0 0 0 0 0 0 0 0 0 0 0 0 0 0 0 0 0 0 0 0 0 0 0 0 0 0 0 0 0 0 0 0 0 0 0 0 0 0 0 0 0 0 0 0 0 0 0 0 0 0 0 0 0 0 0 0 0 0 0 0 0 0 0 0 0 0 0 0 0 0 0 0 0 0 0 0 0 0 0 0 0 0 0 0 0 0 0 0 0 0 0 0 0 0 0 0 0 0 0 0 0 0 0 0 0 0 0 0 0 0 0 0 0 0 0 0 0 0 0 0 0 0 0 0 0 0 0 0 0 0 0 0 0 0 0 0 0 0 0 0 0 0 0 0 0 0 0 0 0 0 0 0 0 0 173 173 172 172 172 172 172 172 172 172 172 173 173 173 173 173 174 174 174 174 174 174 174 174 174 174 174 174 174 174 174 174 174 175 175 175 175 175 175 175 175 175 175 175 175 175 175 175 176 176 176 177 177 177 177 177 177 177 177 177 178 178 178 178 178 178 178 178 178 178 179 179 179 179 179 179 179 179 179 179 179 179 179 180 180 180 180 180 181 180 180 180 180 180 180 180 180 181 181 181 181 181 181 181 181 182 182 182 182 182 182 182 182 182 182 183 183 183 183 183 183 183 183 183 183 183 184 183 184 184 184 184 184 184 184 184 185 185 184 184 184 184 184 184 185 185 185 185 184 185 185 185 185 185 185 185 185 185 185 185 186 186 186 186 186 185 185 185 185 186 186 186 186 186 186 186 186 186 186 186 186 185 186 186 186 186 186 187 187 187 187 187 187 187 187 187 187 187 187 187 187 187 188 188 188 188 188 188 188 188 188 189 189 189 189 189 189 189 190 190 191 191 191 191 192 192 192 192 192 193 193 193 193 193 192 193 193 193 194 194 194 195 194 194 194 194 194 195 195 195 195 195 195 196 195 195 194 195 195 195 195 195 195 195 196 196 195 195 195 194 194 194 194 194 194 195 194 195 195 195 196 196 0 0 0 0 0 0 0 0 0 0 0 0 0 0 0 0 0 0 0 0 0 0 0 0 0 0 0 0 0 0 0 0 0 0 0 0 0 0 0 0 0 0 0 0 0 0 0 0 0 0 0 0 0 0 0 0 
0 0 0 0 0 0 0 0 0 0 0 0 0 0 0 0 0 0 0 0 0 0 0 0 0 0 0 0 0 0 0 0 0 0 0 0 0 0 0 0 0 0 0 0 0 0 0 0 0 0 0 0 0 0 0 0 0 0 0 0 0 0 0 0 0 0 0 0 0 0 0 0 0 0 0 0 0 0 0 0 0 0 0 0 0 0 0 0 0 0 0 0 0 0 0 0 0 0 0 0 0 0 0 0 0 0 0 0 0 0 0 0 0 0 0 0 0 0 0 0 0 0 0 0 0 0 0 0 0 0 0 0 0 0 0 0 0 0 0 0 0 0 0 0 0 0 0 0 0 0 0 0 0 0 0 0 0 0 0 0 0 0 0 0 0 0 0 172 172 172 172 173 172 172 172 172 173 173 173 173 173 173 173 174 174 174 174 174 174 174 174 174 174 174 174 174 174 174 174 175 175 175 175 175 175 175 175 175 175 175 175 175 175 175 176 176 177 177 177 177 176 177 178 177 177 177 177 177 177 178 178 178 178 178 178 178 178 179 179 179 179 179 179 179 179 179 179 179 180 180 180 180 180 180 180 180 180 180 180 181 181 181 180 180 181 181 181 181 181 181 182 182 182 182 182 182 182 182 182 182 182 183 183 183 183 183 183 183 183 183 183 183 183 183 184 184 184 184 184 184 184 185 185 184 184 184 184 184 184 184 185 185 185 184 184 185 185 185 185 185 185 186 185 185 185 186 186 186 186 186 185 185 185 185 186 186 186 186 186 186 186 186 186 186 186 186 185 185 186 186 186 186 186 186 186 187 187 187 187 187 187 187 187 187 187 187 187 187 187 188 188 188 188 188 188 188 188 189 189 189 189 189 190 190 191 191 191 190 191 191 191 192 192 193 193 193 193 192 193 193 193 194 194 194 193 194 194 194 193 194 194 194 194 194 194 195 195 195 195 195 194 194 195 195 195 195 195 195 195 196 195 195 194 194 194 194 194 194 194 195 195 195 194 195 195 195 196 0 0 0 0 0 0 0 0 0 0 0 0 0 0 0 0 0 0 0 0 0 0 0 0 0 0 0 0 0 0 0 0 0 0 0 0 0 0 0 0 0 0 0 0 0 0 0 0 0 0 0 0 0 0 0 0 
0 0 0 0 0 0 0 0 0 0 0 0 0 0 0 0 0 0 0 0 0 0 0 0 0 0 0 0 0 0 0 0 0 0 0 0 0 0 0 0 0 0 0 0 0 0 0 0 0 0 0 0 0 0 0 0 0 0 0 0 0 0 0 0 0 0 0 0 0 0 0 0 0 0 0 0 0 0 0 0 0 0 0 0 0 0 0 0 0 0 0 0 0 0 0 0 0 0 0 0 0 0 0 0 0 0 0 0 0 0 0 0 0 0 0 0 0 0 0 0 0 0 0 0 0 0 0 0 0 0 0 0 0 0 0 0 0 0 0 0 0 0 0 0 0 0 0 0 0 0 0 0 0 0 0 0 0 0 0 0 0 0 0 0 0 0 0 173 173 172 172 172 172 172 172 172 173 173 173 173 173 173 173 173 174 174 174 174 174 174 174 174 174 174 174 174 174 174 174 174 175 175 175 175 175 175 175 175 175 175 175 175 175 176 175 176 176 176 176 176 176 177 177 177 178 178 178 177 177 177 177 177 178 178 178 178 178 179 179 179 178 178 179 179 179 179 179 179 180 180 180 180 179 180 180 181 181 180 180 181 181 180 180 180 180 181 181 181 181 181 181 182 182 182 182 182 182 182 182 182 182 182 182 183 183 183 183 183 183 183 183 183 183 183 183 183 184 184 184 184 184 184 185 184 184 184 184 184 184 184 184 185 185 185 184 184 185 185 185 185 185 185 185 185 185 185 185 185 185 185 185 185 185 185 186 186 186 186 186 186 186 186 186 186 186 185 186 186 186 186 186 186 186 186 186 186 187 187 187 187 187 187 187 187 187 187 187 188 188 188 187 188 188 188 189 189 188 189 189 189 189 189 189 190 191 191 191 190 190 190 190 191 191 192 193 193 193 192 192 193 193 193 193 194 194 193 194 194 193 194 194 193 194 194 195 195 195 195 195 194 194 194 195 195 195 195 195 195 196 195 195 195 195 194 194 194 194 194 194 195 195 195 194 194 195 195 196 0 0 0 0 0 0 0 0 0 0 0 0 0 0 0 0 0 0 0 0 0 0 0 0 0 0 0 0 0 0 0 0 0 0 0 0 0 0 0 0 0 0 0 0 0 0 0 0 0 0 0 0 0 0 0 0 
0 0 0 0 0 0 0 0 0 0 0 0 0 0 0 0 0 0 0 0 0 0 0 0 0 0 0 0 0 0 0 0 0 0 0 0 0 0 0 0 0 0 0 0 0 0 0 0 0 0 0 0 0 0 0 0 0 0 0 0 0 0 0 0 0 0 0 0 0 0 0 0 0 0 0 0 0 0 0 0 0 0 0 0 0 0 0 0 0 0 0 0 0 0 0 0 0 0 0 0 0 0 0 0 0 0 0 0 0 0 0 0 0 0 0 0 0 0 0 0 0 0 0 0 0 0 0 0 0 0 0 0 0 0 0 0 0 0 0 0 0 0 0 0 0 0 0 0 0 0 0 0 0 0 0 0 0 0 0 0 0 0 0 0 0 0 0 0 0 171 171 171 172 172 172 172 173 173 173 173 173 173 173 173 173 174 173 174 174 174 174 174 174 174 174 174 174 174 174 174 174 174 175 175 175 175 175 175 175 175 175 175 176 176 175 175 175 176 176 176 176 176 177 177 178 178 177 177 177 177 177 177 177 178 178 178 178 178 179 179 179 178 178 178 178 179 179 179 179 180 179 180 180 180 180 181 181 180 180 180 180 180 180 180 180 180 181 181 181 181 181 181 182 182 182 182 182 182 182 182 182 182 182 183 183 183 183 183 183 183 183 183 183 183 183 183 183 183 184 184 184 184 184 184 184 184 184 184 184 184 184 184 184 184 184 185 184 185 185 185 185 185 185 185 185 185 185 185 185 185 185 185 185 185 185 185 186 186 186 186 186 186 186 185 186 186 186 186 186 186 186 186 186 186 186 186 187 187 187 187 187 187 187 187 187 187 187 187 188 188 188 188 188 188 188 189 188 189 189 189 189 189 189 190 190 191 190 190 190 191 190 191 191 191 192 193 192 192 192 193 193 193 193 193 193 193 193 193 193 194 194 193 193 194 194 194 195 195 195 195 194 194 195 195 196 196 195 196 197 196 196 195 194 194 194 194 194 194 195 195 195 195 195 195 194 195 0 0 0 0 0 0 0 0 0 0 0 0 0 0 0 0 0 0 0 0 0 0 0 0 0 0 0 0 0 0 0 0 0 0 0 0 0 0 0 0 0 0 0 0 0 0 0 0 0 0 0 0 0 0 0 0 0 
0 0 0 0 0 0 0 0 0 0 0 0 0 0 0 0 0 0 0 0 0 0 0 0 0 0 0 0 0 0 0 0 0 0 0 0 0 0 0 0 0 0 0 0 0 0 0 0 0 0 0 0 0 0 0 0 0 0 0 0 0 0 0 0 0 0 0 0 0 0 0 0 0 0 0 0 0 0 0 0 0 0 0 0 0 0 0 0 0 0 0 0 0 0 0 0 0 0 0 0 0 0 0 0 0 0 0 0 0 0 0 0 0 0 0 0 0 0 0 0 0 0 0 0 0 0 0 0 0 0 0 0 0 0 0 0 0 0 0 0 0 0 0 0 0 0 0 0 0 0 0 0 0 0 0 0 0 0 0 0 0 0 0 0 0 0 0 0 0 171 171 171 172 172 172 172 172 173 173 173 173 173 173 173 173 173 173 174 174 174 174 174 174 174 174 174 174 174 174 174 174 174 174 175 175 175 175 175 175 175 175 175 175 176 175 176 176 176 176 176 176 176 177 177 177 177 177 177 177 177 177 177 177 177 178 178 177 178 178 178 179 179 178 178 178 179 179 179 179 179 180 179 179 179 179 180 180 180 180 180 180 180 180 180 180 180 180 181 181 181 181 181 181 181 182 182 182 182 182 182 182 182 182 183 183 183 183 183 183 183 183 183 183 183 183 183 183 183 183 184 184 184 184 184 184 184 184 184 184 184 184 184 184 184 184 184 184 185 185 185 185 185 185 185 185 185 185 185 185 185 185 185 185 185 185 185 186 186 186 187 186 186 186 185 185 185 186 186 186 186 186 186 186 186 186 186 186 187 187 186 186 187 187 187 187 187 187 187 187 188 188 188 188 188 188 189 189 188 189 189 189 189 189 190 189 190 190 190 191 191 191 191 192 192 192 193 193 192 192 192 193 193 192 193 193 193 193 193 193 193 193 193 193 193 193 194 194 194 195 195 195 195 195 196 196 196 196 196 196 196 195 195 194 194 194 194 194 194 194 194 195 194 194 194 194 194 0 0 0 0 0 0 0 0 0 0 0 0 0 0 0 0 0 0 0 0 0 0 0 0 0 0 0 0 0 0 0 0 0 0 0 0 0 0 0 0 0 0 0 0 0 0 0 0 0 0 0 0 0 0 0 0 0 
0 0 0 0 0 0 0 0 0 0 0 0 0 0 0 0 0 0 0 0 0 0 0 0 0 0 0 0 0 0 0 0 0 0 0 0 0 0 0 0 0 0 0 0 0 0 0 0 0 0 0 0 0 0 0 0 0 0 0 0 0 0 0 0 0 0 0 0 0 0 0 0 0 0 0 0 0 0 0 0 0 0 0 0 0 0 0 0 0 0 0 0 0 0 0 0 0 0 0 0 0 0 0 0 0 0 0 0 0 0 0 0 0 0 0 0 0 0 0 0 0 0 0 0 0 0 0 0 0 0 0 0 0 0 0 0 0 0 0 0 0 0 0 0 0 0 0 0 0 0 0 0 0 0 0 0 0 0 0 0 0 0 0 0 0 0 0 0 0 171 171 171 171 172 172 172 172 172 173 173 173 173 173 173 173 173 173 173 174 174 174 174 174 174 174 174 174 174 174 174 175 175 174 174 175 175 175 175 175 175 175 175 175 175 175 176 176 176 176 176 176 176 176 177 177 177 177 177 177 177 177 177 177 177 177 177 177 177 178 178 178 179 178 178 178 179 179 179 179 179 179 179 179 179 180 180 181 181 181 181 180 180 180 180 180 180 180 181 181 181 181 181 181 181 181 182 182 182 182 182 182 182 182 183 183 183 183 183 183 183 183 183 183 183 183 183 183 183 183 183 183 184 183 184 183 183 184 184 184 184 184 184 184 184 184 184 185 185 185 185 185 185 185 185 185 185 185 186 185 185 185 185 185 185 185 185 185 185 186 186 186 186 185 185 185 185 185 186 186 186 186 186 186 186 186 186 186 186 187 186 186 187 187 187 187 187 187 187 187 188 188 188 188 188 188 188 189 189 189 189 189 189 189 189 189 189 189 190 190 191 190 190 191 192 192 191 192 192 192 192 192 192 192 193 193 193 193 193 193 193 193 194 194 194 194 193 194 194 195 195 195 195 195 195 196 195 195 196 195 195 195 195 195 195 194 194 194 194 194 194 194 194 194 194 194 0 0 0 0 0 0 0 0 0 0 0 0 0 0 0 0 0 0 0 0 0 0 0 0 0 0 0 0 0 0 0 0 0 0 0 0 0 0 0 0 0 0 0 0 0 0 0 0 0 0 0 0 0 0 0 0 0 0 
0 0 0 0 0 0 0 0 0 0 0 0 0 0 0 0 0 0 0 0 0 0 0 0 0 0 0 0 0 0 0 0 0 0 0 0 0 0 0 0 0 0 0 0 0 0 0 0 0 0 0 0 0 0 0 0 0 0 0 0 0 0 0 0 0 0 0 0 0 0 0 0 0 0 0 0 0 0 0 0 0 0 0 0 0 0 0 0 0 0 0 0 0 0 0 0 0 0 0 0 0 0 0 0 0 0 0 0 0 0 0 0 0 0 0 0 0 0 0 0 0 0 0 0 0 0 0 0 0 0 0 0 0 0 0 0 0 0 0 0 0 0 0 0 0 0 0 0 0 0 0 0 0 0 0 0 0 0 0 0 0 0 0 0 0 0 0 171 171 171 171 171 171 171 171 172 172 172 172 173 173 173 173 173 173 173 173 173 173 174 174 174 174 174 174 174 174 174 174 174 174 174 174 174 175 175 175 175 175 175 175 175 175 175 176 176 176 176 176 176 176 176 176 176 176 177 177 177 177 178 177 177 177 177 178 178 177 177 177 178 178 178 178 178 178 178 179 178 178 179 179 179 179 179 179 180 180 180 180 180 179 179 180 180 180 180 180 180 181 181 181 181 181 181 181 181 181 182 182 182 182 182 182 182 182 183 183 183 183 183 183 183 183 183 183 183 183 183 183 183 183 183 183 183 184 184 183 184 184 184 184 184 184 184 184 184 185 185 185 185 185 185 185 185 185 185 185 186 186 185 185 185 185 185 185 185 186 186 186 186 186 186 185 185 185 185 185 185 186 186 186 186 186 186 186 186 186 186 186 186 187 187 187 187 187 187 187 187 187 187 188 188 188 188 188 188 189 189 189 189 189 189 189 189 189 189 189 190 189 190 190 190 191 191 191 190 191 191 192 192 191 192 192 192 192 192 193 193 193 194 193 193 194 194 194 194 194 194 195 195 195 195 195 194 195 195 195 195 195 195 195 195 195 195 194 193 193 193 193 194 194 194 194 194 195 0 0 0 0 0 0 0 0 0 0 0 0 0 0 0 0 0 0 0 0 0 0 0 0 0 0 0 0 0 0 0 0 0 0 0 0 0 0 0 0 0 0 0 0 0 0 0 0 0 0 0 0 0 0 0 0 0 0 
0 0 0 0 0 0 0 0 0 0 0 0 0 0 0 0 0 0 0 0 0 0 0 0 0 0 0 0 0 0 0 0 0 0 0 0 0 0 0 0 0 0 0 0 0 0 0 0 0 0 0 0 0 0 0 0 0 0 0 0 0 0 0 0 0 0 0 0 0 0 0 0 0 0 0 0 0 0 0 0 0 0 0 0 0 0 0 0 0 0 0 0 0 0 0 0 0 0 0 0 0 0 0 0 0 0 0 0 0 0 0 0 0 0 0 0 0 0 0 0 0 0 0 0 0 0 0 0 0 0 0 0 0 0 0 0 0 0 0 0 0 0 0 0 0 0 0 0 0 0 0 0 0 0 0 0 0 0 0 0 0 0 0 0 0 0 0 0 172 171 171 171 171 171 171 171 172 172 172 172 173 173 173 173 173 173 173 173 173 173 174 174 174 174 174 174 174 174 174 174 174 174 174 174 174 175 175 175 175 175 175 175 175 175 175 175 176 176 176 176 176 176 176 176 176 177 177 177 177 177 177 177 177 177 178 178 177 177 177 177 178 178 178 178 178 178 178 178 178 178 178 178 178 179 179 180 180 180 179 180 180 180 180 180 180 180 180 180 180 181 181 181 181 181 181 181 181 182 182 182 182 182 182 182 182 183 183 183 183 183 183 183 182 183 183 183 183 183 183 183 183 183 183 183 183 184 183 184 184 184 184 184 184 184 184 184 185 185 185 185 185 185 185 185 185 185 185 185 185 185 185 185 184 185 185 185 186 186 186 185 185 186 185 185 185 185 185 185 186 186 186 186 186 186 186 186 186 186 187 186 187 187 187 187 187 187 187 187 187 187 187 187 187 188 188 188 188 188 188 188 188 188 188 189 189 189 189 189 189 189 190 190 191 191 190 190 190 190 191 191 191 192 192 193 193 193 193 193 193 193 194 193 193 194 194 194 194 194 194 195 195 195 194 194 194 194 194 194 194 194 194 194 194 195 194 194 193 193 194 195 195 0 0 195 0 0 0 0 0 0 0 0 0 0 0 0 0 0 0 0 0 0 0 0 0 0 0 0 0 0 0 0 0 0 0 0 0 0 0 0 0 0 0 0 0 0 0 0 0 0 0 0 0 0 0 0 0 0 0 0 0 0 0 
0 0 0 0 0 0 0 0 0 0 0 0 0 0 0 0 0 0 0 0 0 0 0 0 0 0 0 0 0 0 0 0 0 0 0 0 0 0 0 0 0 0 0 0 0 0 0 0 0 0 0 0 0 0 0 0 0 0 0 0 0 0 0 0 0 0 0 0 0 0 0 0 0 0 0 0 0 0 0 0 0 0 0 0 0 0 0 0 0 0 0 0 0 0 0 0 0 0 0 0 0 0 0 0 0 0 0 0 0 0 0 0 0 0 0 0 0 0 0 0 0 0 0 0 0 0 0 0 0 0 0 0 0 0 0 0 0 0 0 0 0 0 0 0 0 0 0 0 0 0 0 0 0 0 0 0 0 0 0 0 0 0 0 0 0 0 0 0 0 172 172 172 171 171 172 171 171 171 172 172 172 173 173 173 173 173 173 173 173 173 173 174 174 174 174 174 174 174 174 174 174 174 174 174 174 174 175 175 175 175 175 175 175 175 175 175 175 175 175 176 176 176 176 176 176 176 176 177 177 177 177 177 177 177 177 177 177 177 177 177 177 178 177 178 178 178 178 178 178 178 178 178 178 179 179 180 180 179 180 180 181 181 181 180 180 180 180 180 180 180 180 181 181 181 181 182 182 181 182 182 182 182 182 182 182 182 183 183 183 183 183 183 182 182 183 183 183 183 183 183 183 183 183 183 183 183 183 183 184 184 184 184 184 184 184 184 184 184 184 184 184 184 184 185 185 185 185 185 185 185 185 185 184 185 185 185 186 186 185 185 185 185 185 185 185 185 186 186 186 186 186 186 186 186 186 186 186 186 187 187 187 187 187 187 187 187 187 187 187 187 187 187 188 188 188 188 188 188 188 188 188 188 188 188 188 189 189 189 189 189 189 190 190 190 190 190 190 190 191 191 192 191 192 193 193 193 193 193 193 193 193 194 193 193 193 194 194 194 194 195 195 194 194 195 195 195 194 195 194 194 194 194 194 195 194 193 193 194 194 195 0 0 0 0 0 0 0 0 0 0 0 0 0 0 0 0 0 0 0 0 0 0 0 0 0 0 0 0 0 0 0 0 0 0 0 0 0 0 0 0 0 0 0 0 0 0 0 0 0 0 0 0 0 0 0 0 0 0 0 0 0 0 0 
0 0 0 0 0 0 0 0 0 0 0 0 0 0 0 0 0 0 0 0 0 0 0 0 0 0 0 0 0 0 0 0 0 0 0 0 0 0 0 0 0 0 0 0 0 0 0 0 0 0 0 0 0 0 0 0 0 0 0 0 0 0 0 0 0 0 0 0 0 0 0 0 0 0 0 0 0 0 0 0 0 0 0 0 0 0 0 0 0 0 0 0 0 0 0 0 0 0 0 0 0 0 0 0 0 0 0 0 0 0 0 0 0 0 0 0 0 0 0 0 0 0 0 0 0 0 0 0 0 0 0 0 0 0 0 0 0 0 0 0 0 0 0 0 0 0 0 0 0 0 0 0 0 0 0 0 0 0 0 0 0 0 0 0 0 0 0 0 0 0 0 172 171 172 171 171 171 171 172 172 172 172 172 173 173 173 173 173 173 173 173 173 174 174 174 174 174 174 174 174 174 174 174 174 174 174 174 175 175 175 175 175 175 175 175 175 175 175 175 176 176 176 176 176 176 176 176 176 176 177 177 177 177 177 177 177 177 177 177 177 177 178 177 177 178 178 178 178 178 178 179 178 179 179 179 179 179 179 180 181 181 181 181 181 181 181 181 181 181 181 181 181 181 181 181 181 182 182 182 182 182 182 182 182 182 182 182 182 182 182 183 183 182 182 182 182 183 183 183 183 183 183 183 183 183 183 183 183 184 184 184 184 184 184 184 184 184 184 184 184 184 184 184 184 184 184 185 185 185 185 185 185 185 184 185 185 186 186 185 185 185 185 185 185 185 185 185 186 186 186 186 186 186 186 186 186 186 187 187 187 187 187 187 186 187 187 187 187 187 187 187 187 187 188 188 188 188 188 187 187 188 188 188 188 188 189 189 189 189 188 189 189 190 190 189 190 190 191 191 192 192 192 192 193 193 193 193 193 193 193 193 194 193 193 193 194 194 195 194 195 195 195 195 195 195 195 195 195 195 195 195 194 194 194 194 194 194 195 195 0 0 0 0 0 0 0 0 0 0 0 0 0 0 0 0 0 0 0 0 0 0 0 0 0 0 0 0 0 0 0 0 0 0 0 0 0 0 0 0 0 0 0 0 0 0 0 0 0 0 0 0 0 0 0 0 0 0 0 0 0 0 0 0 
0 0 0 0 0 0 0 0 0 0 0 0 0 0 0 0 0 0 0 0 0 0 0 0 0 0 0 0 0 0 0 0 0 0 0 0 0 0 0 0 0 0 0 0 0 0 0 0 0 0 0 0 0 0 0 0 0 0 0 0 0 0 0 0 0 0 0 0 0 0 0 0 0 0 0 0 0 0 0 0 0 0 0 0 0 0 0 0 0 0 0 0 0 0 0 0 0 0 0 0 0 0 0 0 0 0 0 0 0 0 0 0 0 0 0 0 0 0 0 0 0 0 0 0 0 0 0 0 0 0 0 0 0 0 0 0 0 0 0 0 0 0 0 0 0 0 0 0 0 0 0 0 0 0 0 0 0 0 0 0 0 0 0 0 0 0 0 0 0 0 0 172 172 172 171 171 171 171 171 171 172 172 172 172 172 173 173 173 173 173 173 173 173 173 174 174 174 174 174 174 174 174 174 174 174 174 174 174 175 175 175 175 175 175 175 175 175 175 175 176 176 176 176 176 176 176 176 176 176 176 177 177 177 177 177 177 177 177 177 177 177 178 177 177 178 178 178 178 178 178 178 178 179 179 179 179 180 179 180 180 181 181 181 180 180 180 180 181 181 180 180 180 180 180 181 181 181 181 181 182 182 182 182 182 182 182 182 182 182 182 183 183 182 182 182 182 182 183 183 183 183 183 183 183 183 183 183 184 184 184 184 184 184 184 184 184 184 184 184 184 184 185 185 185 185 185 185 185 186 186 185 185 185 185 185 185 186 185 185 185 185 185 185 185 185 185 185 185 186 186 186 186 186 186 186 186 187 187 187 187 187 187 186 186 186 186 187 187 187 187 187 187 187 188 188 188 188 187 187 188 188 188 188 188 189 188 189 189 189 189 188 189 189 189 190 191 191 190 191 192 192 192 192 192 193 193 193 194 193 193 194 194 193 193 193 194 0 0 195 195 195 194 194 195 195 195 194 194 193 194 194 194 194 194 193 194 195 195 0 0 0 0 0 0 0 0 0 0 0 0 0 0 0 0 0 0 0 0 0 0 0 0 0 0 0 0 0 0 0 0 0 0 0 0 0 0 0 0 0 0 0 0 0 0 0 0 0 0 0 0 0 0 0 0 0 0 0 0 0 0 0 0 0 
0 0 0 0 0 0 0 0 0 0 0 0 0 0 0 0 0 0 0 0 0 0 0 0 0 0 0 0 0 0 0 0 0 0 0 0 0 0 0 0 0 0 0 0 0 0 0 0 0 0 0 0 0 0 0 0 0 0 0 0 0 0 0 0 0 0 0 0 0 0 0 0 0 0 0 0 0 0 0 0 0 0 0 0 0 0 0 0 0 0 0 0 0 0 0 0 0 0 0 0 0 0 0 0 0 0 0 0 0 0 0 0 0 0 0 0 0 0 0 0 0 0 0 0 0 0 0 0 0 0 0 0 0 0 0 0 0 0 0 0 0 0 0 0 0 0 0 0 0 0 0 0 0 0 0 0 0 0 0 0 0 0 0 0 0 0 0 0 0 0 0 172 172 172 172 172 172 171 171 171 172 172 172 172 172 172 173 173 173 173 173 173 173 173 173 173 174 174 174 174 174 174 174 174 174 174 174 174 175 175 175 175 175 175 175 175 175 175 175 176 176 176 176 176 176 176 176 176 176 177 176 177 177 177 177 177 177 177 177 177 177 178 177 177 177 177 177 178 178 178 178 178 178 179 179 179 180 180 180 181 180 180 180 180 180 180 180 180 180 181 181 181 180 180 181 181 181 181 181 181 182 182 182 182 182 182 182 182 182 182 183 183 182 182 182 182 182 183 183 183 183 183 183 183 183 183 183 184 184 184 184 184 184 184 184 184 184 184 184 184 184 184 184 184 185 185 185 186 186 186 186 185 185 185 185 186 185 185 185 186 186 186 185 185 185 185 185 185 186 186 186 186 186 186 186 186 186 187 187 187 187 187 186 186 186 186 187 187 187 187 187 188 188 188 188 188 187 187 188 188 188 189 188 188 189 188 189 189 189 189 189 189 189 190 190 191 191 191 191 191 191 192 193 193 193 193 193 193 193 193 193 194 194 0 193 0 0 0 194 194 194 195 194 194 194 194 193 193 193 193 193 193 193 193 194 194 195 0 0 0 0 0 0 0 0 0 0 0 0 0 0 0 0 0 0 0 0 0 0 0 0 0 0 0 0 0 0 0 0 0 0 0 0 0 0 0 0 0 0 0 0 0 0 0 0 0 0 0 0 0 0 0 0 0 0 0 0 0 0 0 0 0 0 
0 0 0 0 0 0 0 0 0 0 0 0 0 0 0 0 0 0 0 0 0 0 0 0 0 0 0 0 0 0 0 0 0 0 0 0 0 0 0 0 0 0 0 0 0 0 0 0 0 0 0 0 0 0 0 0 0 0 0 0 0 0 0 0 0 0 0 0 0 0 0 0 0 0 0 0 0 0 0 0 0 0 0 0 0 0 0 0 0 0 0 0 0 0 0 0 0 0 0 0 0 0 0 0 0 0 0 0 0 0 0 0 0 0 0 0 0 0 0 0 0 0 0 0 0 0 0 0 0 0 0 0 0 0 0 0 0 0 0 0 0 0 0 0 0 0 0 0 0 0 0 0 0 0 0 0 0 0 0 0 0 0 0 0 0 0 0 0 0 0 0 172 171 171 171 171 172 171 171 172 172 172 172 172 172 172 173 173 173 173 173 173 173 173 173 173 173 173 174 174 174 174 174 174 174 174 174 174 174 174 175 175 175 175 175 175 175 175 175 175 175 175 176 176 176 176 176 176 177 176 176 176 177 177 177 177 177 177 177 177 177 178 177 177 177 178 178 178 178 178 178 178 179 179 179 179 180 180 180 181 180 180 180 180 180 181 181 181 180 181 181 181 181 180 180 181 181 181 181 181 181 182 182 182 182 182 182 182 182 182 182 183 182 182 182 182 182 183 183 183 183 183 183 183 183 183 183 184 184 184 184 184 184 184 184 184 184 184 184 184 184 184 184 184 185 185 185 185 185 185 185 185 185 185 185 185 185 185 185 186 186 186 185 185 185 185 185 185 186 186 186 186 186 186 186 186 186 187 187 186 186 186 186 186 186 186 187 187 187 187 188 188 187 187 187 187 188 188 188 189 188 189 189 188 189 189 189 189 189 189 189 189 189 189 189 190 190 190 191 191 191 192 192 193 193 193 193 193 193 193 194 194 0 0 0 0 0 194 193 193 194 194 194 194 193 194 194 194 193 193 193 193 193 193 194 194 194 0 0 0 0 0 0 0 0 0 0 0 0 0 0 0 0 0 0 0 0 0 0 0 0 0 0 0 0 0 0 0 0 0 0 0 0 0 0 0 0 0 0 0 0 0 0 0 0 0 0 0 0 0 0 0 0 0 0 0 0 0 0 0 0 0 0 
0 0 0 0 0 0 0 0 0 0 0 0 0 0 0 0 0 0 0 0 0 0 0 0 0 0 0 0 0 0 0 0 0 0 0 0 0 0 0 0 0 0 0 0 0 0 0 0 0 0 0 0 0 0 0 0 0 0 0 0 0 0 0 0 0 0 0 0 0 0 0 0 0 0 0 0 0 0 0 0 0 0 0 0 0 0 0 0 0 0 0 0 0 0 0 0 0 0 0 0 0 0 0 0 0 0 0 0 0 0 0 0 0 0 0 0 0 0 0 0 0 0 0 0 0 0 0 0 0 0 0 0 0 0 0 0 0 0 0 0 0 0 0 0 0 0 0 0 0 0 0 0 0 0 0 0 0 0 0 0 0 0 0 0 0 0 0 0 0 0 0 171 171 171 171 171 171 171 172 171 171 172 172 172 172 172 172 173 173 173 173 173 173 173 173 173 173 173 173 174 174 174 174 174 174 174 174 174 174 174 175 175 175 175 175 175 175 175 175 175 175 176 176 176 176 176 176 176 176 176 176 176 176 177 177 177 177 177 177 178 178 178 177 177 178 178 178 178 178 178 178 178 178 178 178 178 179 179 180 180 180 180 180 180 180 181 181 180 180 181 180 180 180 180 180 180 180 181 181 181 181 181 181 182 182 182 182 182 182 182 182 182 182 182 182 182 182 183 183 183 183 183 183 183 183 183 183 183 183 183 184 183 183 184 184 184 184 184 184 184 184 183 184 184 185 185 185 185 185 185 185 185 185 185 185 185 185 185 185 185 186 186 185 185 185 185 185 185 185 186 185 186 186 186 186 186 186 186 186 186 186 186 186 186 186 187 187 187 187 187 187 187 186 187 187 187 188 188 188 189 189 189 190 189 189 189 189 190 189 189 189 189 189 189 190 190 190 190 190 191 192 192 192 193 193 193 193 193 193 193 193 0 0 0 0 0 0 0 193 193 193 193 193 193 193 193 193 193 193 193 193 194 193 194 194 194 194 0 0 0 0 0 0 0 0 0 0 0 0 0 0 0 0 0 0 0 0 0 0 0 0 0 0 0 0 0 0 0 0 0 0 0 0 0 0 0 0 0 0 0 0 0 0 0 0 0 0 0 0 0 0 0 0 0 0 0 0 0 0 0 0 0 0 
0 0 0 0 0 0 0 0 0 0 0 0 0 0 0 0 0 0 0 0 0 0 0 0 0 0 0 0 0 0 0 0 0 0 0 0 0 0 0 0 0 0 0 0 0 0 0 0 0 0 0 0 0 0 0 0 0 0 0 0 0 0 0 0 0 0 0 0 0 0 0 0 0 0 0 0 0 0 0 0 0 0 0 0 0 0 0 0 0 0 0 0 0 0 0 0 0 0 0 0 0 0 0 0 0 0 0 0 0 0 0 0 0 0 0 0 0 0 0 0 0 0 0 0 0 0 0 0 0 0 0 0 0 0 0 0 0 0 0 0 0 0 0 0 0 0 0 0 0 0 0 0 0 0 0 0 0 0 0 0 0 0 0 0 0 0 0 0 0 0 0 171 171 171 172 171 171 171 171 171 172 172 172 172 172 172 172 172 173 173 173 173 173 173 173 173 173 173 173 173 174 174 174 174 174 174 174 174 174 174 174 175 175 175 175 175 175 175 175 175 175 175 176 176 176 176 176 176 176 176 176 176 177 177 177 177 177 177 177 177 177 178 177 177 178 178 178 178 178 178 178 178 178 178 179 179 179 179 180 181 180 180 179 179 180 181 181 180 181 181 180 180 180 180 180 180 180 180 180 180 181 181 181 181 182 182 182 182 182 182 182 182 182 182 182 182 182 182 183 183 183 183 183 183 183 183 183 183 183 183 183 183 183 184 184 184 184 184 184 184 184 184 184 184 184 184 185 185 185 185 185 185 185 185 185 185 185 185 185 185 185 185 184 184 185 185 185 185 185 185 185 185 185 186 186 186 186 186 186 186 186 186 186 186 187 187 187 187 187 186 186 186 187 187 0 0 0 187 188 188 189 190 190 190 190 190 190 190 190 190 190 190 189 189 189 190 191 190 190 190 191 192 192 193 193 0 0 192 0 192 0 0 0 0 0 0 0 0 0 193 193 193 193 193 193 193 193 193 193 193 194 194 194 194 194 194 195 0 0 0 0 0 0 0 0 0 0 0 0 0 0 0 0 0 0 0 0 0 0 0 0 0 0 0 0 0 0 0 0 0 0 0 0 0 0 0 0 0 0 0 0 0 0 0 0 0 0 0 0 0 0 0 0 0 0 0 0 0 0 0 0 0 0 
0 0 0 0 0 0 0 0 0 0 0 0 0 0 0 0 0 0 0 0 0 0 0 0 0 0 0 0 0 0 0 0 0 0 0 0 0 0 0 0 0 0 0 0 0 0 0 0 0 0 0 0 0 0 0 0 0 0 0 0 0 0 0 0 0 0 0 0 0 0 0 0 0 0 0 0 0 0 0 0 0 0 0 0 0 0 0 0 0 0 0 0 0 0 0 0 0 0 0 0 0 0 0 0 0 0 0 0 0 0 0 0 0 0 0 0 0 0 0 0 0 0 0 0 0 0 0 0 0 0 0 0 0 0 0 0 0 0 0 0 0 0 0 0 0 0 0 0 0 0 0 0 0 0 0 0 0 0 0 0 0 0 0 0 0 0 0 0 0 0 0 172 172 171 171 171 172 172 171 171 172 173 172 172 172 172 172 172 172 173 173 173 173 173 173 173 173 173 173 173 174 174 174 174 174 174 174 174 174 174 174 174 175 175 175 175 175 175 175 175 175 176 176 176 176 176 176 176 176 176 176 176 176 177 177 177 177 177 177 177 177 177 177 177 178 178 178 178 178 178 178 178 178 178 178 179 180 180 181 181 180 180 180 180 180 180 180 180 180 181 181 181 180 180 180 180 181 181 181 180 181 181 181 181 181 182 182 182 182 182 182 182 182 182 182 182 182 182 182 183 183 183 183 183 183 183 183 183 183 183 183 183 183 184 184 184 184 184 184 184 184 184 184 183 183 184 184 185 185 185 185 185 185 185 185 185 185 185 185 185 185 185 184 185 185 185 185 185 185 185 185 185 185 185 186 186 186 186 186 186 186 186 186 186 186 187 187 187 186 186 186 186 187 187 0 0 0 0 0 188 188 189 189 189 190 190 190 190 189 189 189 189 189 189 189 189 190 190 190 190 190 191 191 192 0 0 0 0 0 0 0 0 0 0 0 0 0 0 0 0 0 193 193 194 194 194 194 194 194 194 0 0 0 194 194 0 0 0 0 0 0 0 0 0 0 0 0 0 0 0 0 0 0 0 0 0 0 0 0 0 0 0 0 0 0 0 0 0 0 0 0 0 0 0 0 0 0 0 0 0 0 0 0 0 0 0 0 0 0 0 0 0 0 0 0 0 0 0 0 0 0 0 0 
0 0 0 0 0 0 0 0 0 0 0 0 0 0 0 0 0 0 0 0 0 0 0 0 0 0 0 0 0 0 0 0 0 0 0 0 0 0 0 0 0 0 0 0 0 0 0 0 0 0 0 0 0 0 0 0 0 0 0 0 0 0 0 0 0 0 0 0 0 0 0 0 0 0 0 0 0 0 0 0 0 0 0 0 0 0 0 0 0 0 0 0 0 0 0 0 0 0 0 0 0 0 0 0 0 0 0 0 0 0 0 0 0 0 0 0 0 0 0 0 0 0 0 0 0 0 0 0 0 0 0 0 0 0 0 0 0 0 0 0 0 0 0 0 0 0 0 0 0 0 0 0 0 0 0 0 0 0 0 0 0 0 0 0 0 0 0 0 0 0 0 0 0 172 172 0 0 172 172 172 0 0 0 0 173 172 172 172 172 172 173 173 173 173 173 173 173 173 173 173 173 174 174 174 174 174 174 174 174 174 174 174 174 175 175 175 175 175 175 175 175 175 175 175 176 176 176 176 176 176 176 176 177 177 177 177 177 177 177 177 177 177 177 177 177 178 178 178 178 178 178 178 178 178 178 178 179 180 181 181 181 180 181 181 180 181 180 180 181 181 182 181 180 180 180 180 180 180 180 180 180 181 181 181 181 181 182 182 182 182 182 182 182 182 182 182 182 182 182 182 182 183 183 183 183 183 183 183 183 183 183 183 183 183 183 184 184 184 184 184 184 184 184 184 183 184 184 185 185 185 185 185 185 185 186 185 185 185 185 185 185 185 184 185 185 185 185 185 185 185 185 185 185 185 186 186 186 186 186 186 186 186 0 0 0 186 186 186 186 186 186 187 187 188 0 0 0 0 0 0 0 0 188 189 189 190 190 190 190 190 190 190 189 189 189 189 190 190 190 0 190 191 191 0 0 0 0 0 0 0 0 0 0 0 0 0 0 0 0 0 0 0 193 193 194 193 0 0 0 0 0 0 0 0 0 0 0 0 0 0 0 0 0 0 0 0 0 0 0 0 0 0 0 0 0 0 0 0 0 0 0 0 0 0 0 0 0 0 0 0 0 0 0 0 0 0 0 0 0 0 0 0 0 0 0 0 0 0 0 0 0 0 0 0 0 0 0 0 0 0 0 0 0 
0 0 0 0 0 0 0 0 0 0 0 0 0 0 0 0 0 0 0 0 0 0 0 0 0 0 0 0 0 0 0 0 0 0 0 0 0 0 0 0 0 0 0 0 0 0 0 0 0 0 0 0 0 0 0 0 0 0 0 0 0 0 0 0 0 0 0 0 0 0 0 0 0 0 0 0 0 0 0 0 0 0 0 0 0 0 0 0 0 0 0 0 0 0 0 0 0 0 0 0 0 0 0 0 0 0 0 0 0 0 0 0 0 0 0 0 0 0 0 0 0 0 0 0 0 0 0 0 0 0 0 0 0 0 0 0 0 0 0 0 0 0 0 0 0 0 0 0 0 0 0 0 0 0 0 0 0 0 0 0 0 0 0 0 0 0 0 0 0 0 0 0 0 0 0 0 0 0 0 0 0 0 0 0 0 172 172 172 172 172 172 173 173 173 173 173 173 173 173 173 173 173 173 174 174 174 174 174 174 174 174 174 174 174 174 175 175 175 175 175 175 175 175 175 176 176 176 176 176 176 176 176 176 176 177 177 177 177 177 177 177 177 177 177 177 177 177 177 177 177 177 178 178 178 179 179 179 180 181 181 181 181 182 182 181 181 180 180 181 182 182 182 181 181 181 181 180 180 180 180 180 181 181 181 181 181 181 181 182 182 182 182 182 182 182 182 182 182 182 182 182 182 182 182 183 183 183 183 183 183 183 183 183 184 184 183 183 183 184 184 184 184 184 184 183 183 184 184 185 185 185 185 185 185 185 186 185 184 184 184 184 185 184 185 185 185 185 185 185 185 185 185 185 185 185 185 186 186 186 186 186 185 0 0 0 0 185 185 185 186 186 187 188 188 0 0 0 0 0 0 0 0 0 188 189 190 190 189 190 190 189 189 189 189 189 189 0 190 190 0 0 0 0 0 0 0 0 0 0 0 0 0 0 0 0 0 0 0 0 0 0 0 0 0 0 0 0 0 0 0 0 0 0 0 0 0 0 0 0 0 0 0 0 0 0 0 0 0 0 0 0 0 0 0 0 0 0 0 0 0 0 0 0 0 0 0 0 0 0 0 0 0 0 0 0 0 0 0 0 0 0 0 0 0 0 0 0 0 0 0 0 0 0 0 0 0 0 0 0 0 0 0 0 
0 0 0 0 0 0 0 0 0 0 0 0 0 0 0 0 0 0 0 0 0 0 0 0 0 0 0 0 0 0 0 0 0 0 0 0 0 0 0 0 0 0 0 0 0 0 0 0 0 0 0 0 0 0 0 0 0 0 0 0 0 0 0 0 0 0 0 0 0 0 0 0 0 0 0 0 0 0 0 0 0 0 0 0 0 0 0 0 0 0 0 0 0 0 0 0 0 0 0 0 0 0 0 0 0 0 0 0 0 0 0 0 0 0 0 0 0 0 0 0 0 0 0 0 0 0 0 0 0 0 0 0 0 0 0 0 0 0 0 0 0 0 0 0 0 0 0 0 0 0 0 0 0 0 0 0 0 0 0 0 0 0 0 0 0 0 0 0 0 0 0 0 0 0 0 0 0 0 0 0 0 0 0 0 0 0 0 173 172 173 172 172 173 173 173 173 173 173 173 173 173 173 173 173 174 174 174 174 174 174 174 174 174 174 174 174 174 174 174 175 175 175 175 175 175 175 175 176 176 176 176 176 176 176 177 177 177 177 177 177 177 177 177 177 177 177 177 177 177 177 178 178 178 178 178 179 180 180 180 181 181 181 181 181 182 182 181 181 181 181 181 181 181 181 180 180 180 180 180 180 180 180 181 181 181 181 181 181 181 182 182 182 182 182 181 182 182 182 182 182 182 182 182 182 182 182 182 183 183 183 183 183 183 183 184 183 183 183 184 184 184 184 184 184 183 183 183 184 184 185 185 185 185 185 185 185 185 184 184 184 184 185 184 185 185 185 185 185 185 185 185 185 185 185 185 186 186 186 186 186 185 0 0 0 0 0 0 0 0 187 187 0 0 0 0 0 0 0 0 0 0 0 0 0 188 189 189 0 0 190 190 190 190 0 0 0 0 0 0 0 0 0 0 0 0 0 0 0 0 0 0 0 0 0 0 0 0 0 0 0 0 0 0 0 0 0 0 0 0 0 0 0 0 0 0 0 0 0 0 0 0 0 0 0 0 0 0 0 0 0 0 0 0 0 0 0 0 0 0 0 0 0 0 0 0 0 0 0 0 0 0 0 0 0 0 0 0 0 0 0 0 0 0 0 0 0 0 0 0 0 0 0 0 0 0 0 0 0 0 0 0 0 0 
0 0 0 0 0 0 0 0 0 0 0 0 0 0 0 0 0 0 0 0 0 0 0 0 0 0 0 0 0 0 0 0 0 0 0 0 0 0 0 0 0 0 0 0 0 0 0 0 0 0 0 0 0 0 0 0 0 0 0 0 0 0 0 0 0 0 0 0 0 0 0 0 0 0 0 0 0 0 0 0 0 0 0 0 0 0 0 0 0 0 0 0 0 0 0 0 0 0 0 0 0 0 0 0 0 0 0 0 0 0 0 0 0 0 0 0 0 0 0 0 0 0 0 0 0 0 0 0 0 0 0 0 0 0 0 0 0 0 0 0 0 0 0 0 0 0 0 0 0 0 0 0 0 0 0 0 0 0 0 0 0 0 0 0 0 0 0 0 0 0 0 0 0 0 0 0 0 0 0 0 0 0 0 0 0 0 0 0 0 0 173 173 172 173 173 173 173 174 173 172 172 172 173 173 173 173 174 174 174 174 174 174 174 174 174 174 174 174 174 174 174 175 175 175 175 175 175 176 176 176 176 176 176 176 176 176 177 177 177 177 177 177 176 176 177 177 177 177 177 177 177 178 178 179 178 178 178 179 180 181 181 180 180 180 181 181 182 182 181 180 180 180 180 180 180 180 180 180 180 180 180 180 181 181 181 181 181 181 181 181 181 182 181 181 182 182 182 182 182 182 182 182 182 182 182 182 182 183 183 183 183 183 183 183 183 183 183 183 183 184 184 184 184 184 183 183 183 183 184 185 185 185 185 184 185 185 185 184 184 184 184 185 184 185 185 185 185 185 185 185 185 185 185 185 186 186 185 0 185 185 0 0 0 0 0 0 0 0 0 0 0 0 0 0 0 0 0 0 0 0 0 0 0 0 0 0 0 0 0 0 0 0 0 0 0 0 0 0 0 0 0 0 0 0 0 0 0 0 0 0 0 0 0 0 0 0 0 0 0 0 0 0 0 0 0 0 0 0 0 0 0 0 0 0 0 0 0 0 0 0 0 0 0 0 0 0 0 0 0 0 0 0 0 0 0 0 0 0 0 0 0 0 0 0 0 0 0 0 0 0 0 0 0 0 0 0 0 0 0 0 0 0 0 0 0 0 0 0 0 0 0 0 0 0 0 0 0 0 0 0 0 0 0 
0 0 0 0 0 0 0 0 0 0 0 0 0 0 0 0 0 0 0 0 0 0 0 0 0 0 0 0 0 0 0 0 0 0 0 0 0 0 0 0 0 0 0 0 0 0 0 0 0 0 0 0 0 0 0 0 0 0 0 0 0 0 0 0 0 0 0 0 0 0 0 0 0 0 0 0 0 0 0 0 0 0 0 0 0 0 0 0 0 0 0 0 0 0 0 0 0 0 0 0 0 0 0 0 0 0 0 0 0 0 0 0 0 0 0 0 0 0 0 0 0 0 0 0 0 0 0 0 0 0 0 0 0 0 0 0 0 0 0 0 0 0 0 0 0 0 0 0 0 0 0 0 0 0 0 0 0 0 0 0 0 0 0 0 0 0 0 0 0 0 0 0 0 0 0 0 0 0 0 0 0 0 0 0 0 0 0 0 0 0 173 173 173 172 173 173 173 174 173 173 173 172 172 172 173 173 173 173 173 174 174 174 174 174 174 174 174 174 174 174 174 174 175 175 175 175 175 175 176 176 176 176 176 176 176 176 176 176 176 176 176 176 176 176 176 176 176 177 177 177 178 177 178 179 179 179 179 179 180 181 181 180 180 179 180 180 181 182 181 181 180 180 180 180 180 181 180 180 180 180 180 180 181 181 181 181 181 181 181 181 181 181 181 182 182 182 181 181 182 182 182 182 182 182 182 182 182 182 182 183 183 183 183 183 183 183 183 183 184 184 184 184 184 184 184 183 183 184 184 184 185 185 185 185 185 185 185 185 184 184 184 185 184 184 185 185 185 185 185 185 185 185 185 185 185 185 185 0 0 0 0 0 0 0 0 0 0 0 0 0 0 0 0 0 0 0 0 0 0 0 0 0 0 0 0 0 0 0 0 0 0 0 0 0 0 0 0 0 0 0 0 0 0 0 0 0 0 0 0 0 0 0 0 0 0 0 0 0 0 0 0 0 0 0 0 0 0 0 0 0 0 0 0 0 0 0 0 0 0 0 0 0 0 0 0 0 0 0 0 0 0 0 0 0 0 0 0 0 0 0 0 0 0 0 0 0 0 0 0 0 0 0 0 0 0 0 0 0 0 0 0 0 0 0 0 0 0 0 0 0 0 0 0 0 0 0 0 0 0 0 0 0 0 
0 0 0 0 0 0 0 0 0 0 0 0 0 0 0 0 0 0 0 0 0 0 0 0 0 0 0 0 0 0 0 0 0 0 0 0 0 0 0 0 0 0 0 0 0 0 0 0 0 0 0 0 0 0 0 0 0 0 0 0 0 0 0 0 0 0 0 0 0 0 0 0 0 0 0 0 0 0 0 0 0 0 0 0 0 0 0 0 0 0 0 0 0 0 0 0 0 0 0 0 0 0 0 0 0 0 0 0 0 0 0 0 0 0 0 0 0 0 0 0 0 0 0 0 0 0 0 0 0 0 0 0 0 0 0 0 0 0 0 0 0 0 0 0 0 0 0 0 0 0 0 0 0 0 0 0 0 0 0 0 0 0 0 0 0 0 0 0 0 0 0 0 0 0 0 0 0 0 0 0 0 0 0 0 0 0 0 0 0 0 0 0 0 172 173 173 173 173 173 173 173 173 173 173 173 173 173 173 173 173 173 174 174 174 174 174 175 175 175 174 174 174 175 175 175 175 175 175 175 176 176 176 176 176 176 176 176 176 176 176 176 176 176 176 177 176 177 177 178 178 177 178 177 178 179 180 180 180 181 181 181 181 180 180 179 180 180 181 181 181 180 180 181 180 180 180 180 181 181 180 180 181 181 181 181 181 181 181 181 181 181 181 181 181 182 182 182 182 182 182 182 182 182 182 182 182 183 183 182 183 183 183 183 183 183 0 183 183 0 184 184 184 184 184 184 183 183 183 184 184 184 185 185 184 184 184 184 184 184 184 184 184 184 184 184 185 185 185 185 185 185 185 185 185 185 185 0 0 0 0 0 0 0 0 0 0 0 0 0 0 0 0 0 0 0 0 0 0 0 0 0 0 0 0 0 0 0 0 0 0 0 0 0 0 0 0 0 0 0 0 0 0 0 0 0 0 0 0 0 0 0 0 0 0 0 0 0 0 0 0 0 0 0 0 0 0 0 0 0 0 0 0 0 0 0 0 0 0 0 0 0 0 0 0 0 0 0 0 0 0 0 0 0 0 0 0 0 0 0 0 0 0 0 0 0 0 0 0 0 0 0 0 0 0 0 0 0 0 0 0 0 0 0 0 0 0 0 0 0 0 0 0 0 0 0 0 0 0 0 0 0 0 0 
0 0 0 0 0 0 0 0 0 0 0 0 0 0 0 0 0 0 0 0 0 0 0 0 0 0 0 0 0 0 0 0 0 0 0 0 0 0 0 0 0 0 0 0 0 0 0 0 0 0 0 0 0 0 0 0 0 0 0 0 0 0 0 0 0 0 0 0 0 0 0 0 0 0 0 0 0 0 0 0 0 0 0 0 0 0 0 0 0 0 0 0 0 0 0 0 0 0 0 0 0 0 0 0 0 0 0 0 0 0 0 0 0 0 0 0 0 0 0 0 0 0 0 0 0 0 0 0 0 0 0 0 0 0 0 0 0 0 0 0 0 0 0 0 0 0 0 0 0 0 0 0 0 0 0 0 0 0 0 0 0 0 0 0 0 0 0 0 0 0 0 0 0 0 0 0 0 0 0 0 0 0 0 0 0 0 0 0 0 0 0 0 0 0 0 0 0 174 174 174 173 173 173 173 173 172 172 173 173 173 173 173 173 174 174 174 175 175 174 174 174 174 175 175 175 175 175 176 176 176 176 176 176 176 176 176 176 176 176 177 176 177 177 177 178 178 178 179 179 178 178 179 179 179 179 181 181 181 181 181 180 180 180 180 180 179 180 180 181 181 180 180 180 180 180 180 180 180 180 180 180 180 180 180 180 180 181 181 181 181 181 181 181 181 181 182 182 182 182 182 182 182 182 182 182 182 183 183 183 182 183 183 184 183 183 0 0 0 0 0 0 0 184 185 184 184 183 183 184 184 184 184 185 184 184 184 184 184 184 184 184 184 184 184 184 184 185 185 185 185 185 185 185 185 185 0 0 0 0 0 0 0 0 0 0 0 0 0 0 0 0 0 0 0 0 0 0 0 0 0 0 0 0 0 0 0 0 0 0 0 0 0 0 0 0 0 0 0 0 0 0 0 0 0 0 0 0 0 0 0 0 0 0 0 0 0 0 0 0 0 0 0 0 0 0 0 0 0 0 0 0 0 0 0 0 0 0 0 0 0 0 0 0 0 0 0 0 0 0 0 0 0 0 0 0 0 0 0 0 0 0 0 0 0 0 0 0 0 0 0 0 0 0 0 0 0 0 0 0 0 0 0 0 0 0 0 0 0 0 0 0 0 0 0 0 0 0 0 0 0 0 0 0 
0 0 0 0 0 0 0 0 0 0 0 0 0 0 0 0 0 0 0 0 0 0 0 0 0 0 0 0 0 0 0 0 0 0 0 0 0 0 0 0 0 0 0 0 0 0 0 0 0 0 0 0 0 0 0 0 0 0 0 0 0 0 0 0 0 0 0 0 0 0 0 0 0 0 0 0 0 0 0 0 0 0 0 0 0 0 0 0 0 0 0 0 0 0 0 0 0 0 0 0 0 0 0 0 0 0 0 0 0 0 0 0 0 0 0 0 0 0 0 0 0 0 0 0 0 0 0 0 0 0 0 0 0 0 0 0 0 0 0 0 0 0 0 0 0 0 0 0 0 0 0 0 0 0 0 0 0 0 0 0 0 0 0 0 0 0 0 0 0 0 0 0 0 0 0 0 0 0 0 0 0 0 0 0 0 0 0 0 0 0 0 0 0 0 0 0 0 0 175 174 174 174 173 173 173 172 172 172 174 173 172 173 173 174 174 174 174 174 174 174 174 174 175 175 175 175 175 176 176 176 176 176 176 176 176 176 176 176 176 176 177 177 178 178 179 179 179 180 179 178 179 179 180 180 180 180 180 180 180 181 180 179 179 179 180 180 180 180 180 180 180 179 179 179 179 179 179 180 180 180 180 180 180 180 180 180 181 181 181 181 181 181 181 181 181 181 182 182 182 182 182 182 182 182 182 182 182 182 183 183 183 183 183 184 184 0 0 0 0 0 0 0 0 0 184 184 183 183 184 184 185 184 184 184 184 184 184 184 185 185 184 184 184 184 184 184 184 184 185 0 185 185 185 185 0 0 0 0 0 0 0 0 0 0 0 0 0 0 0 0 0 0 0 0 0 0 0 0 0 0 0 0 0 0 0 0 0 0 0 0 0 0 0 0 0 0 0 0 0 0 0 0 0 0 0 0 0 0 0 0 0 0 0 0 0 0 0 0 0 0 0 0 0 0 0 0 0 0 0 0 0 0 0 0 0 0 0 0 0 0 0 0 0 0 0 0 0 0 0 0 0 0 0 0 0 0 0 0 0 0 0 0 0 0 0 0 0 0 0 0 0 0 0 0 0 0 0 0 0 0 0 0 0 0 0 0 0 0 0 0 0 0 0 0 0 0 0 0 0 0 0 0 0 
0 0 0 0 0 0 0 0 0 0 0 0 0 0 0 0 0 0 0 0 0 0 0 0 0 0 0 0 0 0 0 0 0 0 0 0 0 0 0 0 0 0 0 0 0 0 0 0 0 0 0 0 0 0 0 0 0 0 0 0 0 0 0 0 0 0 0 0 0 0 0 0 0 0 0 0 0 0 0 0 0 0 0 0 0 0 0 0 0 0 0 0 0 0 0 0 0 0 0 0 0 0 0 0 0 0 0 0 0 0 0 0 0 0 0 0 0 0 0 0 0 0 0 0 0 0 0 0 0 0 0 0 0 0 0 0 0 0 0 0 0 0 0 0 0 0 0 0 0 0 0 0 0 0 0 0 0 0 0 0 0 0 0 0 0 0 0 0 0 0 0 0 0 0 0 0 0 0 0 0 0 0 0 0 0 0 0 0 0 0 0 0 0 0 0 0 0 0 0 175 175 174 174 173 173 172 172 173 174 173 172 173 174 174 174 174 173 174 174 174 174 175 175 175 175 175 175 176 176 176 176 176 176 176 176 176 176 176 176 176 177 178 178 179 179 180 180 181 180 179 180 180 180 180 179 179 179 179 180 180 180 180 180 180 179 179 180 180 180 180 179 179 179 179 180 180 180 180 180 180 180 180 180 180 180 180 180 180 180 180 181 181 180 181 181 181 181 182 182 182 182 182 182 182 182 182 183 183 182 183 183 183 183 184 0 0 0 0 0 0 0 0 0 0 184 184 183 184 184 184 184 0 0 0 0 0 0 184 184 184 184 184 183 184 184 184 184 184 184 0 0 0 0 0 0 0 0 0 0 0 0 0 0 0 0 0 0 0 0 0 0 0 0 0 0 0 0 0 0 0 0 0 0 0 0 0 0 0 0 0 0 0 0 0 0 0 0 0 0 0 0 0 0 0 0 0 0 0 0 0 0 0 0 0 0 0 0 0 0 0 0 0 0 0 0 0 0 0 0 0 0 0 0 0 0 0 0 0 0 0 0 0 0 0 0 0 0 0 0 0 0 0 0 0 0 0 0 0 0 0 0 0 0 0 0 0 0 0 0 0 0 0 0 0 0 0 0 0 0 0 0 0 0 0 0 0 0 0 0 0 0 0 0 0 0 0 0 0 0 0 0 0 0 
0 0 0 0 0 0 0 0 0 0 0 0 0 0 0 0 0 0 0 0 0 0 0 0 0 0 0 0 0 0 0 0 0 0 0 0 0 0 0 0 0 0 0 0 0 0 0 0 0 0 0 0 0 0 0 0 0 0 0 0 0 0 0 0 0 0 0 0 0 0 0 0 0 0 0 0 0 0 0 0 0 0 0 0 0 0 0 0 0 0 0 0 0 0 0 0 0 0 0 0 0 0 0 0 0 0 0 0 0 0 0 0 0 0 0 0 0 0 0 0 0 0 0 0 0 0 0 0 0 0 0 0 0 0 0 0 0 0 0 0 0 0 0 0 0 0 0 0 0 0 0 0 0 0 0 0 0 0 0 0 0 0 0 0 0 0 0 0 0 0 0 0 0 0 0 0 0 0 0 0 0 0 0 0 0 0 0 0 0 0 0 0 0 0 0 0 0 0 0 0 0 175 174 174 174 174 174 174 174 173 173 174 174 174 174 174 174 174 174 174 174 175 175 175 175 175 175 175 176 176 176 176 176 176 176 175 176 176 176 176 177 177 177 177 178 179 180 181 181 180 181 181 180 180 179 179 179 179 180 180 180 180 180 180 180 179 179 180 180 180 180 180 180 180 180 180 181 181 180 181 181 180 180 180 180 180 180 180 180 180 180 180 180 180 181 181 181 182 182 182 182 182 181 182 182 182 182 182 0 0 0 183 184 184 184 0 0 0 0 0 0 0 0 0 184 184 0 0 0 0 0 0 0 0 0 0 0 0 0 0 0 0 183 184 184 184 184 184 0 0 0 0 0 0 0 0 0 0 0 0 0 0 0 0 0 0 0 0 0 0 0 0 0 0 0 0 0 0 0 0 0 0 0 0 0 0 0 0 0 0 0 0 0 0 0 0 0 0 0 0 0 0 0 0 0 0 0 0 0 0 0 0 0 0 0 0 0 0 0 0 0 0 0 0 0 0 0 0 0 0 0 0 0 0 0 0 0 0 0 0 0 0 0 0 0 0 0 0 0 0 0 0 0 0 0 0 0 0 0 0 0 0 0 0 0 0 0 0 0 0 0 0 0 0 0 0 0 0 0 0 0 0 0 0 0 0 0 0 0 0 0 0 0 0 0 0 0 0 0 0 0 0 0 
0 0 0 0 0 0 0 0 0 0 0 0 0 0 0 0 0 0 0 0 0 0 0 0 0 0 0 0 0 0 0 0 0 0 0 0 0 0 0 0 0 0 0 0 0 0 0 0 0 0 0 0 0 0 0 0 0 0 0 0 0 0 0 0 0 0 0 0 0 0 0 0 0 0 0 0 0 0 0 0 0 0 0 0 0 0 0 0 0 0 0 0 0 0 0 0 0 0 0 0 0 0 0 0 0 0 0 0 0 0 0 0 0 0 0 0 0 0 0 0 0 0 0 0 0 0 0 0 0 0 0 0 0 0 0 0 0 0 0 0 0 0 0 0 0 0 0 0 0 0 0 0 0 0 0 0 0 0 0 0 0 0 0 0 0 0 0 0 0 0 0 0 0 0 0 0 0 0 0 0 0 0 0 0 0 0 0 0 0 0 0 0 0 0 0 0 0 0 0 0 0 0 174 174 175 175 174 174 174 174 174 174 174 174 173 173 174 174 174 174 174 174 175 175 175 175 175 175 175 176 176 176 175 175 175 175 176 176 177 177 178 178 177 177 179 179 180 181 181 181 181 181 181 181 180 179 179 179 179 179 180 180 180 179 179 180 180 180 180 180 180 180 181 181 180 180 181 182 182 181 180 180 180 180 180 180 180 180 180 180 180 180 180 180 180 181 181 182 182 182 182 182 181 182 182 182 182 182 0 0 0 0 0 184 185 0 0 0 0 0 0 0 0 0 0 0 0 0 0 0 0 0 0 0 0 0 0 0 0 0 0 0 0 0 0 184 184 0 0 0 0 0 0 0 0 0 0 0 0 0 0 0 0 0 0 0 0 0 0 0 0 0 0 0 0 0 0 0 0 0 0 0 0 0 0 0 0 0 0 0 0 0 0 0 0 0 0 0 0 0 0 0 0 0 0 0 0 0 0 0 0 0 0 0 0 0 0 0 0 0 0 0 0 0 0 0 0 0 0 0 0 0 0 0 0 0 0 0 0 0 0 0 0 0 0 0 0 0 0 0 0 0 0 0 0 0 0 0 0 0 0 0 0 0 0 0 0 0 0 0 0 0 0 0 0 0 0 0 0 0 0 0 0 0 0 0 0 0 0 0 0 0 0 0 0 0 0 0 0 0 0 0 0 
0 0 0 0 0 0 0 0 0 0 0 0 0 0 0 0 0 0 0 0 0 0 0 0 0 0 0 0 0 0 0 0 0 0 0 0 0 0 0 0 0 0 0 0 0 0 0 0 0 0 0 0 0 0 0 0 0 0 0 0 0 0 0 0 0 0 0 0 0 0 0 0 0 0 0 0 0 0 0 0 0 0 0 0 0 0 0 0 0 0 0 0 0 0 0 0 0 0 0 0 0 0 0 0 0 0 0 0 0 0 0 0 0 0 0 0 0 0 0 0 0 0 0 0 0 0 0 0 0 0 0 0 0 0 0 0 0 0 0 0 0 0 0 0 0 0 0 0 0 0 0 0 0 0 0 0 0 0 0 0 0 0 0 0 0 0 0 0 0 0 0 0 0 0 0 0 0 0 0 0 0 0 0 0 0 0 0 0 0 0 0 0 0 0 0 0 0 0 0 0 0 0 175 176 176 176 175 174 174 174 174 174 173 173 173 173 174 174 174 174 174 174 175 175 175 175 175 175 175 175 175 175 175 175 175 176 175 176 176 177 178 178 178 178 178 179 180 180 180 180 180 180 180 179 180 180 180 180 180 180 179 179 180 179 180 180 180 180 180 181 181 181 181 181 181 181 182 182 181 181 181 181 180 180 180 180 180 180 180 180 180 180 179 180 180 181 181 181 181 181 182 182 181 182 182 182 182 0 0 0 0 0 0 0 0 0 0 0 0 0 0 0 0 0 0 0 0 0 0 0 0 0 0 0 0 0 0 0 0 0 0 0 0 0 0 0 0 0 0 0 0 0 0 0 0 0 0 0 0 0 0 0 0 0 0 0 0 0 0 0 0 0 0 0 0 0 0 0 0 0 0 0 0 0 0 0 0 0 0 0 0 0 0 0 0 0 0 0 0 0 0 0 0 0 0 0 0 0 0 0 0 0 0 0 0 0 0 0 0 0 0 0 0 0 0 0 0 0 0 0 0 0 0 0 0 0 0 0 0 0 0 0 0 0 0 0 0 0 0 0 0 0 0 0 0 0 0 0 0 0 0 0 0 0 0 0 0 0 0 0 0 0 0 0 0 0 0 0 0 0 0 0 0 0 0 0 0 0 0 0 0 0 0 0 0 0 0 0 0 0 0 0 0 
0 0 0 0 0 0 0 0 0 0 0 0 0 0 0 0 0 0 0 0 0 0 0 0 0 0 0 0 0 0 0 0 0 0 0 0 0 0 0 0 0 0 0 0 0 0 0 0 0 0 0 0 0 0 0 0 0 0 0 0 0 0 0 0 0 0 0 0 0 0 0 0 0 0 0 0 0 0 0 0 0 0 0 0 0 0 0 0 0 0 0 0 0 0 0 0 0 0 0 0 0 0 0 0 0 0 0 0 0 0 0 0 0 0 0 0 0 0 0 0 0 0 0 0 0 0 0 0 0 0 0 0 0 0 0 0 0 0 0 0 0 0 0 0 0 0 0 0 0 0 0 0 0 0 0 0 0 0 0 0 0 0 0 0 0 0 0 0 0 0 0 0 0 0 0 0 0 0 0 0 0 0 0 0 0 0 0 0 0 0 0 0 0 0 0 0 0 0 0 0 0 0 0 0 176 177 176 175 175 174 173 173 173 173 173 173 173 174 174 174 174 174 174 175 175 175 175 175 175 175 175 175 175 175 175 176 176 177 176 177 177 178 179 179 178 179 181 181 180 179 179 179 179 179 179 179 180 180 180 179 179 179 179 179 180 180 180 180 180 180 180 181 182 183 182 182 183 183 182 182 182 181 181 181 181 181 180 180 181 180 180 180 179 180 180 181 181 181 181 182 181 182 181 182 182 0 0 0 0 0 0 0 0 0 0 0 0 0 0 0 0 0 0 0 0 0 0 0 0 0 0 0 0 0 0 0 0 0 0 0 0 0 0 0 0 0 0 0 0 0 0 0 0 0 0 0 0 0 0 0 0 0 0 0 0 0 0 0 0 0 0 0 0 0 0 0 0 0 0 0 0 0 0 0 0 0 0 0 0 0 0 0 0 0 0 0 0 0 0 0 0 0 0 0 0 0 0 0 0 0 0 0 0 0 0 0 0 0 0 0 0 0 0 0 0 0 0 0 0 0 0 0 0 0 0 0 0 0 0 0 0 0 0 0 0 0 0 0 0 0 0 0 0 0 0 0 0 0 0 0 0 0 0 0 0 0 0 0 0 0 0 0 0 0 0 0 0 0 0 0 0 0 0 0 0 0 0 0 0 0 0 0 0 0 0 0 0 0 0 0 0 0 0 
0 0 0 0 0 0 0 0 0 0 0 0 0 0 0 0 0 0 0 0 0 0 0 0 0 0 0 0 0 0 0 0 0 0 0 0 0 0 0 0 0 0 0 0 0 0 0 0 0 0 0 0 0 0 0 0 0 0 0 0 0 0 0 0 0 0 0 0 0 0 0 0 0 0 0 0 0 0 0 0 0 0 0 0 0 0 0 0 0 0 0 0 0 0 0 0 0 0 0 0 0 0 0 0 0 0 0 0 0 0 0 0 0 0 0 0 0 0 0 0 0 0 0 0 0 0 0 0 0 0 0 0 0 0 0 0 0 0 0 0 0 0 0 0 0 0 0 0 0 0 0 0 0 0 0 0 0 0 0 0 0 0 0 0 0 0 0 0 0 0 0 0 0 0 0 0 0 0 0 0 0 0 0 0 0 0 0 0 0 0 0 0 0 0 0 0 0 0 0 0 0 0 0 0 0 177 176 175 174 173 173 173 173 173 173 173 174 173 174 174 174 174 174 175 175 175 175 175 175 175 175 175 175 175 176 176 177 177 177 178 178 178 179 180 180 181 181 180 180 179 179 178 178 178 178 179 179 179 179 179 179 179 180 179 180 180 180 180 181 181 181 181 182 183 183 183 184 184 182 181 181 181 181 180 181 181 181 181 180 180 180 180 179 180 180 180 181 180 181 181 182 182 182 182 0 0 0 0 0 0 0 0 0 0 0 0 0 0 0 0 0 0 0 0 0 0 0 0 0 0 0 0 0 0 0 0 0 0 0 0 0 0 0 0 0 0 0 0 0 0 0 0 0 0 0 0 0 0 0 0 0 0 0 0 0 0 0 0 0 0 0 0 0 0 0 0 0 0 0 0 0 0 0 0 0 0 0 0 0 0 0 0 0 0 0 0 0 0 0 0 0 0 0 0 0 0 0 0 0 0 0 0 0 0 0 0 0 0 0 0 0 0 0 0 0 0 0 0 0 0 0 0 0 0 0 0 0 0 0 0 0 0 0 0 0 0 0 0 0 0 0 0 0 0 0 0 0 0 0 0 0 0 0 0 0 0 0 0 0 0 0 0 0 0 0 0 0 0 0 0 0 0 0 0 0 0 0 0 0 0 0 0 0 0 0 0 0 0 0 0 0 0 0 
0 0 0 0 0 0 0 0 0 0 0 0 0 0 0 0 0 0 0 0 0 0 0 0 0 0 0 0 0 0 0 0 0 0 0 0 0 0 0 0 0 0 0 0 0 0 0 0 0 0 0 0 0 0 0 0 0 0 0 0 0 0 0 0 0 0 0 0 0 0 0 0 0 0 0 0 0 0 0 0 0 0 0 0 0 0 0 0 0 0 0 0 0 0 0 0 0 0 0 0 0 0 0 0 0 0 0 0 0 0 0 0 0 0 0 0 0 0 0 0 0 0 0 0 0 0 0 0 0 0 0 0 0 0 0 0 0 0 0 0 0 0 0 0 0 0 0 0 0 0 0 0 0 0 0 0 0 0 0 0 0 0 0 0 0 0 0 0 0 0 0 0 0 0 0 0 0 0 0 0 0 0 0 0 0 0 0 0 0 0 0 0 0 0 0 0 0 0 0 0 0 0 0 0 0 176 175 174 173 173 173 173 173 173 173 173 173 173 174 174 174 174 174 174 175 175 175 175 175 174 175 175 174 175 176 176 176 176 177 178 178 179 178 178 179 180 181 180 180 180 180 179 179 179 179 179 179 179 179 179 179 180 179 179 180 180 180 180 181 182 182 181 182 184 0 0 0 0 183 182 181 180 180 180 180 181 181 181 181 180 180 180 179 180 180 180 180 181 180 181 182 182 0 0 0 0 0 0 0 0 0 0 0 0 0 0 0 0 0 0 0 0 0 0 0 0 0 0 0 0 0 0 0 0 0 0 0 0 0 0 0 0 0 0 0 0 0 0 0 0 0 0 0 0 0 0 0 0 0 0 0 0 0 0 0 0 0 0 0 0 0 0 0 0 0 0 0 0 0 0 0 0 0 0 0 0 0 0 0 0 0 0 0 0 0 0 0 0 0 0 0 0 0 0 0 0 0 0 0 0 0 0 0 0 0 0 0 0 0 0 0 0 0 0 0 0 0 0 0 0 0 0 0 0 0 0 0 0 0 0 0 0 0 0 0 0 0 0 0 0 0 0 0 0 0 0 0 0 0 0 0 0 0 0 0 0 0 0 0 0 0 0 0 0 0 0 0 0 0 0 0 0 0 0 0 0 0 0 0 0 0 0 0 0 0 0 0 0 0 0 0 0 0 
0 0 0 0 0 0 0 0 0 0 0 0 0 0 0 0 0 0 0 0 0 0 0 0 0 0 0 0 0 0 0 0 0 0 0 0 0 0 0 0 0 0 0 0 0 0 0 0 0 0 0 0 0 0 0 0 0 0 0 0 0 0 0 0 0 0 0 0 0 0 0 0 0 0 0 0 0 0 0 0 0 0 0 0 0 0 0 0 0 0 0 0 0 0 0 0 0 0 0 0 0 0 0 0 0 0 0 0 0 0 0 0 0 0 0 0 0 0 0 0 0 0 0 0 0 0 0 0 0 0 0 0 0 0 0 0 0 0 0 0 0 0 0 0 0 0 0 0 0 0 0 0 0 0 0 0 0 0 0 0 0 0 0 0 0 0 0 0 0 0 0 0 0 0 0 0 0 0 0 0 0 0 0 0 0 0 0 0 0 0 0 0 0 0 0 0 0 0 0 0 0 0 0 0 0 174 173 173 172 172 172 173 173 173 173 173 173 174 174 174 174 174 174 174 174 174 174 174 174 174 175 175 175 175 175 175 175 177 178 178 179 179 177 177 179 179 180 181 181 182 181 181 181 181 180 180 180 180 180 179 179 180 180 179 180 181 182 181 182 183 184 183 184 0 0 0 0 0 0 0 0 0 180 180 180 180 181 181 181 180 180 180 179 179 180 180 180 181 181 181 181 181 0 0 0 0 0 0 0 0 0 0 0 0 0 0 0 0 0 0 0 0 0 0 0 0 0 0 0 0 0 0 0 0 0 0 0 0 0 0 0 0 0 0 0 0 0 0 0 0 0 0 0 0 0 0 0 0 0 0 0 0 0 0 0 0 0 0 0 0 0 0 0 0 0 0 0 0 0 0 0 0 0 0 0 0 0 0 0 0 0 0 0 0 0 0 0 0 0 0 0 0 0 0 0 0 0 0 0 0 0 0 0 0 0 0 0 0 0 0 0 0 0 0 0 0 0 0 0 0 0 0 0 0 0 0 0 0 0 0 0 0 0 0 0 0 0 0 0 0 0 0 0 0 0 0 0 0 0 0 0 0 0 0 0 0 0 0 0 0 0 0 0 0 0 0 0 0 0 0 0 0 0 0 0 0 0 0 0 0 0 0 0 0 0 0 0 0 0 0 0 0 0 
0 0 0 0 0 0 0 0 0 0 0 0 0 0 0 0 0 0 0 0 0 0 0 0 0 0 0 0 0 0 0 0 0 0 0 0 0 0 0 0 0 0 0 0 0 0 0 0 0 0 0 0 0 0 0 0 0 0 0 0 0 0 0 0 0 0 0 0 0 0 0 0 0 0 0 0 0 0 0 0 0 0 0 0 0 0 0 0 0 0 0 0 0 0 0 0 0 0 0 0 0 0 0 0 0 0 0 0 0 0 0 0 0 0 0 0 0 0 0 0 0 0 0 0 0 0 0 0 0 0 0 0 0 0 0 0 0 0 0 0 0 0 0 0 0 0 0 0 0 0 0 0 0 0 0 0 0 0 0 0 0 0 0 0 0 0 0 0 0 0 0 0 0 0 0 0 0 0 0 0 0 0 0 0 0 0 0 0 0 0 0 0 0 0 0 0 0 0 0 0 0 0 0 0 0 0 172 172 172 172 172 172 172 172 173 173 173 174 173 173 173 173 174 174 174 174 174 174 174 175 175 175 175 175 175 176 175 176 176 177 177 177 177 177 177 178 178 179 179 179 180 180 180 180 180 181 181 182 180 179 180 180 180 180 181 181 182 182 183 184 0 0 0 0 0 0 0 0 0 0 0 0 180 180 179 180 180 180 181 181 180 180 179 178 179 180 180 180 181 181 181 181 0 0 0 0 0 0 0 0 0 0 0 0 0 0 0 0 0 0 0 0 0 0 0 0 0 0 0 0 0 0 0 0 0 0 0 0 0 0 0 0 0 0 0 0 0 0 0 0 0 0 0 0 0 0 0 0 0 0 0 0 0 0 0 0 0 0 0 0 0 0 0 0 0 0 0 0 0 0 0 0 0 0 0 0 0 0 0 0 0 0 0 0 0 0 0 0 0 0 0 0 0 0 0 0 0 0 0 0 0 0 0 0 0 0 0 0 0 0 0 0 0 0 0 0 0 0 0 0 0 0 0 0 0 0 0 0 0 0 0 0 0 0 0 0 0 0 0 0 0 0 0 0 0 0 0 0 0 0 0 0 0 0 0 0 0 0 0 0 0 0 0 0 0 0 0 0 0 0 0 0 0 0 0 0 0 0 0 0 0 0 0 0 0 0 0 0 0 0 0 0 0 
0 0 0 0 0 0 0 0 0 0 0 0 0 0 0 0 0 0 0 0 0 0 0 0 0 0 0 0 0 0 0 0 0 0 0 0 0 0 0 0 0 0 0 0 0 0 0 0 0 0 0 0 0 0 0 0 0 0 0 0 0 0 0 0 0 0 0 0 0 0 0 0 0 0 0 0 0 0 0 0 0 0 0 0 0 0 0 0 0 0 0 0 0 0 0 0 0 0 0 0 0 0 0 0 0 0 0 0 0 0 0 0 0 0 0 0 0 0 0 0 0 0 0 0 0 0 0 0 0 0 0 0 0 0 0 0 0 0 0 0 0 0 0 0 0 0 0 0 0 0 0 0 0 0 0 0 0 0 0 0 0 0 0 0 0 0 0 0 0 0 0 0 0 0 0 0 0 0 0 0 0 0 0 0 0 0 0 0 0 0 0 0 0 0 0 0 0 0 0 0 0 0 0 0 0 0 172 172 172 172 172 172 172 172 173 173 173 173 173 173 173 173 173 173 173 174 174 174 175 175 176 176 176 176 176 176 176 175 175 175 176 177 176 176 177 177 177 177 177 177 178 178 178 178 179 179 180 181 180 180 180 181 181 181 181 181 182 183 184 0 0 0 0 0 0 0 0 0 0 0 0 0 180 180 180 179 180 180 180 180 180 179 178 178 178 179 179 180 180 180 180 0 0 0 0 0 0 0 0 0 0 0 0 0 0 0 0 0 0 0 0 0 0 0 0 0 0 0 0 0 0 0 0 0 0 0 0 0 0 0 0 0 0 0 0 0 0 0 0 0 0 0 0 0 0 0 0 0 0 0 0 0 0 0 0 0 0 0 0 0 0 0 0 0 0 0 0 0 0 0 0 0 0 0 0 0 0 0 0 0 0 0 0 0 0 0 0 0 0 0 0 0 0 0 0 0 0 0 0 0 0 0 0 0 0 0 0 0 0 0 0 0 0 0 0 0 0 0 0 0 0 0 0 0 0 0 0 0 0 0 0 0 0 0 0 0 0 0 0 0 0 0 0 0 0 0 0 0 0 0 0 0 0 0 0 0 0 0 0 0 0 0 0 0 0 0 0 0 0 0 0 0 0 0 0 0 0 0 0 0 0 0 0 0 0 0 0 0 0 0 0 0 0 
0 0 0 0 0 0 0 0 0 0 0 0 0 0 0 0 0 0 0 0 0 0 0 0 0 0 0 0 0 0 0 0 0 0 0 0 0 0 0 0 0 0 0 0 0 0 0 0 0 0 0 0 0 0 0 0 0 0 0 0 0 0 0 0 0 0 0 0 0 0 0 0 0 0 0 0 0 0 0 0 0 0 0 0 0 0 0 0 0 0 0 0 0 0 0 0 0 0 0 0 0 0 0 0 0 0 0 0 0 0 0 0 0 0 0 0 0 0 0 0 0 0 0 0 0 0 0 0 0 0 0 0 0 0 0 0 0 0 0 0 0 0 0 0 0 0 0 0 0 0 0 0 0 0 0 0 0 0 0 0 0 0 0 0 0 0 0 0 0 0 0 0 0 0 0 0 0 0 0 0 0 0 0 0 0 0 0 0 0 0 0 0 0 0 0 0 0 0 0 0 0 0 0 0 0 0 0 172 171 171 172 172 172 172 173 173 173 173 173 173 173 173 173 174 173 173 174 174 174 175 176 177 176 176 176 176 176 176 176 176 176 176 176 176 176 176 177 177 177 177 178 178 178 178 179 179 179 180 180 180 180 181 181 181 182 182 183 184 0 0 0 0 0 0 0 0 0 0 0 0 0 0 0 179 179 180 180 180 179 179 179 179 179 179 178 178 179 179 179 179 0 0 0 0 0 0 0 0 0 0 0 0 0 0 0 0 0 0 0 0 0 0 0 0 0 0 0 0 0 0 0 0 0 0 0 0 0 0 0 0 0 0 0 0 0 0 0 0 0 0 0 0 0 0 0 0 0 0 0 0 0 0 0 0 0 0 0 0 0 0 0 0 0 0 0 0 0 0 0 0 0 0 0 0 0 0 0 0 0 0 0 0 0 0 0 0 0 0 0 0 0 0 0 0 0 0 0 0 0 0 0 0 0 0 0 0 0 0 0 0 0 0 0 0 0 0 0 0 0 0 0 0 0 0 0 0 0 0 0 0 0 0 0 0 0 0 0 0 0 0 0 0 0 0 0 0 0 0 0 0 0 0 0 0 0 0 0 0 0 0 0 0 0 0 0 0 0 0 0 0 0 0 0 0 0 0 0 0 0 0 0 0 0 0 0 0 0 0 0 0 0 0 0 
0 0 0 0 0 0 0 0 0 0 0 0 0 0 0 0 0 0 0 0 0 0 0 0 0 0 0 0 0 0 0 0 0 0 0 0 0 0 0 0 0 0 0 0 0 0 0 0 0 0 0 0 0 0 0 0 0 0 0 0 0 0 0 0 0 0 0 0 0 0 0 0 0 0 0 0 0 0 0 0 0 0 0 0 0 0 0 0 0 0 0 0 0 0 0 0 0 0 0 0 0 0 0 0 0 0 0 0 0 0 0 0 0 0 0 0 0 0 0 0 0 0 0 0 0 0 0 0 0 0 0 0 0 0 0 0 0 0 0 0 0 0 0 0 0 0 0 0 0 0 0 0 0 0 0 0 0 0 0 0 0 0 0 0 0 0 0 0 0 0 0 0 0 0 0 0 0 0 0 0 0 0 0 0 0 0 0 0 0 0 0 0 0 0 0 0 0 0 0 0 0 0 0 0 0 0 0 171 171 171 172 172 172 172 172 172 172 173 173 174 174 174 174 174 174 173 173 174 174 174 175 175 176 176 177 176 176 177 176 176 176 177 177 177 177 177 177 177 178 177 178 179 179 179 179 180 180 181 180 181 182 181 182 182 183 183 0 0 0 0 0 0 0 0 0 0 0 0 0 0 0 0 0 0 179 180 180 180 180 180 180 180 179 179 179 178 178 178 179 179 0 0 0 0 0 0 0 0 0 0 0 0 0 0 0 0 0 0 0 0 0 0 0 0 0 0 0 0 0 0 0 0 0 0 0 0 0 0 0 0 0 0 0 0 0 0 0 0 0 0 0 0 0 0 0 0 0 0 0 0 0 0 0 0 0 0 0 0 0 0 0 0 0 0 0 0 0 0 0 0 0 0 0 0 0 0 0 0 0 0 0 0 0 0 0 0 0 0 0 0 0 0 0 0 0 0 0 0 0 0 0 0 0 0 0 0 0 0 0 0 0 0 0 0 0 0 0 0 0 0 0 0 0 0 0 0 0 0 0 0 0 0 0 0 0 0 0 0 0 0 0 0 0 0 0 0 0 0 0 0 0 0 0 0 0 0 0 0 0 0 0 0 0 0 0 0 0 0 0 0 0 0 0 0 0 0 0 0 0 0 0 0 0 0 0 0 0 0 0 0 0 0 0 
0 0 0 0 0 0 0 0 0 0 0 0 0 0 0 0 0 0 0 0 0 0 0 0 0 0 0 0 0 0 0 0 0 0 0 0 0 0 0 0 0 0 0 0 0 0 0 0 0 0 0 0 0 0 0 0 0 0 0 0 0 0 0 0 0 0 0 0 0 0 0 0 0 0 0 0 0 0 0 0 0 0 0 0 0 0 0 0 0 0 0 0 0 0 0 0 0 0 0 0 0 0 0 0 0 0 0 0 0 0 0 0 0 0 0 0 0 0 0 0 0 0 0 0 0 0 0 0 0 0 0 0 0 0 0 0 0 0 0 0 0 0 0 0 0 0 0 0 0 0 0 0 0 0 0 0 0 0 0 0 0 0 0 0 0 0 0 0 0 0 0 0 0 0 0 0 0 0 0 0 0 0 0 0 0 0 0 0 0 0 0 0 0 0 0 0 0 0 0 0 0 0 0 0 0 0 0 0 171 172 172 173 173 173 173 173 173 173 174 174 174 174 174 175 175 174 174 175 174 174 174 175 176 177 178 177 177 177 176 176 176 176 177 177 178 177 177 178 178 178 178 179 180 180 180 181 181 181 181 182 183 183 184 184 184 0 0 0 0 0 0 0 0 0 0 0 0 0 0 0 0 0 0 0 0 179 180 180 180 180 180 180 180 180 180 179 178 178 178 179 0 0 0 0 0 0 0 0 0 0 0 0 0 0 0 0 0 0 0 0 0 0 0 0 0 0 0 0 0 0 0 0 0 0 0 0 0 0 0 0 0 0 0 0 0 0 0 0 0 0 0 0 0 0 0 0 0 0 0 0 0 0 0 0 0 0 0 0 0 0 0 0 0 0 0 0 0 0 0 0 0 0 0 0 0 0 0 0 0 0 0 0 0 0 0 0 0 0 0 0 0 0 0 0 0 0 0 0 0 0 0 0 0 0 0 0 0 0 0 0 0 0 0 0 0 0 0 0 0 0 0 0 0 0 0 0 0 0 0 0 0 0 0 0 0 0 0 0 0 0 0 0 0 0 0 0 0 0 0 0 0 0 0 0 0 0 0 0 0 0 0 0 0 0 0 0 0 0 0 0 0 0 0 0 0 0 0 0 0 0 0 0 0 0 0 0 0 0 0 0 0 0 0 
0 0 0 0 0 0 0 0 0 0 0 0 0 0 0 0 0 0 0 0 0 0 0 0 0 0 0 0 0 0 0 0 0 0 0 0 0 0 0 0 0 0 0 0 0 0 0 0 0 0 0 0 0 0 0 0 0 0 0 0 0 0 0 0 0 0 0 0 0 0 0 0 0 0 0 0 0 0 0 0 0 0 0 0 0 0 0 0 0 0 0 0 0 0 0 0 0 0 0 0 0 0 0 0 0 0 0 0 0 0 0 0 0 0 0 0 0 0 0 0 0 0 0 0 0 0 0 0 0 0 0 0 0 0 0 0 0 0 0 0 0 0 0 0 0 0 0 0 0 0 0 0 0 0 0 0 0 0 0 0 0 0 0 0 0 0 0 0 0 0 0 0 0 0 0 0 0 0 0 0 0 0 0 0 0 0 0 0 0 0 0 0 0 0 0 0 0 0 0 0 0 0 0 0 0 0 0 0 0 173 173 173 173 174 174 174 174 174 174 175 175 175 175 176 176 176 176 176 176 175 176 175 176 177 178 178 177 176 176 177 177 177 176 176 177 177 177 178 179 179 179 180 181 181 181 183 183 182 183 183 184 184 0 0 0 0 0 0 0 0 0 0 0 0 0 0 0 0 0 0 0 0 0 0 0 0 179 179 179 179 179 180 179 179 179 178 178 178 178 0 0 0 0 0 0 0 0 0 0 0 0 0 0 0 0 0 0 0 0 0 0 0 0 0 0 0 0 0 0 0 0 0 0 0 0 0 0 0 0 0 0 0 0 0 0 0 0 0 0 0 0 0 0 0 0 0 0 0 0 0 0 0 0 0 0 0 0 0 0 0 0 0 0 0 0 0 0 0 0 0 0 0 0 0 0 0 0 0 0 0 0 0 0 0 0 0 0 0 0 0 0 0 0 0 0 0 0 0 0 0 0 0 0 0 0 0 0 0 0 0 0 0 0 0 0 0 0 0 0 0 0 0 0 0 0 0 0 0 0 0 0 0 0 0 0 0 0 0 0 0 0 0 0 0 0 0 0 0 0 0 0 0 0 0 0 0 0 0 0 0 0 0 0 0 0 0 0 0 0 0 0 0 0 0 0 0 0 0 0 0 0 0 0 0 0 0 0 0 0 0 0 0 0 
0 0 0 0 0 0 0 0 0 0 0 0 0 0 0 0 0 0 0 0 0 0 0 0 0 0 0 0 0 0 0 0 0 0 0 0 0 0 0 0 0 0 0 0 0 0 0 0 0 0 0 0 0 0 0 0 0 0 0 0 0 0 0 0 0 0 0 0 0 0 0 0 0 0 0 0 0 0 0 0 0 0 0 0 0 0 0 0 0 0 0 0 0 0 0 0 0 0 0 0 0 0 0 0 0 0 0 0 0 0 0 0 0 0 0 0 0 0 0 0 0 0 0 0 0 0 0 0 0 0 0 0 0 0 0 0 0 0 0 0 0 0 0 0 0 0 0 0 0 0 0 0 0 0 0 0 0 0 0 0 0 0 0 0 0 0 0 0 0 0 0 0 0 0 0 0 0 0 0 0 0 0 0 0 0 0 0 0 0 0 0 0 0 0 0 0 0 0 0 0 0 0 0 0 0 0 0 0 0 173 173 173 174 174 174 175 175 175 175 175 176 176 176 176 177 177 177 177 177 177 177 177 177 177 177 178 177 177 176 177 178 177 177 177 176 177 178 179 180 180 181 182 182 182 183 0 0 184 0 0 0 0 0 0 0 0 0 0 0 0 0 0 0 0 0 0 0 0 0 0 0 0 0 0 0 0 0 179 179 179 179 179 179 179 179 178 178 178 0 0 0 0 0 0 0 0 0 0 0 0 0 0 0 0 0 0 0 0 0 0 0 0 0 0 0 0 0 0 0 0 0 0 0 0 0 0 0 0 0 0 0 0 0 0 0 0 0 0 0 0 0 0 0 0 0 0 0 0 0 0 0 0 0 0 0 0 0 0 0 0 0 0 0 0 0 0 0 0 0 0 0 0 0 0 0 0 0 0 0 0 0 0 0 0 0 0 0 0 0 0 0 0 0 0 0 0 0 0 0 0 0 0 0 0 0 0 0 0 0 0 0 0 0 0 0 0 0 0 0 0 0 0 0 0 0 0 0 0 0 0 0 0 0 0 0 0 0 0 0 0 0 0 0 0 0 0 0 0 0 0 0 0 0 0 0 0 0 0 0 0 0 0 0 0 0 0 0 0 0 0 0 0 0 0 0 0 0 0 0 0 0 0 0 0 0 0 0 0 0 0 0 0 0 
0 0 0 0 0 0 0 0 0 0 0 0 0 0 0 0 0 0 0 0 0 0 0 0 0 0 0 0 0 0 0 0 0 0 0 0 0 0 0 0 0 0 0 0 0 0 0 0 0 0 0 0 0 0 0 0 0 0 0 0 0 0 0 0 0 0 0 0 0 0 0 0 0 0 0 0 0 0 0 0 0 0 0 0 0 0 0 0 0 0 0 0 0 0 0 0 0 0 0 0 0 0 0 0 0 0 0 0 0 0 0 0 0 0 0 0 0 0 0 0 0 0 0 0 0 0 0 0 0 0 0 0 0 0 0 0 0 0 0 0 0 0 0 0 0 0 0 0 0 0 0 0 0 0 0 0 0 0 0 0 0 0 0 0 0 0 0 0 0 0 0 0 0 0 0 0 0 0 0 0 0 0 0 0 0 0 0 0 0 0 0 0 0 0 0 0 0 0 0 0 0 0 0 0 0 0 0 0 0 0 174 174 175 175 175 176 175 175 175 175 176 176 176 177 176 177 177 177 177 177 177 177 177 177 177 178 178 178 177 177 178 179 178 177 176 176 177 178 178 179 180 182 183 183 0 0 0 0 0 0 0 0 0 0 0 0 0 0 0 0 0 0 0 0 0 0 0 0 0 0 0 0 0 0 0 0 0 0 179 179 179 179 179 179 179 179 178 178 178 0 0 0 0 0 0 0 0 0 0 0 0 0 0 0 0 0 0 0 0 0 0 0 0 0 0 0 0 0 0 0 0 0 0 0 0 0 0 0 0 0 0 0 0 0 0 0 0 0 0 0 0 0 0 0 0 0 0 0 0 0 0 0 0 0 0 0 0 0 0 0 0 0 0 0 0 0 0 0 0 0 0 0 0 0 0 0 0 0 0 0 0 0 0 0 0 0 0 0 0 0 0 0 0 0 0 0 0 0 0 0 0 0 0 0 0 0 0 0 0 0 0 0 0 0 0 0 0 0 0 0 0 0 0 0 0 0 0 0 0 0 0 0 0 0 0 0 0 0 0 0 0 0 0 0 0 0 0 0 0 0 0 0 0 0 0 0 0 0 0 0 0 0 0 0 0 0 0 0 0 0 0 0 0 0 0 0 0 0 0 0 0 0 0 0 0 0 0 0 0 0 0 0 0 
0 0 0 0 0 0 0 0 0 0 0 0 0 0 0 0 0 0 0 0 0 0 0 0 0 0 0 0 0 0 0 0 0 0 0 0 0 0 0 0 0 0 0 0 0 0 0 0 0 0 0 0 0 0 0 0 0 0 0 0 0 0 0 0 0 0 0 0 0 0 0 0 0 0 0 0 0 0 0 0 0 0 0 0 0 0 0 0 0 0 0 0 0 0 0 0 0 0 0 0 0 0 0 0 0 0 0 0 0 0 0 0 0 0 0 0 0 0 0 0 0 0 0 0 0 0 0 0 0 0 0 0 0 0 0 0 0 0 0 0 0 0 0 0 0 0 0 0 0 0 0 0 0 0 0 0 0 0 0 0 0 0 0 0 0 0 0 0 0 0 0 0 0 0 0 0 0 0 0 0 0 0 0 0 0 0 0 0 0 0 0 0 0 0 0 0 0 0 0 0 0 0 0 0 0 0 0 0 0 0 175 175 176 176 176 176 176 175 175 175 176 176 177 177 176 176 177 177 177 177 177 177 177 177 177 178 178 178 177 177 178 179 178 177 177 177 178 178 179 179 179 181 0 0 0 0 0 0 0 0 0 0 0 0 0 0 0 0 0 0 0 0 0 0 0 0 0 0 0 0 0 0 0 0 0 0 0 0 179 179 179 179 179 179 179 179 179 179 179 178 0 0 0 0 0 0 0 0 0 0 0 0 0 0 0 0 0 0 0 0 0 0 0 0 0 0 0 0 0 0 0 0 0 0 0 0 0 0 0 0 0 0 0 0 0 0 0 0 0 0 0 0 0 0 0 0 0 0 0 0 0 0 0 0 0 0 0 0 0 0 0 0 0 0 0 0 0 0 0 0 0 0 0 0 0 0 0 0 0 0 0 0 0 0 0 0 0 0 0 0 0 0 0 0 0 0 0 0 0 0 0 0 0 0 0 0 0 0 0 0 0 0 0 0 0 0 0 0 0 0 0 0 0 0 0 0 0 0 0 0 0 0 0 0 0 0 0 0 0 0 0 0 0 0 0 0 0 0 0 0 0 0 0 0 0 0 0 0 0 0 0 0 0 0 0 0 0 0 0 0 0 0 0 0 0 0 0 0 0 0 0 0 0 0 0 0 0 0 0 0 0 0 0 
0 0 0 0 0 0 0 0 0 0 0 0 0 0 0 0 0 0 0 0 0 0 0 0 0 0 0 0 0 0 0 0 0 0 0 0 0 0 0 0 0 0 0 0 0 0 0 0 0 0 0 0 0 0 0 0 0 0 0 0 0 0 0 0 0 0 0 0 0 0 0 0 0 0 0 0 0 0 0 0 0 0 0 0 0 0 0 0 0 0 0 0 0 0 0 0 0 0 0 0 0 0 0 0 0 0 0 0 0 0 0 0 0 0 0 0 0 0 0 0 0 0 0 0 0 0 0 0 0 0 0 0 0 0 0 0 0 0 0 0 0 0 0 0 0 0 0 0 0 0 0 0 0 0 0 0 0 0 0 0 0 0 0 0 0 0 0 0 0 0 0 0 0 0 0 0 0 0 0 0 0 0 0 0 0 0 0 0 0 0 0 0 0 0 0 0 0 0 0 0 0 0 0 0 0 0 0 0 0 0 176 177 177 177 176 176 175 175 175 175 176 176 176 176 176 176 177 176 176 177 177 177 177 177 177 178 179 178 178 177 177 178 179 179 179 179 179 179 180 180 181 0 0 0 0 0 0 0 0 0 0 0 0 0 0 0 0 0 0 0 0 0 0 0 0 0 0 0 0 0 0 0 0 0 0 0 0 0 179 179 179 179 179 179 179 179 179 179 179 178 0 0 0 0 0 0 0 0 0 0 0 0 0 0 0 0 0 0 0 0 0 0 0 0 0 0 0 0 0 0 0 0 0 0 0 0 0 0 0 0 0 0 0 0 0 0 0 0 0 0 0 0 0 0 0 0 0 0 0 0 0 0 0 0 0 0 0 0 0 0 0 0 0 0 0 0 0 0 0 0 0 0 0 0 0 0 0 0 0 0 0 0 0 0 0 0 0 0 0 0 0 0 0 0 0 0 0 0 0 0 0 0 0 0 0 0 0 0 0 0 0 0 0 0 0 0 0 0 0 0 0 0 0 0 0 0 0 0 0 0 0 0 0 0 0 0 0 0 0 0 0 0 0 0 0 0 0 0 0 0 0 0 0 0 0 0 0 0 0 0 0 0 0 0 0 0 0 0 0 0 0 0 0 0 0 0 0 0 0 0 0 0 0 0 0 0 0 0 0 0 0 0 0 
0 0 0 0 0 0 0 0 0 0 0 0 0 0 0 0 0 0 0 0 0 0 0 0 0 0 0 0 0 0 0 0 0 0 0 0 0 0 0 0 0 0 0 0 0 0 0 0 0 0 0 0 0 0 0 0 0 0 0 0 0 0 0 0 0 0 0 0 0 0 0 0 0 0 0 0 0 0 0 0 0 0 0 0 0 0 0 0 0 0 0 0 0 0 0 0 0 0 0 0 0 0 0 0 0 0 0 0 0 0 0 0 0 0 0 0 0 0 0 0 0 0 0 0 0 0 0 0 0 0 0 0 0 0 0 0 0 0 0 0 0 0 0 0 0 0 0 0 0 0 0 0 0 0 0 0 0 0 0 0 0 0 0 0 0 0 0 0 0 0 0 0 0 0 0 0 0 0 0 0 0 0 0 0 0 0 0 0 0 0 0 0 0 0 0 0 0 0 0 0 0 0 0 0 0 0 0 0 0 0 177 177 176 176 175 175 176 175 175 175 176 176 176 176 176 176 176 176 176 177 177 177 177 178 178 179 179 179 178 178 178 179 180 181 181 181 180 181 180 181 0 0 0 0 0 0 0 0 0 0 0 0 0 0 0 0 0 0 0 0 0 0 0 0 0 0 0 0 0 0 0 0 0 0 0 0 0 0 178 178 178 178 179 179 179 179 0 0 0 0 0 0 0 0 0 0 0 0 0 0 0 0 0 0 0 0 0 0 0 0 0 0 0 0 0 0 0 0 0 0 0 0 0 0 0 0 0 0 0 0 0 0 0 0 0 0 0 0 0 0 0 0 0 0 0 0 0 0 0 0 0 0 0 0 0 0 0 0 0 0 0 0 0 0 0 0 0 0 0 0 0 0 0 0 0 0 0 0 0 0 0 0 0 0 0 0 0 0 0 0 0 0 0 0 0 0 0 0 0 0 0 0 0 0 0 0 0 0 0 0 0 0 0 0 0 0 0 0 0 0 0 0 0 0 0 0 0 0 0 0 0 0 0 0 0 0 0 0 0 0 0 0 0 0 0 0 0 0 0 0 0 0 0 0 0 0 0 0 0 0 0 0 0 0 0 0 0 0 0 0 0 0 0 0 0 0 0 0 0 0 0 0 0 0 0 0 0 0 0 0 0 0 0 
0 0 0 0 0 0 0 0 0 0 0 0 0 0 0 0 0 0 0 0 0 0 0 0 0 0 0 0 0 0 0 0 0 0 0 0 0 0 0 0 0 0 0 0 0 0 0 0 0 0 0 0 0 0 0 0 0 0 0 0 0 0 0 0 0 0 0 0 0 0 0 0 0 0 0 0 0 0 0 0 0 0 0 0 0 0 0 0 0 0 0 0 0 0 0 0 0 0 0 0 0 0 0 0 0 0 0 0 0 0 0 0 0 0 0 0 0 0 0 0 0 0 0 0 0 0 0 0 0 0 0 0 0 0 0 0 0 0 0 0 0 0 0 0 0 0 0 0 0 0 0 0 0 0 0 0 0 0 0 0 0 0 0 0 0 0 0 0 0 0 0 0 0 0 0 0 0 0 0 0 0 0 0 0 0 0 0 0 0 0 0 0 0 0 0 0 0 0 0 0 0 0 0 0 0 0 0 0 0 0 177 177 176 175 174 174 175 175 176 175 175 176 176 176 176 176 176 176 177 177 177 177 178 179 179 180 180 180 179 179 179 180 181 0 0 0 0 0 0 0 0 0 0 0 0 0 0 0 0 0 0 0 0 0 0 0 0 0 0 0 0 0 0 0 0 0 0 0 0 0 0 0 0 0 0 0 0 0 0 0 178 179 178 179 0 0 0 0 0 0 0 0 0 0 0 0 0 0 0 0 0 0 0 0 0 0 0 0 0 0 0 0 0 0 0 0 0 0 0 0 0 0 0 0 0 0 0 0 0 0 0 0 0 0 0 0 0 0 0 0 0 0 0 0 0 0 0 0 0 0 0 0 0 0 0 0 0 0 0 0 0 0 0 0 0 0 0 0 0 0 0 0 0 0 0 0 0 0 0 0 0 0 0 0 0 0 0 0 0 0 0 0 0 0 0 0 0 0 0 0 0 0 0 0 0 0 0 0 0 0 0 0 0 0 0 0 0 0 0 0 0 0 0 0 0 0 0 0 0 0 0 0 0 0 0 0 0 0 0 0 0 0 0 0 0 0 0 0 0 0 0 0 0 0 0 0 0 0 0 0 0 0 0 0 0 0 0 0 0 0 0 0 0 0 0 0 0 0 0 0 0 0 0 0 0 0 0 0 0 0 0 0 0 
0 0 0 0 0 0 0 0 0 0 0 0 0 0 0 0 0 0 0 0 0 0 0 0 0 0 0 0 0 0 0 0 0 0 0 0 0 0 0 0 0 0 0 0 0 0 0 0 0 0 0 0 0 0 0 0 0 0 0 0 0 0 0 0 0 0 0 0 0 0 0 0 0 0 0 0 0 0 0 0 0 0 0 0 0 0 0 0 0 0 0 0 0 0 0 0 0 0 0 0 0 0 0 0 0 0 0 0 0 0 0 0 0 0 0 0 0 0 0 0 0 0 0 0 0 0 0 0 0 0 0 0 0 0 0 0 0 0 0 0 0 0 0 0 0 0 0 0 0 0 0 0 0 0 0 0 0 0 0 0 0 0 0 0 0 0 0 0 0 0 0 0 0 0 0 0 0 0 0 0 0 0 0 0 0 0 0 0 0 0 0 0 0 0 0 0 0 0 0 0 0 0 0 0 0 0 0 0 0 178 178 178 177 175 175 174 174 175 176 175 175 176 176 177 176 176 176 177 177 177 178 178 178 179 180 180 181 181 180 180 180 181 0 0 0 0 0 0 0 0 0 0 0 0 0 0 0 0 0 0 0 0 0 0 0 0 0 0 0 0 0 0 0 0 0 0 0 0 0 0 0 0 0 0 0 0 0 0 0 0 0 0 0 0 0 0 0 0 0 0 0 0 0 0 0 0 0 0 0 0 0 0 0 0 0 0 0 0 0 0 0 0 0 0 0 0 0 0 0 0 0 0 0 0 0 0 0 0 0 0 0 0 0 0 0 0 0 0 0 0 0 0 0 0 0 0 0 0 0 0 0 0 0 0 0 0 0 0 0 0 0 0 0 0 0 0 0 0 0 0 0 0 0 0 0 0 0 0 0 0 0 0 0 0 0 0 0 0 0 0 0 0 0 0 0 0 0 0 0 0 0 0 0 0 0 0 0 0 0 0 0 0 0 0 0 0 0 0 0 0 0 0 0 0 0 0 0 0 0 0 0 0 0 0 0 0 0 0 0 0 0 0 0 0 0 0 0 0 0 0 0 0 0 0 0 0 0 0 0 0 0 0 0 0 0 0 0 0 0 0 0 0 0 0 0 0 0 0 0 0 0 0 0 0 0 0 0 0 0 0 0 0 0 
0 0 0 0 0 0 0 0 0 0 0 0 0 0 0 0 0 0 0 0 0 0 0 0 0 0 0 0 0 0 0 0 0 0 0 0 0 0 0 0 0 0 0 0 0 0 0 0 0 0 0 0 0 0 0 0 0 0 0 0 0 0 0 0 0 0 0 0 0 0 0 0 0 0 0 0 0 0 0 0 0 0 0 0 0 0 0 0 0 0 0 0 0 0 0 0 0 0 0 0 0 0 0 0 0 0 0 0 0 0 0 0 0 0 0 0 0 0 0 0 0 0 0 0 0 0 0 0 0 0 0 0 0 0 0 0 0 0 0 0 0 0 0 0 0 0 0 0 0 0 0 0 0 0 0 0 0 0 0 0 0 0 0 0 0 0 0 0 0 0 0 0 0 0 0 0 0 0 0 0 0 0 0 0 0 0 0 0 0 0 0 0 0 0 0 0 0 0 0 0 0 0 0 0 0 0 0 0 0 178 178 177 176 175 174 174 174 175 175 175 175 175 175 176 176 176 176 177 177 178 178 179 179 179 180 181 0 0 0 0 0 0 0 0 0 0 0 0 0 0 0 0 0 0 0 0 0 0 0 0 0 0 0 0 0 0 0 0 0 0 0 0 0 0 0 0 0 0 0 0 0 0 0 0 0 0 0 0 0 0 0 0 0 0 0 0 0 0 0 0 0 0 0 0 0 0 0 0 0 0 0 0 0 0 0 0 0 0 0 0 0 0 0 0 0 0 0 0 0 0 0 0 0 0 0 0 0 0 0 0 0 0 0 0 0 0 0 0 0 0 0 0 0 0 0 0 0 0 0 0 0 0 0 0 0 0 0 0 0 0 0 0 0 0 0 0 0 0 0 0 0 0 0 0 0 0 0 0 0 0 0 0 0 0 0 0 0 0 0 0 0 0 0 0 0 0 0 0 0 0 0 0 0 0 0 0 0 0 0 0 0 0 0 0 0 0 0 0 0 0 0 0 0 0 0 0 0 0 0 0 0 0 0 0 0 0 0 0 0 0 0 0 0 0 0 0 0 0 0 0 0 0 0 0 0 0 0 0 0 0 0 0 0 0 0 0 0 0 0 0 0 0 0 0 0 0 0 0 0 0 0 0 0 0 0 0 0 0 0 0 0 0 0 
0 0 0 0 0 0 0 0 0 0 0 0 0 0 0 0 0 0 0 0 0 0 0 0 0 0 0 0 0 0 0 0 0 0 0 0 0 0 0 0 0 0 0 0 0 0 0 0 0 0 0 0 0 0 0 0 0 0 0 0 0 0 0 0 0 0 0 0 0 0 0 0 0 0 0 0 0 0 0 0 0 0 0 0 0 0 0 0 0 0 0 0 0 0 0 0 0 0 0 0 0 0 0 0 0 0 0 0 0 0 0 0 0 0 0 0 0 0 0 0 0 0 0 0 0 0 0 0 0 0 0 0 0 0 0 0 0 0 0 0 0 0 0 0 0 0 0 0 0 0 0 0 0 0 0 0 0 0 0 0 0 0 0 0 0 0 0 0 0 0 0 0 0 0 0 0 0 0 0 0 0 0 0 0 0 0 0 0 0 0 0 0 0 0 0 0 0 0 0 0 0 0 0 0 0 0 0 0 0 177 176 175 175 174 174 174 174 175 175 175 175 175 175 176 176 176 176 177 177 178 179 179 180 179 180 181 0 0 0 0 0 0 0 0 0 0 0 0 0 0 0 0 0 0 0 0 0 0 0 0 0 0 0 0 0 0 0 0 0 0 0 0 0 0 0 0 0 0 0 0 0 0 0 0 0 0 0 0 0 0 0 0 0 0 0 0 0 0 0 0 0 0 0 0 0 0 0 0 0 0 0 0 0 0 0 0 0 0 0 0 0 0 0 0 0 0 0 0 0 0 0 0 0 0 0 0 0 0 0 0 0 0 0 0 0 0 0 0 0 0 0 0 0 0 0 0 0 0 0 0 0 0 0 0 0 0 0 0 0 0 0 0 0 0 0 0 0 0 0 0 0 0 0 0 0 0 0 0 0 0 0 0 0 0 0 0 0 0 0 0 0 0 0 0 0 0 0 0 0 0 0 0 0 0 0 0 0 0 0 0 0 0 0 0 0 0 0 0 0 0 0 0 0 0 0 0 0 0 0 0 0 0 0 0 0 0 0 0 0 0 0 0 0 0 0 0 0 0 0 0 0 0 0 0 0 0 0 0 0 0 0 0 0 0 0 0 0 0 0 0 0 0 0 0 0 0 0 0 0 0 0 0 0 0 0 0 0 0 0 0 0 0 0 
0 0 0 0 0 0 0 0 0 0 0 0 0 0 0 0 0 0 0 0 0 0 0 0 0 0 0 0 0 0 0 0 0 0 0 0 0 0 0 0 0 0 0 0 0 0 0 0 0 0 0 0 0 0 0 0 0 0 0 0 0 0 0 0 0 0 0 0 0 0 0 0 0 0 0 0 0 0 0 0 0 0 0 0 0 0 0 0 0 0 0 0 0 0 0 0 0 0 0 0 0 0 0 0 0 0 0 0 0 0 0 0 0 0 0 0 0 0 0 0 0 0 0 0 0 0 0 0 0 0 0 0 0 0 0 0 0 0 0 0 0 0 0 0 0 0 0 0 0 0 0 0 0 0 0 0 0 0 0 0 0 0 0 0 0 0 0 0 0 0 0 0 0 0 0 0 0 0 0 0 0 0 0 0 0 0 0 0 0 0 0 0 0 0 0 0 0 0 0 0 0 0 0 0 0 0 0 0 0 0 175 174 174 174 173 174 175 175 175 175 175 175 175 176 176 177 177 177 177 178 179 180 180 179 180 0 0 0 0 0 0 0 0 0 0 0 0 0 0 0 0 0 0 0 0 0 0 0 0 0 0 0 0 0 0 0 0 0 0 0 0 0 0 0 0 0 0 0 0 0 0 0 0 0 0 0 0 0 0 0 0 0 0 0 0 0 0 0 0 0 0 0 0 0 0 0 0 0 0 0 0 0 0 0 0 0 0 0 0 0 0 0 0 0 0 0 0 0 0 0 0 0 0 0 0 0 0 0 0 0 0 0 0 0 0 0 0 0 0 0 0 0 0 0 0 0 0 0 0 0 0 0 0 0 0 0 0 0 0 0 0 0 0 0 0 0 0 0 0 0 0 0 0 0 0 0 0 0 0 0 0 0 0 0 0 0 0 0 0 0 0 0 0 0 0 0 0 0 0 0 0 0 0 0 0 0 0 0 0 0 0 0 0 0 0 0 0 0 0 0 0 0 0 0 0 0 0 0 0 0 0 0 0 0 0 0 0 0 0 0 0 0 0 0 0 0 0 0 0 0 0 0 0 0 0 0 0 0 0 0 0 0 0 0 0 0 0 0 0 0 0 0 0 0 0 0 0 0 0 0 0 0 0 0 0 0 0 0 0 0 0 0 0 
0 0 0 0 0 0 0 0 0 0 0 0 0 0 0 0 0 0 0 0 0 0 0 0 0 0 0 0 0 0 0 0 0 0 0 0 0 0 0 0 0 0 0 0 0 0 0 0 0 0 0 0 0 0 0 0 0 0 0 0 0 0 0 0 0 0 0 0 0 0 0 0 0 0 0 0 0 0 0 0 0 0 0 0 0 0 0 0 0 0 0 0 0 0 0 0 0 0 0 0 0 0 0 0 0 0 0 0 0 0 0 0 0 0 0 0 0 0 0 0 0 0 0 0 0 0 0 0 0 0 0 0 0 0 0 0 0 0 0 0 0 0 0 0 0 0 0 0 0 0 0 0 0 0 0 0 0 0 0 0 0 0 0 0 0 0 0 0 0 0 0 0 0 0 0 0 0 0 0 0 0 0 0 0 0 0 0 0 0 0 0 0 0 0 0 0 0 0 0 0 0 0 0 0 0 0 0 0 0 0 0 0 173 173 174 174 175 175 175 175 175 175 176 176 176 176 176 177 178 178 179 180 181 0 0 0 0 0 0 0 0 0 0 0 0 0 0 0 0 0 0 0 0 0 0 0 0 0 0 0 0 0 0 0 0 0 0 0 0 0 0 0 0 0 0 0 0 0 0 0 0 0 0 0 0 0 0 0 0 0 0 0 0 0 0 0 0 0 0 0 0 0 0 0 0 0 0 0 0 0 0 0 0 0 0 0 0 0 0 0 0 0 0 0 0 0 0 0 0 0 0 0 0 0 0 0 0 0 0 0 0 0 0 0 0 0 0 0 0 0 0 0 0 0 0 0 0 0 0 0 0 0 0 0 0 0 0 0 0 0 0 0 0 0 0 0 0 0 0 0 0 0 0 0 0 0 0 0 0 0 0 0 0 0 0 0 0 0 0 0 0 0 0 0 0 0 0 0 0 0 0 0 0 0 0 0 0 0 0 0 0 0 0 0 0 0 0 0 0 0 0 0 0 0 0 0 0 0 0 0 0 0 0 0 0 0 0 0 0 0 0 0 0 0 0 0 0 0 0 0 0 0 0 0 0 0 0 0 0 0 0 0 0 0 0 0 0 0 0 0 0 0 0 0 0 0 0 0 0 0 0 0 0 0 0 0 0 0 0 0 0 0 0 
0 0 0 0 0 0 0 0 0 0 0 0 0 0 0 0 0 0 0 0 0 0 0 0 0 0 0 0 0 0 0 0 0 0 0 0 0 0 0 0 0 0 0 0 0 0 0 0 0 0 0 0 0 0 0 0 0 0 0 0 0 0 0 0 0 0 0 0 0 0 0 0 0 0 0 0 0 0 0 0 0 0 0 0 0 0 0 0 0 0 0 0 0 0 0 0 0 0 0 0 0 0 0 0 0 0 0 0 0 0 0 0 0 0 0 0 0 0 0 0 0 0 0 0 0 0 0 0 0 0 0 0 0 0 0 0 0 0 0 0 0 0 0 0 0 0 0 0 0 0 0 0 0 0 0 0 0 0 0 0 0 0 0 0 0 0 0 0 0 0 0 0 0 0 0 0 0 0 0 0 0 0 0 0 0 0 0 0 0 0 0 0 0 0 0 0 0 0 0 0 0 0 0 0 0 0 0 0 0 0 0 0 0 173 174 175 175 174 174 175 175 175 176 175 176 176 176 177 177 178 178 179 180 0 0 0 0 0 0 0 0 0 0 0 0 0 0 0 0 0 0 0 0 0 0 0 0 0 0 0 0 0 0 0 0 0 0 0 0 0 0 0 0 0 0 0 0 0 0 0 0 0 0 0 0 0 0 0 0 0 0 0 0 0 0 0 0 0 0 0 0 0 0 0 0 0 0 0 0 0 0 0 0 0 0 0 0 0 0 0 0 0 0 0 0 0 0 0 0 0 0 0 0 0 0 0 0 0 0 0 0 0 0 0 0 0 0 0 0 0 0 0 0 0 0 0 0 0 0 0 0 0 0 0 0 0 0 0 0 0 0 0 0 0 0 0 0 0 0 0 0 0 0 0 0 0 0 0 0 0 0 0 0 0 0 0 0 0 0 0 0 0 0 0 0 0 0 0 0 0 0 0 0 0 0 0 0 0 0 0 0 0 0 0 0 0 0 0 0 0 0 0 0 0 0 0 0 0 0 0 0 0 0 0 0 0 0 0 0 0 0 0 0 0 0 0 0 0 0 0 0 0 0 0 0 0 0 0 0 0 0 0 0 0 0 0 0 0 0 0 0 0 0 0 0 0 0 0 0 0 0 0 0 0 0 0 0 0 0 0 0 0 0 
0 0 0 0 0 0 0 0 0 0 0 0 0 0 0 0 0 0 0 0 0 0 0 0 0 0 0 0 0 0 0 0 0 0 0 0 0 0 0 0 0 0 0 0 0 0 0 0 0 0 0 0 0 0 0 0 0 0 0 0 0 0 0 0 0 0 0 0 0 0 0 0 0 0 0 0 0 0 0 0 0 0 0 0 0 0 0 0 0 0 0 0 0 0 0 0 0 0 0 0 0 0 0 0 0 0 0 0 0 0 0 0 0 0 0 0 0 0 0 0 0 0 0 0 0 0 0 0 0 0 0 0 0 0 0 0 0 0 0 0 0 0 0 0 0 0 0 0 0 0 0 0 0 0 0 0 0 0 0 0 0 0 0 0 0 0 0 0 0 0 0 0 0 0 0 0 0 0 0 0 0 0 0 0 0 0 0 0 0 0 0 0 0 0 0 0 0 0 0 0 0 0 0 0 0 0 0 0 0 0 0 0 0 173 174 174 175 174 174 174 175 175 175 176 176 176 177 177 178 179 179 179 180 0 0 0 0 0 0 0 0 0 0 0 0 0 0 0 0 0 0 0 0 0 0 0 0 0 0 0 0 0 0 0 0 0 0 0 0 0 0 0 0 0 0 0 0 0 0 0 0 0 0 0 0 0 0 0 0 0 0 0 0 0 0 0 0 0 0 0 0 0 0 0 0 0 0 0 0 0 0 0 0 0 0 0 0 0 0 0 0 0 0 0 0 0 0 0 0 0 0 0 0 0 0 0 0 0 0 0 0 0 0 0 0 0 0 0 0 0 0 0 0 0 0 0 0 0 0 0 0 0 0 0 0 0 0 0 0 0 0 0 0 0 0 0 0 0 0 0 0 0 0 0 0 0 0 0 0 0 0 0 0 0 0 0 0 0 0 0 0 0 0 0 0 0 0 0 0 0 0 0 0 0 0 0 0 0 0 0 0 0 0 0 0 0 0 0 0 0 0 0 0 0 0 0 0 0 0 0 0 0 0 0 0 0 0 0 0 0 0 0 0 0 0 0 0 0 0 0 0 0 0 0 0 0 0 0 0 0 0 0 0 0 0 0 0 0 0 0 0 0 0 0 0 0 0 0 0 0 0 0 0 0 0 0 0 0 0 0 0 0 0 
0 0 0 0 0 0 0 0 0 0 0 0 0 0 0 0 0 0 0 0 0 0 0 0 0 0 0 0 0 0 0 0 0 0 0 0 0 0 0 0 0 0 0 0 0 0 0 0 0 0 0 0 0 0 0 0 0 0 0 0 0 0 0 0 0 0 0 0 0 0 0 0 0 0 0 0 0 0 0 0 0 0 0 0 0 0 0 0 0 0 0 0 0 0 0 0 0 0 0 0 0 0 0 0 0 0 0 0 0 0 0 0 0 0 0 0 0 0 0 0 0 0 0 0 0 0 0 0 0 0 0 0 0 0 0 0 0 0 0 0 0 0 0 0 0 0 0 0 0 0 0 0 0 0 0 0 0 0 0 0 0 0 0 0 0 0 0 0 0 0 0 0 0 0 0 0 0 0 0 0 0 0 0 0 0 0 0 0 0 0 0 0 0 0 0 0 0 0 0 0 0 0 0 0 0 0 0 0 0 0 0 0 0 0 175 175 175 174 174 174 175 175 176 176 177 177 177 178 178 179 180 180 180 0 0 0 0 0 0 0 0 0 0 0 0 0 0 0 0 0 0 0 0 0 0 0 0 0 0 0 0 0 0 0 0 0 0 0 0 0 0 0 0 0 0 0 0 0 0 0 0 0 0 0 0 0 0 0 0 0 0 0 0 0 0 0 0 0 0 0 0 0 0 0 0 0 0 0 0 0 0 0 0 0 0 0 0 0 0 0 0 0 0 0 0 0 0 0 0 0 0 0 0 0 0 0 0 0 0 0 0 0 0 0 0 0 0 0 0 0 0 0 0 0 0 0 0 0 0 0 0 0 0 0 0 0 0 0 0 0 0 0 0 0 0 0 0 0 0 0 0 0 0 0 0 0 0 0 0 0 0 0 0 0 0 0 0 0 0 0 0 0 0 0 0 0 0 0 0 0 0 0 0 0 0 0 0 0 0 0 0 0 0 0 0 0 0 0 0 0 0 0 0 0 0 0 0 0 0 0 0 0 0 0 0 0 0 0 0 0 0 0 0 0 0 0 0 0 0 0 0 0 0 0 0 0 0 0 0 0 0 0 0 0 0 0 0 0 0 0 0 0 0 0 0 0 0 0 0 0 0 0 0 0 0 0 0 0 0 0 0 0 0 
0 0 0 0 0 0 0 0 0 0 0 0 0 0 0 0 0 0 0 0 0 0 0 0 0 0 0 0 0 0 0 0 0 0 0 0 0 0 0 0 0 0 0 0 0 0 0 0 0 0 0 0 0 0 0 0 0 0 0 0 0 0 0 0 0 0 0 0 0 0 0 0 0 0 0 0 0 0 0 0 0 0 0 0 0 0 0 0 0 0 0 0 0 0 0 0 0 0 0 0 0 0 0 0 0 0 0 0 0 0 0 0 0 0 0 0 0 0 0 0 0 0 0 0 0 0 0 0 0 0 0 0 0 0 0 0 0 0 0 0 0 0 0 0 0 0 0 0 0 0 0 0 0 0 0 0 0 0 0 0 0 0 0 0 0 0 0 0 0 0 0 0 0 0 0 0 0 0 0 0 0 0 0 0 0 0 0 0 0 0 0 0 0 0 0 0 0 0 0 0 0 0 0 0 0 0 0 0 0 0 0 0 0 0 176 175 175 175 175 174 174 175 175 176 177 178 178 179 179 179 179 180 180 0 0 0 0 0 0 0 0 0 0 0 0 0 0 0 0 0 0 0 0 0 0 0 0 0 0 0 0 0 0 0 0 0 0 0 0 0 0 0 0 0 0 0 0 0 0 0 0 0 0 0 0 0 0 0 0 0 0 0 0 0 0 0 0 0 0 0 0 0 0 0 0 0 0 0 0 0 0 0 0 0 0 0 0 0 0 0 0 0 0 0 0 0 0 0 0 0 0 0 0 0 0 0 0 0 0 0 0 0 0 0 0 0 0 0 0 0 0 0 0 0 0 0 0 0 0 0 0 0 0 0 0 0 0 0 0 0 0 0 0 0 0 0 0 0 0 0 0 0 0 0 0 0 0 0 0 0 0 0 0 0 0 0 0 0 0 0 0 0 0 0 0 0 0 0 0 0 0 0 0 0 0 0 0 0 0 0 0 0 0 0 0 0 0 0 0 0 0 0 0 0 0 0 0 0 0 0 0 0 0 0 0 0 0 0 0 0 0 0 0 0 0 0 0 0 0 0 0 0 0 0 0 0 0 0 0 0 0 0 0 0 0 0 0 0 0 0 0 0 0 0 0 0 0 0 0 0 0 0 0 0 0 0 0 0 0 0 0 0 0 
0 0 0 0 0 0 0 0 0 0 0 0 0 0 0 0 0 0 0 0 0 0 0 0 0 0 0 0 0 0 0 0 0 0 0 0 0 0 0 0 0 0 0 0 0 0 0 0 0 0 0 0 0 0 0 0 0 0 0 0 0 0 0 0 0 0 0 0 0 0 0 0 0 0 0 0 0 0 0 0 0 0 0 0 0 0 0 0 0 0 0 0 0 0 0 0 0 0 0 0 0 0 0 0 0 0 0 0 0 0 0 0 0 0 0 0 0 0 0 0 0 0 0 0 0 0 0 0 0 0 0 0 0 0 0 0 0 0 0 0 0 0 0 0 0 0 0 0 0 0 0 0 0 0 0 0 0 0 0 0 0 0 0 0 0 0 0 0 0 0 0 0 0 0 0 0 0 0 0 0 0 0 0 0 0 0 0 0 0 0 0 0 0 0 0 0 0 0 0 0 0 0 0 0 0 0 0 0 0 0 0 0 0 0 176 176 175 175 175 175 175 174 175 175 176 177 178 179 179 179 179 180 0 0 0 0 0 0 0 0 0 0 0 0 0 0 0 0 0 0 0 0 0 0 0 0 0 0 0 0 0 0 0 0 0 0 0 0 0 0 0 0 0 0 0 0 0 0 0 0 0 0 0 0 0 0 0 0 0 0 0 0 0 0 0 0 0 0 0 0 0 0 0 0 0 0 0 0 0 0 0 0 0 0 0 0 0 0 0 0 0 0 0 0 0 0 0 0 0 0 0 0 0 0 0 0 0 0 0 0 0 0 0 0 0 0 0 0 0 0 0 0 0 0 0 0 0 0 0 0 0 0 0 0 0 0 0 0 0 0 0 0 0 0 0 0 0 0 0 0 0 0 0 0 0 0 0 0 0 0 0 0 0 0 0 0 0 0 0 0 0 0 0 0 0 0 0 0 0 0 0 0 0 0 0 0 0 0 0 0 0 0 0 0 0 0 0 0 0 0 0 0 0 0 0 0 0 0 0 0 0 0 0 0 0 0 0 0 0 0 0 0 0 0 0 0 0 0 0 0 0 0 0 0 0 0 0 0 0 0 0 0 0 0 0 0 0 0 0 0 0 0 0 0 0 0 0 0 0 0 0 0 0 0 0 0 0 0 0 0 0 0 0 
0 0 0 0 0 0 0 0 0 0 0 0 0 0 0 0 0 0 0 0 0 0 0 0 0 0 0 0 0 0 0 0 0 0 0 0 0 0 0 0 0 0 0 0 0 0 0 0 0 0 0 0 0 0 0 0 0 0 0 0 0 0 0 0 0 0 0 0 0 0 0 0 0 0 0 0 0 0 0 0 0 0 0 0 0 0 0 0 0 0 0 0 0 0 0 0 0 0 0 0 0 0 0 0 0 0 0 0 0 0 0 0 0 0 0 0 0 0 0 0 0 0 0 0 0 0 0 0 0 0 0 0 0 0 0 0 0 0 0 0 0 0 0 0 0 0 0 0 0 0 0 0 0 0 0 0 0 0 0 0 0 0 0 0 0 0 0 0 0 0 0 0 0 0 0 0 0 0 0 0 0 0 0 0 0 0 0 0 0 0 0 0 0 0 0 0 0 0 0 0 0 0 0 0 0 0 0 0 0 0 0 0 0 0 0 175 175 175 176 176 176 175 176 175 175 177 177 177 178 177 179 180 0 0 0 0 0 0 0 0 0 0 0 0 0 0 0 0 0 0 0 0 0 0 0 0 0 0 0 0 0 0 0 0 0 0 0 0 0 0 0 0 0 0 0 0 0 0 0 0 0 0 0 0 0 0 0 0 0 0 0 0 0 0 0 0 0 0 0 0 0 0 0 0 0 0 0 0 0 0 0 0 0 0 0 0 0 0 0 0 0 0 0 0 0 0 0 0 0 0 0 0 0 0 0 0 0 0 0 0 0 0 0 0 0 0 0 0 0 0 0 0 0 0 0 0 0 0 0 0 0 0 0 0 0 0 0 0 0 0 0 0 0 0 0 0 0 0 0 0 0 0 0 0 0 0 0 0 0 0 0 0 0 0 0 0 0 0 0 0 0 0 0 0 0 0 0 0 0 0 0 0 0 0 0 0 0 0 0 0 0 0 0 0 0 0 0 0 0 0 0 0 0 0 0 0 0 0 0 0 0 0 0 0 0 0 0 0 0 0 0 0 0 0 0 0 0 0 0 0 0 0 0 0 0 0 0 0 0 0 0 0 0 0 0 0 0 0 0 0 0 0 0 0 0 0 0 0 0 0 0 0 0 0 0 0 0 0 0 0 0 0 0 
0 0 0 0 0 0 0 0 0 0 0 0 0 0 0 0 0 0 0 0 0 0 0 0 0 0 0 0 0 0 0 0 0 0 0 0 0 0 0 0 0 0 0 0 0 0 0 0 0 0 0 0 0 0 0 0 0 0 0 0 0 0 0 0 0 0 0 0 0 0 0 0 0 0 0 0 0 0 0 0 0 0 0 0 0 0 0 0 0 0 0 0 0 0 0 0 0 0 0 0 0 0 0 0 0 0 0 0 0 0 0 0 0 0 0 0 0 0 0 0 0 0 0 0 0 0 0 0 0 0 0 0 0 0 0 0 0 0 0 0 0 0 0 0 0 0 0 0 0 0 0 0 0 0 0 0 0 0 0 0 0 0 0 0 0 0 0 0 0 0 0 0 0 0 0 0 0 0 0 0 0 0 0 0 0 0 0 0 0 0 0 0 0 0 0 0 0 0 0 0 0 0 0 0 0 0 0 0 0 0 0 0 0 0 0 175 175 175 176 176 176 176 176 177 176 176 176 177 177 177 179 180 0 0 0 0 0 0 0 0 0 0 0 0 0 0 0 0 0 0 0 0 0 0 0 0 0 0 0 0 0 0 0 0 0 0 0 0 0 0 0 0 0 0 0 0 0 0 0 0 0 0 0 0 0 0 0 0 0 0 0 0 0 0 0 0 0 0 0 0 0 0 0 0 0 0 0 0 0 0 0 0 0 0 0 0 0 0 0 0 0 0 0 0 0 0 0 0 0 0 0 0 0 0 0 0 0 0 0 0 0 0 0 0 0 0 0 0 0 0 0 0 0 0 0 0 0 0 0 0 0 0 0 0 0 0 0 0 0 0 0 0 0 0 0 0 0 0 0 0 0 0 0 0 0 0 0 0 0 0 0 0 0 0 0 0 0 0 0 0 0 0 0 0 0 0 0 0 0 0 0 0 0 0 0 0 0 0 0 0 0 0 0 0 0 0 0 0 0 0 0 0 0 0 0 0 0 0 0 0 0 0 0 0 0 0 0 0 0 0 0 0 0 0 0 0 0 0 0 0 0 0 0 0 0 0 0 0 0 0 0 0 0 0 0 0 0 0 0 0 0 0 0 0 0 0 0 0 0 0 0 0 0 0 0 0 0 0 0 0 0 0 0 
0 0 0 0 0 0 0 0 0 0 0 0 0 0 0 0 0 0 0 0 0 0 0 0 0 0 0 0 0 0 0 0 0 0 0 0 0 0 0 0 0 0 0 0 0 0 0 0 0 0 0 0 0 0 0 0 0 0 0 0 0 0 0 0 0 0 0 0 0 0 0 0 0 0 0 0 0 0 0 0 0 0 0 0 0 0 0 0 0 0 0 0 0 0 0 0 0 0 0 0 0 0 0 0 0 0 0 0 0 0 0 0 0 0 0 0 0 0 0 0 0 0 0 0 0 0 0 0 0 0 0 0 0 0 0 0 0 0 0 0 0 0 0 0 0 0 0 0 0 0 0 0 0 0 0 0 0 0 0 0 0 0 0 0 0 0 0 0 0 0 0 0 0 0 0 0 0 0 0 0 0 0 0 0 0 0 0 0 0 0 0 0 0 0 0 0 0 0 0 0 0 0 0 0 0 0 0 0 0 0 0 0 0 0 0 176 175 175 176 176 176 176 177 178 178 177 176 177 177 178 179 180 0 0 0 0 0 0 0 0 0 0 0 0 0 0 0 0 0 0 0 0 0 0 0 0 0 0 0 0 0 0 0 0 0 0 0 0 0 0 0 0 0 0 0 0 0 0 0 0 0 0 0 0 0 0 0 0 0 0 0 0 0 0 0 0 0 0 0 0 0 0 0 0 0 0 0 0 0 0 0 0 0 0 0 0 0 0 0 0 0 0 0 0 0 0 0 0 0 0 0 0 0 0 0 0 0 0 0 0 0 0 0 0 0 0 0 0 0 0 0 0 0 0 0 0 0 0 0 0 0 0 0 0 0 0 0 0 0 0 0 0 0 0 0 0 0 0 0 0 0 0 0 0 0 0 0 0 0 0 0 0 0 0 0 0 0 0 0 0 0 0 0 0 0 0 0 0 0 0 0 0 0 0 0 0 0 0 0 0 0 0 0 0 0 0 0 0 0 0 0 0 0 0 0 0 0 0 0 0 0 0 0 0 0 0 0 0 0 0 0 0 0 0 0 0 0 0 0 0 0 0 0 0 0 0 0 0 0 0 0 0 0 0 0 0 0 0 0 0 0 0 0 0 0 0 0 0 0 0 0 0 0 0 0 0 0 0 0 0 0 0 0 
0 0 0 0 0 0 0 0 0 0 0 0 0 0 0 0 0 0 0 0 0 0 0 0 0 0 0 0 0 0 0 0 0 0 0 0 0 0 0 0 0 0 0 0 0 0 0 0 0 0 0 0 0 0 0 0 0 0 0 0 0 0 0 0 0 0 0 0 0 0 0 0 0 0 0 0 0 0 0 0 0 0 0 0 0 0 0 0 0 0 0 0 0 0 0 0 0 0 0 0 0 0 0 0 0 0 0 0 0 0 0 0 0 0 0 0 0 0 0 0 0 0 0 0 0 0 0 0 0 0 0 0 0 0 0 0 0 0 0 0 0 0 0 0 0 0 0 0 0 0 0 0 0 0 0 0 0 0 0 0 0 0 0 0 0 0 0 0 0 0 0 0 0 0 0 0 0 0 0 0 0 0 0 0 0 0 0 0 0 0 0 0 0 0 0 0 0 0 0 0 0 0 0 0 0 0 0 0 0 0 0 0 0 0 0 0 176 175 175 176 176 176 177 177 178 177 177 177 178 179 179 179 180 0 0 0 0 0 0 0 0 0 0 0 0 0 0 0 0 0 0 0 0 0 0 0 0 0 0 0 0 0 0 0 0 0 0 0 0 0 0 0 0 0 0 0 0 0 0 0 0 0 0 0 0 0 0 0 0 0 0 0 0 0 0 0 0 0 0 0 0 0 0 0 0 0 0 0 0 0 0 0 0 0 0 0 0 0 0 0 0 0 0 0 0 0 0 0 0 0 0 0 0 0 0 0 0 0 0 0 0 0 0 0 0 0 0 0 0 0 0 0 0 0 0 0 0 0 0 0 0 0 0 0 0 0 0 0 0 0 0 0 0 0 0 0 0 0 0 0 0 0 0 0 0 0 0 0 0 0 0 0 0 0 0 0 0 0 0 0 0 0 0 0 0 0 0 0 0 0 0 0 0 0 0 0 0 0 0 0 0 0 0 0 0 0 0 0 0 0 0 0 0 0 0 0 0 0 0 0 0 0 0 0 0 0 0 0 0 0 0 0 0 0 0 0 0 0 0 0 0 0 0 0 0 0 0 0 0 0 0 0 0 0 0 0 0 0 0 0 0 0 0 0 0 0 0 0 0 0 0 0 0 0 0 0 0 0 0 0 0 0 0 
0 0 0 0 0 0 0 0 0 0 0 0 0 0 0 0 0 0 0 0 0 0 0 0 0 0 0 0 0 0 0 0 0 0 0 0 0 0 0 0 0 0 0 0 0 0 0 0 0 0 0 0 0 0 0 0 0 0 0 0 0 0 0 0 0 0 0 0 0 0 0 0 0 0 0 0 0 0 0 0 0 0 0 0 0 0 0 0 0 0 0 0 0 0 0 0 0 0 0 0 0 0 0 0 0 0 0 0 0 0 0 0 0 0 0 0 0 0 0 0 0 0 0 0 0 0 0 0 0 0 0 0 0 0 0 0 0 0 0 0 0 0 0 0 0 0 0 0 0 0 0 0 0 0 0 0 0 0 0 0 0 0 0 0 0 0 0 0 0 0 0 0 0 0 0 0 0 0 0 0 0 0 0 0 0 0 0 0 0 0 0 0 0 0 0 0 0 0 0 0 0 0 0 0 0 0 0 0 0 0 0 0 0 0 0 0 0 176 175 175 176 176 176 177 178 178 177 177 177 178 178 178 180 0 0 0 0 0 0 0 0 0 0 0 0 0 0 0 0 0 0 0 0 0 0 0 0 0 0 0 0 0 0 0 0 0 0 0 0 0 0 0 0 0 0 0 0 0 0 0 0 0 0 0 0 0 0 0 0 0 0 0 0 0 0 0 0 0 0 0 0 0 0 0 0 0 0 0 0 0 0 0 0 0 0 0 0 0 0 0 0 0 0 0 0 0 0 0 0 0 0 0 0 0 0 0 0 0 0 0 0 0 0 0 0 0 0 0 0 0 0 0 0 0 0 0 0 0 0 0 0 0 0 0 0 0 0 0 0 0 0 0 0 0 0 0 0 0 0 0 0 0 0 0 0 0 0 0 0 0 0 0 0 0 0 0 0 0 0 0 0 0 0 0 0 0 0 0 0 0 0 0 0 0 0 0 0 0 0 0 0 0 0 0 0 0 0 0 0 0 0 0 0 0 0 0 0 0 0 0 0 0 0 0 0 0 0 0 0 0 0 0 0 0 0 0 0 0 0 0 0 0 0 0 0 0 0 0 0 0 0 0 0 0 0 0 0 0 0 0 0 0 0 0 0 0 0 0 0 0 0 0 0 0 0 0 0 0 0 0 0 0 0 
0 0 0 0 0 0 0 0 0 0 0 0 0 0 0 0 0 0 0 0 0 0 0 0 0 0 0 0 0 0 0 0 0 0 0 0 0 0 0 0 0 0 0 0 0 0 0 0 0 0 0 0 0 0 0 0 0 0 0 0 0 0 0 0 0 0 0 0 0 0 0 0 0 0 0 0 0 0 0 0 0 0 0 0 0 0 0 0 0 0 0 0 0 0 0 0 0 0 0 0 0 0 0 0 0 0 0 0 0 0 0 0 0 0 0 0 0 0 0 0 0 0 0 0 0 0 0 0 0 0 0 0 0 0 0 0 0 0 0 0 0 0 0 0 0 0 0 0 0 0 0 0 0 0 0 0 0 0 0 0 0 0 0 0 0 0 0 0 0 0 0 0 0 0 0 0 0 0 0 0 0 0 0 0 0 0 0 0 0 0 0 0 0 0 0 0 0 0 0 0 0 0 0 0 0 0 0 0 0 0 0 0 0 0 0 0 0 176 176 175 176 177 177 177 179 178 178 177 178 178 178 178 179 180 0 0 0 0 0 0 0 0 0 0 0 0 0 0 0 0 0 0 0 0 0 0 0 0 0 0 0 0 0 0 0 0 0 0 0 0 0 0 0 0 0 0 0 0 0 0 0 0 0 0 0 0 0 0 0 0 0 0 0 0 0 0 0 0 0 0 0 0 0 0 0 0 0 0 0 0 0 0 0 0 0 0 0 0 0 0 0 0 0 0 0 0 0 0 0 0 0 0 0 0 0 0 0 0 0 0 0 0 0 0 0 0 0 0 0 0 0 0 0 0 0 0 0 0 0 0 0 0 0 0 0 0 0 0 0 0 0 0 0 0 0 0 0 0 0 0 0 0 0 0 0 0 0 0 0 0 0 0 0 0 0 0 0 0 0 0 0 0 0 0 0 0 0 0 0 0 0 0 0 0 0 0 0 0 0 0 0 0 0 0 0 0 0 0 0 0 0 0 0 0 0 0 0 0 0 0 0 0 0 0 0 0 0 0 0 0 0 0 0 0 0 0 0 0 0 0 0 0 0 0 0 0 0 0 0 0 0 0 0 0 0 0 0 0 0 0 0 0 0 0 0 0 0 0 0 0 0 0 0 0 0 0 0 0 0 0 0 0 0 
0 0 0 0 0 0 0 0 0 0 0 0 0 0 0 0 0 0 0 0 0 0 0 0 0 0 0 0 0 0 0 0 0 0 0 0 0 0 0 0 0 0 0 0 0 0 0 0 0 0 0 0 0 0 0 0 0 0 0 0 0 0 0 0 0 0 0 0 0 0 0 0 0 0 0 0 0 0 0 0 0 0 0 0 0 0 0 0 0 0 0 0 0 0 0 0 0 0 0 0 0 0 0 0 0 0 0 0 0 0 0 0 0 0 0 0 0 0 0 0 0 0 0 0 0 0 0 0 0 0 0 0 0 0 0 0 0 0 0 0 0 0 0 0 0 0 0 0 0 0 0 0 0 0 0 0 0 0 0 0 0 0 0 0 0 0 0 0 0 0 0 0 0 0 0 0 0 0 0 0 0 0 0 0 0 0 0 0 0 0 0 0 0 0 0 0 0 0 0 0 0 0 0 0 0 0 0 0 0 0 0 0 0 0 0 0 0 176 176 176 176 177 177 177 178 178 178 178 178 179 179 180 180 180 0 0 0 0 0 0 0 0 0 0 0 0 0 0 0 0 0 0 0 0 0 0 0 0 0 0 0 0 0 0 0 0 0 0 0 0 0 0 0 0 0 0 0 0 0 0 0 0 0 0 0 0 0 0 0 0 0 0 0 0 0 0 0 0 0 0 0 0 0 0 0 0 0 0 0 0 0 0 0 0 0 0 0 0 0 0 0 0 0 0 0 0 0 0 0 0 0 0 0 0 0 0 0 0 0 0 0 0 0 0 0 0 0 0 0 0 0 0 0 0 0 0 0 0 0 0 0 0 0 0 0 0 0 0 0 0 0 0 0 0 0 0 0 0 0 0 0 0 0 0 0 0 0 0 0 0 0 0 0 0 0 0 0 0 0 0 0 0 0 0 0 0 0 0 0 0 0 0 0 0 0 0 0 0 0 0 0 0 0 0 0 0 0 0 0 0 0 0 0 0 0 0 0 0 0 0 0 0 0 0 0 0 0 0 0 0 0 0 0 0 0 0 0 0 0 0 0 0 0 0 0 0 0 0 0 0 0 0 0 0 0 0 0 0 0 0 0 0 0 0 0 0 0 0 0 0 0 0 0 0 0 0 0 0 0 0 0 0 0 
0 0 0 0 0 0 0 0 0 0 0 0 0 0 0 0 0 0 0 0 0 0 0 0 0 0 0 0 0 0 0 0 0 0 0 0 0 0 0 0 0 0 0 0 0 0 0 0 0 0 0 0 0 0 0 0 0 0 0 0 0 0 0 0 0 0 0 0 0 0 0 0 0 0 0 0 0 0 0 0 0 0 0 0 0 0 0 0 0 0 0 0 0 0 0 0 0 0 0 0 0 0 0 0 0 0 0 0 0 0 0 0 0 0 0 0 0 0 0 0 0 0 0 0 0 0 0 0 0 0 0 0 0 0 0 0 0 0 0 0 0 0 0 0 0 0 0 0 0 0 0 0 0 0 0 0 0 0 0 0 0 0 0 0 0 0 0 0 0 0 0 0 0 0 0 0 0 0 0 0 0 0 0 0 0 0 0 0 0 0 0 0 0 0 0 0 0 0 0 0 0 0 0 0 0 0 0 0 0 0 0 0 0 0 0 0 0 176 176 176 175 176 176 177 177 178 178 178 178 178 179 180 180 0 0 0 0 0 0 0 0 0 0 0 0 0 0 0 0 0 0 0 0 0 0 0 0 0 0 0 0 0 0 0 0 0 0 0 0 0 0 0 0 0 0 0 0 0 0 0 0 0 0 0 0 0 0 0 0 0 0 0 0 0 0 0 0 0 0 0 0 0 0 0 0 0 0 0 0 0 0 0 0 0 0 0 0 0 0 0 0 0 0 0 0 0 0 0 0 0 0 0 0 0 0 0 0 0 0 0 0 0 0 0 0 0 0 0 0 0 0 0 0 0 0 0 0 0 0 0 0 0 0 0 0 0 0 0 0 0 0 0 0 0 0 0 0 0 0 0 0 0 0 0 0 0 0 0 0 0 0 0 0 0 0 0 0 0 0 0 0 0 0 0 0 0 0 0 0 0 0 0 0 0 0 0 0 0 0 0 0 0 0 0 0 0 0 0 0 0 0 0 0 0 0 0 0 0 0 0 0 0 0 0 0 0 0 0 0 0 0 0 0 0 0 0 0 0 0 0 0 0 0 0 0 0 0 0 0 0 0 0 0 0 0 0 0 0 0 0 0 0 0 0 0 0 0 0 0 0 0 0 0 0 0 0 0 0 0 0 0 0 0 
0 0 0 0 0 0 0 0 0 0 0 0 0 0 0 0 0 0 0 0 0 0 0 0 0 0 0 0 0 0 0 0 0 0 0 0 0 0 0 0 0 0 0 0 0 0 0 0 0 0 0 0 0 0 0 0 0 0 0 0 0 0 0 0 0 0 0 0 0 0 0 0 0 0 0 0 0 0 0 0 0 0 0 0 0 0 0 0 0 0 0 0 0 0 0 0 0 0 0 0 0 0 0 0 0 0 0 0 0 0 0 0 0 0 0 0 0 0 0 0 0 0 0 0 0 0 0 0 0 0 0 0 0 0 0 0 0 0 0 0 0 0 0 0 0 0 0 0 0 0 0 0 0 0 0 0 0 0 0 0 0 0 0 0 0 0 0 0 0 0 0 0 0 0 0 0 0 0 0 0 0 0 0 0 0 0 0 0 0 0 0 0 0 0 0 0 0 0 0 0 0 0 0 0 0 0 0 0 0 0 0 0 0 0 0 0 177 176 176 176 176 176 176 177 177 177 178 179 179 178 179 179 180 0 0 0 0 0 0 0 0 0 0 0 0 0 0 0 0 0 0 0 0 0 0 0 0 0 0 0 0 0 0 0 0 0 0 0 0 0 0 0 0 0 0 0 0 0 0 0 0 0 0 0 0 0 0 0 0 0 0 0 0 0 0 0 0 0 0 0 0 0 0 0 0 0 0 0 0 0 0 0 0 0 0 0 0 0 0 0 0 0 0 0 0 0 0 0 0 0 0 0 0 0 0 0 0 0 0 0 0 0 0 0 0 0 0 0 0 0 0 0 0 0 0 0 0 0 0 0 0 0 0 0 0 0 0 0 0 0 0 0 0 0 0 0 0 0 0 0 0 0 0 0 0 0 0 0 0 0 0 0 0 0 0 0 0 0 0 0 0 0 0 0 0 0 0 0 0 0 0 0 0 0 0 0 0 0 0 0 0 0 0 0 0 0 0 0 0 0 0 0 0 0 0 0 0 0 0 0 0 0 0 0 0 0 0 0 0 0 0 0 0 0 0 0 0 0 0 0 0 0 0 0 0 0 0 0 0 0 0 0 0 0 0 0 0 0 0 0 0 0 0 0 0 0 0 0 0 0 0 0 0 0 0 0 0 0 0 0 0 0 0 
0 0 0 0 0 0 0 0 0 0 0 0 0 0 0 0 0 0 0 0 0 0 0 0 0 0 0 0 0 0 0 0 0 0 0 0 0 0 0 0 0 0 0 0 0 0 0 0 0 0 0 0 0 0 0 0 0 0 0 0 0 0 0 0 0 0 0 0 0 0 0 0 0 0 0 0 0 0 0 0 0 0 0 0 0 0 0 0 0 0 0 0 0 0 0 0 0 0 0 0 0 0 0 0 0 0 0 0 0 0 0 0 0 0 0 0 0 0 0 0 0 0 0 0 0 0 0 0 0 0 0 0 0 0 0 0 0 0 0 0 0 0 0 0 0 0 0 0 0 0 0 0 0 0 0 0 0 0 0 0 0 0 0 0 0 0 0 0 0 0 0 0 0 0 0 0 0 0 0 0 0 0 0 0 0 0 0 0 0 0 0 0 0 0 0 0 0 0 0 0 0 0 0 0 0 0 0 0 0 0 0 0 0 0 0 177 177 177 177 176 177 176 177 178 178 177 178 179 179 179 179 179 180 180 0 0 0 0 0 0 0 0 0 0 0 0 0 0 0 0 0 0 0 0 0 0 0 0 0 0 0 0 0 0 0 0 0 0 0 0 0 0 0 0 0 0 0 0 0 0 0 0 0 0 0 0 0 0 0 0 0 0 0 0 0 0 0 0 0 0 0 0 0 0 0 0 0 0 0 0 0 0 0 0 0 0 0 0 0 0 0 0 0 0 0 0 0 0 0 0 0 0 0 0 0 0 0 0 0 0 0 0 0 0 0 0 0 0 0 0 0 0 0 0 0 0 0 0 0 0 0 0 0 0 0 0 0 0 0 0 0 0 0 0 0 0 0 0 0 0 0 0 0 0 0 0 0 0 0 0 0 0 0 0 0 0 0 0 0 0 0 0 0 0 0 0 0 0 0 0 0 0 0 0 0 0 0 0 0 0 0 0 0 0 0 0 0 0 0 0 0 0 0 0 0 0 0 0 0 0 0 0 0 0 0 0 0 0 0 0 0 0 0 0 0 0 0 0 0 0 0 0 0 0 0 0 0 0 0 0 0 0 0 0 0 0 0 0 0 0 0 0 0 0 0 0 0 0 0 0 0 0 0 0 0 0 0 0 0 0 0 0 0 
0 0 0 0 0 0 0 0 0 0 0 0 0 0 0 0 0 0 0 0 0 0 0 0 0 0 0 0 0 0 0 0 0 0 0 0 0 0 0 0 0 0 0 0 0 0 0 0 0 0 0 0 0 0 0 0 0 0 0 0 0 0 0 0 0 0 0 0 0 0 0 0 0 0 0 0 0 0 0 0 0 0 0 0 0 0 0 0 0 0 0 0 0 0 0 0 0 0 0 0 0 0 0 0 0 0 0 0 0 0 0 0 0 0 0 0 0 0 0 0 0 0 0 0 0 0 0 0 0 0 0 0 0 0 0 0 0 0 0 0 0 0 0 0 0 0 0 0 0 0 0 0 0 0 0 0 0 0 0 0 0 0 0 0 0 0 0 0 0 0 0 0 0 0 0 0 0 0 0 0 0 0 0 0 0 0 0 0 0 0 0 0 0 0 0 0 0 0 0 0 0 0 0 0 0 0 0 0 0 0 0 0 0 177 177 177 178 178 177 177 177 177 177 178 179 178 178 179 180 179 179 179 180 180 181 0 0 0 0 0 0 0 0 0 0 0 0 0 0 0 0 0 0 0 0 0 0 0 0 0 0 0 0 0 0 0 0 0 0 0 0 0 0 0 0 0 0 0 0 0 0 0 0 0 0 0 0 0 0 0 0 0 0 0 0 0 0 0 0 0 0 0 0 0 0 0 0 0 0 0 0 0 0 0 0 0 0 0 0 0 0 0 0 0 0 0 0 0 0 0 0 0 0 0 0 0 0 0 0 0 0 0 0 0 0 0 0 0 0 0 0 0 0 0 0 0 0 0 0 0 0 0 0 0 0 0 0 0 0 0 0 0 0 0 0 0 0 0 0 0 0 0 0 0 0 0 0 0 0 0 0 0 0 0 0 0 0 0 0 0 0 0 0 0 0 0 0 0 0 0 0 0 0 0 0 0 0 0 0 0 0 0 0 0 0 0 0 0 0 0 0 0 0 0 0 0 0 0 0 0 0 0 0 0 0 0 0 0 0 0 0 0 0 0 0 0 0 0 0 0 0 0 0 0 0 0 0 0 0 0 0 0 0 0 0 0 0 0 0 0 0 0 0 0 0 0 0 0 0 0 0 0 0 0 0 0 0 0 0 0 0 0 0 
0 0 0 0 0 0 0 0 0 0 0 0 0 0 0 0 0 0 0 0 0 0 0 0 0 0 0 0 0 0 0 0 0 0 0 0 0 0 0 0 0 0 0 0 0 0 0 0 0 0 0 0 0 0 0 0 0 0 0 0 0 0 0 0 0 0 0 0 0 0 0 0 0 0 0 0 0 0 0 0 0 0 0 0 0 0 0 0 0 0 0 0 0 0 0 0 0 0 0 0 0 0 0 0 0 0 0 0 0 0 0 0 0 0 0 0 0 0 0 0 0 0 0 0 0 0 0 0 0 0 0 0 0 0 0 0 0 0 0 0 0 0 0 0 0 0 0 0 0 0 0 0 0 0 0 0 0 0 0 0 0 0 0 0 0 0 0 0 0 0 0 0 0 0 0 0 0 0 0 0 0 0 0 0 0 0 0 0 0 0 0 0 0 0 0 0 0 0 0 0 0 0 0 0 0 0 0 0 0 0 0 177 177 176 177 178 178 177 178 178 178 178 178 178 179 179 178 178 179 179 179 179 180 180 0 0 0 0 0 0 0 0 0 0 0 0 0 0 0 0 0 0 0 0 0 0 0 0 0 0 0 0 0 0 0 0 0 0 0 0 0 0 0 0 0 0 0 0 0 0 0 0 0 0 0 0 0 0 0 0 0 0 0 0 0 0 0 0 0 0 0 0 0 0 0 0 0 0 0 0 0 0 0 0 0 0 0 0 0 0 0 0 0 0 0 0 0 0 0 0 0 0 0 0 0 0 0 0 0 0 0 0 0 0 0 0 0 0 0 0 0 0 0 0 0 0 0 0 0 0 0 0 0 0 0 0 0 0 0 0 0 0 0 0 0 0 0 0 0 0 0 0 0 0 0 0 0 0 0 0 0 0 0 0 0 0 0 0 0 0 0 0 0 0 0 0 0 0 0 0 0 0 0 0 0 0 0 0 0 0 0 0 0 0 0 0 0 0 0 0 0 0 0 0 0 0 0 0 0 0 0 0 0 0 0 0 0 0 0 0 0 0 0 0 0 0 0 0 0 0 0 0 0 0 0 0 0 0 0 0 0 0 0 0 0 0 0 0 0 0 0 0 0 0 0 0 0 0 0 0 0 0 0 0 0 0 0 0 0 0 0 0 0 
0 0 0 0 0 0 0 0 0 0 0 0 0 0 0 0 0 0 0 0 0 0 0 0 0 0 0 0 0 0 0 0 0 0 0 0 0 0 0 0 0 0 0 0 0 0 0 0 0 0 0 0 0 0 0 0 0 0 0 0 0 0 0 0 0 0 0 0 0 0 0 0 0 0 0 0 0 0 0 0 0 0 0 0 0 0 0 0 0 0 0 0 0 0 0 0 0 0 0 0 0 0 0 0 0 0 0 0 0 0 0 0 0 0 0 0 0 0 0 0 0 0 0 0 0 0 0 0 0 0 0 0 0 0 0 0 0 0 0 0 0 0 0 0 0 0 0 0 0 0 0 0 0 0 0 0 0 0 0 0 0 0 0 0 0 0 0 0 0 0 0 0 0 0 0 0 0 0 0 0 0 0 0 0 0 0 0 0 0 0 0 0 0 0 0 0 0 0 0 0 0 0 0 0 0 0 0 0 0 0 0 0 176 176 177 177 177 177 177 177 178 178 178 179 179 179 179 179 179 179 179 180 179 0 0 0 0 0 0 0 0 0 0 0 0 0 0 0 0 0 0 0 0 0 0 0 0 0 0 0 0 0 0 0 0 0 0 0 0 0 0 0 0 0 0 0 0 0 0 0 0 0 0 0 0 0 0 0 0 0 0 0 0 0 0 0 0 0 0 0 0 0 0 0 0 0 0 0 0 0 0 0 0 0 0 0 0 0 0 0 0 0 0 0 0 0 0 0 0 0 0 0 0 0 0 0 0 0 0 0 0 0 0 0 0 0 0 0 0 0 0 0 0 0 0 0 0 0 0 0 0 0 0 0 0 0 0 0 0 0 0 0 0 0 0 0 0 0 0 0 0 0 0 0 0 0 0 0 0 0 0 0 0 0 0 0 0 0 0 0 0 0 0 0 0 0 0 0 0 0 0 0 0 0 0 0 0 0 0 0 0 0 0 0 0 0 0 0 0 0 0 0 0 0 0 0 0 0 0 0 0 0 0 0 0 0 0 0 0 0 0 0 0 0 0 0 0 0 0 0 0 0 0 0 0 0 0 0 0 0 0 0 0 0 0 0 0 0 0 0 0 0 0 0 0 0 0 0 0 0 0 0 0 0 0 0 0 0 0 0 0 0 0 
0 0 0 0 0 0 0 0 0 0 0 0 0 0 0 0 0 0 0 0 0 0 0 0 0 0 0 0 0 0 0 0 0 0 0 0 0 0 0 0 0 0 0 0 0 0 0 0 0 0 0 0 0 0 0 0 0 0 0 0 0 0 0 0 0 0 0 0 0 0 0 0 0 0 0 0 0 0 0 0 0 0 0 0 0 0 0 0 0 0 0 0 0 0 0 0 0 0 0 0 0 0 0 0 0 0 0 0 0 0 0 0 0 0 0 0 0 0 0 0 0 0 0 0 0 0 0 0 0 0 0 0 0 0 0 0 0 0 0 0 0 0 0 0 0 0 0 0 0 0 0 0 0 0 0 0 0 0 0 0 0 0 0 0 0 0 0 0 0 0 0 0 0 0 0 0 0 0 0 0 0 0 0 0 0 0 0 0 0 0 0 0 0 0 0 0 0 0 0 0 0 0 0 0 0 0 0 0 0 0 0 0 177 176 176 176 177 177 177 177 177 178 178 178 178 179 179 179 179 179 179 180 0 0 0 0 0 0 0 0 0 0 0 0 0 0 0 0 0 0 0 0 0 0 0 0 0 0 0 0 0 0 0 0 0 0 0 0 0 0 0 0 0 0 0 0 0 0 0 0 0 0 0 0 0 0 0 0 0 0 0 0 0 0 0 0 0 0 0 0 0 0 0 0 0 0 0 0 0 0 0 0 0 0 0 0 0 0 0 0 0 0 0 0 0 0 0 0 0 0 0 0 0 0 0 0 0 0 0 0 0 0 0 0 0 0 0 0 0 0 0 0 0 0 0 0 0 0 0 0 0 0 0 0 0 0 0 0 0 0 0 0 0 0 0 0 0 0 0 0 0 0 0 0 0 0 0 0 0 0 0 0 0 0 0 0 0 0 0 0 0 0 0 0 0 0 0 0 0 0 0 0 0 0 0 0 0 0 0 0 0 0 0 0 0 0 0 0 0 0 0 0 0 0 0 0 0 0 0 0 0 0 0 0 0 0 0 0 0 0 0 0 0 0 0 0 0 0 0 0 0 0 0 0 0 0 0 0 0 0 0 0 0 0 0 0 0 0 0 0 0 0 0 0 0 0 0 0 0 0 0 0 0 0 0 0 0 0 0 0 0 0 0 
0 0 0 0 0 0 0 0 0 0 0 0 0 0 0 0 0 0 0 0 0 0 0 0 0 0 0 0 0 0 0 0 0 0 0 0 0 0 0 0 0 0 0 0 0 0 0 0 0 0 0 0 0 0 0 0 0 0 0 0 0 0 0 0 0 0 0 0 0 0 0 0 0 0 0 0 0 0 0 0 0 0 0 0 0 0 0 0 0 0 0 0 0 0 0 0 0 0 0 0 0 0 0 0 0 0 0 0 0 0 0 0 0 0 0 0 0 0 0 0 0 0 0 0 0 0 0 0 0 0 0 0 0 0 0 0 0 0 0 0 0 0 0 0 0 0 0 0 0 0 0 0 0 0 0 0 0 0 0 0 0 0 0 0 0 0 0 0 0 0 0 0 0 0 0 0 0 0 0 0 0 0 0 0 0 0 0 0 0 0 0 0 0 0 0 0 0 0 0 0 0 0 0 0 0 0 0 0 0 0 0 0 0 177 177 177 177 177 178 177 177 177 177 177 177 177 178 178 178 179 180 0 0 0 0 0 0 0 0 0 0 0 0 0 0 0 0 0 0 0 0 0 0 0 0 0 0 0 0 0 0 0 0 0 0 0 0 0 0 0 0 0 0 0 0 0 0 0 0 0 0 0 0 0 0 0 0 0 0 0 0 0 0 0 0 0 0 0 0 0 0 0 0 0 0 0 0 0 0 0 0 0 0 0 0 0 0 0 0 0 0 0 0 0 0 0 0 0 0 0 0 0 0 0 0 0 0 0 0 0 0 0 0 0 0 0 0 0 0 0 0 0 0 0 0 0 0 0 0 0 0 0 0 0 0 0 0 0 0 0 0 0 0 0 0 0 0 0 0 0 0 0 0 0 0 0 0 0 0 0 0 0 0 0 0 0 0 0 0 0 0 0 0 0 0 0 0 0 0 0 0 0 0 0 0 0 0 0 0 0 0 0 0 0 0 0 0 0 0 0 0 0 0 0 0 0 0 0 0 0 0 0 0 0 0 0 0 0 0 0 0 0 0 0 0 0 0 0 0 0 0 0 0 0 0 0 0 0 0 0 0 0 0 0 0 0 0 0 0 0 0 0 0 0 0 0 0 0 0 0 0 0 0 0 0 0 0 0 0 0 0 0 0 
0 0 0 0 0 0 0 0 0 0 0 0 0 0 0 0 0 0 0 0 0 0 0 0 0 0 0 0 0 0 0 0 0 0 0 0 0 0 0 0 0 0 0 0 0 0 0 0 0 0 0 0 0 0 0 0 0 0 0 0 0 0 0 0 0 0 0 0 0 0 0 0 0 0 0 0 0 0 0 0 0 0 0 0 0 0 0 0 0 0 0 0 0 0 0 0 0 0 0 0 0 0 0 0 0 0 0 0 0 0 0 0 0 0 0 0 0 0 0 0 0 0 0 0 0 0 0 0 0 0 0 0 0 0 0 0 0 0 0 0 0 0 0 0 0 0 0 0 0 0 0 0 0 0 0 0 0 0 0 0 0 0 0 0 0 0 0 0 0 0 0 0 0 0 0 0 0 0 0 0 0 0 0 0 0 0 0 0 0 0 0 0 0 0 0 0 0 0 0 0 0 0 0 0 0 0 0 0 0 0 0 0 0 177 177 177 178 178 177 177 177 177 177 177 178 178 178 178 179 179 0 0 0 0 0 0 0 0 0 0 0 0 0 0 0 0 0 0 0 0 0 0 0 0 0 0 0 0 0 0 0 0 0 0 0 0 0 0 0 0 0 0 0 0 0 0 0 0 0 0 0 0 0 0 0 0 0 0 0 0 0 0 0 0 0 0 0 0 0 0 0 0 0 0 0 0 0 0 0 0 0 0 0 0 0 0 0 0 0 0 0 0 0 0 0 0 0 0 0 0 0 0 0 0 0 0 0 0 0 0 0 0 0 0 0 0 0 0 0 0 0 0 0 0 0 0 0 0 0 0 0 0 0 0 0 0 0 0 0 0 0 0 0 0 0 0 0 0 0 0 0 0 0 0 0 0 0 0 0 0 0 0 0 0 0 0 0 0 0 0 0 0 0 0 0 0 0 0 0 0 0 0 0 0 0 0 0 0 0 0 0 0 0 0 0 0 0 0 0 0 0 0 0 0 0 0 0 0 0 0 0 0 0 0 0 0 0 0 0 0 0 0 0 0 0 0 0 0 0 0 0 0 0 0 0 0 0 0 0 0 0 0 0 0 0 0 0 0 0 0 0 0 0 0 0 0 0 0 0 0 0 0 0 0 0 0 0 0 0 0 0 0 0 
0 0 0 0 0 0 0 0 0 0 0 0 0 0 0 0 0 0 0 0 0 0 0 0 0 0 0 0 0 0 0 0 0 0 0 0 0 0 0 0 0 0 0 0 0 0 0 0 0 0 0 0 0 0 0 0 0 0 0 0 0 0 0 0 0 0 0 0 0 0 0 0 0 0 0 0 0 0 0 0 0 0 0 0 0 0 0 0 0 0 0 0 0 0 0 0 0 0 0 0 0 0 0 0 0 0 0 0 0 0 0 0 0 0 0 0 0 0 0 0 0 0 0 0 0 0 0 0 0 0 0 0 0 0 0 0 0 0 0 0 0 0 0 0 0 0 0 0 0 0 0 0 0 0 0 0 0 0 0 0 0 0 0 0 0 0 0 0 0 0 0 0 0 0 0 0 0 0 0 0 0 0 0 0 0 0 0 0 0 0 0 0 0 0 0 0 0 0 0 0 0 0 0 0 0 0 0 0 0 0 0 0 0 0 177 176 177 177 177 0 0 177 177 177 177 178 178 179 0 0 0 0 0 0 0 0 0 0 0 0 0 0 0 0 0 0 0 0 0 0 0 0 0 0 0 0 0 0 0 0 0 0 0 0 0 0 0 0 0 0 0 0 0 0 0 0 0 0 0 0 0 0 0 0 0 0 0 0 0 0 0 0 0 0 0 0 0 0 0 0 0 0 0 0 0 0 0 0 0 0 0 0 0 0 0 0 0 0 0 0 0 0 0 0 0 0 0 0 0 0 0 0 0 0 0 0 0 0 0 0 0 0 0 0 0 0 0 0 0 0 0 0 0 0 0 0 0 0 0 0 0 0 0 0 0 0 0 0 0 0 0 0 0 0 0 0 0 0 0 0 0 0 0 0 0 0 0 0 0 0 0 0 0 0 0 0 0 0 0 0 0 0 0 0 0 0 0 0 0 0 0 0 0 0 0 0 0 0 0 0 0 0 0 0 0 0 0 0 0 0 0 0 0 0 0 0 0 0 0 0 0 0 0 0 0 0 0 0 0 0 0 0 0 0 0 0 0 0 0 0 0 0 0 0 0 0 0 0 0 0 0 0 0 0 0 0 0 0 0 0 0 0 0 0 0 0 0 0 0 0 0 0 0 0 0 0 0 0 0 0 0 0 0 
0 0 0 0 0 0 0 0 0 0 0 0 0 0 0 0 0 0 0 0 0 0 0 0 0 0 0 0 0 0 0 0 0 0 0 0 0 0 0 0 0 0 0 0 0 0 0 0 0 0 0 0 0 0 0 0 0 0 0 0 0 0 0 0 0 0 0 0 0 0 0 0 0 0 0 0 0 0 0 0 0 0 0 0 0 0 0 0 0 0 0 0 0 0 0 0 0 0 0 0 0 0 0 0 0 0 0 0 0 0 0 0 0 0 0 0 0 0 0 0 0 0 0 0 0 0 0 0 0 0 0 0 0 0 0 0 0 0 0 0 0 0 0 0 0 0 0 0 0 0 0 0 0 0 0 0 0 0 0 0 0 0 0 0 0 0 0 0 0 0 0 0 0 0 0 0 0 0 0 0 0 0 0 0 0 0 0 0 0 0 0 0 0 0 0 0 0 0 0 0 0 0 0 0 0 0 0 0 0 0 0 0 0 0 0 176 176 176 0 0 0 0 177 178 178 178 0 0 0 0 0 0 0 0 0 0 0 0 0 0 0 0 0 0 0 0 0 0 0 0 0 0 0 0 0 0 0 0 0 0 0 0 0 0 0 0 0 0 0 0 0 0 0 0 0 0 0 0 0 0 0 0 0 0 0 0 0 0 0 0 0 0 0 0 0 0 0 0 0 0 0 0 0 0 0 0 0 0 0 0 0 0 0 0 0 0 0 0 0 0 0 0 0 0 0 0 0 0 0 0 0 0 0 0 0 0 0 0 0 0 0 0 0 0 0 0 0 0 0 0 0 0 0 0 0 0 0 0 0 0 0 0 0 0 0 0 0 0 0 0 0 0 0 0 0 0 0 0 0 0 0 0 0 0 0 0 0 0 0 0 0 0 0 0 0 0 0 0 0 0 0 0 0 0 0 0 0 0 0 0 0 0 0 0 0 0 0 0 0 0 0 0 0 0 0 0 0 0 0 0 0 0 0 0 0 0 0 0 0 0 0 0 0 0 0 0 0 0 0 0 0 0 0 0 0 0 0 0 0 0 0 0 0 0 0 0 0 0 0 0 0 0 0 0 0 0 0 0 0 0 0 0 0 0 0 0 0 0 0 0 0 0 0 0 0 0 0 0 0 0 0 0 0 
