0 0 0 0 0 0 0 0 0 0 0 0 0 0 0 0 0 0 0 0 0 0 0 0 0 0 0 0 0 0 0 0 0 0 0 0 0 0 0 0 0 0 0 0 0 0 0 0 0 0 0 0 0 0 0 0 0 0 0 0 0 0 0 0 0 0 0 0 0 0 0 0 0 0 0 0 0 0 0 0 0 0 0 0 0 0 0 0 0 0 0 0 0 0 0 0 0 0 0 0 0 190 0 0 0 0 0 0 0 0 0 0 0 0 0 0 0 0 0 0 0 0 0 0 0 0 0 0 0 0 0 0 0 0 0 0 0 0 0 0 0 0 0 0 0 0 0 0 0 0 0 0 0 0 0 0 0 0 0 0 0 0 0 0 0 0 0 0 0 0 0 0 0 0 0 0 0 0 0 0 0 0 0 0 0 0 0 0 0 0 0 0 0 0 0 0 0 0 0 0 0 0 0 0 0 0 0 0 0 0 0 0 0 0 0 0 0 0 0 0 0 0 0 0 0 0 0 0 0 0 0 0 0 0 0 0 0 0 0 0 0 0 0 0 0 0 0 0 0 0 0 0 0 0 0 0 0 0 0 0 0 0 0 0 0 0 0 0 0 0 0 0 0 0 0 0 0 0 0 0 0 0 0 0 0 0 0 0 0 0 0 0 0 0 0 0 0 0 0 0 0 0 0 0 0 0 0 0 0 0 0 0 0 0 0 0 0 0 0 0 0 0 0 0 0 0 0 0 0 0 0 0 0 0 0 0 0 0 0 0 0 0 0 0 0 0 0 0 0 0 0 0 0 0 0 0 0 0 0 0 0 0 0 0 0 0 0 0 0 0 0 0 0 0 0 0 0 0 0 0 0 0 0 0 0 0 0 0 0 0 0 0 0 0 0 0 0 0 0 0 0 0 0 0 0 0 0 0 0 0 0 0 0 0 0 0 0 0 0 0 0 0 0 0 0 0 0 0 0 0 0 0 0 0 0 0 0 0 0 0 0 0 0 0 0 0 0 0 0 0 0 0 0 0 0 0 0 0 0 0 0 0 0 0 0 0 0 0 0 0 0 0 0 0 0 0 0 0 0 0 0 0 0 0 0 0 0 0 0 0 0 0 0 0 0 0 0 0 0 0 0 0 0 
0 0 0 0 0 0 0 0 0 0 0 0 0 0 0 0 0 0 0 0 0 0 0 0 0 0 0 0 0 0 0 0 0 0 0 0 0 0 0 0 0 0 0 0 0 0 0 0 0 0 0 0 0 0 0 0 0 0 0 0 0 0 0 0 0 0 0 0 0 0 0 0 0 0 0 0 0 0 0 0 0 0 0 0 0 0 0 0 0 0 0 0 0 0 0 0 0 0 0 0 190 190 190 190 190 190 190 0 0 0 0 0 0 0 0 0 0 0 0 0 0 0 0 0 0 0 0 0 0 0 0 0 0 0 0 0 0 0 0 0 0 0 0 0 0 0 0 0 0 0 0 0 0 0 0 0 0 0 0 0 0 0 0 0 0 0 0 0 0 0 0 0 0 0 0 0 0 0 0 0 0 0 0 0 0 0 0 0 0 0 0 0 0 0 0 0 0 0 0 0 0 0 0 0 0 0 0 0 0 0 0 0 0 0 0 0 0 0 0 0 0 0 0 0 0 0 0 0 0 0 0 0 0 0 0 0 0 0 0 0 0 0 0 0 0 0 0 0 0 0 0 0 0 0 0 0 0 0 0 0 0 0 0 0 0 0 0 0 0 0 0 0 0 0 0 0 0 0 0 0 0 0 0 0 0 0 0 0 0 0 0 0 0 0 0 0 0 0 0 0 0 0 0 0 0 0 0 0 0 0 0 0 0 0 0 0 0 0 0 0 0 0 0 0 0 0 0 0 0 0 0 0 0 0 0 0 0 0 0 0 0 0 0 0 0 0 0 0 0 0 0 0 0 0 0 0 0 0 0 0 0 0 0 0 0 0 0 0 0 0 0 0 0 0 0 0 0 0 0 0 0 0 0 0 0 0 0 0 0 0 0 0 0 0 0 0 0 0 0 0 0 0 0 0 0 0 0 0 0 0 0 0 0 0 0 0 0 0 0 0 0 0 0 0 0 0 0 0 0 0 0 0 0 0 0 0 0 0 0 0 0 0 0 0 0 0 0 0 0 0 0 0 0 0 0 0 0 0 0 0 0 0 0 0 0 0 0 0 0 0 0 0 0 0 0 0 0 0 0 0 0 0 0 0 0 0 0 0 0 0 0 0 0 0 0 0 0 0 0 0 0 0 0 
0 0 0 0 0 0 0 0 0 0 0 0 0 0 0 0 0 0 0 0 0 0 0 0 0 0 0 0 0 0 0 0 0 0 0 0 0 0 0 0 0 0 0 0 0 0 0 0 0 0 0 0 0 0 0 0 0 0 0 0 0 0 0 0 0 0 0 0 0 0 0 0 0 0 0 0 0 0 0 0 0 0 0 0 0 0 0 0 0 0 191 191 191 191 191 191 191 0 191 190 190 190 190 190 190 190 190 190 0 0 0 0 0 0 0 0 0 0 0 0 0 0 0 0 0 0 0 0 0 0 0 0 0 188 188 188 188 188 188 188 188 188 188 188 188 0 0 0 0 0 0 0 0 187 0 0 0 0 0 0 0 0 0 0 0 0 0 0 0 0 0 0 0 0 0 0 0 0 0 0 0 0 0 0 0 0 0 0 0 0 0 0 0 0 0 0 0 0 0 0 0 0 0 0 0 0 0 0 0 0 0 0 0 0 0 0 0 0 0 0 0 0 0 0 0 0 0 0 0 0 0 0 0 0 0 0 0 0 0 0 0 0 0 0 0 0 0 0 0 0 0 0 0 0 0 0 0 0 0 0 0 0 0 0 0 0 0 0 0 0 0 0 0 0 0 0 0 0 0 0 0 0 0 0 0 0 0 0 0 0 0 0 0 0 0 0 0 0 0 0 0 0 0 0 0 0 0 0 0 0 0 0 0 0 0 0 0 0 0 0 0 0 0 0 0 0 0 0 0 0 0 0 0 0 0 0 0 0 0 0 0 0 0 0 0 0 0 0 0 0 0 0 0 0 0 0 0 0 0 0 0 0 0 0 0 0 0 0 0 0 0 0 0 0 0 0 0 0 0 0 0 0 0 0 0 0 0 0 0 0 0 0 0 0 0 0 0 0 0 0 0 0 0 0 0 0 0 0 0 0 0 0 0 0 0 0 0 0 0 0 0 0 0 0 0 0 0 0 0 0 0 0 0 0 0 0 0 0 0 0 0 0 0 0 0 0 0 0 0 0 0 0 0 0 0 0 0 0 0 0 0 0 0 0 0 0 0 0 0 0 0 0 0 0 0 0 0 0 0 0 0 0 0 0 0 0 0 0 0 0 0 0 0 0 0 0 0 0 0 0 0 0 0 
0 0 0 0 0 0 0 0 0 0 0 0 0 0 0 0 0 0 0 0 0 0 0 0 0 0 0 0 0 0 0 0 0 0 0 0 0 0 0 0 0 0 0 0 0 0 0 0 0 0 0 0 0 0 0 0 0 0 0 0 0 0 0 0 0 0 0 0 0 0 0 0 0 0 0 0 0 0 0 0 0 0 0 0 0 0 0 0 191 191 191 191 191 191 191 191 191 191 191 191 191 191 190 190 190 190 190 190 190 190 190 0 0 0 0 0 0 0 0 0 0 0 0 0 0 0 0 0 0 0 0 189 189 189 189 188 188 188 188 188 188 188 188 188 188 0 0 0 0 0 0 0 188 187 187 0 0 0 0 0 0 0 0 0 0 0 0 0 0 0 0 0 0 0 0 0 0 0 0 0 0 0 0 0 0 0 0 0 0 0 0 0 0 0 0 0 0 0 0 0 0 0 0 0 0 0 0 0 0 0 0 0 0 0 0 0 0 0 0 0 0 0 0 0 0 0 0 0 0 0 0 0 0 0 0 0 0 0 0 0 0 0 0 0 0 0 0 0 0 0 0 0 0 0 0 0 0 0 0 0 0 0 0 0 0 0 0 0 0 0 0 0 0 0 0 0 0 0 0 0 0 0 0 0 0 0 0 0 0 0 0 0 0 0 0 0 0 0 0 0 0 0 0 0 0 0 0 0 0 0 0 0 0 0 0 0 0 0 0 0 0 0 0 0 0 0 0 0 0 0 0 0 0 0 0 0 0 0 0 0 0 0 0 0 0 0 0 0 0 0 0 0 0 0 0 0 0 0 0 0 0 0 0 0 0 0 0 0 0 0 0 0 0 0 0 0 0 0 0 0 0 0 0 0 0 0 0 0 0 0 0 0 0 0 0 0 0 0 0 0 0 0 0 0 0 0 0 0 0 0 0 0 0 0 0 0 0 0 0 0 0 0 0 0 0 0 0 0 0 0 0 0 0 0 0 0 0 0 0 0 0 0 0 0 0 0 0 0 0 0 0 0 0 0 0 0 0 0 0 0 0 0 0 0 0 0 0 0 0 0 0 0 0 0 0 0 0 0 0 0 0 0 0 0 0 0 0 0 0 0 0 0 0 0 0 0 0 0 0 0 0 0 0 
0 0 0 0 0 0 0 0 0 0 0 0 0 0 0 0 0 0 0 0 0 0 0 0 0 0 0 0 0 0 0 0 0 0 0 0 0 0 0 0 0 0 0 0 0 0 0 0 0 0 0 0 0 0 0 0 0 0 0 0 0 0 0 0 0 0 0 0 0 0 0 0 0 0 0 0 0 0 0 0 0 0 0 0 0 0 0 191 191 191 191 191 191 191 191 191 191 191 191 191 191 191 191 191 191 190 190 190 190 190 190 190 0 0 0 0 0 0 0 0 0 0 0 0 0 0 0 0 189 189 189 189 189 189 189 189 189 189 188 188 188 188 188 188 188 0 0 0 0 0 0 188 188 188 188 188 188 0 0 0 0 0 0 187 187 0 0 0 0 0 0 0 0 0 0 0 0 0 0 0 0 0 0 0 0 0 0 0 0 0 0 0 0 0 0 0 0 0 0 0 0 0 0 0 0 0 0 0 0 0 0 0 0 0 0 0 0 0 0 0 0 0 0 0 0 0 0 0 0 0 0 0 0 0 0 0 0 0 0 0 0 0 0 0 0 0 0 0 0 0 0 0 0 0 0 0 0 0 0 0 0 0 0 0 0 0 0 0 0 0 0 0 0 0 0 0 0 0 0 0 0 0 0 0 0 0 0 0 0 0 0 0 0 0 0 0 0 0 0 0 0 0 0 0 0 0 0 0 0 0 0 0 0 0 0 0 0 0 0 0 0 0 0 0 0 0 0 0 0 0 0 0 0 0 0 0 0 0 0 0 0 0 0 0 0 0 0 0 0 0 0 0 0 0 0 0 0 0 0 0 0 0 0 0 0 0 0 0 0 0 0 0 0 0 0 0 0 0 0 0 0 0 0 0 0 0 0 0 0 0 0 0 0 0 0 0 0 0 0 0 0 0 0 0 0 0 0 0 0 0 0 0 0 0 0 0 0 0 0 0 0 0 0 0 0 0 0 0 0 0 0 0 0 0 0 0 0 0 0 0 0 0 0 0 0 0 0 0 0 0 0 0 0 0 0 0 0 0 0 0 0 0 0 0 0 0 0 0 0 0 0 0 0 0 0 0 0 0 0 0 0 0 0 0 0 0 0 0 0 0 0 0 0 0 0 0 0 0 0 0 0 0 0 
0 0 0 0 0 0 0 0 0 0 0 0 0 0 0 0 0 0 0 0 0 0 0 0 0 0 0 0 0 0 0 0 0 0 0 0 0 0 0 0 0 0 0 0 0 0 0 0 0 0 0 0 0 0 0 0 0 0 0 0 0 0 0 0 0 0 0 0 0 0 0 0 0 0 0 0 0 0 0 0 0 0 0 192 192 192 192 191 191 191 191 191 191 191 191 191 191 191 191 191 191 191 191 191 191 191 191 191 190 190 190 190 190 190 0 0 0 0 0 0 0 0 0 0 189 189 189 189 189 189 189 189 189 189 189 189 189 189 189 189 189 188 188 188 188 188 0 0 188 188 188 188 188 188 188 188 188 188 0 0 188 188 188 188 188 188 188 0 0 0 0 0 0 0 0 0 0 0 0 0 0 0 0 0 0 0 0 0 0 0 0 0 0 0 0 0 0 0 0 0 0 0 0 0 0 0 0 0 0 0 0 0 0 0 0 0 0 0 0 0 0 0 0 0 0 0 0 0 0 0 0 0 0 0 0 0 0 0 0 0 0 0 0 0 0 0 0 0 0 0 0 0 0 0 0 0 0 0 0 0 0 0 0 0 0 0 0 0 0 0 0 0 0 0 0 0 0 0 0 0 0 0 0 0 0 0 0 0 0 0 0 0 0 0 0 0 0 0 0 0 0 0 0 0 0 0 0 0 0 0 0 0 0 0 0 0 0 0 0 0 0 0 0 0 0 0 0 0 0 0 0 0 0 0 0 0 0 0 0 0 0 0 0 0 0 0 0 0 0 0 0 0 0 0 0 0 0 0 0 0 0 0 0 0 0 0 0 0 0 0 0 0 0 0 0 0 0 0 0 0 0 0 0 0 0 0 0 0 0 0 0 0 0 0 0 0 0 0 0 0 0 0 0 0 0 0 0 0 0 0 0 0 0 0 0 0 0 0 0 0 0 0 0 0 0 0 0 0 0 0 0 0 0 0 0 0 0 0 0 0 0 0 0 0 0 0 0 0 0 0 0 0 0 0 0 0 0 0 0 0 0 0 0 0 0 0 0 0 0 0 0 0 0 0 0 0 0 0 0 0 0 0 0 0 0 0 0 0 0 0 0 0 0 0 0 0 0 0 0 0 0 0 0 
0 0 0 0 0 0 0 0 0 0 0 0 0 0 0 0 0 0 0 0 0 0 0 0 0 0 0 0 0 0 0 0 0 0 0 0 0 0 0 0 0 0 0 0 0 0 0 0 0 0 0 0 0 0 0 0 0 0 0 0 0 0 0 0 0 0 0 0 0 0 0 0 0 0 0 0 0 0 0 0 0 0 0 192 192 192 192 192 192 192 192 191 191 191 191 191 191 191 191 191 191 191 191 191 191 191 191 191 191 191 191 190 190 190 190 190 190 190 0 0 0 0 190 190 190 190 190 189 189 189 189 189 189 189 189 189 189 189 189 189 189 189 189 188 188 188 188 188 188 188 188 188 188 188 188 188 188 188 188 188 188 188 188 188 188 188 188 0 0 0 0 0 0 0 0 0 0 0 0 0 0 0 0 0 0 0 0 0 0 0 0 0 0 0 0 0 0 0 0 0 0 0 0 0 0 0 0 0 0 0 0 0 0 0 0 0 0 0 0 0 0 0 0 0 0 0 0 0 0 0 0 0 0 0 0 0 0 0 0 0 0 0 0 0 0 0 0 0 0 0 0 0 0 0 0 0 0 0 0 0 0 0 0 0 0 0 0 0 0 0 0 0 0 0 0 0 0 0 0 0 0 0 0 0 0 0 0 0 0 0 0 0 0 0 0 0 0 0 0 0 0 0 0 0 0 0 0 0 0 0 0 0 0 0 0 0 0 0 0 0 0 0 0 0 0 0 0 0 0 0 0 0 0 0 0 0 0 0 0 0 0 0 0 0 0 0 0 0 0 0 0 0 0 0 0 0 0 0 0 0 0 0 0 0 0 0 0 0 0 0 0 0 0 0 0 0 0 0 0 0 0 0 0 0 0 0 0 0 0 0 0 0 0 0 0 0 0 0 0 0 0 0 0 0 0 0 0 0 0 0 0 0 0 0 0 0 0 0 0 0 0 0 0 0 0 0 0 0 0 0 0 0 0 0 0 0 0 0 0 0 0 0 0 0 0 0 0 0 0 0 0 0 0 0 0 0 0 0 0 0 0 0 0 0 0 0 0 0 0 0 0 0 0 0 0 0 0 0 0 0 0 0 0 0 0 0 0 0 0 0 0 0 0 0 0 0 0 0 0 0 0 0 0 
0 0 0 0 0 0 0 0 0 0 0 0 0 0 0 0 0 0 0 0 0 0 0 0 0 0 0 0 0 0 0 0 0 0 0 0 0 0 0 0 0 0 0 0 0 0 0 0 0 0 0 0 0 0 0 0 0 0 0 0 0 0 0 0 0 0 0 0 0 0 0 0 0 0 0 0 0 0 0 0 0 0 0 0 192 192 192 192 192 192 192 192 192 192 192 191 191 191 191 191 191 191 191 191 191 191 191 191 191 191 191 191 191 191 190 190 190 190 190 190 190 190 190 190 190 190 190 190 190 190 189 189 189 189 189 189 189 189 189 189 189 189 189 189 189 189 189 189 189 188 188 188 188 188 188 188 188 188 188 188 188 188 188 188 188 188 188 188 188 188 0 0 0 0 0 0 0 0 0 0 0 0 0 0 0 0 0 0 0 0 0 0 0 0 0 0 0 0 0 0 0 0 0 0 0 0 0 0 0 0 0 0 0 0 0 0 0 0 0 0 0 0 0 0 0 0 0 0 0 0 0 0 0 0 0 0 0 0 0 0 0 0 0 0 0 0 0 0 0 0 0 0 0 0 0 0 0 0 0 0 0 0 0 0 0 0 0 0 0 0 0 0 0 0 0 0 0 0 0 0 0 0 0 0 0 0 0 0 0 0 0 0 0 0 0 0 0 0 0 0 0 0 0 0 0 0 0 0 0 0 0 0 0 0 0 0 0 0 0 0 0 0 0 0 0 0 0 0 0 0 0 0 0 0 0 0 0 0 0 0 0 0 0 0 0 0 0 0 0 0 0 0 0 0 0 0 0 0 0 0 0 0 0 0 0 0 0 0 0 0 0 0 0 0 0 0 0 0 0 0 0 0 0 0 0 0 0 0 0 0 0 0 0 0 0 0 0 0 0 0 0 0 0 0 0 0 0 0 0 0 0 0 0 0 0 0 0 0 0 0 0 0 0 0 0 0 0 0 0 0 0 0 0 0 0 0 0 0 0 0 0 0 0 0 0 0 0 0 0 0 0 0 0 0 0 0 0 0 0 0 0 0 0 0 0 0 0 0 0 0 0 0 0 0 0 0 0 0 0 0 0 0 0 0 0 0 0 0 0 0 0 0 0 0 0 0 0 0 0 0 0 0 0 
0 0 0 0 0 0 0 0 0 0 0 0 0 0 0 0 0 0 0 0 0 0 0 0 0 0 0 0 0 0 0 0 0 0 0 0 0 0 0 0 0 0 0 0 0 0 0 0 0 0 0 0 0 0 0 0 0 0 0 0 0 0 0 0 0 0 0 0 0 0 0 0 0 0 0 0 0 0 0 0 0 0 0 0 0 192 192 192 192 192 192 192 192 192 192 192 192 192 191 191 191 191 191 191 191 191 191 191 191 191 191 191 191 191 191 191 190 190 190 190 190 190 190 190 190 190 190 190 190 190 190 190 190 190 189 189 189 189 189 189 189 189 189 189 189 189 189 189 189 189 189 189 189 189 188 188 188 188 188 188 188 188 188 188 188 188 188 188 188 188 188 188 0 0 0 0 0 0 0 0 0 0 0 0 0 0 0 0 0 0 0 0 0 0 0 0 0 0 0 0 0 0 0 0 0 0 0 0 0 0 0 0 0 0 0 0 0 0 0 0 0 0 0 0 0 0 0 0 0 0 0 0 0 0 0 0 0 0 0 0 0 0 0 0 0 0 0 0 0 0 0 0 0 0 0 0 0 0 0 0 0 0 0 0 0 0 0 0 0 0 0 0 0 0 0 0 0 0 0 0 0 0 0 0 0 0 0 0 0 0 0 0 0 0 0 0 0 0 0 0 0 0 0 0 0 0 0 0 0 0 0 0 0 0 0 0 0 0 0 0 0 0 0 0 0 0 0 0 0 0 0 0 0 0 0 0 0 0 0 0 0 0 0 0 0 0 0 0 0 0 0 0 0 0 0 0 0 0 0 0 0 0 0 0 0 0 0 0 0 0 0 0 0 0 0 0 0 0 0 0 0 0 0 0 0 0 0 0 0 0 0 0 0 0 0 0 0 0 0 0 0 0 0 0 0 0 0 0 0 0 0 0 0 0 0 0 0 0 0 0 0 0 0 0 0 0 0 0 0 0 0 0 0 0 0 0 0 0 0 0 0 0 0 0 0 0 0 0 0 0 0 0 0 0 0 0 0 0 0 0 0 0 0 0 0 0 0 0 0 0 0 0 0 0 0 0 0 0 0 0 0 0 0 0 0 0 0 0 0 0 0 0 0 0 0 0 0 0 0 0 0 0 0 
0 0 0 0 0 0 0 0 0 0 0 0 0 0 0 0 0 0 0 0 0 0 0 0 0 0 0 0 0 0 0 0 0 0 0 0 0 0 0 0 0 0 0 0 0 0 0 0 0 0 0 0 0 0 0 0 0 0 0 0 0 0 0 0 0 0 0 0 0 0 0 0 0 0 0 0 0 0 0 0 0 0 0 192 192 192 192 192 192 192 192 192 192 192 192 192 192 192 192 192 192 191 191 191 191 191 191 191 191 191 191 191 191 191 191 191 191 191 191 191 190 190 190 190 190 190 190 190 190 190 190 190 190 190 190 190 190 190 190 189 189 189 189 189 189 189 189 189 189 189 189 189 189 189 189 189 189 189 189 189 188 188 188 188 188 188 188 188 188 188 188 188 188 188 188 0 0 0 0 0 0 0 0 0 0 0 0 0 0 0 0 0 0 0 0 0 0 0 0 0 0 0 0 0 0 0 0 0 0 0 0 0 0 0 0 0 0 0 0 0 0 0 0 0 0 0 0 0 0 0 0 0 0 0 0 0 0 0 0 0 0 0 0 0 0 0 0 0 0 0 0 0 0 0 0 0 0 0 0 0 0 0 0 0 0 0 0 0 0 0 0 0 0 0 0 0 0 0 0 0 0 0 0 0 0 0 0 0 0 0 0 0 0 0 0 0 0 0 0 0 0 0 0 0 0 0 0 0 0 0 0 0 0 0 0 0 0 0 0 0 0 0 0 0 0 0 0 0 0 0 0 0 0 0 0 0 0 0 0 0 0 0 0 0 0 0 0 0 0 0 0 0 0 0 0 0 0 0 0 0 0 0 0 0 0 0 0 0 0 0 0 0 0 0 0 0 0 0 0 0 0 0 0 0 0 0 0 0 0 0 0 0 0 0 0 0 0 0 0 0 0 0 0 0 0 0 0 0 0 0 0 0 0 0 0 0 0 0 0 0 0 0 0 0 0 0 0 0 0 0 0 0 0 0 0 0 0 0 0 0 0 0 0 0 0 0 0 0 0 0 0 0 0 0 0 0 0 0 0 0 0 0 0 0 0 0 0 0 0 0 0 0 0 0 0 0 0 0 0 0 0 0 0 0 0 0 0 0 0 0 0 0 0 0 0 0 0 0 0 0 0 0 0 
0 0 0 0 0 0 0 0 0 0 0 0 0 0 0 0 0 0 0 0 0 0 0 0 0 0 0 0 0 0 0 0 0 0 0 0 0 0 0 0 0 0 0 0 0 0 0 0 0 0 0 0 0 0 0 0 0 0 0 0 0 0 0 0 0 0 0 0 0 0 0 0 0 0 0 0 0 0 0 0 0 193 193 192 192 192 192 192 192 192 192 192 192 192 192 192 192 192 192 192 192 192 192 192 192 191 191 191 191 191 191 191 191 191 191 191 191 191 191 191 191 191 191 191 190 190 190 190 190 190 190 190 190 190 190 190 190 190 190 190 190 190 189 189 189 189 189 189 189 189 189 189 189 189 189 189 189 189 189 189 189 189 189 189 189 189 189 189 189 188 188 188 188 188 0 0 0 0 0 0 0 0 0 0 0 0 0 0 0 0 0 0 0 0 0 0 0 0 0 0 0 0 0 0 0 0 0 0 0 0 0 0 0 0 0 0 0 0 0 0 0 0 0 0 0 0 0 0 0 0 0 0 0 0 0 0 0 0 0 0 0 0 0 0 0 0 0 0 0 0 0 0 0 0 0 0 0 0 0 0 0 0 0 0 0 0 0 0 0 0 0 0 0 0 0 0 0 0 0 0 0 0 0 0 0 0 0 0 0 0 0 0 0 0 0 0 0 0 0 0 0 0 0 0 0 0 0 0 0 0 0 0 0 0 0 0 0 0 0 0 0 0 0 0 0 0 0 0 0 0 0 0 0 0 0 0 0 0 0 0 0 0 0 0 0 0 0 0 0 0 0 0 0 0 0 0 0 0 0 0 0 0 0 0 0 0 0 0 0 0 0 0 0 0 0 0 0 0 0 0 0 0 0 0 0 0 0 0 0 0 0 0 0 0 0 0 0 0 0 0 0 0 0 0 0 0 0 0 0 0 0 0 0 0 0 0 0 0 0 0 0 0 0 0 0 0 0 0 0 0 0 0 0 0 0 0 0 0 0 0 0 0 0 0 0 0 0 0 0 0 0 0 0 0 0 0 0 0 0 0 0 0 0 0 0 0 0 0 0 0 0 0 0 0 0 0 0 0 0 0 0 0 0 0 0 0 0 0 0 0 0 0 0 0 0 0 0 0 0 0 0 0 0 
0 0 0 0 0 0 0 0 0 0 0 0 0 0 0 0 0 0 0 0 0 0 0 0 0 0 0 0 0 0 0 0 0 0 0 0 0 0 0 0 0 0 0 0 0 0 0 0 0 0 0 0 0 0 0 0 0 0 0 0 0 0 0 0 0 0 0 0 0 0 0 0 0 0 0 0 0 0 193 193 193 193 193 193 193 193 193 192 192 192 192 192 192 192 192 192 192 192 192 192 192 192 192 192 192 192 192 192 191 191 191 191 191 191 191 191 191 191 191 191 191 191 191 191 191 191 191 190 190 190 190 190 190 190 190 190 190 190 190 190 190 190 190 190 190 189 189 189 189 189 189 189 189 189 189 189 189 189 189 189 189 189 189 189 189 189 189 189 189 189 189 189 189 189 189 189 0 0 0 0 0 0 0 0 0 0 0 0 0 0 0 0 0 0 0 0 0 0 0 0 0 0 0 0 0 0 0 0 0 0 0 0 0 0 0 0 0 0 0 0 0 0 0 0 0 0 0 0 0 0 0 0 0 0 0 0 0 0 0 0 0 0 0 0 0 0 0 0 0 0 0 0 0 0 0 0 0 0 0 0 0 0 0 0 0 0 0 0 0 0 0 0 0 0 0 0 0 0 0 0 0 0 0 0 0 0 0 0 0 0 0 0 0 0 0 0 0 0 0 0 0 0 0 0 0 0 0 0 0 0 0 0 0 0 0 0 0 0 0 0 0 0 0 0 0 0 0 0 0 0 0 0 0 0 0 0 0 0 0 0 0 0 0 0 0 0 0 0 0 0 0 0 0 0 0 0 0 0 0 0 0 0 0 0 0 0 0 0 0 0 0 0 0 0 0 0 0 0 0 0 0 0 0 0 0 0 0 0 0 0 0 0 0 0 0 0 0 0 0 0 0 0 0 0 0 0 0 0 0 0 0 0 0 0 0 0 0 0 0 0 0 0 0 0 0 0 0 0 0 0 0 0 0 0 0 0 0 0 0 0 0 0 0 0 0 0 0 0 0 0 0 0 0 0 0 0 0 0 0 0 0 0 0 0 0 0 0 0 0 0 0 0 0 0 0 0 0 0 0 0 0 0 0 0 0 0 0 0 0 0 0 0 0 0 0 0 0 0 0 0 0 0 0 
0 0 0 0 0 0 0 0 0 0 0 0 0 0 0 0 0 0 0 0 0 0 0 0 0 0 0 0 0 0 0 0 0 0 0 0 0 0 0 0 0 0 0 0 0 0 0 0 0 0 0 0 0 0 0 0 0 0 0 0 0 0 0 0 0 0 0 0 0 0 0 0 0 0 0 0 0 0 193 193 193 193 193 193 193 193 193 193 193 193 193 192 192 192 192 192 192 192 192 192 192 192 192 192 192 192 192 192 192 192 192 191 191 191 191 191 191 191 191 191 191 191 191 191 191 191 191 191 191 190 190 190 190 190 190 190 190 190 190 190 190 190 190 190 190 190 190 190 189 189 189 189 189 189 189 189 189 189 189 189 189 189 189 189 189 189 189 189 189 189 189 189 189 189 189 189 189 189 0 0 0 0 0 0 0 0 0 0 0 0 0 0 0 0 0 0 0 0 0 0 0 0 0 0 0 0 0 0 0 0 0 0 0 0 0 0 0 0 0 0 0 0 0 0 0 0 0 0 0 0 0 0 0 0 0 0 0 0 0 0 0 0 0 0 0 0 0 0 0 0 0 0 0 0 0 0 0 0 0 0 0 0 0 0 0 0 0 0 0 0 0 0 0 0 0 0 0 0 0 0 0 0 0 0 0 0 0 0 0 0 0 0 0 0 0 0 0 0 0 0 0 0 0 0 0 0 0 0 0 0 0 0 0 0 0 0 0 0 0 0 0 0 0 0 0 0 0 0 0 0 0 0 0 0 0 0 0 0 0 0 0 0 0 0 0 0 0 0 0 0 0 0 0 0 0 0 0 0 0 0 0 0 0 0 0 0 0 0 0 0 0 0 0 0 0 0 0 0 0 0 0 0 0 0 0 0 0 0 0 0 0 0 0 0 0 0 0 0 0 0 0 0 0 0 0 0 0 0 0 0 0 0 0 0 0 0 0 0 0 0 0 0 0 0 0 0 0 0 0 0 0 0 0 0 0 0 0 0 0 0 0 0 0 0 0 0 0 0 0 0 0 0 0 0 0 0 0 0 0 0 0 0 0 0 0 0 0 0 0 0 0 0 0 0 0 0 0 0 0 0 0 0 0 0 0 0 0 0 0 0 0 0 0 0 0 0 0 0 0 0 0 0 0 
0 0 0 0 0 0 0 0 0 0 0 0 0 0 0 0 0 0 0 0 0 0 0 0 0 0 0 0 0 0 0 0 0 0 0 0 0 0 0 0 0 0 0 0 0 0 0 0 0 0 0 0 0 0 0 0 0 0 0 0 0 0 0 0 0 0 0 0 0 0 0 0 0 0 0 0 0 193 193 193 193 193 193 193 193 193 193 193 193 193 193 193 193 193 193 193 192 192 192 192 192 192 192 192 192 192 192 192 192 192 192 192 192 192 192 192 191 191 191 191 191 191 191 191 191 191 191 191 191 191 191 191 191 191 190 190 190 190 190 190 190 190 190 190 190 190 190 190 190 190 190 190 190 190 190 189 190 189 189 189 189 189 189 189 189 189 189 189 189 189 189 189 189 189 189 189 189 189 189 0 0 0 0 0 0 0 0 0 0 0 0 0 0 0 0 0 0 0 0 0 0 0 0 0 0 0 0 0 0 0 0 0 0 0 0 0 0 0 0 0 0 0 0 0 0 0 0 0 0 0 0 0 0 0 0 0 0 0 0 0 0 0 0 0 0 0 0 0 0 0 0 0 0 0 0 0 0 0 0 0 0 0 0 0 0 0 0 0 0 0 0 0 0 0 0 0 0 0 0 0 0 0 0 0 0 0 0 0 0 0 0 0 0 0 0 0 0 0 0 0 0 0 0 0 0 0 0 0 0 0 0 0 0 0 0 0 0 0 0 0 0 0 0 0 0 0 0 0 0 0 0 0 0 0 0 0 0 0 0 0 0 0 0 0 0 0 0 0 0 0 0 0 0 0 0 0 0 0 0 0 0 0 0 0 0 0 0 0 0 0 0 0 0 0 0 0 0 0 0 0 0 0 0 0 0 0 0 0 0 0 0 0 0 0 0 0 0 0 0 0 0 0 0 0 0 0 0 0 0 0 0 0 0 0 0 0 0 0 0 0 0 0 0 0 0 0 0 0 0 0 0 0 0 0 0 0 0 0 0 0 0 0 0 0 0 0 0 0 0 0 0 0 0 0 0 0 0 0 0 0 0 0 0 0 0 0 0 0 0 0 0 0 0 0 0 0 0 0 0 0 0 0 0 0 0 0 0 0 0 0 0 0 0 0 0 0 0 0 0 0 0 0 0 
0 0 0 0 0 0 0 0 0 0 0 0 0 0 0 0 0 0 0 0 0 0 0 0 0 0 0 0 0 0 0 0 0 0 0 0 0 0 0 0 0 0 0 0 0 0 0 0 0 0 0 0 0 0 0 0 0 0 0 0 0 0 0 0 0 0 0 0 0 0 0 0 0 0 0 0 193 193 193 193 193 193 193 193 193 193 193 193 193 193 193 193 193 193 193 193 193 193 193 192 192 192 192 192 192 192 192 192 192 192 192 192 192 192 192 192 192 192 192 191 191 191 191 191 191 191 191 191 191 191 191 191 191 191 191 191 191 191 191 190 190 190 190 190 190 190 190 190 190 190 190 190 190 190 190 190 190 190 190 190 190 190 189 189 189 189 189 189 189 189 189 189 189 189 189 189 189 189 189 0 0 0 0 0 0 0 0 0 0 0 0 0 0 0 0 0 0 0 0 0 0 0 0 0 0 0 0 0 0 0 0 0 0 0 0 0 0 0 0 0 0 0 0 0 0 0 0 0 0 0 0 0 0 0 0 0 0 0 0 0 0 0 0 0 0 0 0 0 0 0 0 0 0 0 0 0 0 0 0 0 0 0 0 0 0 0 0 0 0 0 0 0 0 0 0 0 0 0 0 0 0 0 0 0 0 0 0 0 0 0 0 0 0 0 0 0 0 0 0 0 0 0 0 0 0 0 0 0 0 0 0 0 0 0 0 0 0 0 0 0 0 0 0 0 0 0 0 0 0 0 0 0 0 0 0 0 0 0 0 0 0 0 0 0 0 0 0 0 0 0 0 0 0 0 0 0 0 0 0 0 0 0 0 0 0 0 0 0 0 0 0 0 0 0 0 0 0 0 0 0 0 0 0 0 0 0 0 0 0 0 0 0 0 0 0 0 0 0 0 0 0 0 0 0 0 0 0 0 0 0 0 0 0 0 0 0 0 0 0 0 0 0 0 0 0 0 0 0 0 0 0 0 0 0 0 0 0 0 0 0 0 0 0 0 0 0 0 0 0 0 0 0 0 0 0 0 0 0 0 0 0 0 0 0 0 0 0 0 0 0 0 0 0 0 0 0 0 0 0 0 0 0 0 0 0 0 0 0 0 0 0 0 0 0 0 0 0 0 0 0 0 0 0 
0 0 0 0 0 0 0 0 0 0 0 0 0 0 0 0 0 0 0 0 0 0 0 0 0 0 0 0 0 0 0 0 0 0 0 0 0 0 0 0 0 0 0 0 0 0 0 0 0 0 0 0 0 0 0 0 0 0 0 0 0 0 0 0 0 0 0 0 0 0 0 0 0 0 194 194 194 193 193 193 193 193 193 193 193 193 193 193 193 193 193 193 193 193 193 193 193 193 193 193 193 193 193 192 192 192 192 192 192 192 192 192 192 192 192 192 192 192 192 192 192 192 192 191 191 191 191 191 191 191 191 191 191 191 191 191 191 191 191 191 191 191 190 190 190 190 190 190 190 190 190 190 190 190 190 190 190 190 190 190 190 190 190 190 190 190 190 190 190 189 189 189 189 189 189 189 189 189 189 189 189 0 0 0 0 0 0 0 0 0 0 0 0 0 0 0 0 0 0 0 0 0 0 0 0 0 0 0 0 0 0 0 0 0 0 0 0 0 0 0 0 0 0 0 0 0 0 0 0 0 0 0 0 0 0 0 0 0 0 0 0 0 0 0 0 0 0 0 0 0 0 0 0 0 0 0 0 0 0 0 0 0 0 0 0 0 0 0 0 0 0 0 0 0 0 0 0 0 0 0 0 0 0 0 0 0 0 0 0 0 0 0 0 0 0 0 0 0 0 0 0 0 0 0 0 0 0 0 0 0 0 0 0 0 0 0 0 0 0 0 0 0 0 0 0 0 0 0 0 0 0 0 0 0 0 0 0 0 0 0 0 0 0 0 0 0 0 0 0 0 0 0 0 0 0 0 0 0 0 0 0 0 0 0 0 0 0 0 0 0 0 0 0 0 0 0 0 0 0 0 0 0 0 0 0 0 0 0 0 0 0 0 0 0 0 0 0 0 0 0 0 0 0 0 0 0 0 0 0 0 0 0 0 0 0 0 0 0 0 0 0 0 0 0 0 0 0 0 0 0 0 0 0 0 0 0 0 0 0 0 0 0 0 0 0 0 0 0 0 0 0 0 0 0 0 0 0 0 0 0 0 0 0 0 0 0 0 0 0 0 0 0 0 0 0 0 0 0 0 0 0 0 0 0 0 0 0 0 0 0 0 0 0 0 0 0 0 0 0 0 0 0 0 
0 0 0 0 0 0 0 0 0 0 0 0 0 0 0 0 0 0 0 0 0 0 0 0 0 0 0 0 0 0 0 0 0 0 0 0 0 0 0 0 0 0 0 0 0 0 0 0 0 0 0 0 0 0 0 0 0 0 0 0 0 0 0 0 0 0 0 0 0 0 0 0 0 194 194 194 194 194 194 194 194 193 193 193 193 193 193 193 193 193 193 193 193 193 193 193 193 193 193 193 193 193 193 193 193 193 192 192 192 192 192 192 192 192 192 192 192 192 192 192 192 192 192 192 192 192 191 191 191 191 191 191 191 191 191 191 191 191 191 191 191 191 191 191 191 191 190 190 190 190 190 190 190 190 190 190 190 190 190 190 190 190 190 190 190 190 190 190 190 190 190 190 190 190 190 190 190 190 190 190 190 189 0 0 0 0 0 0 0 0 0 0 0 0 0 0 0 0 0 0 0 0 0 0 0 0 0 0 0 0 0 0 0 0 0 0 0 0 0 0 0 0 0 0 0 0 0 0 0 0 0 0 0 0 0 0 0 0 0 0 0 0 0 0 0 0 0 0 0 0 0 0 0 0 0 0 0 0 0 0 0 0 0 0 0 0 0 0 0 0 0 0 0 0 0 0 0 0 0 0 0 0 0 0 0 0 0 0 0 0 0 0 0 0 0 0 0 0 0 0 0 0 0 0 0 0 0 0 0 0 0 0 0 0 0 0 0 0 0 0 0 0 0 0 0 0 0 0 0 0 0 0 0 0 0 0 0 0 0 0 0 0 0 0 0 0 0 0 0 0 0 0 0 0 0 0 0 0 0 0 0 0 0 0 0 0 0 0 0 0 0 0 0 0 0 0 0 0 0 0 0 0 0 0 0 0 0 0 0 0 0 0 0 0 0 0 0 0 0 0 0 0 0 0 0 0 0 0 0 0 0 0 0 0 0 0 0 0 0 0 0 0 0 0 0 0 0 0 0 0 0 0 0 0 0 0 0 0 0 0 0 0 0 0 0 0 0 0 0 0 0 0 0 0 0 0 0 0 0 0 0 0 0 0 0 0 0 0 0 0 0 0 0 0 0 0 0 0 0 0 0 0 0 0 0 0 0 0 0 0 0 0 0 0 0 0 0 0 0 0 0 0 0 
0 0 0 0 0 0 0 0 0 0 0 0 0 0 0 0 0 0 0 0 0 0 0 0 0 0 0 0 0 0 0 0 0 0 0 0 0 0 0 0 0 0 0 0 0 0 0 0 0 0 0 0 0 0 0 0 0 0 0 0 0 0 0 0 194 194 194 0 0 0 0 0 194 194 194 194 194 194 194 194 194 194 194 194 194 194 193 193 193 193 193 193 193 193 193 193 193 193 193 193 193 193 193 193 193 193 193 193 193 193 192 192 192 192 192 192 192 192 192 192 192 192 192 192 192 192 192 192 192 192 191 191 191 191 191 191 191 191 191 191 191 191 191 191 191 191 191 191 191 190 190 190 190 190 190 190 190 190 190 190 190 190 190 190 190 190 190 190 190 190 190 190 190 190 190 190 190 190 190 190 190 190 190 0 0 0 0 0 0 0 0 0 0 0 0 0 0 0 0 0 0 0 0 0 0 0 0 0 0 0 0 0 0 0 0 0 0 0 0 0 0 0 0 0 0 0 0 0 0 0 0 0 0 0 0 0 0 0 0 0 0 0 0 0 0 0 0 0 0 0 0 0 0 0 0 0 0 0 0 0 0 0 0 0 0 0 0 0 0 0 0 0 0 0 0 0 0 0 0 0 0 0 0 0 0 0 0 0 0 0 0 0 0 0 0 0 0 0 0 0 0 0 0 0 0 0 0 0 0 0 0 0 0 0 0 0 0 0 0 0 0 0 0 0 0 0 0 0 0 0 0 0 0 0 0 0 0 0 0 0 0 0 0 0 0 0 0 0 0 0 0 0 0 0 0 0 0 0 0 0 0 0 0 0 0 0 0 0 0 0 0 0 0 0 0 0 0 0 0 0 0 0 0 0 0 0 0 0 0 0 0 0 0 0 0 0 0 0 0 0 0 0 0 0 0 0 0 0 0 0 0 0 0 0 0 0 0 0 0 0 0 0 0 0 0 0 0 0 0 0 0 0 0 0 0 0 0 0 0 0 0 0 0 0 0 0 0 0 0 0 0 0 0 0 0 0 0 0 0 0 0 0 0 0 0 0 0 0 0 0 0 0 0 0 0 0 0 0 0 0 0 0 0 0 0 0 0 0 0 0 0 0 0 0 0 0 0 0 0 0 0 0 0 
0 0 0 0 0 0 0 0 0 0 0 0 0 0 0 0 0 0 0 0 0 0 0 0 0 0 0 0 0 0 0 0 0 0 195 195 195 0 0 0 0 0 0 0 0 0 0 0 0 0 0 0 0 0 0 0 0 0 0 0 0 0 194 194 194 194 194 0 194 194 194 194 194 194 194 194 194 194 194 194 194 194 194 194 194 194 194 194 194 194 193 193 193 193 193 193 193 193 193 193 193 193 193 193 193 193 193 193 193 193 193 193 193 193 192 192 192 192 192 192 192 192 192 192 192 192 192 192 192 192 192 192 192 191 191 191 191 191 191 191 191 191 191 191 191 191 191 191 191 191 191 191 191 191 191 191 190 190 190 190 190 190 190 190 190 190 190 190 190 190 190 190 190 190 190 190 190 190 190 190 190 190 190 0 0 0 0 0 0 0 0 0 0 0 0 0 0 0 0 0 0 0 0 0 0 0 0 0 0 0 0 0 0 0 0 0 0 0 0 0 0 0 0 0 0 0 0 0 0 0 0 0 0 0 0 0 0 0 0 0 0 0 0 0 0 0 0 0 0 0 0 0 0 0 0 0 0 0 0 0 0 0 0 0 0 0 0 0 0 0 0 0 0 0 0 0 0 0 0 0 0 0 0 0 0 0 0 0 0 0 0 0 0 0 0 0 0 0 0 0 0 0 0 0 0 0 0 0 0 0 0 0 0 0 0 0 0 0 0 0 0 0 0 0 0 0 0 0 0 0 0 0 0 0 0 0 0 0 0 0 0 0 0 0 0 0 0 0 0 0 0 0 0 0 0 0 0 0 0 0 0 0 0 0 0 0 0 0 0 0 0 0 0 0 0 0 0 0 0 0 0 0 0 0 0 0 0 0 0 0 0 0 0 0 0 0 0 0 0 0 0 0 0 0 0 0 0 0 0 0 0 0 0 0 0 0 0 0 0 0 0 0 0 0 0 0 0 0 0 0 0 0 0 0 0 0 0 0 0 0 0 0 0 0 0 0 0 0 0 0 0 0 0 0 0 0 0 0 0 0 0 0 0 0 0 0 0 0 0 0 0 0 0 0 0 0 0 0 0 0 0 0 0 0 0 0 0 0 0 0 0 0 0 0 0 0 0 0 0 0 0 0 0 
0 0 0 0 0 0 0 0 0 0 0 0 0 0 0 0 0 0 0 0 0 0 0 0 0 0 0 0 0 0 0 0 0 196 195 195 195 195 195 0 0 0 0 0 0 0 0 0 0 0 0 0 0 0 0 0 0 0 0 0 195 195 195 195 195 195 194 194 194 194 194 194 194 194 194 194 194 194 194 194 194 194 194 194 194 194 194 194 194 194 194 194 194 194 193 193 193 193 193 193 193 193 193 193 193 193 193 193 193 193 193 193 193 193 193 193 193 193 192 192 192 192 192 192 192 192 192 192 192 192 192 192 192 192 192 192 192 192 191 191 191 191 191 191 191 191 191 191 191 191 191 191 191 191 191 191 191 191 191 191 191 191 191 191 190 190 190 190 190 190 190 190 190 190 190 190 190 190 190 190 190 190 190 0 0 0 0 0 0 0 0 0 0 0 0 0 0 0 0 0 0 0 0 0 0 0 0 0 0 0 0 0 0 0 0 0 0 0 0 0 0 0 0 0 0 0 0 0 0 0 0 0 0 0 0 0 0 0 0 0 0 0 0 0 0 0 0 0 0 0 0 0 0 0 0 0 0 0 0 0 0 0 0 0 0 0 0 0 0 0 0 0 0 0 0 0 0 0 0 0 0 0 0 0 0 0 0 0 0 0 0 0 0 0 0 0 0 0 0 0 0 0 0 0 0 0 0 0 0 0 0 0 0 0 0 0 0 0 0 0 0 0 0 0 0 0 0 0 0 0 0 0 0 0 0 0 0 0 0 0 0 0 0 0 0 0 0 0 0 0 0 0 0 0 0 0 0 0 0 0 0 0 0 0 0 0 0 0 0 0 0 0 0 0 0 0 0 0 0 0 0 0 0 0 0 0 0 0 0 0 0 0 0 0 0 0 0 0 0 0 0 0 0 0 0 0 0 0 0 0 0 0 0 0 0 0 0 0 0 0 0 0 0 0 0 0 0 0 0 0 0 0 0 0 0 0 0 0 0 0 0 0 0 0 0 0 0 0 0 0 0 0 0 0 0 0 0 0 0 0 0 0 0 0 0 0 0 0 0 0 0 0 0 0 0 0 0 0 0 0 0 0 0 0 0 0 0 0 0 0 0 0 0 0 0 0 0 0 0 0 0 0 0 
0 0 0 0 0 0 0 0 0 0 0 0 0 0 0 0 0 0 0 0 0 0 0 0 0 0 0 0 0 0 0 0 196 196 196 196 196 196 196 0 0 0 0 0 0 0 0 0 0 0 0 0 0 0 0 0 0 195 195 195 195 195 195 195 195 195 195 195 195 195 194 194 194 194 194 194 194 194 194 194 194 194 194 194 194 194 194 194 194 194 194 194 194 194 194 194 194 194 193 193 193 193 193 193 193 193 193 193 193 193 193 193 193 193 193 193 193 193 193 193 193 192 192 192 192 192 192 192 192 192 192 192 192 192 192 192 192 192 192 192 192 192 191 191 191 191 191 191 191 191 191 191 191 191 191 191 191 191 191 191 191 191 191 191 191 191 191 191 191 191 191 190 190 190 190 190 190 190 190 190 190 190 190 190 0 0 0 0 0 0 0 0 0 0 0 0 0 0 0 0 0 0 0 0 0 0 0 0 0 0 0 0 0 0 0 0 0 0 0 0 0 0 0 0 0 0 0 0 0 0 0 0 0 0 0 0 0 0 0 0 0 0 0 0 0 0 0 0 0 0 0 0 0 0 0 0 0 0 0 0 0 0 0 0 0 0 0 0 0 0 0 0 0 0 0 0 0 0 0 0 0 0 0 0 0 0 0 0 0 0 0 0 0 0 0 0 0 0 0 0 0 0 0 0 0 0 0 0 0 0 0 0 0 0 0 0 0 0 0 0 0 0 0 0 0 0 0 0 0 0 0 0 0 0 0 0 0 0 0 0 0 0 0 0 0 0 0 0 0 0 0 0 0 0 0 0 0 0 0 0 0 0 0 0 0 0 0 0 0 0 0 0 0 0 0 0 0 0 0 0 0 0 0 0 0 0 0 0 0 0 0 0 0 0 0 0 0 0 0 0 0 0 0 0 0 0 0 0 0 0 0 0 0 0 0 0 0 0 0 0 0 0 0 0 0 0 0 0 0 0 0 0 0 0 0 0 0 0 0 0 0 0 0 0 0 0 0 0 0 0 0 0 0 0 0 0 0 0 0 0 0 0 0 0 0 0 0 0 0 0 0 0 0 0 0 0 0 0 0 0 0 0 0 0 0 0 0 0 0 0 0 0 0 0 0 0 0 0 0 0 0 0 0 
0 0 0 0 0 0 0 0 0 0 0 0 0 0 0 0 0 0 0 0 0 0 0 0 0 0 0 0 0 0 0 196 196 196 196 196 196 196 196 0 0 0 0 0 0 0 0 0 0 0 0 0 0 0 0 0 195 195 195 195 195 195 195 195 195 195 195 195 195 195 195 195 195 195 194 194 194 194 194 194 194 194 194 194 194 194 194 194 194 194 194 194 194 194 194 194 194 194 194 194 194 194 194 193 193 193 193 193 193 193 193 193 193 193 193 193 193 193 193 193 193 193 193 193 192 192 192 192 192 192 192 192 192 192 192 192 192 192 192 192 192 192 192 192 192 191 191 191 191 191 191 191 191 191 191 191 191 191 191 191 191 191 191 191 191 191 191 191 191 191 191 191 191 191 191 191 191 191 191 191 191 190 190 190 190 0 0 0 0 0 0 0 0 0 0 0 0 0 0 0 0 0 0 0 0 0 0 0 0 0 0 0 0 0 0 0 0 0 0 0 0 0 0 0 0 0 0 0 0 0 0 0 0 0 0 0 0 0 0 0 0 0 0 0 0 0 0 0 0 0 0 0 0 0 0 0 0 0 0 0 0 0 0 0 0 0 0 0 0 0 0 0 0 0 0 0 0 0 0 0 0 0 0 0 0 0 0 0 0 0 0 0 0 0 0 0 0 0 0 0 0 0 0 0 0 0 0 0 0 0 0 0 0 0 0 0 0 0 0 0 0 0 0 0 0 0 0 0 0 0 0 0 0 0 0 0 0 0 0 0 0 0 0 0 0 0 0 0 0 0 0 0 0 0 0 0 0 0 0 0 0 0 0 0 0 0 0 0 0 0 0 0 0 0 0 0 0 0 0 0 0 0 0 0 0 0 0 0 0 0 0 0 0 0 0 0 0 0 0 0 0 0 0 0 0 0 0 0 0 0 0 0 0 0 0 0 0 0 0 0 0 0 0 0 0 0 0 0 0 0 0 0 0 0 0 0 0 0 0 0 0 0 0 0 0 0 0 0 0 0 0 0 0 0 0 0 0 0 0 0 0 0 0 0 0 0 0 0 0 0 0 0 0 0 0 0 0 0 0 0 0 0 0 0 0 0 0 0 0 0 0 0 0 0 0 0 0 0 0 0 0 0 0 
0 0 0 0 0 0 0 0 0 0 0 0 0 0 0 0 0 0 0 0 0 0 0 0 0 0 0 0 0 0 196 196 196 196 196 196 196 196 196 196 0 0 0 0 0 0 0 0 0 0 0 0 0 0 0 0 0 195 195 195 195 195 195 195 195 195 195 195 195 195 195 195 195 195 195 195 195 195 195 194 194 194 194 194 194 194 194 194 194 194 194 194 194 194 194 194 194 194 194 194 194 194 194 194 194 194 194 193 193 193 193 193 193 193 193 193 193 193 193 193 193 193 193 193 193 193 193 193 192 192 192 192 192 192 192 192 192 192 192 192 192 192 192 192 192 192 192 192 192 192 192 192 191 191 191 191 191 191 191 191 191 191 191 191 191 191 191 191 191 191 191 191 191 191 191 191 191 191 191 191 191 191 191 191 0 0 0 0 0 0 0 0 0 0 0 0 0 0 0 0 0 0 0 0 0 0 0 0 0 0 0 0 0 0 0 0 0 0 0 0 0 0 0 0 0 0 0 0 0 0 0 0 0 0 0 0 0 0 0 0 0 0 0 0 0 0 0 0 0 0 0 0 0 0 0 0 0 0 0 0 0 0 0 0 0 0 0 0 0 0 0 0 0 0 0 0 0 0 0 0 0 0 0 0 0 0 0 0 0 0 0 0 0 0 0 0 0 0 0 0 0 0 0 0 0 0 0 0 0 0 0 0 0 0 0 0 0 0 0 0 0 0 0 0 0 0 0 0 0 0 0 0 0 0 0 0 0 0 0 0 0 0 0 0 0 0 0 0 0 0 0 0 0 0 0 0 0 0 0 0 0 0 0 0 0 0 0 0 0 0 0 0 0 0 0 0 0 0 0 0 0 0 0 0 0 0 0 0 0 0 0 0 0 0 0 0 0 0 0 0 0 0 0 0 0 0 0 0 0 0 0 0 0 0 0 0 0 0 0 0 0 0 0 0 0 0 0 0 0 0 0 0 0 0 0 0 0 0 0 0 0 0 0 0 0 0 0 0 0 0 0 0 0 0 0 0 0 0 0 0 0 0 0 0 0 0 0 0 0 0 0 0 0 0 0 0 0 0 0 0 0 0 0 0 0 0 0 0 0 0 0 0 0 0 0 0 0 0 0 0 0 0 0 
0 0 0 0 0 0 0 0 0 0 0 0 0 0 0 0 0 0 0 0 0 0 0 0 0 0 0 0 0 0 196 196 196 196 196 196 196 196 196 196 196 196 0 0 0 0 196 196 196 196 0 0 195 195 195 195 0 0 195 195 195 195 195 195 195 195 195 195 195 195 195 195 195 195 195 195 195 195 195 195 195 195 194 194 194 194 194 194 194 194 194 194 194 194 194 194 194 194 194 194 194 194 194 194 194 194 194 194 194 194 194 193 193 193 193 193 193 193 193 193 193 193 193 193 193 193 193 193 193 193 193 193 193 192 192 192 192 192 192 192 192 192 192 192 192 192 192 192 192 192 192 192 192 192 192 192 192 192 192 192 191 191 191 191 191 191 191 191 191 191 191 191 191 191 191 191 191 191 191 191 191 191 191 191 191 0 0 0 0 0 0 0 0 0 0 0 0 0 0 0 0 0 0 0 0 0 0 0 0 0 0 0 0 0 0 0 0 0 0 0 0 0 0 0 0 0 0 0 0 0 0 0 0 0 0 0 0 0 0 0 0 0 0 0 0 0 0 0 0 0 0 0 0 0 0 0 0 0 0 0 0 0 0 0 0 0 0 0 0 0 0 0 0 0 0 0 0 0 0 0 0 0 0 0 0 0 0 0 0 0 0 0 0 0 0 0 0 0 0 0 0 0 0 0 0 0 0 0 0 0 0 0 0 0 0 0 0 0 0 0 0 0 0 0 0 0 0 0 0 0 0 0 0 0 0 0 0 0 0 0 0 0 0 0 0 0 0 0 0 0 0 0 0 0 0 0 0 0 0 0 0 0 0 0 0 0 0 0 0 0 0 0 0 0 0 0 0 0 0 0 0 0 0 0 0 0 0 0 0 0 0 0 0 0 0 0 0 0 0 0 0 0 0 0 0 0 0 0 0 0 0 0 0 0 0 0 0 0 0 0 0 0 0 0 0 0 0 0 0 0 0 0 0 0 0 0 0 0 0 0 0 0 0 0 0 0 0 0 0 0 0 0 0 0 0 0 0 0 0 0 0 0 0 0 0 0 0 0 0 0 0 0 0 0 0 0 0 0 0 0 0 0 0 0 0 0 0 0 0 0 0 0 0 0 0 0 0 0 0 0 0 0 0 
0 0 0 0 0 0 0 0 0 0 0 0 0 0 0 0 0 0 0 0 0 0 0 0 0 0 0 0 0 0 0 196 196 196 196 196 196 196 196 196 196 196 196 196 196 196 196 196 196 196 196 196 196 196 196 196 196 196 195 195 195 195 195 195 195 195 195 195 195 195 195 195 195 195 195 195 195 195 195 195 195 195 195 195 195 195 195 195 194 194 194 194 194 194 194 194 194 194 194 194 194 194 194 194 194 194 194 194 194 194 194 194 194 194 194 193 193 193 193 193 193 193 193 193 193 193 193 193 193 193 193 193 193 193 193 193 193 192 192 192 192 192 192 192 192 192 192 192 192 192 192 192 192 192 192 192 192 192 192 192 192 192 192 192 192 192 191 191 191 191 191 191 191 191 191 191 191 191 191 191 191 191 191 191 191 191 0 0 0 0 0 0 0 0 0 0 0 0 0 0 0 0 0 0 0 0 0 0 0 0 0 0 0 0 0 0 0 0 0 0 0 0 0 0 0 0 0 0 0 0 0 0 0 0 0 0 0 0 0 0 0 0 0 0 0 0 0 0 0 0 0 0 0 0 0 0 0 0 0 0 0 0 0 0 0 0 0 0 0 0 0 0 0 0 0 0 0 0 0 0 0 0 0 0 0 0 0 0 0 0 0 0 0 0 0 0 0 0 0 0 0 0 0 0 0 0 0 0 0 0 0 0 0 0 0 0 0 0 0 0 0 0 0 0 0 0 0 0 0 0 0 0 0 0 0 0 0 0 0 0 0 0 0 0 0 0 0 0 0 0 0 0 0 0 0 0 0 0 0 0 0 0 0 0 0 0 0 0 0 0 0 0 0 0 0 0 0 0 0 0 0 0 0 0 0 0 0 0 0 0 0 0 0 0 0 0 0 0 0 0 0 0 0 0 0 0 0 0 0 0 0 0 0 0 0 0 0 0 0 0 0 0 0 0 0 0 0 0 0 0 0 0 0 0 0 0 0 0 0 0 0 0 0 0 0 0 0 0 0 0 0 0 0 0 0 0 0 0 0 0 0 0 0 0 0 0 0 0 0 0 0 0 0 0 0 0 0 0 0 0 0 0 0 0 0 0 0 0 0 0 0 0 0 0 0 0 0 0 0 0 0 0 0 
0 0 0 0 0 0 0 0 0 0 0 0 0 0 0 0 0 0 0 0 0 0 0 0 0 0 0 0 0 0 0 196 196 196 196 196 196 196 196 196 196 196 196 196 196 196 196 196 196 196 196 196 196 196 196 196 196 196 196 196 196 196 196 195 195 195 195 195 195 195 195 195 195 195 195 195 195 195 195 195 195 195 195 195 195 195 195 195 195 195 195 194 195 195 194 194 194 194 194 194 194 194 194 194 194 194 194 194 194 194 194 194 194 194 194 194 194 194 194 194 193 193 193 193 193 193 193 193 193 193 193 193 193 193 193 193 193 193 193 193 192 192 192 192 192 192 192 192 192 192 192 192 192 192 192 192 192 192 192 192 192 192 192 192 192 192 192 192 192 192 192 192 192 191 191 191 191 191 191 191 191 191 191 191 191 191 191 191 0 0 0 0 0 0 0 0 0 0 0 0 0 0 0 0 0 0 0 0 0 0 0 0 0 0 0 0 0 0 0 0 0 0 0 0 0 0 0 0 0 0 0 0 0 0 0 0 0 0 0 0 0 0 0 0 0 0 0 0 0 0 0 0 0 0 0 0 0 0 0 0 0 0 0 0 0 0 0 0 0 0 0 0 0 0 0 0 0 0 0 0 0 0 0 0 0 0 0 0 0 0 0 0 0 0 0 0 0 0 0 0 0 0 0 0 0 0 0 0 0 0 0 0 0 0 0 0 0 0 0 0 0 0 0 0 0 0 0 0 0 0 0 0 0 0 0 0 0 0 0 0 0 0 0 0 0 0 0 0 0 0 0 0 0 0 0 0 0 0 0 0 0 0 0 0 0 0 0 0 0 0 0 0 0 0 0 0 0 0 0 0 0 0 0 0 0 0 0 0 0 0 0 0 0 0 0 0 0 0 0 0 0 0 0 0 0 0 0 0 0 0 0 0 0 0 0 0 0 0 0 0 0 0 0 0 0 0 0 0 0 0 0 0 0 0 0 0 0 0 0 0 0 0 0 0 0 0 0 0 0 0 0 0 0 0 0 0 0 0 0 0 0 0 0 0 0 0 0 0 0 0 0 0 0 0 0 0 0 0 0 0 0 0 0 0 0 0 0 0 0 0 0 0 0 0 0 0 0 0 0 0 0 0 0 
0 0 0 0 0 0 0 0 0 0 0 0 0 0 0 0 0 0 0 0 0 0 0 0 0 0 0 0 0 0 0 197 197 196 196 196 196 196 196 196 196 196 196 196 196 196 196 196 196 196 196 196 196 196 196 196 196 196 196 196 196 196 196 196 196 196 196 196 195 195 195 195 195 195 195 195 195 195 195 195 195 195 195 195 195 195 195 195 195 195 195 195 195 195 195 195 195 195 195 194 194 194 194 194 194 194 194 194 194 194 194 194 194 194 194 194 194 194 194 194 194 194 194 194 193 193 193 193 193 193 193 193 193 193 193 193 193 193 193 193 193 193 193 192 192 192 192 192 192 192 192 192 192 192 192 192 192 192 192 192 192 192 192 192 192 192 192 192 192 192 192 192 192 192 192 192 192 192 192 192 192 192 191 191 191 191 191 191 191 191 0 0 0 0 0 0 0 0 0 0 0 0 0 0 0 0 0 0 0 0 0 0 0 0 0 0 0 0 0 0 0 0 0 0 0 0 0 0 0 0 0 0 0 0 0 0 0 0 0 0 0 0 0 0 0 0 0 0 0 0 0 0 0 0 0 0 0 0 0 0 0 0 0 0 0 0 0 0 0 0 0 0 0 0 0 0 0 0 0 0 0 0 0 0 0 0 0 0 0 0 0 0 0 0 0 0 0 0 0 0 0 0 0 0 0 0 0 0 0 0 0 0 0 0 0 0 0 0 0 0 0 0 0 0 0 0 0 0 0 0 0 0 0 0 0 0 0 0 0 0 0 0 0 0 0 0 0 0 0 0 0 0 0 0 0 0 0 0 0 0 0 0 0 0 0 0 0 0 0 0 0 0 0 0 0 0 0 0 0 0 0 0 0 0 0 0 0 0 0 0 0 0 0 0 0 0 0 0 0 0 0 0 0 0 0 0 0 0 0 0 0 0 0 0 0 0 0 0 0 0 0 0 0 0 0 0 0 0 0 0 0 0 0 0 0 0 0 0 0 0 0 0 0 0 0 0 0 0 0 0 0 0 0 0 0 0 0 0 0 0 0 0 0 0 0 0 0 0 0 0 0 0 0 0 0 0 0 0 0 0 0 0 0 0 0 0 0 0 0 0 0 0 0 0 0 0 0 0 0 0 0 0 0 
0 0 0 0 0 0 0 0 0 0 0 0 0 0 0 0 0 0 0 0 0 0 0 0 197 197 197 197 197 197 197 197 197 197 197 197 197 196 196 196 196 196 196 196 196 196 196 196 196 196 196 196 196 196 196 196 196 196 196 196 196 196 196 196 196 196 196 196 196 196 196 196 195 195 195 195 195 195 195 195 195 195 195 195 195 195 195 195 195 195 195 195 195 195 195 195 195 195 195 195 195 195 195 194 194 194 194 194 194 194 194 194 194 194 194 194 194 194 194 194 194 194 194 194 194 194 194 194 194 193 193 193 193 193 193 193 193 193 193 193 193 193 193 193 193 193 193 193 193 193 193 193 193 192 192 192 192 192 192 192 192 192 192 192 192 192 192 192 192 192 192 192 192 192 192 192 192 192 192 192 192 192 192 192 192 192 192 192 192 192 192 191 191 191 191 191 191 191 0 0 0 0 0 0 0 0 0 0 0 0 0 0 0 0 0 0 0 0 0 0 0 0 0 0 0 0 0 0 0 0 0 0 0 0 0 0 0 0 0 0 0 0 0 0 0 0 0 0 0 0 0 0 0 0 0 0 0 0 0 0 0 0 0 0 0 0 0 0 0 0 0 0 0 0 0 0 0 0 0 0 0 0 0 0 0 0 0 0 0 0 0 0 0 0 0 0 0 0 0 0 0 0 0 0 0 0 0 0 0 0 0 0 0 0 0 0 0 0 0 0 0 0 0 0 0 0 0 0 0 0 0 0 0 0 0 0 0 0 0 0 0 0 0 0 0 0 0 0 0 0 0 0 0 0 0 0 0 0 0 0 0 0 0 0 0 0 0 0 0 0 0 0 0 0 0 0 0 0 0 0 0 0 0 0 0 0 0 0 0 0 0 0 0 0 0 0 0 0 0 0 0 0 0 0 0 0 0 0 0 0 0 0 0 0 0 0 0 0 0 0 0 0 0 0 0 0 0 0 0 0 0 0 0 0 0 0 0 0 0 0 0 0 0 0 0 0 0 0 0 0 0 0 0 0 0 0 0 0 0 0 0 0 0 0 0 0 0 0 0 0 0 0 0 0 0 0 0 0 0 0 0 0 0 0 0 0 0 0 0 0 0 0 0 0 0 0 0 0 0 0 0 0 0 
0 0 0 0 0 0 0 0 0 0 0 0 0 0 0 0 0 0 0 0 0 0 197 197 197 197 197 197 197 197 197 197 197 197 197 197 197 197 197 197 197 197 196 196 196 196 196 196 196 196 196 196 196 196 196 196 196 196 196 196 196 196 196 196 196 196 196 196 196 196 196 196 196 196 196 196 195 195 195 195 195 195 195 195 195 195 195 195 195 195 195 195 195 195 195 195 195 195 195 195 195 195 195 195 195 195 195 195 194 194 194 194 194 194 194 194 194 194 194 194 194 194 194 194 194 194 194 194 194 194 194 194 194 194 193 193 193 193 193 193 193 193 193 193 193 193 193 193 193 193 193 193 193 193 193 193 193 193 193 193 192 192 192 192 192 192 192 192 192 192 192 192 192 192 192 192 192 192 192 192 192 192 192 192 192 192 192 192 192 192 192 192 192 192 192 192 192 192 192 191 0 0 0 0 0 0 0 0 0 0 0 0 0 0 0 0 0 0 0 0 0 0 0 0 0 0 0 0 0 0 0 0 0 0 0 0 0 0 0 0 0 0 0 0 0 0 0 0 0 0 0 0 0 0 0 0 0 0 0 0 0 0 0 0 0 0 0 0 0 0 0 0 0 0 0 0 0 0 0 0 0 0 0 0 0 0 0 0 0 0 0 0 0 0 0 0 0 0 0 0 0 0 0 0 0 0 0 0 0 0 0 0 0 0 0 0 0 0 0 0 0 0 0 0 0 0 0 0 0 0 0 0 0 0 0 0 0 0 0 0 0 0 0 0 0 0 0 0 0 0 0 0 0 0 0 0 0 0 0 0 0 0 0 0 0 0 0 0 0 0 0 0 0 0 0 0 0 0 0 0 0 0 0 0 0 0 0 0 0 0 0 0 0 0 0 0 0 0 0 0 0 0 0 0 0 0 0 0 0 0 0 0 0 0 0 0 0 0 0 0 0 0 0 0 0 0 0 0 0 0 0 0 0 0 0 0 0 0 0 0 0 0 0 0 0 0 0 0 0 0 0 0 0 0 0 0 0 0 0 0 0 0 0 0 0 0 0 0 0 0 0 0 0 0 0 0 0 0 0 0 0 0 0 0 0 0 0 0 0 0 0 0 0 0 0 0 0 0 0 0 0 0 0 
0 0 0 0 0 0 0 0 0 0 0 0 0 0 0 0 0 0 0 0 0 0 197 197 197 197 197 197 197 197 197 197 197 197 197 197 197 197 197 197 197 197 196 196 196 196 196 196 196 196 196 196 196 196 196 196 196 196 196 196 196 196 196 196 196 196 196 196 196 196 196 196 196 196 196 196 196 196 196 196 196 195 195 195 195 195 195 195 195 195 195 195 195 195 195 195 195 195 195 195 195 195 195 195 195 195 195 195 195 195 195 194 194 194 194 194 194 194 194 194 194 194 194 194 194 194 194 194 194 194 194 194 194 194 194 194 194 194 194 193 193 193 193 193 193 193 193 193 193 193 193 193 193 193 193 193 193 193 193 193 193 193 193 193 193 193 193 193 193 192 192 192 192 192 192 192 192 192 192 192 192 192 192 192 192 192 192 192 192 192 192 192 192 192 192 192 192 192 192 192 0 0 0 0 0 0 0 0 0 0 0 0 0 0 0 0 0 0 0 0 0 0 0 0 0 0 0 0 0 0 0 0 0 0 0 0 0 0 0 0 0 0 0 0 0 0 0 0 0 0 0 0 0 0 0 0 0 0 0 0 0 0 0 0 0 0 0 0 0 0 0 0 0 0 0 0 0 0 0 0 0 0 0 0 0 0 0 0 0 0 0 0 0 0 0 0 0 0 0 0 0 0 0 0 0 0 0 0 0 0 0 0 0 0 0 0 0 0 0 0 0 0 0 0 0 0 0 0 0 0 0 0 0 0 0 0 0 0 0 0 0 0 0 0 0 0 0 0 0 0 0 0 0 0 0 0 0 0 0 0 0 0 0 0 0 0 0 0 0 0 0 0 0 0 0 0 0 0 0 0 0 0 0 0 0 0 0 0 0 0 0 0 0 0 0 0 0 0 0 0 0 0 0 0 0 0 0 0 0 0 0 0 0 0 0 0 0 0 0 0 0 0 0 0 0 0 0 0 0 0 0 0 0 0 0 0 0 0 0 0 0 0 0 0 0 0 0 0 0 0 0 0 0 0 0 0 0 0 0 0 0 0 0 0 0 0 0 0 0 0 0 0 0 0 0 0 0 0 0 0 0 0 0 0 0 0 0 0 0 0 0 0 0 0 0 0 0 0 0 0 0 0 0 
0 0 0 0 0 0 0 0 0 0 0 0 0 0 0 0 0 0 0 0 0 0 197 197 197 197 197 197 197 197 197 197 197 197 197 197 197 197 197 197 197 197 197 197 197 197 197 196 196 196 196 196 196 196 196 196 196 196 196 196 196 196 196 196 196 196 196 196 196 196 196 196 196 196 196 196 196 196 196 196 196 196 196 196 196 195 195 195 195 195 195 195 195 195 195 195 195 195 195 195 195 195 195 195 195 195 195 195 195 195 195 195 195 195 195 195 195 195 195 194 194 194 194 194 194 194 194 194 194 194 194 194 194 194 194 194 194 194 194 194 194 194 193 193 193 193 193 193 193 193 193 193 193 193 193 193 193 193 193 193 193 193 193 193 193 193 193 193 193 193 193 193 193 193 192 192 192 192 192 192 192 192 192 192 192 192 192 192 192 192 192 192 192 192 192 192 192 192 192 192 192 0 0 0 0 0 0 0 0 0 0 0 0 0 0 0 0 0 0 0 0 0 0 0 0 0 0 0 0 0 0 0 0 0 0 0 0 0 0 0 0 0 0 0 0 0 0 0 0 0 0 0 0 0 0 0 0 0 0 0 0 0 0 0 0 0 0 0 0 0 0 0 0 0 0 0 0 0 0 0 0 0 0 0 0 0 0 0 0 0 0 0 0 0 0 0 0 0 0 0 0 0 0 0 0 0 0 0 0 0 0 0 0 0 0 0 0 0 0 0 0 0 0 0 0 0 0 0 0 0 0 0 0 0 0 0 0 0 0 0 0 0 0 0 0 0 0 0 0 0 0 0 0 0 0 0 0 0 0 0 0 0 0 0 0 0 0 0 0 0 0 0 0 0 0 0 0 0 0 0 0 0 0 0 0 0 0 0 0 0 0 0 0 0 0 0 0 0 0 0 0 0 0 0 0 0 0 0 0 0 0 0 0 0 0 0 0 0 0 0 0 0 0 0 0 0 0 0 0 0 0 0 0 0 0 0 0 0 0 0 0 0 0 0 0 0 0 0 0 0 0 0 0 0 0 0 0 0 0 0 0 0 0 0 0 0 0 0 0 0 0 0 0 0 0 0 0 0 0 0 0 0 0 0 0 0 0 0 0 0 0 0 0 0 0 0 0 0 0 0 0 0 0 
0 0 0 0 0 0 0 0 0 0 197 197 197 197 197 0 0 0 0 197 197 0 0 197 197 197 197 197 197 197 197 197 197 197 197 197 197 197 197 197 197 197 197 197 197 197 197 197 197 197 197 197 197 197 197 197 197 196 196 196 196 196 196 196 196 196 196 196 196 196 196 196 196 196 196 196 196 196 196 196 196 196 196 196 196 196 196 196 196 196 196 195 195 195 195 195 195 195 195 195 195 195 195 195 195 195 195 195 195 195 195 195 195 195 195 195 195 195 195 195 195 195 194 194 194 194 194 194 194 194 194 194 194 194 194 194 194 194 194 194 194 194 194 194 193 193 193 193 193 193 193 193 193 193 193 193 193 193 193 193 193 193 193 193 193 193 193 193 193 193 193 193 193 193 193 193 193 193 193 193 193 193 193 192 192 192 192 192 192 192 192 192 192 192 192 192 192 192 192 192 192 0 0 0 0 0 0 0 0 0 0 0 0 0 0 0 0 0 0 0 0 0 0 0 0 0 0 0 0 0 0 0 0 0 0 0 0 0 0 0 0 0 0 0 0 0 0 0 0 0 0 0 0 0 0 0 0 0 0 0 0 0 0 0 0 0 0 0 0 0 0 0 0 0 0 0 0 0 0 0 0 0 0 0 0 0 0 0 0 0 0 0 0 0 0 0 0 0 0 0 0 0 0 0 0 0 0 0 0 0 0 0 0 0 0 0 0 0 0 0 0 0 0 0 0 0 0 0 0 0 0 0 0 0 0 0 0 0 0 0 0 0 0 0 0 0 0 0 0 0 0 0 0 0 0 0 0 0 0 0 0 0 0 0 0 0 0 0 0 0 0 0 0 0 0 0 0 0 0 0 0 0 0 0 0 0 0 0 0 0 0 0 0 0 0 0 0 0 0 0 0 0 0 0 0 0 0 0 0 0 0 0 0 0 0 0 0 0 0 0 0 0 0 0 0 0 0 0 0 0 0 0 0 0 0 0 0 0 0 0 0 0 0 0 0 0 0 0 0 0 0 0 0 0 0 0 0 0 0 0 0 0 0 0 0 0 0 0 0 0 0 0 0 0 0 0 0 0 0 0 0 0 0 0 0 0 0 0 0 0 0 0 0 0 0 0 0 0 0 0 0 0 0 
0 0 0 0 0 0 0 0 198 197 197 197 197 197 197 197 197 197 197 197 197 197 197 197 197 197 197 197 197 197 197 197 197 197 197 197 197 197 197 197 197 197 197 197 197 197 197 197 197 197 197 197 197 197 197 197 197 197 197 197 197 197 197 196 196 196 196 196 196 196 196 196 196 196 196 196 196 196 196 196 196 196 196 196 196 196 196 196 196 196 196 196 196 196 196 196 196 196 196 195 195 195 195 195 195 195 195 195 195 195 195 195 195 195 195 195 195 195 195 195 195 195 195 195 195 195 195 194 195 194 194 194 194 194 194 194 194 194 194 194 194 194 194 194 194 194 194 194 194 194 194 194 194 194 193 193 193 193 193 193 193 193 193 193 193 193 193 193 193 193 193 193 193 193 193 193 193 193 193 193 193 193 193 193 193 193 193 193 193 193 193 193 192 192 192 192 192 192 192 192 192 192 0 0 0 0 0 0 0 0 0 0 0 0 0 0 0 0 0 0 0 0 0 0 0 0 0 0 0 0 0 0 0 0 0 0 0 0 0 0 0 0 0 0 0 0 0 0 0 0 0 0 0 0 0 0 0 0 0 0 0 0 0 0 0 0 0 0 0 0 0 0 0 0 0 0 0 0 0 0 0 0 0 0 0 0 0 0 0 0 0 0 0 0 0 0 0 0 0 0 0 0 0 0 0 0 0 0 0 0 0 0 0 0 0 0 0 0 0 0 0 0 0 0 0 0 0 0 0 0 0 0 0 0 0 0 0 0 0 0 0 0 0 0 0 0 0 0 0 0 0 0 0 0 0 0 0 0 0 0 0 0 0 0 0 0 0 0 0 0 0 0 0 0 0 0 0 0 0 0 0 0 0 0 0 0 0 0 0 0 0 0 0 0 0 0 0 0 0 0 0 0 0 0 0 0 0 0 0 0 0 0 0 0 0 0 0 0 0 0 0 0 0 0 0 0 0 0 0 0 0 0 0 0 0 0 0 0 0 0 0 0 0 0 0 0 0 0 0 0 0 0 0 0 0 0 0 0 0 0 0 0 0 0 0 0 0 0 0 0 0 0 0 0 0 0 0 0 0 0 0 0 0 0 0 0 0 0 0 0 0 0 0 0 0 0 0 0 0 0 0 0 0 
198 0 0 0 0 0 198 198 198 198 198 198 198 198 198 198 198 198 198 198 198 198 198 198 198 198 198 198 197 197 197 197 197 197 197 197 197 197 197 197 197 197 197 197 197 197 197 197 197 197 197 197 197 197 197 197 197 197 197 197 197 197 197 197 197 197 197 197 196 196 196 196 196 196 196 196 196 196 196 196 196 196 196 196 196 196 196 196 196 196 196 196 196 196 196 196 196 196 196 196 196 196 196 196 195 195 195 195 195 195 195 195 195 195 195 195 195 195 195 195 195 195 195 195 195 195 195 195 195 195 195 195 195 194 194 194 194 194 194 194 194 194 194 194 194 194 194 194 194 194 194 194 194 194 194 194 194 194 194 194 193 193 193 193 193 193 193 193 193 193 193 193 193 193 193 193 193 193 193 193 193 193 193 193 193 193 193 193 193 193 193 193 193 193 193 193 193 193 193 193 192 192 0 0 0 0 0 0 0 0 0 0 0 0 0 0 0 0 0 0 0 0 0 0 0 0 0 0 0 0 0 0 0 0 0 0 0 0 0 0 0 0 0 0 0 0 0 0 0 0 0 0 0 0 0 0 0 0 0 0 0 0 0 0 0 0 0 0 0 0 0 0 0 0 0 0 0 0 0 0 0 0 0 0 0 0 0 0 0 0 0 0 0 0 0 0 0 0 0 0 0 0 0 0 0 0 0 0 0 0 0 0 0 0 0 0 0 0 0 0 0 0 0 0 0 0 0 0 0 0 0 0 0 0 0 0 0 0 0 0 0 0 0 0 0 0 0 0 0 0 0 0 0 0 0 0 0 0 0 0 0 0 0 0 0 0 0 0 0 0 0 0 0 0 0 0 0 0 0 0 0 0 0 0 0 0 0 0 0 0 0 0 0 0 0 0 0 0 0 0 0 0 0 0 0 0 0 0 0 0 0 0 0 0 0 0 0 0 0 0 0 0 0 0 0 0 0 0 0 0 0 0 0 0 0 0 0 0 0 0 0 0 0 0 0 0 0 0 0 0 0 0 0 0 0 0 0 0 0 0 0 0 0 0 0 0 0 0 0 0 0 0 0 0 0 0 0 0 0 0 0 0 0 0 0 0 0 0 0 0 0 0 0 0 0 0 0 0 0 0 0 0 0 
0 198 198 198 198 198 198 198 198 198 198 198 198 198 198 198 198 198 198 198 198 198 198 198 198 198 198 198 198 198 198 198 197 197 197 197 197 197 197 197 197 197 197 197 197 197 197 197 197 197 197 197 197 197 197 197 197 197 197 197 197 197 197 197 197 197 197 197 197 197 197 197 196 196 196 196 196 196 196 196 196 196 196 196 196 196 196 196 196 196 196 196 196 196 196 196 196 196 196 196 196 196 196 196 196 196 196 196 196 195 195 195 195 195 195 195 195 195 195 195 195 195 195 195 195 195 195 195 195 195 195 195 195 195 195 195 195 194 194 194 194 194 194 194 194 194 194 194 194 194 194 194 194 194 194 194 194 194 194 194 194 194 194 194 194 194 194 193 193 193 193 193 193 193 193 193 193 193 193 193 193 193 193 193 193 193 193 193 193 193 193 193 193 193 193 193 193 193 193 193 193 193 193 0 0 0 0 0 192 192 192 0 0 0 0 0 0 0 0 0 0 0 0 0 0 0 0 0 0 0 0 0 0 0 0 0 0 0 0 0 0 0 0 0 0 0 0 0 0 0 0 0 0 0 0 0 0 0 0 0 0 0 0 0 0 0 0 0 0 0 0 0 0 0 0 0 0 0 0 0 0 0 0 0 0 0 0 0 0 0 0 0 0 0 0 0 0 0 0 0 0 0 0 0 0 0 0 0 0 0 0 0 0 0 0 0 0 0 0 0 0 0 0 0 0 0 0 0 0 0 0 0 0 0 0 0 0 0 0 0 0 0 0 0 0 0 0 0 0 0 0 0 0 0 0 0 0 0 0 0 0 0 0 0 0 0 0 0 0 0 0 0 0 0 0 0 0 0 0 0 0 0 0 0 0 0 0 0 0 0 0 0 0 0 0 0 0 0 0 0 0 0 0 0 0 0 0 0 0 0 0 0 0 0 0 0 0 0 0 0 0 0 0 0 0 0 0 0 0 0 0 0 0 0 0 0 0 0 0 0 0 0 0 0 0 0 0 0 0 0 0 0 0 0 0 0 0 0 0 0 0 0 0 0 0 0 0 0 0 0 0 0 0 0 0 0 0 0 0 0 0 0 0 0 0 0 0 0 0 0 0 0 0 0 0 0 0 0 0 0 0 0 0 
0 198 198 198 198 198 198 198 198 198 198 198 198 198 198 198 198 198 198 198 198 198 198 198 198 198 198 198 198 198 198 198 198 198 198 198 198 198 198 197 197 197 197 197 197 197 197 197 197 197 197 197 197 197 197 197 197 197 197 197 197 197 197 197 197 197 197 197 197 197 197 197 197 197 197 197 197 196 196 196 196 196 196 196 196 196 196 196 196 196 196 196 196 196 196 196 196 196 196 196 196 196 196 196 196 196 196 196 196 196 196 196 196 196 195 195 195 195 195 195 195 195 195 195 195 195 195 195 195 195 195 195 195 195 195 195 195 195 195 195 195 195 194 194 194 194 194 194 194 194 194 194 194 194 194 194 194 194 194 194 194 194 194 194 194 194 194 194 194 194 194 194 194 194 194 194 193 193 193 193 193 193 193 193 193 193 193 193 193 193 193 193 193 193 193 193 193 193 193 193 193 193 193 193 0 0 193 193 193 193 193 0 0 0 0 0 0 0 0 0 0 0 0 0 0 0 0 0 0 0 0 0 0 0 0 0 0 0 0 0 0 0 0 0 0 0 0 0 0 0 0 0 0 0 0 0 0 0 0 0 0 0 0 0 0 0 0 0 0 0 0 0 0 0 0 0 0 0 0 0 0 0 0 0 0 0 0 0 0 0 0 0 0 0 0 0 0 0 0 0 0 0 0 0 0 0 0 0 0 0 0 0 0 0 0 0 0 0 0 0 0 0 0 0 0 0 0 0 0 0 0 0 0 0 0 0 0 0 0 0 0 0 0 0 0 0 0 0 0 0 0 0 0 0 0 0 0 0 0 0 0 0 0 0 0 0 0 0 0 0 0 0 0 0 0 0 0 0 0 0 0 0 0 0 0 0 0 0 0 0 0 0 0 0 0 0 0 0 0 0 0 0 0 0 0 0 0 0 0 0 0 0 0 0 0 0 0 0 0 0 0 0 0 0 0 0 0 0 0 0 0 0 0 0 0 0 0 0 0 0 0 0 0 0 0 0 0 0 0 0 0 0 0 0 0 0 0 0 0 0 0 0 0 0 0 0 0 0 0 0 0 0 0 0 0 0 0 0 0 0 0 0 0 0 0 0 0 0 0 0 0 0 0 0 0 0 0 0 0 0 0 0 0 
0 198 198 198 198 198 198 198 198 198 198 198 198 198 198 198 198 198 198 198 198 198 198 198 198 198 198 198 198 198 198 198 198 198 198 198 198 198 198 198 198 198 197 197 197 197 197 197 197 197 197 197 197 197 197 197 197 197 197 197 197 197 197 197 197 197 197 197 197 197 197 197 197 197 197 197 197 197 197 197 197 197 197 196 196 196 196 196 196 196 196 196 196 196 196 196 196 196 196 196 196 196 196 196 196 196 196 196 196 196 196 196 196 196 196 196 196 196 195 196 195 195 195 195 195 195 195 195 195 195 195 195 195 195 195 195 195 195 195 195 195 195 195 195 195 194 194 195 194 194 194 194 194 194 194 194 194 194 194 194 194 194 194 194 194 194 194 194 194 194 194 194 194 194 194 194 194 194 194 194 194 194 194 194 194 193 193 193 193 193 193 193 193 193 193 193 193 193 193 193 193 193 193 193 193 193 193 193 193 193 193 0 0 0 0 0 0 0 0 0 0 0 0 0 0 0 0 0 0 0 0 0 0 0 0 0 0 0 0 0 0 0 0 0 0 0 0 0 0 0 0 0 0 0 0 0 0 0 0 0 0 0 0 0 0 0 0 0 0 0 0 0 0 0 0 0 0 0 0 0 0 0 0 0 0 0 0 0 0 0 0 0 0 0 0 0 0 0 0 0 0 0 0 0 0 0 0 0 0 0 0 0 0 0 0 0 0 0 0 0 0 0 0 0 0 0 0 0 0 0 0 0 0 0 0 0 0 0 0 0 0 0 0 0 0 0 0 0 0 0 0 0 0 0 0 0 0 0 0 0 0 0 0 0 0 0 0 0 0 0 0 0 0 0 0 0 0 0 0 0 0 0 0 0 0 0 0 0 0 0 0 0 0 0 0 0 0 0 0 0 0 0 0 0 0 0 0 0 0 0 0 0 0 0 0 0 0 0 0 0 0 0 0 0 0 0 0 0 0 0 0 0 0 0 0 0 0 0 0 0 0 0 0 0 0 0 0 0 0 0 0 0 0 0 0 0 0 0 0 0 0 0 0 0 0 0 0 0 0 0 0 0 0 0 0 0 0 0 0 0 0 0 0 0 0 0 0 0 0 0 0 0 0 0 0 0 0 0 0 0 0 0 0 
0 0 198 198 198 198 198 198 198 198 198 198 198 198 198 198 198 198 198 198 198 198 198 198 198 198 198 198 198 198 198 198 198 198 198 198 198 198 198 198 198 198 197 197 197 197 197 197 197 197 197 197 197 197 197 197 197 197 197 197 197 197 197 197 197 197 197 197 197 197 197 197 197 197 197 197 197 197 197 197 197 197 197 197 197 197 197 197 196 196 196 196 196 196 196 196 196 196 196 196 196 196 196 196 196 196 196 196 196 196 196 196 196 196 196 196 196 196 196 196 196 196 196 196 196 195 195 195 195 195 195 195 195 195 195 195 195 195 195 195 195 195 195 195 195 195 195 195 195 195 195 195 195 195 194 194 194 194 194 194 194 194 194 194 194 194 194 194 194 194 194 194 194 194 194 194 194 194 194 194 194 194 194 194 194 194 194 194 194 194 194 194 193 193 193 193 193 193 193 193 193 193 193 193 193 193 193 193 193 193 193 0 0 0 0 0 0 0 0 0 0 0 0 0 0 0 0 0 0 0 0 0 0 0 0 0 0 0 0 0 0 0 0 0 0 0 0 0 0 0 0 0 0 0 0 0 0 0 0 0 0 0 0 0 0 0 0 0 0 0 0 0 0 0 0 0 0 0 0 0 0 0 0 0 0 0 0 0 0 0 0 0 0 0 0 0 0 0 0 0 0 0 0 0 0 0 0 0 0 0 0 0 0 0 0 0 0 0 0 0 0 0 0 0 0 0 0 0 0 0 0 0 0 0 0 0 0 0 0 0 0 0 0 0 0 0 0 0 0 0 0 0 0 0 0 0 0 0 0 0 0 0 0 0 0 0 0 0 0 0 0 0 0 0 0 0 0 0 0 0 0 0 0 0 0 0 0 0 0 0 0 0 0 0 0 0 0 0 0 0 0 0 0 0 0 0 0 0 0 0 0 0 0 0 0 0 0 0 0 0 0 0 0 0 0 0 0 0 0 0 0 0 0 0 0 0 0 0 0 0 0 0 0 0 0 0 0 0 0 0 0 0 0 0 0 0 0 0 0 0 0 0 0 0 0 0 0 0 0 0 0 0 0 0 0 0 0 0 0 0 0 0 0 0 0 0 0 0 0 0 0 0 0 0 0 0 0 0 0 0 0 0 0 
0 0 198 198 198 198 198 198 198 198 198 198 198 198 198 198 198 198 198 198 198 198 198 198 198 198 198 198 198 198 198 198 198 198 198 198 198 198 198 198 198 198 198 198 197 198 197 197 198 197 197 197 197 197 197 197 197 197 197 197 197 197 197 197 197 197 197 197 197 197 197 197 197 197 197 197 197 197 197 197 197 197 197 197 197 197 197 197 197 197 197 197 197 197 197 196 196 196 196 196 196 196 196 196 196 196 196 196 196 196 196 196 196 196 196 196 196 196 196 196 196 196 196 196 196 196 196 196 196 196 196 195 195 195 195 195 195 195 195 195 195 195 195 195 195 195 195 195 195 195 195 195 195 195 195 195 195 195 195 195 194 194 194 194 194 194 194 194 194 194 194 194 194 194 194 194 194 194 194 194 194 194 194 194 194 194 194 194 194 194 194 194 194 194 194 194 194 194 194 194 193 193 193 193 193 193 193 193 193 193 193 193 0 0 0 0 0 0 0 0 0 0 0 0 0 0 0 0 0 0 0 0 0 0 0 0 0 0 0 0 0 0 0 0 0 0 0 0 0 0 0 0 0 0 0 0 0 0 0 0 0 0 0 0 0 0 0 0 0 0 0 0 0 0 0 0 0 0 0 0 0 0 0 0 0 0 0 0 0 0 0 0 0 0 0 0 0 0 0 0 0 0 0 0 0 0 0 0 0 0 0 0 0 0 0 0 0 0 0 0 0 0 0 0 0 0 0 0 0 0 0 0 0 0 0 0 0 0 0 0 0 0 0 0 0 0 0 0 0 0 0 0 0 0 0 0 0 0 0 0 0 0 0 0 0 0 0 0 0 0 0 0 0 0 0 0 0 0 0 0 0 0 0 0 0 0 0 0 0 0 0 0 0 0 0 0 0 0 0 0 0 0 0 0 0 0 0 0 0 0 0 0 0 0 0 0 0 0 0 0 0 0 0 0 0 0 0 0 0 0 0 0 0 0 0 0 0 0 0 0 0 0 0 0 0 0 0 0 0 0 0 0 0 0 0 0 0 0 0 0 0 0 0 0 0 0 0 0 0 0 0 0 0 0 0 0 0 0 0 0 0 0 0 0 0 0 0 0 0 0 0 0 0 0 0 0 0 0 0 0 0 0 0 
0 0 0 0 198 198 198 198 198 198 198 198 198 198 198 198 198 198 198 198 198 198 198 198 198 198 198 198 198 198 198 198 198 198 198 198 198 198 198 198 198 198 198 198 198 198 198 198 198 198 198 198 198 198 198 198 198 197 197 197 197 197 197 197 197 197 197 197 197 197 197 197 197 197 197 197 197 197 197 197 197 197 197 197 197 197 197 197 197 197 197 197 197 197 197 197 197 197 197 197 197 197 197 196 196 196 196 196 196 196 196 196 196 196 196 196 196 196 196 196 196 196 196 196 196 196 196 196 196 196 196 196 196 196 196 196 195 195 195 195 195 195 195 195 195 195 195 195 195 195 195 195 195 195 195 195 195 195 195 195 195 195 195 195 195 195 195 195 194 194 194 194 194 194 194 194 194 194 194 194 194 194 194 194 194 194 194 194 194 194 194 194 194 194 194 194 194 194 194 194 194 194 194 194 194 194 194 194 193 193 193 193 193 193 193 193 0 0 0 0 0 0 0 0 0 0 0 0 0 0 0 0 0 0 0 0 0 0 0 0 0 0 0 0 0 0 0 0 0 0 0 0 0 0 0 0 0 0 0 0 0 0 0 0 0 0 0 0 0 0 0 0 0 0 0 0 0 0 0 0 0 0 0 0 0 0 0 0 0 0 0 0 0 0 0 0 0 0 0 0 0 0 0 0 0 0 0 0 0 0 0 0 0 0 0 0 0 0 0 0 0 0 0 0 0 0 0 0 0 0 0 0 0 0 0 0 0 0 0 0 0 0 0 0 0 0 0 0 0 0 0 0 0 0 0 0 0 0 0 0 0 0 0 0 0 0 0 0 0 0 0 0 0 0 0 0 0 0 0 0 0 0 0 0 0 0 0 0 0 0 0 0 0 0 0 0 0 0 0 0 0 0 0 0 0 0 0 0 0 0 0 0 0 0 0 0 0 0 0 0 0 0 0 0 0 0 0 0 0 0 0 0 0 0 0 0 0 0 0 0 0 0 0 0 0 0 0 0 0 0 0 0 0 0 0 0 0 0 0 0 0 0 0 0 0 0 0 0 0 0 0 0 0 0 0 0 0 0 0 0 0 0 0 0 0 0 0 0 0 0 0 0 0 0 0 0 0 0 0 0 0 0 0 
0 0 0 0 0 198 198 198 198 198 198 198 198 198 198 198 198 198 198 198 198 198 198 198 198 198 198 198 198 198 198 198 198 198 198 198 198 198 198 198 198 198 198 198 198 198 198 198 198 198 198 198 198 198 198 198 198 198 198 198 198 198 198 197 197 197 197 197 197 197 197 197 197 197 197 197 197 197 197 197 197 197 197 197 197 197 197 197 197 197 197 197 197 197 197 197 197 197 197 197 197 197 197 197 197 197 197 197 197 197 196 196 196 196 196 196 196 196 196 196 196 196 196 196 196 196 196 196 196 196 196 196 196 196 196 196 196 196 196 196 196 196 195 195 195 195 195 195 195 195 195 195 195 195 195 195 195 195 195 195 195 195 195 195 195 195 195 195 195 195 195 195 195 195 195 195 195 195 194 194 194 194 194 194 194 194 194 194 194 194 194 194 194 194 194 194 194 194 194 194 194 194 194 194 194 194 194 194 194 194 194 194 194 194 194 194 193 0 0 0 0 0 0 0 0 0 0 0 0 0 0 0 0 0 0 0 0 0 0 0 0 0 0 0 0 0 0 0 0 0 0 0 0 0 0 0 0 0 0 0 0 0 0 0 0 0 0 0 0 0 0 0 0 0 0 0 0 0 0 0 0 0 0 0 0 0 0 0 0 0 0 0 0 0 0 0 0 0 0 0 0 0 0 0 0 0 0 0 0 0 0 0 0 0 0 0 0 0 0 0 0 0 0 0 0 0 0 0 0 0 0 0 0 0 0 0 0 0 0 0 0 0 0 0 0 0 0 0 0 0 0 0 0 0 0 0 0 0 0 0 0 0 0 0 0 0 0 0 0 0 0 0 0 0 0 0 0 0 0 0 0 0 0 0 0 0 0 0 0 0 0 0 0 0 0 0 0 0 0 0 0 0 0 0 0 0 0 0 0 0 0 0 0 0 0 0 0 0 0 0 0 0 0 0 0 0 0 0 0 0 0 0 0 0 0 0 0 0 0 0 0 0 0 0 0 0 0 0 0 0 0 0 0 0 0 0 0 0 0 0 0 0 0 0 0 0 0 0 0 0 0 0 0 0 0 0 0 0 0 0 0 0 0 0 0 0 0 0 0 0 0 0 0 0 0 0 0 0 0 0 0 0 0 
0 0 0 0 0 198 198 198 198 198 198 198 198 198 198 198 198 198 198 198 198 198 198 198 198 198 198 198 198 198 198 198 198 198 198 198 198 198 198 198 198 198 198 198 198 198 198 198 198 198 198 198 198 198 198 198 198 198 198 198 198 198 198 198 198 198 198 198 198 198 198 198 197 197 197 197 197 197 197 197 197 197 197 197 197 197 197 197 197 197 197 197 197 197 197 197 197 197 197 197 197 197 197 197 197 197 197 197 197 197 197 197 197 197 197 196 196 196 196 196 196 196 196 196 196 196 196 196 196 196 196 196 196 196 196 196 196 196 196 196 196 196 196 196 196 195 195 195 196 195 195 195 195 195 195 195 195 195 195 195 195 195 195 195 195 195 195 195 195 195 195 195 195 195 195 195 195 195 195 195 195 195 195 194 195 195 194 194 194 194 194 194 194 194 194 194 194 194 194 194 194 194 194 194 194 194 194 194 194 194 194 194 194 194 194 194 194 194 0 0 0 0 0 0 0 0 0 0 0 0 0 0 0 0 0 0 0 0 0 0 0 0 0 0 0 0 0 0 0 0 0 0 0 0 0 0 0 0 0 0 0 0 0 0 0 0 0 0 0 0 0 0 0 0 0 0 0 0 0 0 0 0 0 0 0 0 0 0 0 0 0 0 0 0 0 0 0 0 0 0 0 0 0 0 0 0 0 0 0 0 0 0 0 0 0 0 0 0 0 0 0 0 0 0 0 0 0 0 0 0 0 0 0 0 0 0 0 0 0 0 0 0 0 0 0 0 0 0 0 0 0 0 0 0 0 0 0 0 0 0 0 0 0 0 0 0 0 0 0 0 0 0 0 0 0 0 0 0 0 0 0 0 0 0 0 0 0 0 0 0 0 0 0 0 0 0 0 0 0 0 0 0 0 0 0 0 0 0 0 0 0 0 0 0 0 0 0 0 0 0 0 0 0 0 0 0 0 0 0 0 0 0 0 0 0 0 0 0 0 0 0 0 0 0 0 0 0 0 0 0 0 0 0 0 0 0 0 0 0 0 0 0 0 0 0 0 0 0 0 0 0 0 0 0 0 0 0 0 0 0 0 0 0 0 0 0 0 0 0 0 0 0 0 0 0 0 0 0 0 0 0 0 0 
0 0 0 0 0 198 199 199 199 199 199 199 199 199 199 199 199 199 199 199 199 198 198 198 199 198 198 199 198 198 198 198 198 198 198 198 198 198 198 198 198 198 198 198 198 198 198 198 198 198 198 198 198 198 198 198 198 198 198 198 198 198 198 198 198 198 198 198 198 198 198 198 198 198 198 198 198 197 197 197 197 197 197 197 197 197 197 197 197 197 197 197 197 197 197 197 197 197 197 197 197 197 197 197 197 197 197 197 197 197 197 197 197 197 197 197 197 197 197 197 196 196 196 196 196 196 196 196 196 196 196 196 196 196 196 196 196 196 196 196 196 196 196 196 196 196 196 196 196 196 196 196 196 196 195 195 195 195 195 195 195 195 195 195 195 195 195 195 195 195 195 195 195 195 195 195 195 195 195 195 195 195 195 195 195 195 195 195 195 195 195 195 195 194 194 194 194 194 194 194 194 194 194 194 194 194 194 194 194 194 194 194 194 194 194 194 194 194 194 194 0 0 0 0 0 0 0 0 0 0 0 0 0 0 0 0 0 0 0 0 0 0 0 0 0 0 0 0 0 0 0 0 0 0 0 0 0 0 0 0 0 0 0 0 0 0 0 0 0 0 0 0 0 0 0 0 0 0 0 0 0 0 0 0 0 0 0 0 0 0 0 0 0 0 0 0 0 0 0 0 0 0 0 0 0 0 0 0 0 0 0 0 0 0 0 0 0 0 0 0 0 0 0 0 0 0 0 0 0 0 0 0 0 0 0 0 0 0 0 0 0 0 0 0 0 0 0 0 0 0 0 0 0 0 0 0 0 0 0 0 0 0 0 0 0 0 0 0 0 0 0 0 0 0 0 0 0 0 0 0 0 0 0 0 0 0 0 0 0 0 0 0 0 0 0 0 0 0 0 0 0 0 0 0 0 0 0 0 0 0 0 0 0 0 0 0 0 0 0 0 0 0 0 0 0 0 0 0 0 0 0 0 0 0 0 0 0 0 0 0 0 0 0 0 0 0 0 0 0 0 0 0 0 0 0 0 0 0 0 0 0 0 0 0 0 0 0 0 0 0 0 0 0 0 0 0 0 0 0 0 0 0 0 0 0 0 0 0 0 0 0 0 0 0 0 0 0 0 0 0 0 0 0 
0 0 0 0 0 199 199 199 199 199 199 199 199 199 199 199 199 199 199 199 199 199 199 199 199 199 199 199 199 199 199 199 199 199 199 199 199 199 199 199 199 198 198 198 198 198 198 198 198 198 198 198 198 198 198 198 198 198 198 198 198 198 198 198 198 198 198 198 198 198 198 198 198 198 198 198 198 198 198 198 198 198 197 197 197 197 197 197 197 197 197 197 197 197 197 197 197 197 197 197 197 197 197 197 197 197 197 197 197 197 197 197 197 197 197 196 196 196 196 196 196 196 196 196 196 196 196 196 196 196 196 196 196 196 196 196 196 196 196 196 196 196 196 196 196 196 196 196 196 196 196 196 196 196 196 196 196 196 195 195 195 195 195 195 195 195 195 195 195 195 195 195 195 195 195 195 195 195 195 195 195 195 195 195 195 195 195 195 195 195 195 195 195 195 195 195 195 195 195 194 194 194 194 194 194 194 194 194 194 194 194 194 194 194 194 194 194 194 194 194 194 0 0 0 0 0 0 0 0 0 0 0 0 0 0 0 0 0 0 0 0 0 0 0 0 0 0 0 0 0 0 0 0 0 0 0 0 0 0 0 0 0 0 0 0 0 0 0 0 0 0 0 0 0 0 0 0 0 0 0 0 0 0 0 0 0 0 0 0 0 0 0 0 0 0 0 0 0 0 0 0 0 0 0 0 0 0 0 0 0 0 0 0 0 0 0 0 0 0 0 0 0 0 0 0 0 0 0 0 0 0 0 0 0 0 0 0 0 0 0 0 0 0 0 0 0 0 0 0 0 0 0 0 0 0 0 0 0 0 0 0 0 0 0 0 0 0 0 0 0 0 0 0 0 0 0 0 0 0 0 0 0 0 0 0 0 0 0 0 0 0 0 0 0 0 0 0 0 0 0 0 0 0 0 0 0 0 0 0 0 0 0 0 0 0 0 0 0 0 0 0 0 0 0 0 0 0 0 0 0 0 0 0 0 0 0 0 0 0 0 0 0 0 0 0 0 0 0 0 0 0 0 0 0 0 0 0 0 0 0 0 0 0 0 0 0 0 0 0 0 0 0 0 0 0 0 0 0 0 0 0 0 0 0 0 0 0 0 0 0 0 0 0 0 0 0 0 0 0 0 0 0 0 
0 0 0 0 199 199 199 199 199 199 199 199 199 199 199 199 199 199 199 199 199 199 199 199 199 199 199 199 199 199 199 199 199 199 199 199 199 199 199 199 199 199 198 198 198 198 198 198 198 198 198 198 198 198 198 198 198 198 198 198 198 198 198 198 198 198 198 198 198 198 198 198 198 198 198 198 198 198 198 198 198 198 198 198 198 198 197 198 197 197 197 197 197 197 197 197 197 197 197 197 197 197 197 197 197 197 197 197 197 197 197 197 197 197 197 197 197 197 197 196 196 196 196 196 196 196 196 196 196 196 196 196 196 196 196 196 196 196 196 196 196 196 196 196 196 196 196 196 196 196 196 196 196 196 196 196 196 196 196 196 196 196 196 196 196 195 196 195 195 195 195 195 195 195 195 195 195 195 195 195 195 195 195 195 195 195 195 195 195 195 195 195 195 195 195 195 195 195 195 195 195 195 195 195 195 195 195 195 194 194 194 194 194 194 194 194 194 194 194 194 194 0 0 0 0 0 0 0 0 0 0 0 0 0 0 0 0 0 0 0 0 0 0 0 0 0 0 0 0 0 0 0 0 0 0 0 0 0 0 0 0 0 0 0 0 0 0 0 0 0 0 0 0 0 0 0 0 0 0 0 0 0 0 0 0 0 0 0 0 0 0 0 0 0 0 0 0 0 0 0 0 0 0 0 0 0 0 0 0 0 0 0 0 0 0 0 0 0 0 0 0 0 0 0 0 0 0 0 0 0 0 0 0 0 0 0 0 0 0 0 0 0 0 0 0 0 0 0 0 0 0 0 0 0 0 0 0 0 0 0 0 0 0 0 0 0 0 0 0 0 0 0 0 0 0 0 0 0 0 0 0 0 0 0 0 0 0 0 0 0 0 0 0 0 0 0 0 0 0 0 0 0 0 0 0 0 0 0 0 0 0 0 0 0 0 0 0 0 0 0 0 0 0 0 0 0 0 0 0 0 0 0 0 0 0 0 0 0 0 0 0 0 0 0 0 0 0 0 0 0 0 0 0 0 0 0 0 0 0 0 0 0 0 0 0 0 0 0 0 0 0 0 0 0 0 0 0 0 0 0 0 0 0 0 0 0 0 0 0 0 0 0 0 0 0 0 0 0 0 0 0 0 0 
0 0 0 0 199 199 199 199 199 199 199 199 199 199 199 199 199 199 199 199 199 199 199 199 199 199 199 199 199 199 199 199 199 199 199 199 199 199 199 199 199 199 199 199 198 198 198 198 198 198 198 198 198 198 198 198 198 198 198 198 198 198 198 198 198 198 198 198 198 198 198 198 198 198 198 198 198 198 198 198 198 198 198 198 198 198 198 198 198 198 198 198 197 197 197 197 197 197 197 197 197 197 197 197 197 197 197 197 197 197 197 197 197 197 197 197 197 197 197 197 197 197 197 197 197 197 197 197 196 196 196 196 196 196 196 196 196 196 196 196 196 196 196 196 196 196 196 196 196 196 196 196 196 196 196 196 196 196 196 196 196 196 196 196 196 196 196 196 196 196 196 196 196 196 196 195 195 195 195 195 195 195 195 195 195 195 195 195 195 195 195 195 195 195 195 195 195 195 195 195 195 195 195 195 195 195 195 195 195 195 195 195 195 195 195 195 194 194 194 194 0 0 0 0 0 0 0 0 0 0 0 0 0 0 0 0 0 0 0 0 0 0 0 0 0 0 0 0 0 0 0 0 0 0 0 0 0 0 0 0 0 0 0 0 0 0 0 0 0 0 0 0 0 0 0 0 0 0 0 0 0 0 0 0 0 0 0 0 0 0 0 0 0 0 0 0 0 0 0 0 0 0 0 0 0 0 0 0 0 0 0 0 0 0 0 0 0 0 0 0 0 0 0 0 0 0 0 0 0 0 0 0 0 0 0 0 0 0 0 0 0 0 0 0 0 0 0 0 0 0 0 0 0 0 0 0 0 0 0 0 0 0 0 0 0 0 0 0 0 0 0 0 0 0 0 0 0 0 0 0 0 0 0 0 0 0 0 0 0 0 0 0 0 0 0 0 0 0 0 0 0 0 0 0 0 0 0 0 0 0 0 0 0 0 0 0 0 0 0 0 0 0 0 0 0 0 0 0 0 0 0 0 0 0 0 0 0 0 0 0 0 0 0 0 0 0 0 0 0 0 0 0 0 0 0 0 0 0 0 0 0 0 0 0 0 0 0 0 0 0 0 0 0 0 0 0 0 0 0 0 0 0 0 0 0 0 0 0 0 0 0 0 0 0 0 0 0 0 0 0 0 0 0 
0 0 0 0 199 199 199 199 199 199 199 199 199 199 199 199 199 199 199 199 199 199 199 199 199 199 199 199 199 199 199 199 199 199 199 199 199 199 199 199 199 199 199 199 199 199 199 199 199 198 198 198 198 198 198 198 198 198 198 198 198 198 198 198 198 198 198 198 198 198 198 198 198 198 198 198 198 198 198 198 198 198 198 198 198 198 198 198 198 198 198 198 197 197 197 197 197 197 197 197 197 197 197 197 197 197 197 197 197 197 197 197 197 197 197 197 197 197 197 197 197 197 197 197 197 197 197 197 197 197 197 197 197 197 197 196 196 196 196 196 196 196 196 196 196 196 196 196 196 196 196 196 196 196 196 196 196 196 196 196 196 196 196 196 196 196 196 196 196 196 196 196 196 196 196 196 196 196 196 196 196 196 196 195 195 195 195 195 195 195 195 195 195 195 195 195 195 195 195 195 195 195 195 195 195 195 195 195 195 195 195 195 195 195 195 195 195 195 195 195 195 0 0 0 0 0 0 0 0 0 0 0 0 0 0 0 0 0 0 0 0 0 0 0 0 0 0 0 0 0 0 0 0 0 0 0 0 0 0 0 0 0 0 0 0 0 0 0 0 0 0 0 0 0 0 0 0 0 0 0 0 0 0 0 0 0 0 0 0 0 0 0 0 0 0 0 0 0 0 0 0 0 0 0 0 0 0 0 0 0 0 0 0 0 0 0 0 0 0 0 0 0 0 0 0 0 0 0 0 0 0 0 0 0 0 0 0 0 0 0 0 0 0 0 0 0 0 0 0 0 0 0 0 0 0 0 0 0 0 0 0 0 0 0 0 0 0 0 0 0 0 0 0 0 0 0 0 0 0 0 0 0 0 0 0 0 0 0 0 0 0 0 0 0 0 0 0 0 0 0 0 0 0 0 0 0 0 0 0 0 0 0 0 0 0 0 0 0 0 0 0 0 0 0 0 0 0 0 0 0 0 0 0 0 0 0 0 0 0 0 0 0 0 0 0 0 0 0 0 0 0 0 0 0 0 0 0 0 0 0 0 0 0 0 0 0 0 0 0 0 0 0 0 0 0 0 0 0 0 0 0 0 0 0 0 0 0 0 0 0 0 0 0 0 0 0 0 0 0 0 0 0 0 
0 0 0 0 199 199 199 199 199 199 199 199 199 199 199 199 199 199 199 199 199 199 199 199 199 199 199 199 199 199 199 199 199 199 199 199 199 199 199 199 199 199 199 199 199 199 199 199 199 199 199 198 198 198 198 198 198 198 198 198 198 198 198 198 198 198 198 198 198 198 198 198 198 198 198 198 198 198 198 198 198 198 198 198 198 198 198 198 198 198 198 198 198 198 198 198 198 197 197 197 197 197 197 197 197 197 197 197 197 197 197 197 197 197 197 197 197 197 197 197 197 197 197 197 197 197 197 197 197 197 197 197 197 197 197 197 197 197 197 197 197 196 197 197 197 197 197 197 197 197 197 197 196 196 196 196 196 196 196 196 196 196 196 196 196 196 196 196 196 196 196 196 196 196 196 196 196 196 196 196 196 196 196 196 196 196 196 196 196 196 196 196 196 195 195 195 195 195 195 195 195 195 195 195 195 195 195 195 195 195 195 195 195 195 195 195 195 195 195 195 195 0 0 195 0 0 0 0 0 0 0 0 0 0 0 0 0 0 0 0 0 0 0 0 0 0 0 0 0 0 0 0 0 0 0 0 0 0 0 0 0 0 0 0 0 0 0 0 0 0 0 0 0 0 0 0 0 0 0 0 0 0 0 0 0 0 0 0 0 0 0 0 0 0 0 0 0 0 0 0 0 0 0 0 0 0 0 0 0 0 0 0 0 0 0 0 0 0 0 0 0 0 0 0 0 0 0 0 0 0 0 0 0 0 0 0 0 0 0 0 0 0 0 0 0 0 0 0 0 0 0 0 0 0 0 0 0 0 0 0 0 0 0 0 0 0 0 0 0 0 0 0 0 0 0 0 0 0 0 0 0 0 0 0 0 0 0 0 0 0 0 0 0 0 0 0 0 0 0 0 0 0 0 0 0 0 0 0 0 0 0 0 0 0 0 0 0 0 0 0 0 0 0 0 0 0 0 0 0 0 0 0 0 0 0 0 0 0 0 0 0 0 0 0 0 0 0 0 0 0 0 0 0 0 0 0 0 0 0 0 0 0 0 0 0 0 0 0 0 0 0 0 0 0 0 0 0 0 0 0 0 0 0 0 0 0 0 0 0 0 0 0 0 0 0 0 0 0 0 0 0 0 0 
0 0 0 0 0 199 199 199 199 199 199 199 199 199 199 199 199 199 199 199 199 199 199 199 199 199 199 199 199 199 199 199 199 199 199 199 199 199 199 199 199 199 199 199 199 199 199 199 199 199 199 199 199 199 199 199 199 199 199 199 199 199 199 199 199 199 198 198 198 198 198 198 198 198 198 198 198 198 198 198 198 198 198 198 198 198 198 198 198 198 198 198 198 198 198 198 198 198 198 198 198 198 198 198 198 198 198 198 198 197 197 197 197 197 197 197 197 197 197 197 197 197 197 197 197 197 197 197 197 197 197 197 197 197 197 197 197 197 197 197 197 197 197 197 197 197 197 197 197 197 197 197 197 197 197 197 197 197 196 196 196 196 196 196 196 196 196 196 196 196 196 196 196 196 196 196 196 196 196 196 196 196 196 196 196 196 196 196 196 196 196 196 196 196 196 196 196 196 196 196 195 195 195 195 195 195 195 195 195 195 195 195 195 195 195 195 195 195 195 195 195 195 195 195 0 0 0 0 0 0 0 0 0 0 0 0 0 0 0 0 0 0 0 0 0 0 0 0 0 0 0 0 0 0 0 0 0 0 0 0 0 0 0 0 0 0 0 0 0 0 0 0 0 0 0 0 0 0 0 0 0 0 0 0 0 0 0 0 0 0 0 0 0 0 0 0 0 0 0 0 0 0 0 0 0 0 0 0 0 0 0 0 0 0 0 0 0 0 0 0 0 0 0 0 0 0 0 0 0 0 0 0 0 0 0 0 0 0 0 0 0 0 0 0 0 0 0 0 0 0 0 0 0 0 0 0 0 0 0 0 0 0 0 0 0 0 0 0 0 0 0 0 0 0 0 0 0 0 0 0 0 0 0 0 0 0 0 0 0 0 0 0 0 0 0 0 0 0 0 0 0 0 0 0 0 0 0 0 0 0 0 0 0 0 0 0 0 0 0 0 0 0 0 0 0 0 0 0 0 0 0 0 0 0 0 0 0 0 0 0 0 0 0 0 0 0 0 0 0 0 0 0 0 0 0 0 0 0 0 0 0 0 0 0 0 0 0 0 0 0 0 0 0 0 0 0 0 0 0 0 0 0 0 0 0 0 0 0 0 0 0 0 0 0 0 0 0 0 0 0 0 0 0 
0 0 0 0 0 0 0 0 199 199 199 199 199 199 199 199 199 199 199 199 199 199 199 199 199 199 199 199 199 199 199 199 199 199 199 199 199 199 199 199 199 199 199 199 199 199 199 199 199 199 199 199 199 199 199 199 199 199 199 199 199 199 199 199 199 199 199 199 199 199 199 199 199 198 198 198 198 198 198 198 198 198 198 198 198 198 198 198 198 198 198 198 198 198 198 198 198 198 198 198 198 198 198 198 198 198 198 198 198 198 198 198 198 198 197 197 197 197 197 197 197 197 197 197 197 197 197 197 197 197 197 197 197 197 197 197 197 197 197 197 197 197 197 197 197 197 197 197 197 197 197 197 197 197 197 197 197 197 197 197 197 197 197 197 197 197 197 196 196 196 196 196 196 196 196 196 196 196 196 196 196 196 196 196 196 196 196 196 196 196 196 196 196 196 196 196 196 196 196 196 196 196 196 196 196 196 196 196 195 195 195 195 195 195 195 195 195 195 195 195 195 195 195 195 195 0 0 0 0 0 0 0 0 0 0 0 195 195 195 0 0 0 0 0 0 0 0 0 0 0 0 0 0 0 0 0 0 0 0 0 0 0 0 0 0 0 0 0 0 0 0 0 0 0 0 0 0 0 0 0 0 0 0 0 0 0 0 0 0 0 0 0 0 0 0 0 0 0 0 0 0 0 0 0 0 0 0 0 0 0 0 0 0 0 0 0 0 0 0 0 0 0 0 0 0 0 0 0 0 0 0 0 0 0 0 0 0 0 0 0 0 0 0 0 0 0 0 0 0 0 0 0 0 0 0 0 0 0 0 0 0 0 0 0 0 0 0 0 0 0 0 0 0 0 0 0 0 0 0 0 0 0 0 0 0 0 0 0 0 0 0 0 0 0 0 0 0 0 0 0 0 0 0 0 0 0 0 0 0 0 0 0 0 0 0 0 0 0 0 0 0 0 0 0 0 0 0 0 0 0 0 0 0 0 0 0 0 0 0 0 0 0 0 0 0 0 0 0 0 0 0 0 0 0 0 0 0 0 0 0 0 0 0 0 0 0 0 0 0 0 0 0 0 0 0 0 0 0 0 0 0 0 0 0 0 0 0 0 0 0 0 0 0 0 0 0 0 0 0 0 0 0 0 
0 0 0 0 0 0 0 0 0 199 199 199 199 199 199 199 199 199 199 199 199 199 199 199 199 199 199 199 199 199 199 199 199 199 199 199 199 199 199 199 199 199 199 199 199 199 199 199 199 199 199 199 199 199 199 199 199 199 199 199 199 199 199 199 199 199 199 199 199 199 199 199 199 199 199 199 199 199 199 199 199 198 198 198 198 198 198 198 198 198 198 198 198 198 198 198 198 198 198 198 198 198 198 198 198 198 198 198 198 198 198 198 198 198 198 198 198 198 198 198 198 198 198 198 197 197 197 197 197 197 197 197 197 197 197 197 197 197 197 197 197 197 197 197 197 197 197 197 197 197 197 197 197 197 197 197 197 197 197 197 197 197 197 197 197 197 197 197 197 197 197 197 197 197 197 196 196 196 196 196 196 196 196 196 196 196 196 196 196 196 196 196 196 196 196 196 196 196 196 196 196 196 196 196 196 196 196 196 196 196 196 196 196 196 196 196 196 195 195 195 195 195 195 195 195 0 0 0 0 0 0 0 0 0 0 195 195 195 195 195 195 0 0 0 0 0 0 0 0 0 0 0 0 0 0 0 0 0 0 0 0 0 0 0 0 0 0 0 0 0 0 0 0 0 0 0 0 0 0 0 0 0 0 0 0 0 0 0 0 0 0 0 0 0 0 0 0 0 0 0 0 0 0 0 0 0 0 0 0 0 0 0 0 0 0 0 0 0 0 0 0 0 0 0 0 0 0 0 0 0 0 0 0 0 0 0 0 0 0 0 0 0 0 0 0 0 0 0 0 0 0 0 0 0 0 0 0 0 0 0 0 0 0 0 0 0 0 0 0 0 0 0 0 0 0 0 0 0 0 0 0 0 0 0 0 0 0 0 0 0 0 0 0 0 0 0 0 0 0 0 0 0 0 0 0 0 0 0 0 0 0 0 0 0 0 0 0 0 0 0 0 0 0 0 0 0 0 0 0 0 0 0 0 0 0 0 0 0 0 0 0 0 0 0 0 0 0 0 0 0 0 0 0 0 0 0 0 0 0 0 0 0 0 0 0 0 0 0 0 0 0 0 0 0 0 0 0 0 0 0 0 0 0 0 0 0 0 0 0 0 0 0 0 0 0 0 0 0 0 0 0 0 0 
0 0 0 0 0 0 0 0 0 199 199 199 199 199 199 199 199 199 199 199 199 199 199 199 199 199 199 199 199 199 199 199 199 199 199 199 199 199 199 199 199 199 199 199 199 199 199 199 199 199 199 199 199 199 199 199 199 199 199 199 199 199 199 199 199 199 199 199 199 199 199 199 199 199 199 199 199 199 199 199 199 199 199 199 199 199 199 198 198 198 198 198 198 198 198 198 198 198 198 198 198 198 198 198 198 198 198 198 198 198 198 198 198 198 198 198 198 198 198 198 198 198 198 198 198 198 198 198 198 197 198 197 197 197 197 197 197 197 197 197 197 197 197 197 197 197 197 197 197 197 197 197 197 197 197 197 197 197 197 197 197 197 197 197 197 197 197 197 197 197 197 197 197 197 197 197 197 197 197 197 197 197 197 197 196 196 196 196 196 196 196 196 196 196 196 196 196 196 196 196 196 196 196 196 196 196 196 196 196 196 196 196 196 196 196 196 196 196 196 196 196 196 196 196 196 0 0 0 0 0 0 0 0 0 0 195 195 195 195 195 0 0 0 0 0 0 0 0 0 0 0 0 0 0 0 0 0 0 0 0 0 0 0 0 0 0 0 0 0 0 0 0 0 0 0 0 0 0 0 0 0 0 0 0 0 0 0 0 0 0 0 0 0 0 0 0 0 0 0 0 0 0 0 0 0 0 0 0 0 0 0 0 0 0 0 0 0 0 0 0 0 0 0 0 0 0 0 0 0 0 0 0 0 0 0 0 0 0 0 0 0 0 0 0 0 0 0 0 0 0 0 0 0 0 0 0 0 0 0 0 0 0 0 0 0 0 0 0 0 0 0 0 0 0 0 0 0 0 0 0 0 0 0 0 0 0 0 0 0 0 0 0 0 0 0 0 0 0 0 0 0 0 0 0 0 0 0 0 0 0 0 0 0 0 0 0 0 0 0 0 0 0 0 0 0 0 0 0 0 0 0 0 0 0 0 0 0 0 0 0 0 0 0 0 0 0 0 0 0 0 0 0 0 0 0 0 0 0 0 0 0 0 0 0 0 0 0 0 0 0 0 0 0 0 0 0 0 0 0 0 0 0 0 0 0 0 0 0 0 0 0 0 0 0 0 0 0 0 0 0 0 0 0 
0 0 0 0 0 0 0 0 0 199 200 199 200 200 200 200 200 200 199 199 199 199 199 199 199 199 199 199 199 199 199 199 199 199 199 199 199 199 199 199 199 199 199 199 199 199 199 199 199 199 199 199 199 199 199 199 199 199 199 199 199 199 199 199 199 199 199 199 199 199 199 199 199 199 199 199 199 199 199 199 199 199 199 199 199 199 199 199 199 199 199 199 198 198 198 198 198 198 198 198 198 198 198 198 198 198 198 198 198 198 198 198 198 198 198 198 198 198 198 198 198 198 198 198 198 198 198 198 198 198 198 198 198 198 198 198 198 198 198 198 197 197 198 198 198 198 198 198 198 198 197 197 197 197 197 197 197 197 197 197 197 197 197 197 197 197 197 197 197 197 197 197 197 197 197 197 197 197 197 197 197 197 197 197 197 197 197 197 197 197 197 197 197 196 196 196 196 196 196 196 196 196 196 196 196 196 196 196 196 196 196 196 196 196 196 196 196 196 196 196 196 196 196 196 196 196 0 0 0 196 196 196 196 196 196 196 196 195 195 195 0 0 0 0 0 0 0 0 0 0 0 0 0 0 0 0 0 0 0 0 0 0 0 0 0 0 0 0 0 0 0 0 0 0 0 0 0 0 0 0 0 0 0 0 0 0 0 0 0 0 0 0 0 0 0 0 0 0 0 0 0 0 0 0 0 0 0 0 0 0 0 0 0 0 0 0 0 0 0 0 0 0 0 0 0 0 0 0 0 0 0 0 0 0 0 0 0 0 0 0 0 0 0 0 0 0 0 0 0 0 0 0 0 0 0 0 0 0 0 0 0 0 0 0 0 0 0 0 0 0 0 0 0 0 0 0 0 0 0 0 0 0 0 0 0 0 0 0 0 0 0 0 0 0 0 0 0 0 0 0 0 0 0 0 0 0 0 0 0 0 0 0 0 0 0 0 0 0 0 0 0 0 0 0 0 0 0 0 0 0 0 0 0 0 0 0 0 0 0 0 0 0 0 0 0 0 0 0 0 0 0 0 0 0 0 0 0 0 0 0 0 0 0 0 0 0 0 0 0 0 0 0 0 0 0 0 0 0 0 0 0 0 0 0 0 0 0 0 0 0 0 0 0 0 0 0 0 0 0 0 0 0 0 
0 0 0 0 0 0 0 0 0 0 200 200 200 200 200 200 200 200 200 200 200 200 200 200 200 200 200 200 200 200 200 200 200 200 200 200 200 199 199 199 199 199 199 199 199 199 199 199 199 199 199 199 199 199 199 199 199 199 199 199 199 199 199 199 199 199 199 199 199 199 199 199 199 199 199 199 199 199 199 199 199 199 199 199 199 199 199 199 199 199 199 199 198 198 198 198 198 198 198 198 198 198 198 198 198 198 198 198 198 198 198 198 198 198 198 198 198 198 198 198 198 198 198 198 198 198 198 198 198 198 198 198 198 198 198 198 198 198 198 198 198 198 198 198 198 198 198 198 198 198 198 198 198 198 198 198 198 197 197 197 197 197 197 197 197 197 197 197 197 197 197 197 197 197 197 197 197 197 197 197 197 197 197 197 197 197 197 197 197 197 197 197 197 197 197 197 197 197 197 197 197 196 196 196 196 196 196 196 196 196 196 196 196 196 196 196 196 196 196 196 196 196 196 196 196 196 196 196 196 196 196 196 196 196 196 196 196 196 196 0 0 0 0 0 0 0 0 0 0 0 0 0 0 0 0 0 0 0 0 0 0 0 0 0 0 0 0 0 0 0 0 0 0 0 0 0 0 0 0 0 0 0 0 0 0 0 0 0 0 0 0 0 0 0 0 0 0 0 0 0 0 0 0 0 0 0 0 0 0 0 0 0 0 0 0 0 0 0 0 0 0 0 0 0 0 0 0 0 0 0 0 0 0 0 0 0 0 0 0 0 0 0 0 0 0 0 0 0 0 0 0 0 0 0 0 0 0 0 0 0 0 0 0 0 0 0 0 0 0 0 0 0 0 0 0 0 0 0 0 0 0 0 0 0 0 0 0 0 0 0 0 0 0 0 0 0 0 0 0 0 0 0 0 0 0 0 0 0 0 0 0 0 0 0 0 0 0 0 0 0 0 0 0 0 0 0 0 0 0 0 0 0 0 0 0 0 0 0 0 0 0 0 0 0 0 0 0 0 0 0 0 0 0 0 0 0 0 0 0 0 0 0 0 0 0 0 0 0 0 0 0 0 0 0 0 0 0 0 0 0 0 0 0 0 0 0 0 0 0 0 0 0 0 0 0 0 0 0 0 0 0 0 0 
0 0 0 0 0 0 0 0 0 0 200 200 200 200 200 200 200 200 200 200 200 200 200 200 200 200 200 200 200 200 200 200 200 200 200 200 200 200 200 200 200 200 199 199 199 199 199 199 199 199 199 199 199 199 199 199 199 199 199 199 199 199 199 199 199 199 199 199 199 199 199 199 199 199 199 199 199 199 199 199 199 199 199 199 199 199 199 199 199 199 199 199 199 199 198 198 199 199 199 199 199 199 199 199 199 199 198 198 198 198 198 198 198 198 198 198 198 198 198 198 198 198 198 198 198 198 198 198 198 198 198 198 198 198 198 198 198 198 198 198 198 198 198 198 198 198 198 198 198 198 198 198 198 198 198 198 198 198 198 198 198 198 198 198 197 198 197 197 197 197 197 197 197 197 197 197 197 197 197 197 197 197 197 197 197 197 197 197 197 197 197 197 197 197 197 197 197 197 197 197 197 197 197 197 197 197 197 197 197 196 196 196 196 196 196 196 196 196 196 196 196 196 196 196 196 196 196 196 196 196 196 196 196 196 196 196 196 196 0 0 0 0 0 0 0 0 0 0 0 0 0 0 0 0 0 0 0 0 0 0 0 0 0 0 0 0 0 0 0 0 0 0 0 0 0 0 0 0 0 0 0 0 0 0 0 0 0 0 0 0 0 0 0 0 0 0 0 0 0 0 0 0 0 0 0 0 0 0 0 0 0 0 0 0 0 0 0 0 0 0 0 0 0 0 0 0 0 0 0 0 0 0 0 0 0 0 0 0 0 0 0 0 0 0 0 0 0 0 0 0 0 0 0 0 0 0 0 0 0 0 0 0 0 0 0 0 0 0 0 0 0 0 0 0 0 0 0 0 0 0 0 0 0 0 0 0 0 0 0 0 0 0 0 0 0 0 0 0 0 0 0 0 0 0 0 0 0 0 0 0 0 0 0 0 0 0 0 0 0 0 0 0 0 0 0 0 0 0 0 0 0 0 0 0 0 0 0 0 0 0 0 0 0 0 0 0 0 0 0 0 0 0 0 0 0 0 0 0 0 0 0 0 0 0 0 0 0 0 0 0 0 0 0 0 0 0 0 0 0 0 0 0 0 0 0 0 0 0 0 0 0 0 0 0 0 0 0 0 0 0 0 0 0 
0 0 0 0 0 0 0 0 0 0 200 200 200 200 200 200 200 200 200 200 200 200 200 200 200 200 200 200 200 200 200 200 200 200 200 200 200 200 200 200 200 200 200 200 199 199 199 199 199 199 199 199 199 199 199 199 199 199 199 199 199 199 199 199 199 199 199 199 199 199 199 199 199 199 199 199 199 199 199 199 199 199 199 199 199 199 199 199 199 199 199 199 199 199 199 199 199 199 199 199 199 199 199 199 199 199 199 199 199 199 199 199 199 199 199 199 198 198 198 198 198 198 198 198 198 198 198 198 198 198 198 198 198 198 198 198 198 198 198 198 198 198 198 198 198 198 198 198 198 198 198 198 198 198 198 198 198 198 198 198 198 198 198 198 198 198 198 198 198 198 198 198 198 198 198 197 197 197 197 197 197 197 197 197 197 197 197 197 197 197 197 197 197 197 197 197 197 197 197 197 197 197 197 197 197 197 197 197 197 197 197 197 197 197 197 197 197 197 196 196 196 196 196 196 196 196 196 196 196 196 196 196 196 196 196 196 196 196 0 0 0 0 0 0 0 0 0 0 0 0 0 0 0 0 0 0 0 0 0 0 0 0 0 0 0 0 0 0 0 0 0 0 0 0 0 0 0 0 0 0 0 0 0 0 0 0 0 0 0 0 0 0 0 0 0 0 0 0 0 0 0 0 0 0 0 0 0 0 0 0 0 0 0 0 0 0 0 0 0 0 0 0 0 0 0 0 0 0 0 0 0 0 0 0 0 0 0 0 0 0 0 0 0 0 0 0 0 0 0 0 0 0 0 0 0 0 0 0 0 0 0 0 0 0 0 0 0 0 0 0 0 0 0 0 0 0 0 0 0 0 0 0 0 0 0 0 0 0 0 0 0 0 0 0 0 0 0 0 0 0 0 0 0 0 0 0 0 0 0 0 0 0 0 0 0 0 0 0 0 0 0 0 0 0 0 0 0 0 0 0 0 0 0 0 0 0 0 0 0 0 0 0 0 0 0 0 0 0 0 0 0 0 0 0 0 0 0 0 0 0 0 0 0 0 0 0 0 0 0 0 0 0 0 0 0 0 0 0 0 0 0 0 0 0 0 0 0 0 0 0 0 0 0 0 0 0 0 0 0 0 0 0 0 
0 0 0 0 0 0 0 0 0 0 200 200 200 200 200 200 200 200 200 200 200 200 200 200 200 200 200 200 200 200 200 200 200 200 200 200 200 200 200 200 200 200 200 200 200 200 200 200 200 200 200 200 199 199 199 199 199 199 199 199 199 199 199 199 199 199 199 199 199 199 199 199 199 199 199 199 199 199 199 199 199 199 199 199 199 199 199 199 199 199 199 199 199 199 199 199 199 199 199 199 199 199 199 199 199 199 199 199 199 199 199 199 199 199 199 199 199 199 199 199 199 199 199 199 198 198 198 198 198 198 198 198 198 198 198 198 198 198 198 198 198 198 198 198 198 198 198 198 198 198 198 198 198 198 198 198 198 198 198 198 198 198 198 198 198 198 198 198 198 198 198 198 198 198 198 198 198 198 198 198 198 198 198 198 197 197 197 197 197 197 197 197 197 197 197 197 197 197 197 197 197 197 197 197 197 197 197 197 197 197 197 197 197 197 197 197 197 197 197 197 197 197 197 197 197 197 197 197 196 196 196 196 196 196 196 196 196 196 0 0 0 0 0 0 0 0 0 0 0 0 0 0 0 0 0 0 0 0 0 0 0 0 0 0 0 0 0 0 0 0 0 0 0 0 0 0 0 0 0 0 0 0 0 0 0 0 0 0 0 0 0 0 0 0 0 0 0 0 0 0 0 0 0 0 0 0 0 0 0 0 0 0 0 0 0 0 0 0 0 0 0 0 0 0 0 0 0 0 0 0 0 0 0 0 0 0 0 0 0 0 0 0 0 0 0 0 0 0 0 0 0 0 0 0 0 0 0 0 0 0 0 0 0 0 0 0 0 0 0 0 0 0 0 0 0 0 0 0 0 0 0 0 0 0 0 0 0 0 0 0 0 0 0 0 0 0 0 0 0 0 0 0 0 0 0 0 0 0 0 0 0 0 0 0 0 0 0 0 0 0 0 0 0 0 0 0 0 0 0 0 0 0 0 0 0 0 0 0 0 0 0 0 0 0 0 0 0 0 0 0 0 0 0 0 0 0 0 0 0 0 0 0 0 0 0 0 0 0 0 0 0 0 0 0 0 0 0 0 0 0 0 0 0 0 0 0 0 0 0 0 0 0 0 0 0 0 0 0 0 0 0 0 0 
0 0 0 0 0 0 0 0 0 0 0 200 200 200 200 200 200 200 200 200 200 200 200 200 200 200 200 200 200 200 200 200 200 200 200 200 200 200 200 200 200 200 200 200 200 200 200 200 200 200 200 200 200 200 200 200 200 200 200 200 200 200 200 200 199 199 199 199 199 199 199 199 199 199 199 199 199 199 199 199 199 199 199 199 199 199 199 199 199 199 199 199 199 199 199 199 199 199 199 199 199 199 199 199 199 199 199 199 199 199 199 199 199 199 199 199 199 199 199 199 199 199 199 199 199 199 199 199 199 199 199 199 199 198 198 198 198 198 198 198 198 198 199 199 199 198 198 198 198 198 198 198 198 198 198 198 198 198 198 198 198 198 198 198 198 198 198 198 198 198 198 198 198 198 198 198 198 198 198 198 198 198 198 198 198 198 198 198 198 198 198 198 197 197 197 197 197 197 197 197 197 197 197 197 197 197 197 197 197 197 197 197 197 197 197 197 197 197 197 197 197 197 197 197 197 197 197 197 197 197 197 197 197 197 197 197 197 197 0 0 0 0 0 0 0 0 0 0 0 0 0 0 0 0 0 0 0 0 0 0 0 0 0 0 0 0 0 0 0 0 0 0 0 0 0 0 0 0 0 0 0 0 0 0 0 0 0 0 0 0 0 0 0 0 0 0 0 0 0 0 0 0 0 0 0 0 0 0 0 0 0 0 0 0 0 0 0 0 0 0 0 0 0 0 0 0 0 0 0 0 0 0 0 0 0 0 0 0 0 0 0 0 0 0 0 0 0 0 0 0 0 0 0 0 0 0 0 0 0 0 0 0 0 0 0 0 0 0 0 0 0 0 0 0 0 0 0 0 0 0 0 0 0 0 0 0 0 0 0 0 0 0 0 0 0 0 0 0 0 0 0 0 0 0 0 0 0 0 0 0 0 0 0 0 0 0 0 0 0 0 0 0 0 0 0 0 0 0 0 0 0 0 0 0 0 0 0 0 0 0 0 0 0 0 0 0 0 0 0 0 0 0 0 0 0 0 0 0 0 0 0 0 0 0 0 0 0 0 0 0 0 0 0 0 0 0 0 0 0 0 0 0 0 0 0 0 0 0 0 0 0 0 0 0 0 0 0 0 0 0 0 0 0 
0 0 0 0 0 0 0 0 0 0 0 200 200 200 200 200 200 200 200 200 200 200 200 200 200 200 200 200 200 200 200 200 200 200 200 200 200 200 200 200 200 200 200 200 200 200 200 200 200 200 200 200 200 200 200 200 200 200 200 200 200 200 200 200 200 200 199 199 199 199 199 200 200 200 200 200 200 200 200 200 200 200 200 200 200 200 200 199 199 199 199 199 199 199 199 199 199 199 199 199 199 199 199 199 199 199 199 199 199 199 199 199 199 199 199 199 199 199 199 199 199 199 199 199 199 199 199 199 199 199 199 199 199 199 199 199 199 199 199 199 199 199 199 199 199 199 199 199 199 199 199 199 199 199 198 198 198 198 198 198 198 198 198 198 198 198 198 198 198 198 198 198 198 198 198 198 198 198 198 198 198 198 198 198 198 198 198 198 198 198 198 198 198 198 198 198 198 198 198 198 198 197 197 197 197 197 197 197 197 197 197 197 197 197 197 197 197 197 197 197 197 197 197 197 197 197 197 197 197 197 197 197 197 197 197 197 197 197 0 0 0 0 0 0 0 0 0 0 0 0 0 0 0 0 0 0 0 0 0 0 0 0 0 0 0 0 0 0 0 0 0 0 0 0 0 0 0 0 0 0 0 0 0 0 0 0 0 0 0 0 0 0 0 0 0 0 0 0 0 0 0 0 0 0 0 0 0 0 0 0 0 0 0 0 0 0 0 0 0 0 0 0 0 0 0 0 0 0 0 0 0 0 0 0 0 0 0 0 0 0 0 0 0 0 0 0 0 0 0 0 0 0 0 0 0 0 0 0 0 0 0 0 0 0 0 0 0 0 0 0 0 0 0 0 0 0 0 0 0 0 0 0 0 0 0 0 0 0 0 0 0 0 0 0 0 0 0 0 0 0 0 0 0 0 0 0 0 0 0 0 0 0 0 0 0 0 0 0 0 0 0 0 0 0 0 0 0 0 0 0 0 0 0 0 0 0 0 0 0 0 0 0 0 0 0 0 0 0 0 0 0 0 0 0 0 0 0 0 0 0 0 0 0 0 0 0 0 0 0 0 0 0 0 0 0 0 0 0 0 0 0 0 0 0 0 0 0 0 0 0 0 0 0 0 0 0 0 0 0 0 0 0 0 
0 0 0 0 0 0 0 0 0 0 0 0 200 200 200 200 200 200 200 200 200 200 200 200 200 200 200 200 200 200 200 200 200 200 200 200 200 200 200 200 200 200 200 200 200 200 200 200 200 200 200 200 200 200 200 200 200 200 200 200 200 200 200 200 200 200 200 200 200 200 200 200 200 200 200 200 200 200 200 200 200 200 200 200 200 200 200 200 200 200 200 200 199 199 199 199 199 199 199 199 199 199 199 199 199 199 199 199 199 199 199 199 199 199 199 199 199 199 199 199 199 199 199 199 199 199 199 199 199 199 199 199 199 199 199 199 199 199 199 199 199 199 199 199 199 199 199 199 199 199 199 199 199 199 199 199 199 199 199 199 199 199 198 198 199 198 198 198 198 198 198 198 198 198 198 198 198 198 198 198 198 198 198 198 198 198 198 198 198 198 198 198 198 198 198 198 198 198 198 198 198 198 198 198 198 198 198 198 198 198 197 197 197 197 197 197 197 197 197 197 197 197 197 197 197 197 197 197 197 197 197 197 197 197 197 197 197 197 0 0 0 0 0 0 0 0 0 0 0 0 0 0 0 0 0 0 0 0 0 0 0 0 0 0 0 0 0 0 0 0 0 0 0 0 0 0 0 0 0 0 0 0 0 0 0 0 0 0 0 0 0 0 0 0 0 0 0 0 0 0 0 0 0 0 0 0 0 0 0 0 0 0 0 0 0 0 0 0 0 0 0 0 0 0 0 0 0 0 0 0 0 0 0 0 0 0 0 0 0 0 0 0 0 0 0 0 0 0 0 0 0 0 0 0 0 0 0 0 0 0 0 0 0 0 0 0 0 0 0 0 0 0 0 0 0 0 0 0 0 0 0 0 0 0 0 0 0 0 0 0 0 0 0 0 0 0 0 0 0 0 0 0 0 0 0 0 0 0 0 0 0 0 0 0 0 0 0 0 0 0 0 0 0 0 0 0 0 0 0 0 0 0 0 0 0 0 0 0 0 0 0 0 0 0 0 0 0 0 0 0 0 0 0 0 0 0 0 0 0 0 0 0 0 0 0 0 0 0 0 0 0 0 0 0 0 0 0 0 0 0 0 0 0 0 0 0 0 0 0 0 0 0 0 0 0 0 0 0 0 0 0 0 0 
0 0 0 0 0 0 0 0 0 0 0 0 0 0 200 200 200 200 200 200 200 200 200 200 200 200 200 200 200 200 200 200 200 200 200 200 200 200 200 200 200 200 200 200 200 200 200 200 200 200 200 200 200 200 200 200 200 200 200 200 200 200 200 200 200 200 200 200 200 200 200 200 200 200 200 200 200 200 200 200 200 200 200 200 200 200 200 200 200 200 200 200 200 200 200 199 199 199 199 199 199 199 199 199 199 199 199 199 199 199 199 199 199 199 199 199 199 199 199 199 199 199 199 199 199 199 199 199 199 199 199 199 199 199 199 199 199 199 199 199 199 199 199 199 199 199 199 199 199 199 199 199 199 199 199 199 199 199 199 199 199 199 199 199 199 199 199 199 199 199 199 199 199 199 198 198 198 198 198 198 198 198 198 198 198 198 198 198 198 198 198 198 198 198 198 198 198 198 198 198 198 198 198 198 198 198 198 198 198 198 198 198 198 198 198 198 198 198 198 197 197 197 197 197 197 197 197 197 197 197 197 197 197 197 197 197 197 197 0 0 0 0 0 0 0 0 0 0 0 0 0 0 0 0 0 0 0 0 0 0 0 0 0 0 0 0 0 0 0 0 0 0 0 0 0 0 0 0 0 0 0 0 0 0 0 0 0 0 0 0 0 0 0 0 0 0 0 0 0 0 0 0 0 0 0 0 0 0 0 0 0 0 0 0 0 0 0 0 0 0 0 0 0 0 0 0 0 0 0 0 0 0 0 0 0 0 0 0 0 0 0 0 0 0 0 0 0 0 0 0 0 0 0 0 0 0 0 0 0 0 0 0 0 0 0 0 0 0 0 0 0 0 0 0 0 0 0 0 0 0 0 0 0 0 0 0 0 0 0 0 0 0 0 0 0 0 0 0 0 0 0 0 0 0 0 0 0 0 0 0 0 0 0 0 0 0 0 0 0 0 0 0 0 0 0 0 0 0 0 0 0 0 0 0 0 0 0 0 0 0 0 0 0 0 0 0 0 0 0 0 0 0 0 0 0 0 0 0 0 0 0 0 0 0 0 0 0 0 0 0 0 0 0 0 0 0 0 0 0 0 0 0 0 0 0 0 0 0 0 0 0 0 0 0 0 0 0 0 0 0 0 0 0 
0 0 0 0 0 0 0 0 0 0 0 0 0 0 0 0 0 200 200 200 200 200 200 200 200 200 200 200 200 200 200 200 200 200 200 200 200 200 200 200 200 200 200 200 200 200 200 200 200 200 200 200 200 200 200 200 200 200 200 200 200 200 200 200 200 200 200 200 200 200 200 200 200 200 200 200 200 200 200 200 200 200 200 200 200 200 200 200 200 200 200 200 200 200 200 200 200 200 200 200 200 200 200 199 199 199 199 199 200 200 200 199 199 199 199 199 199 199 199 199 199 199 199 199 199 199 199 199 199 199 199 199 199 199 199 199 199 199 199 199 199 199 199 199 199 199 199 199 199 199 199 199 199 199 199 199 199 199 199 199 199 199 199 199 199 199 199 199 199 199 199 199 199 199 199 199 199 199 199 199 199 199 199 198 198 198 198 198 198 198 198 198 198 198 198 198 198 198 198 198 198 198 198 198 198 198 198 198 198 198 198 198 198 198 198 198 198 198 198 198 198 198 198 198 198 198 198 198 198 197 197 197 197 197 197 197 197 197 0 0 0 0 0 0 0 0 0 0 0 0 0 0 0 0 0 0 0 0 0 0 0 0 0 0 0 0 0 0 0 0 0 0 0 0 0 0 0 0 0 0 0 0 0 0 0 0 0 0 0 0 0 0 0 0 0 0 0 0 0 0 0 0 0 0 0 0 0 0 0 0 0 0 0 0 0 0 0 0 0 0 0 0 0 0 0 0 0 0 0 0 0 0 0 0 0 0 0 0 0 0 0 0 0 0 0 0 0 0 0 0 0 0 0 0 0 0 0 0 0 0 0 0 0 0 0 0 0 0 0 0 0 0 0 0 0 0 0 0 0 0 0 0 0 0 0 0 0 0 0 0 0 0 0 0 0 0 0 0 0 0 0 0 0 0 0 0 0 0 0 0 0 0 0 0 0 0 0 0 0 0 0 0 0 0 0 0 0 0 0 0 0 0 0 0 0 0 0 0 0 0 0 0 0 0 0 0 0 0 0 0 0 0 0 0 0 0 0 0 0 0 0 0 0 0 0 0 0 0 0 0 0 0 0 0 0 0 0 0 0 0 0 0 0 0 0 0 0 0 0 0 0 0 0 0 0 0 0 0 0 0 0 0 0 
0 0 0 0 0 0 0 0 0 0 0 0 0 0 0 0 0 0 200 200 200 200 200 200 200 200 200 200 200 200 200 200 200 200 200 200 200 200 200 200 200 200 200 200 200 200 200 200 200 200 200 200 200 200 200 200 200 200 200 200 200 200 200 200 200 200 200 200 200 200 200 200 200 200 200 200 200 200 200 200 200 200 200 200 200 200 200 200 200 200 200 200 200 200 200 200 200 200 200 200 200 200 200 200 200 200 200 200 200 200 200 200 200 200 200 200 200 200 200 200 200 200 200 200 200 200 199 199 199 199 199 199 199 199 199 199 199 199 199 199 199 199 199 199 199 199 199 199 199 199 199 199 199 199 199 199 199 199 199 199 199 199 199 199 199 199 199 199 199 199 199 199 199 199 199 199 199 199 199 199 199 199 199 199 199 199 199 199 199 199 199 198 198 198 198 198 198 198 198 198 198 198 198 198 198 198 198 198 198 198 198 198 198 198 198 198 198 198 198 198 198 198 198 198 198 198 198 198 198 198 198 198 198 198 198 198 198 198 0 0 0 0 0 0 0 0 0 0 0 0 0 0 0 0 0 0 0 0 0 0 0 0 0 0 0 0 0 0 0 0 0 0 0 0 0 0 0 0 0 0 0 0 0 0 0 0 0 0 0 0 0 0 0 0 0 0 0 0 0 0 0 0 0 0 0 0 0 0 0 0 0 0 0 0 0 0 0 0 0 0 0 0 0 0 0 0 0 0 0 0 0 0 0 0 0 0 0 0 0 0 0 0 0 0 0 0 0 0 0 0 0 0 0 0 0 0 0 0 0 0 0 0 0 0 0 0 0 0 0 0 0 0 0 0 0 0 0 0 0 0 0 0 0 0 0 0 0 0 0 0 0 0 0 0 0 0 0 0 0 0 0 0 0 0 0 0 0 0 0 0 0 0 0 0 0 0 0 0 0 0 0 0 0 0 0 0 0 0 0 0 0 0 0 0 0 0 0 0 0 0 0 0 0 0 0 0 0 0 0 0 0 0 0 0 0 0 0 0 0 0 0 0 0 0 0 0 0 0 0 0 0 0 0 0 0 0 0 0 0 0 0 0 0 0 0 0 0 0 0 0 0 0 0 0 0 0 0 0 0 0 0 0 0 
0 0 0 0 0 0 0 0 0 0 0 0 0 0 0 0 0 0 200 200 200 200 200 200 200 200 200 200 200 200 200 200 200 200 200 200 200 200 200 200 200 200 200 200 200 200 200 200 200 200 200 200 200 200 200 200 200 200 200 200 200 200 200 200 200 200 200 200 200 200 200 200 200 200 200 200 200 200 200 200 200 200 200 200 200 200 200 200 200 200 200 200 200 200 200 200 200 200 200 200 200 200 200 200 200 200 200 200 200 200 200 200 200 200 200 200 200 200 200 200 200 200 200 200 200 200 200 200 200 200 200 200 200 200 200 200 200 200 200 199 199 199 200 200 200 200 200 200 200 199 200 199 199 199 199 199 199 199 199 199 199 199 199 199 199 199 199 199 199 199 199 199 199 199 199 199 199 199 199 199 199 199 199 199 199 199 199 199 199 199 199 199 199 199 199 199 199 199 199 199 198 198 198 198 198 198 198 198 198 198 198 198 198 198 198 198 198 198 198 198 198 198 198 198 198 198 198 198 198 198 198 198 198 198 198 198 198 198 0 0 0 0 0 0 0 0 0 0 0 0 0 0 0 0 0 0 0 0 0 0 0 0 0 0 0 0 0 0 0 0 0 0 0 0 0 0 0 0 0 0 0 0 0 0 0 0 0 0 0 0 0 0 0 0 0 0 0 0 0 0 0 0 0 0 0 0 0 0 0 0 0 0 0 0 0 0 0 0 0 0 0 0 0 0 0 0 0 0 0 0 0 0 0 0 0 0 0 0 0 0 0 0 0 0 0 0 0 0 0 0 0 0 0 0 0 0 0 0 0 0 0 0 0 0 0 0 0 0 0 0 0 0 0 0 0 0 0 0 0 0 0 0 0 0 0 0 0 0 0 0 0 0 0 0 0 0 0 0 0 0 0 0 0 0 0 0 0 0 0 0 0 0 0 0 0 0 0 0 0 0 0 0 0 0 0 0 0 0 0 0 0 0 0 0 0 0 0 0 0 0 0 0 0 0 0 0 0 0 0 0 0 0 0 0 0 0 0 0 0 0 0 0 0 0 0 0 0 0 0 0 0 0 0 0 0 0 0 0 0 0 0 0 0 0 0 0 0 0 0 0 0 0 0 0 0 0 0 0 0 0 0 0 0 
0 0 0 0 0 0 0 0 0 0 0 0 0 0 0 0 0 200 200 200 200 200 200 200 200 200 200 200 200 200 200 200 200 200 200 200 200 200 200 200 200 200 200 200 200 200 200 200 200 200 200 200 200 200 200 200 200 200 200 200 200 200 200 200 200 200 200 200 200 200 200 200 200 200 200 200 200 200 200 200 200 200 200 200 200 200 200 200 200 200 200 200 200 200 200 200 200 200 200 200 200 200 200 200 200 200 200 200 200 200 200 200 200 200 200 200 200 200 200 200 200 200 200 200 200 200 200 200 200 200 200 200 200 200 200 200 200 200 200 200 200 200 200 200 200 200 200 200 200 200 200 200 200 200 200 200 200 200 200 200 200 200 199 199 199 199 199 199 199 199 199 199 199 199 199 199 199 199 199 199 199 199 199 199 199 199 199 199 199 199 199 199 199 199 199 199 199 199 199 199 199 199 199 199 199 199 199 199 199 198 198 198 198 198 198 198 198 198 198 198 198 198 198 198 198 198 198 198 198 198 198 198 198 198 198 198 198 198 0 0 0 0 0 0 0 0 0 0 0 0 0 0 0 0 0 0 0 0 0 0 0 0 0 0 0 0 0 0 0 0 0 0 0 0 0 0 0 0 0 0 0 0 0 0 0 0 0 0 0 0 0 0 0 0 0 0 0 0 0 0 0 0 0 0 0 0 0 0 0 0 0 0 0 0 0 0 0 0 0 0 0 0 0 0 0 0 0 0 0 0 0 0 0 0 0 0 0 0 0 0 0 0 0 0 0 0 0 0 0 0 0 0 0 0 0 0 0 0 0 0 0 0 0 0 0 0 0 0 0 0 0 0 0 0 0 0 0 0 0 0 0 0 0 0 0 0 0 0 0 0 0 0 0 0 0 0 0 0 0 0 0 0 0 0 0 0 0 0 0 0 0 0 0 0 0 0 0 0 0 0 0 0 0 0 0 0 0 0 0 0 0 0 0 0 0 0 0 0 0 0 0 0 0 0 0 0 0 0 0 0 0 0 0 0 0 0 0 0 0 0 0 0 0 0 0 0 0 0 0 0 0 0 0 0 0 0 0 0 0 0 0 0 0 0 0 0 0 0 0 0 0 0 0 0 0 0 0 0 0 0 0 0 0 
0 0 0 0 0 0 0 0 0 0 0 0 0 0 0 200 200 200 200 200 200 200 200 200 200 200 200 200 200 200 200 200 200 200 200 200 200 200 200 200 200 200 200 200 200 200 200 200 200 200 200 200 200 200 200 200 200 200 200 200 200 200 200 200 200 200 200 200 200 200 200 200 200 200 200 200 200 200 200 200 200 200 200 200 200 200 200 200 200 200 200 200 200 200 200 200 200 200 200 200 200 200 200 200 200 200 200 200 200 200 200 200 200 200 200 200 200 200 200 200 200 200 200 200 200 200 200 200 200 200 200 200 200 200 200 200 200 200 200 200 200 200 200 200 200 200 200 200 200 200 200 200 200 200 200 200 200 200 200 200 200 200 200 200 200 200 200 200 200 200 200 200 199 199 199 199 199 199 199 199 199 199 199 199 199 199 199 199 199 199 199 199 199 199 199 199 199 199 199 199 199 199 199 199 199 199 199 199 199 199 199 199 199 199 199 199 199 199 199 199 199 198 198 198 198 198 198 198 198 198 198 198 198 198 198 198 198 0 0 0 0 0 0 0 0 0 0 0 0 0 0 0 0 0 0 0 0 0 0 0 0 0 0 0 0 0 0 0 0 0 0 0 0 0 0 0 0 0 0 0 0 0 0 0 0 0 0 0 0 0 0 0 0 0 0 0 0 0 0 0 0 0 0 0 0 0 0 0 0 0 0 0 0 0 0 0 0 0 0 0 0 0 0 0 0 0 0 0 0 0 0 0 0 0 0 0 0 0 0 0 0 0 0 0 0 0 0 0 0 0 0 0 0 0 0 0 0 0 0 0 0 0 0 0 0 0 0 0 0 0 0 0 0 0 0 0 0 0 0 0 0 0 0 0 0 0 0 0 0 0 0 0 0 0 0 0 0 0 0 0 0 0 0 0 0 0 0 0 0 0 0 0 0 0 0 0 0 0 0 0 0 0 0 0 0 0 0 0 0 0 0 0 0 0 0 0 0 0 0 0 0 0 0 0 0 0 0 0 0 0 0 0 0 0 0 0 0 0 0 0 0 0 0 0 0 0 0 0 0 0 0 0 0 0 0 0 0 0 0 0 0 0 0 0 0 0 0 0 0 0 0 0 0 0 0 0 0 0 0 0 0 0 0 
0 0 0 0 0 0 0 0 0 0 0 0 0 0 200 200 200 200 200 200 200 200 200 200 200 200 200 200 200 200 200 200 200 200 200 200 200 200 200 200 200 200 200 200 200 200 200 200 200 200 200 200 200 200 200 200 200 200 200 200 200 200 200 200 200 200 200 200 200 200 200 200 200 200 200 200 200 200 200 200 200 200 200 200 200 200 200 200 200 200 200 200 200 200 200 200 200 200 200 200 200 200 200 200 200 200 200 200 200 200 200 200 200 200 200 200 200 200 200 200 200 200 200 200 200 200 200 200 200 200 200 200 200 200 200 200 200 200 200 200 200 200 200 200 200 200 200 200 200 200 200 200 200 200 200 200 200 200 200 200 200 200 200 200 200 200 200 200 200 200 200 200 200 200 200 200 200 200 200 200 200 199 199 199 199 199 199 199 199 199 199 199 199 199 199 199 199 199 199 199 199 199 199 199 199 199 199 199 199 199 199 199 199 199 199 199 199 199 199 199 199 199 199 199 199 199 199 199 199 199 199 199 198 198 198 198 0 0 0 0 0 0 0 0 0 0 0 0 0 0 0 0 0 0 0 0 0 0 0 0 0 0 0 0 0 0 0 0 0 0 0 0 0 0 0 0 0 0 0 0 0 0 0 0 0 0 0 0 0 0 0 0 0 0 0 0 0 0 0 0 0 0 0 0 0 0 0 0 0 0 0 0 0 0 0 0 0 0 0 0 0 0 0 0 0 0 0 0 0 0 0 0 0 0 0 0 0 0 0 0 0 0 0 0 0 0 0 0 0 0 0 0 0 0 0 0 0 0 0 0 0 0 0 0 0 0 0 0 0 0 0 0 0 0 0 0 0 0 0 0 0 0 0 0 0 0 0 0 0 0 0 0 0 0 0 0 0 0 0 0 0 0 0 0 0 0 0 0 0 0 0 0 0 0 0 0 0 0 0 0 0 0 0 0 0 0 0 0 0 0 0 0 0 0 0 0 0 0 0 0 0 0 0 0 0 0 0 0 0 0 0 0 0 0 0 0 0 0 0 0 0 0 0 0 0 0 0 0 0 0 0 0 0 0 0 0 0 0 0 0 0 0 0 0 0 0 0 0 0 0 0 0 0 0 0 0 0 0 0 0 0 0 0 
0 0 0 0 0 0 0 0 0 0 0 0 0 0 200 200 200 200 200 200 200 200 200 200 200 200 200 200 200 200 200 200 200 200 200 200 200 200 200 200 200 200 200 200 200 200 200 200 200 200 200 200 200 200 200 200 200 200 200 200 200 200 200 200 200 200 200 200 200 200 200 200 200 200 200 200 200 200 200 200 200 200 200 200 200 200 201 201 201 201 201 201 200 200 200 200 200 200 200 200 200 200 200 200 200 200 200 200 200 200 200 200 200 200 200 200 200 200 200 200 200 200 200 200 200 200 200 200 200 200 200 200 200 200 200 200 200 200 200 200 200 200 200 200 200 200 200 200 200 200 200 200 200 200 200 200 200 200 200 200 200 200 200 200 200 200 200 200 200 200 200 200 200 200 200 200 200 200 200 200 200 200 200 200 200 200 200 200 200 200 199 199 199 199 199 199 199 199 199 199 199 199 199 199 199 199 199 199 199 199 199 199 199 199 199 199 199 199 199 199 199 199 199 199 199 199 199 199 199 199 199 199 199 199 199 199 0 0 0 0 0 0 0 0 0 0 0 0 0 0 0 0 0 0 0 0 0 0 0 0 0 0 0 0 0 0 0 0 0 0 0 0 0 0 0 0 0 0 0 0 0 0 0 0 0 0 0 0 0 0 0 0 0 0 0 0 0 0 0 0 0 0 0 0 0 0 0 0 0 0 0 0 0 0 0 0 0 0 0 0 0 0 0 0 0 0 0 0 0 0 0 0 0 0 0 0 0 0 0 0 0 0 0 0 0 0 0 0 0 0 0 0 0 0 0 0 0 0 0 0 0 0 0 0 0 0 0 0 0 0 0 0 0 0 0 0 0 0 0 0 0 0 0 0 0 0 0 0 0 0 0 0 0 0 0 0 0 0 0 0 0 0 0 0 0 0 0 0 0 0 0 0 0 0 0 0 0 0 0 0 0 0 0 0 0 0 0 0 0 0 0 0 0 0 0 0 0 0 0 0 0 0 0 0 0 0 0 0 0 0 0 0 0 0 0 0 0 0 0 0 0 0 0 0 0 0 0 0 0 0 0 0 0 0 0 0 0 0 0 0 0 0 0 0 0 0 0 0 0 0 0 0 0 0 0 0 0 0 0 0 0 0 0 
0 0 0 0 0 0 0 0 0 0 0 200 200 200 200 200 200 200 200 200 200 200 200 200 200 200 200 200 200 200 200 200 200 200 200 200 200 200 200 200 200 200 200 200 200 200 200 200 200 200 200 200 200 200 200 200 200 200 200 200 200 200 200 200 200 200 200 200 201 201 201 201 201 201 201 201 201 201 201 201 201 201 201 201 201 201 201 201 201 201 201 201 200 200 200 200 200 200 200 200 200 200 200 200 200 200 201 201 201 201 201 201 201 201 201 201 201 201 201 201 201 201 200 200 200 200 201 201 200 200 200 200 200 200 200 200 200 200 200 200 200 200 201 200 200 200 200 200 200 200 200 200 200 200 200 200 200 200 200 200 200 200 200 200 200 200 200 200 200 200 200 200 200 200 200 200 200 200 200 200 200 200 200 200 200 200 200 200 200 200 200 200 200 200 200 200 200 200 199 199 199 199 199 199 199 199 199 199 199 199 199 199 199 199 199 199 199 199 199 199 199 199 199 199 199 199 199 199 199 199 199 199 199 199 199 0 0 0 0 0 0 0 0 0 0 0 0 0 0 0 0 0 0 0 0 0 0 0 0 0 0 0 0 0 0 0 0 0 0 0 0 0 0 0 0 0 0 0 0 0 0 0 0 0 0 0 0 0 0 0 0 0 0 0 0 0 0 0 0 0 0 0 0 0 0 0 0 0 0 0 0 0 0 0 0 0 0 0 0 0 0 0 0 0 0 0 0 0 0 0 0 0 0 0 0 0 0 0 0 0 0 0 0 0 0 0 0 0 0 0 0 0 0 0 0 0 0 0 0 0 0 0 0 0 0 0 0 0 0 0 0 0 0 0 0 0 0 0 0 0 0 0 0 0 0 0 0 0 0 0 0 0 0 0 0 0 0 0 0 0 0 0 0 0 0 0 0 0 0 0 0 0 0 0 0 0 0 0 0 0 0 0 0 0 0 0 0 0 0 0 0 0 0 0 0 0 0 0 0 0 0 0 0 0 0 0 0 0 0 0 0 0 0 0 0 0 0 0 0 0 0 0 0 0 0 0 0 0 0 0 0 0 0 0 0 0 0 0 0 0 0 0 0 0 0 0 0 0 0 0 0 0 0 0 0 0 0 0 0 0 0 0 0 
0 0 0 0 0 0 0 0 0 0 0 200 200 200 200 200 200 200 200 200 200 200 200 200 200 200 200 200 200 200 200 200 200 200 200 200 200 200 200 200 200 200 200 200 200 200 200 200 200 200 200 200 200 200 200 201 201 201 201 201 201 201 201 201 201 201 201 201 201 201 201 201 201 201 201 201 201 201 201 201 201 201 201 201 201 201 201 201 201 201 201 201 200 200 200 201 201 201 201 201 201 201 201 201 201 201 201 201 201 201 201 201 201 201 201 201 201 201 201 201 201 201 201 201 201 201 201 201 201 201 201 201 201 201 201 201 201 201 201 201 201 201 201 201 201 201 201 201 201 201 201 201 200 200 200 200 200 200 200 200 200 200 200 200 200 200 200 200 200 200 200 200 200 200 200 200 200 200 200 200 200 200 200 200 200 200 200 200 200 200 200 200 200 200 200 200 200 200 200 200 200 200 200 200 200 200 200 199 199 199 199 199 199 199 199 199 199 199 199 199 199 199 199 199 199 199 199 199 199 199 199 199 199 199 0 0 0 0 0 0 0 0 0 0 0 0 0 0 0 0 0 0 0 0 0 0 0 0 0 0 0 0 0 0 0 0 0 0 0 0 0 0 0 0 0 0 0 0 0 0 0 0 0 0 0 0 0 0 0 0 0 0 0 0 0 0 0 0 0 0 0 0 0 0 0 0 0 0 0 0 0 0 0 0 0 0 0 0 0 0 0 0 0 0 0 0 0 0 0 0 0 0 0 0 0 0 0 0 0 0 0 0 0 0 0 0 0 0 0 0 0 0 0 0 0 0 0 0 0 0 0 0 0 0 0 0 0 0 0 0 0 0 0 0 0 0 0 0 0 0 0 0 0 0 0 0 0 0 0 0 0 0 0 0 0 0 0 0 0 0 0 0 0 0 0 0 0 0 0 0 0 0 0 0 0 0 0 0 0 0 0 0 0 0 0 0 0 0 0 0 0 0 0 0 0 0 0 0 0 0 0 0 0 0 0 0 0 0 0 0 0 0 0 0 0 0 0 0 0 0 0 0 0 0 0 0 0 0 0 0 0 0 0 0 0 0 0 0 0 0 0 0 0 0 0 0 0 0 0 0 0 0 0 0 0 0 0 0 0 0 0 0 0 
0 0 0 0 0 0 0 0 0 0 0 200 200 200 200 200 200 200 200 200 200 200 200 200 200 200 200 200 200 200 200 200 200 200 200 200 200 200 200 200 200 200 200 200 201 201 201 201 201 201 201 201 201 201 201 201 201 201 201 201 201 201 201 201 201 201 201 201 201 201 201 201 201 201 201 201 201 201 201 201 201 201 201 201 201 201 201 201 201 201 201 201 201 201 201 201 201 201 201 201 201 201 201 201 201 201 201 201 201 201 201 201 201 201 201 201 201 201 201 201 201 201 201 201 201 201 201 201 201 201 201 201 201 201 201 201 201 201 201 201 201 201 201 201 201 201 201 201 201 201 201 201 201 201 201 201 201 201 201 201 201 201 201 201 201 200 200 200 200 200 200 200 200 200 200 200 200 200 200 200 200 200 200 200 200 200 200 200 200 200 200 200 200 200 200 200 200 200 200 200 200 200 200 200 200 200 200 200 200 200 200 200 200 200 200 200 200 199 199 199 199 199 199 199 199 199 199 199 199 199 199 199 199 199 0 0 0 0 0 0 0 0 0 0 0 0 0 0 0 0 0 0 0 0 0 0 0 0 0 0 0 0 0 0 0 0 0 0 0 0 0 0 0 0 0 0 0 0 0 0 0 0 0 0 0 0 0 0 0 0 0 0 0 0 0 0 0 0 0 0 0 0 0 0 0 0 0 0 0 0 0 0 0 0 0 0 0 0 0 0 0 0 0 0 0 0 0 0 0 0 0 0 0 0 0 0 0 0 0 0 0 0 0 0 0 0 0 0 0 0 0 0 0 0 0 0 0 0 0 0 0 0 0 0 0 0 0 0 0 0 0 0 0 0 0 0 0 0 0 0 0 0 0 0 0 0 0 0 0 0 0 0 0 0 0 0 0 0 0 0 0 0 0 0 0 0 0 0 0 0 0 0 0 0 0 0 0 0 0 0 0 0 0 0 0 0 0 0 0 0 0 0 0 0 0 0 0 0 0 0 0 0 0 0 0 0 0 0 0 0 0 0 0 0 0 0 0 0 0 0 0 0 0 0 0 0 0 0 0 0 0 0 0 0 0 0 0 0 0 0 0 0 0 0 0 0 0 0 0 0 0 0 0 0 0 0 0 0 0 0 0 0 0 
0 0 0 0 0 0 0 0 0 0 0 0 200 200 200 200 200 200 200 200 200 200 200 200 200 200 200 200 200 200 200 200 200 200 200 200 200 200 200 200 200 200 201 200 200 201 201 201 201 201 201 201 201 201 201 201 201 201 201 201 201 201 201 201 201 201 201 201 201 201 201 201 201 201 201 201 201 201 201 201 201 201 201 201 201 201 201 201 201 201 201 201 201 201 201 201 201 201 201 201 201 201 201 201 201 201 201 201 201 201 201 201 201 201 201 201 201 201 201 201 201 201 201 201 201 201 201 201 201 201 201 201 201 201 201 201 201 201 201 201 201 201 201 201 201 201 201 201 201 201 201 201 201 201 201 201 201 201 201 201 201 201 201 201 201 201 201 201 201 201 201 201 201 201 201 201 200 200 200 200 200 200 200 200 200 200 200 200 200 200 200 200 200 200 200 200 200 200 200 200 200 200 200 200 200 200 200 200 200 200 200 200 200 200 200 200 200 200 200 200 200 200 200 200 200 200 200 200 199 199 199 199 199 199 0 0 0 0 0 0 0 0 0 0 0 0 0 0 0 0 0 0 0 0 0 0 0 0 0 0 0 0 0 0 0 0 0 0 0 0 0 0 0 0 0 0 0 0 0 0 0 0 0 0 0 0 0 0 0 0 0 0 0 0 0 0 0 0 0 0 0 0 0 0 0 0 0 0 0 0 0 0 0 0 0 0 0 0 0 0 0 0 0 0 0 0 0 0 0 0 0 0 0 0 0 0 0 0 0 0 0 0 0 0 0 0 0 0 0 0 0 0 0 0 0 0 0 0 0 0 0 0 0 0 0 0 0 0 0 0 0 0 0 0 0 0 0 0 0 0 0 0 0 0 0 0 0 0 0 0 0 0 0 0 0 0 0 0 0 0 0 0 0 0 0 0 0 0 0 0 0 0 0 0 0 0 0 0 0 0 0 0 0 0 0 0 0 0 0 0 0 0 0 0 0 0 0 0 0 0 0 0 0 0 0 0 0 0 0 0 0 0 0 0 0 0 0 0 0 0 0 0 0 0 0 0 0 0 0 0 0 0 0 0 0 0 0 0 0 0 0 0 0 0 0 0 0 0 0 0 0 0 0 0 0 0 0 0 0 0 0 0 0 
0 0 0 0 0 0 0 0 0 0 200 200 200 200 200 200 200 200 200 200 200 200 200 200 200 200 200 200 200 200 200 200 200 200 200 200 200 200 200 200 200 201 201 201 201 201 201 201 201 201 201 201 201 201 201 201 201 201 201 201 201 201 201 201 201 201 201 201 201 201 201 201 201 201 201 201 201 201 201 201 201 201 201 201 201 201 201 201 201 201 201 201 201 201 201 201 201 201 201 201 201 201 201 201 201 201 201 201 201 201 201 201 201 201 201 201 201 201 201 201 201 201 201 201 201 201 201 201 201 201 201 201 201 201 201 201 201 201 201 201 201 201 201 201 201 201 201 201 201 201 201 201 201 201 201 201 201 201 201 201 201 201 201 201 201 201 201 201 201 201 201 201 201 201 201 201 201 201 201 201 201 201 201 201 201 201 200 200 200 200 200 200 200 200 200 200 200 200 200 200 200 200 200 200 200 200 200 200 200 200 200 200 200 200 200 200 200 200 200 200 200 200 200 200 200 200 200 200 200 200 200 200 200 200 200 0 0 0 0 0 0 0 0 0 0 0 0 0 0 0 0 0 0 0 0 0 0 0 0 0 0 0 0 0 0 0 0 0 0 0 0 0 0 0 0 0 0 0 0 0 0 0 0 0 0 0 0 0 0 0 0 0 0 0 0 0 0 0 0 0 0 0 0 0 0 0 0 0 0 0 0 0 0 0 0 0 0 0 0 0 0 0 0 0 0 0 0 0 0 0 0 0 0 0 0 0 0 0 0 0 0 0 0 0 0 0 0 0 0 0 0 0 0 0 0 0 0 0 0 0 0 0 0 0 0 0 0 0 0 0 0 0 0 0 0 0 0 0 0 0 0 0 0 0 0 0 0 0 0 0 0 0 0 0 0 0 0 0 0 0 0 0 0 0 0 0 0 0 0 0 0 0 0 0 0 0 0 0 0 0 0 0 0 0 0 0 0 0 0 0 0 0 0 0 0 0 0 0 0 0 0 0 0 0 0 0 0 0 0 0 0 0 0 0 0 0 0 0 0 0 0 0 0 0 0 0 0 0 0 0 0 0 0 0 0 0 0 0 0 0 0 0 0 0 0 0 0 0 0 0 0 0 0 0 0 0 0 0 0 0 0 0 0 
0 0 0 0 0 0 0 0 0 200 200 200 200 200 200 200 200 200 200 200 200 200 200 200 200 200 200 200 200 200 200 200 200 200 200 200 200 200 200 200 200 201 201 201 201 201 201 201 201 201 201 201 201 201 201 201 201 201 201 201 201 201 201 201 201 201 201 201 201 201 201 201 201 201 201 201 201 201 201 201 201 201 201 201 201 201 201 201 201 201 201 201 201 201 201 201 201 201 201 201 201 201 201 201 201 201 201 201 201 201 201 201 201 201 201 201 201 201 201 201 201 201 201 201 201 201 201 201 201 201 201 201 201 201 201 201 201 201 201 201 201 201 201 201 201 201 201 201 201 201 201 201 201 201 201 201 201 201 201 201 201 201 201 201 201 201 201 201 201 201 201 201 201 201 201 201 201 201 201 201 201 201 201 201 201 201 201 201 201 201 201 201 201 201 201 200 200 200 200 200 200 200 200 200 200 200 200 200 200 200 200 200 200 200 200 200 200 200 200 200 200 200 200 200 200 200 200 200 200 200 200 200 200 200 200 200 200 200 0 0 0 0 0 0 0 0 0 0 0 0 0 0 0 0 0 0 0 0 0 0 0 0 0 0 0 0 0 0 0 0 0 0 0 0 0 0 0 0 0 0 0 0 0 0 0 0 0 0 0 0 0 0 0 0 0 0 0 0 0 0 0 0 0 0 0 0 0 0 0 0 0 0 0 0 0 0 0 0 0 0 0 0 0 0 0 0 0 0 0 0 0 0 0 0 0 0 0 0 0 0 0 0 0 0 0 0 0 0 0 0 0 0 0 0 0 0 0 0 0 0 0 0 0 0 0 0 0 0 0 0 0 0 0 0 0 0 0 0 0 0 0 0 0 0 0 0 0 0 0 0 0 0 0 0 0 0 0 0 0 0 0 0 0 0 0 0 0 0 0 0 0 0 0 0 0 0 0 0 0 0 0 0 0 0 0 0 0 0 0 0 0 0 0 0 0 0 0 0 0 0 0 0 0 0 0 0 0 0 0 0 0 0 0 0 0 0 0 0 0 0 0 0 0 0 0 0 0 0 0 0 0 0 0 0 0 0 0 0 0 0 0 0 0 0 0 0 0 0 0 0 0 0 0 0 0 0 0 0 0 0 0 0 0 
0 0 0 0 0 0 0 0 0 200 200 200 200 200 200 200 200 200 200 200 200 200 200 200 200 200 200 200 200 200 200 200 200 200 200 200 200 200 200 200 200 200 201 201 201 201 201 201 201 201 201 201 201 201 201 201 201 201 201 201 201 201 201 201 201 201 201 201 201 201 201 201 201 201 201 201 201 201 201 201 201 201 201 201 201 201 201 201 201 201 201 201 201 201 201 201 201 201 201 201 201 201 201 201 201 201 201 201 201 201 201 201 201 201 201 201 201 201 201 201 201 201 201 201 201 201 201 201 201 201 201 201 201 201 201 201 201 201 201 201 201 201 202 202 201 201 201 201 201 201 201 201 201 201 201 201 201 201 201 201 201 201 201 201 201 201 201 201 201 201 201 201 201 201 201 201 201 201 201 201 201 201 201 201 201 201 201 201 201 201 201 201 201 201 201 201 201 201 201 201 201 201 201 201 200 200 200 200 200 200 200 200 200 200 200 200 200 200 200 200 200 200 200 200 200 200 200 200 200 200 200 200 200 200 200 200 200 200 200 0 0 0 0 0 0 0 0 0 0 0 0 0 0 0 0 0 0 0 0 0 0 0 0 0 0 0 0 0 0 0 0 0 0 0 0 0 0 0 0 0 0 0 0 0 0 0 0 0 0 0 0 0 0 0 0 0 0 0 0 0 0 0 0 0 0 0 0 0 0 0 0 0 0 0 0 0 0 0 0 0 0 0 0 0 0 0 0 0 0 0 0 0 0 0 0 0 0 0 0 0 0 0 0 0 0 0 0 0 0 0 0 0 0 0 0 0 0 0 0 0 0 0 0 0 0 0 0 0 0 0 0 0 0 0 0 0 0 0 0 0 0 0 0 0 0 0 0 0 0 0 0 0 0 0 0 0 0 0 0 0 0 0 0 0 0 0 0 0 0 0 0 0 0 0 0 0 0 0 0 0 0 0 0 0 0 0 0 0 0 0 0 0 0 0 0 0 0 0 0 0 0 0 0 0 0 0 0 0 0 0 0 0 0 0 0 0 0 0 0 0 0 0 0 0 0 0 0 0 0 0 0 0 0 0 0 0 0 0 0 0 0 0 0 0 0 0 0 0 0 0 0 0 0 0 0 0 0 0 0 0 0 0 0 
0 0 0 0 0 0 0 0 0 200 200 200 200 200 200 200 200 200 200 200 200 200 200 200 200 200 200 200 200 200 200 200 200 200 200 200 200 200 200 200 201 201 201 201 201 201 201 201 201 201 201 201 201 201 201 201 201 201 201 201 201 201 201 201 201 201 201 201 201 201 201 201 201 201 201 201 201 201 201 201 201 201 201 201 201 201 201 201 201 201 201 201 201 201 201 201 201 201 201 201 201 201 201 201 201 201 201 201 201 201 201 202 202 202 202 202 202 202 202 202 202 202 202 202 202 202 202 202 202 202 202 202 202 202 202 202 202 202 202 202 202 202 202 202 202 202 202 202 202 202 202 202 202 202 202 202 202 201 201 201 201 201 201 201 201 201 201 201 201 201 201 201 201 201 201 201 201 201 201 201 201 201 201 201 201 201 201 201 201 201 201 201 201 201 201 201 201 201 201 201 201 201 201 201 201 201 201 201 201 201 201 201 201 201 200 200 200 200 200 200 200 200 200 200 200 200 200 200 200 200 200 200 200 200 200 200 200 200 200 200 0 0 0 0 0 0 0 0 0 0 0 0 0 0 0 0 0 0 0 0 0 0 0 0 0 0 0 0 0 0 0 0 0 0 0 0 0 0 0 0 0 0 0 0 0 0 0 0 0 0 0 0 0 0 0 0 0 0 0 0 0 0 0 0 0 0 0 0 0 0 0 0 0 0 0 0 0 0 0 0 0 0 0 0 0 0 0 0 0 0 0 0 0 0 0 0 0 0 0 0 0 0 0 0 0 0 0 0 0 0 0 0 0 0 0 0 0 0 0 0 0 0 0 0 0 0 0 0 0 0 0 0 0 0 0 0 0 0 0 0 0 0 0 0 0 0 0 0 0 0 0 0 0 0 0 0 0 0 0 0 0 0 0 0 0 0 0 0 0 0 0 0 0 0 0 0 0 0 0 0 0 0 0 0 0 0 0 0 0 0 0 0 0 0 0 0 0 0 0 0 0 0 0 0 0 0 0 0 0 0 0 0 0 0 0 0 0 0 0 0 0 0 0 0 0 0 0 0 0 0 0 0 0 0 0 0 0 0 0 0 0 0 0 0 0 0 0 0 0 0 0 0 0 0 0 0 0 0 0 0 0 0 0 
0 0 0 0 0 0 0 0 0 0 0 0 200 200 200 200 200 200 200 200 200 200 200 0 0 200 200 200 200 200 200 200 200 200 200 200 200 200 200 201 201 201 201 201 201 201 201 201 201 201 201 201 201 201 201 201 201 201 201 201 201 201 201 201 201 201 201 201 201 201 201 201 201 201 201 201 201 201 201 201 201 201 201 201 201 201 201 201 201 202 202 202 201 201 201 201 201 201 201 201 201 201 201 202 202 202 202 202 202 202 202 202 202 202 202 202 202 202 202 202 202 202 202 202 202 202 202 202 202 202 202 202 202 202 202 202 202 202 202 202 202 202 202 202 202 202 202 202 202 202 202 202 202 202 202 202 202 202 202 202 202 202 202 202 202 202 202 202 201 201 201 201 201 201 201 201 201 201 201 201 201 201 201 201 201 201 201 201 201 201 201 201 201 201 201 201 201 201 201 201 201 201 201 201 201 201 201 201 201 201 201 201 201 201 201 201 201 201 201 201 201 201 201 201 201 201 200 200 200 200 200 200 200 200 200 200 200 200 200 200 200 0 0 0 0 0 0 0 0 0 0 0 0 0 0 0 0 0 0 0 0 0 0 0 0 0 0 0 0 0 0 0 0 0 0 0 0 0 0 0 0 0 0 0 0 0 0 0 0 0 0 0 0 0 0 0 0 0 0 0 0 0 0 0 0 0 0 0 0 0 0 0 0 0 0 0 0 0 0 0 0 0 0 0 0 0 0 0 0 0 0 0 0 0 0 0 0 0 0 0 0 0 0 0 0 0 0 0 0 0 0 0 0 0 0 0 0 0 0 0 0 0 0 0 0 0 0 0 0 0 0 0 0 0 0 0 0 0 0 0 0 0 0 0 0 0 0 0 0 0 0 0 0 0 0 0 0 0 0 0 0 0 0 0 0 0 0 0 0 0 0 0 0 0 0 0 0 0 0 0 0 0 0 0 0 0 0 0 0 0 0 0 0 0 0 0 0 0 0 0 0 0 0 0 0 0 0 0 0 0 0 0 0 0 0 0 0 0 0 0 0 0 0 0 0 0 0 0 0 0 0 0 0 0 0 0 0 0 0 0 0 0 0 0 0 0 0 0 0 0 0 0 0 0 0 0 0 0 0 0 0 0 0 
0 0 0 0 0 0 0 0 0 0 0 0 0 200 200 200 200 200 200 200 200 200 0 0 0 0 200 200 200 200 200 200 200 200 200 200 200 200 200 201 201 201 201 201 201 201 201 201 201 201 201 201 201 201 201 201 201 201 201 201 201 201 201 201 201 201 201 201 201 201 201 201 201 201 201 201 201 201 201 201 201 201 201 201 201 201 202 202 202 202 202 202 201 201 201 201 201 202 202 202 202 202 202 202 202 202 202 202 202 202 202 202 202 202 202 202 202 202 202 202 202 202 202 202 202 202 202 202 202 202 202 202 202 202 202 202 202 202 202 202 202 202 202 202 202 202 202 202 202 202 202 202 202 202 202 202 202 202 202 202 202 202 202 202 202 202 202 202 202 202 202 202 202 202 202 202 202 202 202 202 202 201 201 201 201 201 201 201 201 201 201 201 201 201 201 201 201 201 201 201 201 201 201 201 201 201 201 201 201 201 201 201 201 201 201 201 201 201 201 201 201 201 201 201 201 201 201 201 201 201 201 201 201 201 201 201 201 201 200 200 200 0 0 0 0 0 0 0 0 0 0 0 0 0 0 0 0 0 0 0 0 0 0 0 0 0 0 0 0 0 0 0 0 0 0 0 0 0 0 0 0 0 0 0 0 0 0 0 0 0 0 0 0 0 0 0 0 0 0 0 0 0 0 0 0 0 0 0 0 0 0 0 0 0 0 0 0 0 0 0 0 0 0 0 0 0 0 0 0 0 0 0 0 0 0 0 0 0 0 0 0 0 0 0 0 0 0 0 0 0 0 0 0 0 0 0 0 0 0 0 0 0 0 0 0 0 0 0 0 0 0 0 0 0 0 0 0 0 0 0 0 0 0 0 0 0 0 0 0 0 0 0 0 0 0 0 0 0 0 0 0 0 0 0 0 0 0 0 0 0 0 0 0 0 0 0 0 0 0 0 0 0 0 0 0 0 0 0 0 0 0 0 0 0 0 0 0 0 0 0 0 0 0 0 0 0 0 0 0 0 0 0 0 0 0 0 0 0 0 0 0 0 0 0 0 0 0 0 0 0 0 0 0 0 0 0 0 0 0 0 0 0 0 0 0 0 0 0 0 0 0 0 0 0 0 0 0 0 0 0 0 0 0 
0 0 0 0 0 0 0 0 0 0 0 0 0 0 0 200 200 200 200 200 0 0 0 0 0 0 200 200 200 200 200 200 200 200 200 200 200 200 200 201 201 201 201 201 201 201 201 201 201 201 201 201 201 201 201 201 201 201 201 201 201 201 201 201 201 201 201 201 201 201 201 201 201 201 201 201 201 201 201 201 201 201 202 202 202 202 202 202 202 202 202 202 201 202 202 202 202 202 202 202 202 202 202 202 202 202 202 202 202 202 202 202 202 202 202 202 202 202 202 202 202 202 202 202 202 202 202 202 202 202 202 202 202 202 202 202 202 202 202 202 202 202 202 202 202 202 202 202 202 202 202 202 202 202 202 202 202 202 202 202 202 202 202 202 202 202 202 202 202 202 202 202 202 202 202 202 202 202 202 202 202 202 202 202 202 202 202 202 202 202 201 201 201 201 201 201 201 201 201 201 201 201 201 201 201 201 201 201 201 201 201 201 201 201 201 201 201 201 201 201 201 201 201 201 201 201 201 201 201 201 201 201 201 201 201 201 201 201 201 201 201 201 0 0 0 0 0 0 0 0 0 0 0 0 0 0 0 0 0 0 0 0 0 0 0 0 0 0 0 0 0 0 0 0 0 0 0 0 0 0 0 0 0 0 0 0 0 0 0 0 0 0 0 0 0 0 0 0 0 0 0 0 0 0 0 0 0 0 0 0 0 0 0 0 0 0 0 0 0 0 0 0 0 0 0 0 0 0 0 0 0 0 0 0 0 0 0 0 0 0 0 0 0 0 0 0 0 0 0 0 0 0 0 0 0 0 0 0 0 0 0 0 0 0 0 0 0 0 0 0 0 0 0 0 0 0 0 0 0 0 0 0 0 0 0 0 0 0 0 0 0 0 0 0 0 0 0 0 0 0 0 0 0 0 0 0 0 0 0 0 0 0 0 0 0 0 0 0 0 0 0 0 0 0 0 0 0 0 0 0 0 0 0 0 0 0 0 0 0 0 0 0 0 0 0 0 0 0 0 0 0 0 0 0 0 0 0 0 0 0 0 0 0 0 0 0 0 0 0 0 0 0 0 0 0 0 0 0 0 0 0 0 0 0 0 0 0 0 0 0 0 0 0 0 0 0 0 0 0 0 0 0 0 
0 0 0 0 0 0 0 0 0 0 0 0 0 0 0 0 0 0 0 0 0 0 0 0 0 0 0 0 0 0 0 200 200 200 200 200 200 200 200 201 201 201 201 201 201 201 201 201 201 201 201 201 201 201 201 201 201 201 201 201 201 201 201 201 201 201 201 201 201 201 201 201 201 201 201 201 201 201 201 201 202 202 202 202 202 202 202 202 202 202 202 202 202 202 202 202 202 202 202 202 202 202 202 202 202 202 202 202 202 202 202 202 202 202 202 202 202 202 202 202 202 202 202 202 202 202 202 202 202 202 202 202 202 202 202 202 202 202 202 202 202 202 202 202 202 202 202 202 202 202 202 202 202 202 202 202 202 202 202 202 202 202 202 202 202 202 202 202 202 202 202 202 202 202 202 202 202 202 202 202 202 202 202 202 202 202 202 202 202 202 202 202 202 202 202 202 202 202 202 201 201 201 201 201 201 201 201 201 201 201 201 201 201 201 201 201 201 201 201 201 201 201 201 201 201 201 201 201 201 201 201 201 201 201 201 201 201 201 201 201 201 0 0 0 0 0 0 0 0 0 0 0 0 0 0 0 0 0 0 0 0 0 0 0 0 0 0 0 0 0 0 0 0 0 0 0 0 0 0 0 0 0 0 0 0 0 0 0 0 0 0 0 0 0 0 0 0 0 0 0 0 0 0 0 0 0 0 0 0 0 0 0 0 0 0 0 0 0 0 0 0 0 0 0 0 0 0 0 0 0 0 0 0 0 0 0 0 0 0 0 0 0 0 0 0 0 0 0 0 0 0 0 0 0 0 0 0 0 0 0 0 0 0 0 0 0 0 0 0 0 0 0 0 0 0 0 0 0 0 0 0 0 0 0 0 0 0 0 0 0 0 0 0 0 0 0 0 0 0 0 0 0 0 0 0 0 0 0 0 0 0 0 0 0 0 0 0 0 0 0 0 0 0 0 0 0 0 0 0 0 0 0 0 0 0 0 0 0 0 0 0 0 0 0 0 0 0 0 0 0 0 0 0 0 0 0 0 0 0 0 0 0 0 0 0 0 0 0 0 0 0 0 0 0 0 0 0 0 0 0 0 0 0 0 0 0 0 0 0 0 0 0 0 0 0 0 0 0 0 0 0 0 0 
0 0 0 0 0 0 0 0 0 0 0 0 0 0 0 0 0 0 0 0 0 0 0 0 0 0 0 0 0 0 0 0 0 200 200 200 200 200 200 200 201 201 201 201 201 201 201 201 201 201 201 201 201 201 201 201 201 201 201 201 201 201 201 201 201 201 201 201 201 201 201 201 201 201 201 201 201 202 202 202 202 202 202 202 202 202 202 202 202 202 202 202 202 202 202 202 202 202 202 202 202 202 202 202 202 202 202 202 202 202 202 202 202 202 202 202 202 202 202 202 202 202 202 202 202 202 202 202 202 202 202 202 202 202 202 202 202 202 202 202 202 202 203 203 202 202 202 202 202 202 202 202 202 202 202 202 202 202 202 202 202 202 202 202 202 202 202 202 202 202 202 202 202 202 202 202 202 202 202 202 202 202 202 202 202 202 202 202 202 202 202 202 202 202 202 202 202 202 202 202 202 202 202 202 202 202 202 202 202 201 201 201 201 201 201 201 201 201 201 201 201 201 201 201 201 201 201 201 201 201 201 201 201 201 201 201 201 201 201 201 0 0 0 0 0 0 0 0 0 0 0 0 0 0 0 0 0 0 0 0 0 0 0 0 0 0 0 0 0 0 0 0 0 0 0 0 0 0 0 0 0 0 0 0 0 0 0 0 0 0 0 0 0 0 0 0 0 0 0 0 0 0 0 0 0 0 0 0 0 0 0 0 0 0 0 0 0 0 0 0 0 0 0 0 0 0 0 0 0 0 0 0 0 0 0 0 0 0 0 0 0 0 0 0 0 0 0 0 0 0 0 0 0 0 0 0 0 0 0 0 0 0 0 0 0 0 0 0 0 0 0 0 0 0 0 0 0 0 0 0 0 0 0 0 0 0 0 0 0 0 0 0 0 0 0 0 0 0 0 0 0 0 0 0 0 0 0 0 0 0 0 0 0 0 0 0 0 0 0 0 0 0 0 0 0 0 0 0 0 0 0 0 0 0 0 0 0 0 0 0 0 0 0 0 0 0 0 0 0 0 0 0 0 0 0 0 0 0 0 0 0 0 0 0 0 0 0 0 0 0 0 0 0 0 0 0 0 0 0 0 0 0 0 0 0 0 0 0 0 0 0 0 0 0 0 0 0 0 0 0 0 0 0 
0 0 0 0 0 0 0 0 0 0 0 0 0 0 0 0 0 0 0 0 0 0 0 0 0 0 0 0 0 0 0 0 0 0 200 200 200 200 200 200 201 201 201 201 201 201 201 201 201 201 201 201 201 201 201 201 201 201 201 201 201 201 201 201 201 201 201 201 201 201 201 201 201 201 201 202 202 202 202 202 202 202 202 202 202 202 202 202 202 202 202 202 202 202 202 202 202 202 202 202 202 202 202 202 202 202 202 202 202 202 202 202 202 202 202 202 202 202 202 202 202 203 203 203 203 203 203 203 203 203 203 203 203 203 203 203 203 203 203 203 203 203 203 203 203 203 203 203 203 203 203 203 203 203 203 203 203 202 202 202 202 202 202 202 202 202 202 202 202 202 202 202 202 202 202 202 202 202 202 202 202 202 202 202 202 202 202 202 202 202 202 202 202 202 202 202 202 202 202 202 202 202 202 202 202 202 202 202 202 202 202 202 202 202 202 202 202 202 202 202 202 201 201 201 201 201 201 201 201 201 201 201 201 201 201 201 201 201 0 0 0 0 0 0 0 0 0 0 0 0 0 0 0 0 0 0 0 0 0 0 0 0 0 0 0 0 0 0 0 0 0 0 0 0 0 0 0 0 0 0 0 0 0 0 0 0 0 0 0 0 0 0 0 0 0 0 0 0 0 0 0 0 0 0 0 0 0 0 0 0 0 0 0 0 0 0 0 0 0 0 0 0 0 0 0 0 0 0 0 0 0 0 0 0 0 0 0 0 0 0 0 0 0 0 0 0 0 0 0 0 0 0 0 0 0 0 0 0 0 0 0 0 0 0 0 0 0 0 0 0 0 0 0 0 0 0 0 0 0 0 0 0 0 0 0 0 0 0 0 0 0 0 0 0 0 0 0 0 0 0 0 0 0 0 0 0 0 0 0 0 0 0 0 0 0 0 0 0 0 0 0 0 0 0 0 0 0 0 0 0 0 0 0 0 0 0 0 0 0 0 0 0 0 0 0 0 0 0 0 0 0 0 0 0 0 0 0 0 0 0 0 0 0 0 0 0 0 0 0 0 0 0 0 0 0 0 0 0 0 0 0 0 0 0 0 0 0 0 0 0 0 0 0 0 0 0 0 0 0 0 0 0 0 
0 0 0 0 0 0 0 0 0 0 0 0 0 0 0 0 0 0 0 0 0 0 0 0 0 0 0 0 0 0 0 0 0 0 200 200 200 200 200 200 200 201 201 201 201 201 201 201 201 201 201 201 201 201 201 201 201 201 201 201 201 201 201 201 201 201 201 201 201 201 201 201 201 202 202 202 202 202 202 202 202 202 202 202 202 202 202 202 202 202 202 202 202 202 202 202 202 202 202 202 202 202 202 202 202 202 202 202 202 202 202 202 202 202 203 203 203 203 203 203 203 203 203 203 203 203 203 203 203 203 203 203 203 203 203 203 203 203 203 203 203 203 203 203 203 203 203 203 203 203 203 203 203 203 203 203 203 203 203 203 203 203 203 203 203 203 203 203 203 203 203 202 202 202 202 202 202 202 202 202 202 202 202 202 202 202 202 202 202 202 202 202 202 202 202 202 202 202 202 202 202 202 202 202 202 202 202 202 202 202 202 202 202 202 202 202 202 202 202 202 202 202 202 202 202 202 202 202 202 202 202 202 202 202 201 201 0 0 0 0 0 0 0 0 0 0 0 0 0 0 0 0 0 0 0 0 0 0 0 0 0 0 0 0 0 0 0 0 0 0 0 0 0 0 0 0 0 0 0 0 0 0 0 0 0 0 0 0 0 0 0 0 0 0 0 0 0 0 0 0 0 0 0 0 0 0 0 0 0 0 0 0 0 0 0 0 0 0 0 0 0 0 0 0 0 0 0 0 0 0 0 0 0 0 0 0 0 0 0 0 0 0 0 0 0 0 0 0 0 0 0 0 0 0 0 0 0 0 0 0 0 0 0 0 0 0 0 0 0 0 0 0 0 0 0 0 0 0 0 0 0 0 0 0 0 0 0 0 0 0 0 0 0 0 0 0 0 0 0 0 0 0 0 0 0 0 0 0 0 0 0 0 0 0 0 0 0 0 0 0 0 0 0 0 0 0 0 0 0 0 0 0 0 0 0 0 0 0 0 0 0 0 0 0 0 0 0 0 0 0 0 0 0 0 0 0 0 0 0 0 0 0 0 0 0 0 0 0 0 0 0 0 0 0 0 0 0 0 0 0 0 0 0 0 0 0 0 0 0 0 0 0 0 0 0 0 0 0 0 0 0 0 0 
0 0 0 0 0 0 0 0 0 0 0 0 0 0 0 0 0 0 0 0 0 0 0 0 0 0 0 0 0 0 0 0 0 0 200 200 200 200 200 200 200 200 201 201 201 201 201 201 201 201 201 201 201 201 201 201 201 201 201 201 201 201 201 201 201 201 201 201 201 201 201 201 202 202 202 202 202 202 202 202 202 202 202 202 202 202 202 202 202 202 202 202 202 202 202 202 202 202 202 202 202 202 202 202 202 202 202 202 202 203 203 203 203 203 203 203 203 203 203 203 203 203 203 203 203 203 203 203 203 203 203 203 203 203 203 203 203 203 203 203 203 203 203 203 203 203 203 203 203 203 203 203 203 203 203 203 203 203 203 203 203 203 203 203 203 203 203 203 203 203 203 203 203 203 203 203 203 203 203 203 203 202 202 202 202 202 202 202 202 202 202 202 202 202 202 202 202 202 202 202 202 202 202 202 202 202 202 202 202 202 202 202 202 202 202 202 202 202 202 202 202 202 202 202 202 202 202 202 202 202 202 202 202 202 202 0 0 0 0 0 0 0 0 0 0 0 0 0 0 0 0 0 0 0 0 0 0 0 0 0 0 0 0 0 0 0 0 0 0 0 0 0 0 0 0 0 0 0 0 0 0 0 0 0 0 0 0 0 0 0 0 0 0 0 0 0 0 0 0 0 0 0 0 0 0 0 0 0 0 0 0 0 0 0 0 0 0 0 0 0 0 0 0 0 0 0 0 0 0 0 0 0 0 0 0 0 0 0 0 0 0 0 0 0 0 0 0 0 0 0 0 0 0 0 0 0 0 0 0 0 0 0 0 0 0 0 0 0 0 0 0 0 0 0 0 0 0 0 0 0 0 0 0 0 0 0 0 0 0 0 0 0 0 0 0 0 0 0 0 0 0 0 0 0 0 0 0 0 0 0 0 0 0 0 0 0 0 0 0 0 0 0 0 0 0 0 0 0 0 0 0 0 0 0 0 0 0 0 0 0 0 0 0 0 0 0 0 0 0 0 0 0 0 0 0 0 0 0 0 0 0 0 0 0 0 0 0 0 0 0 0 0 0 0 0 0 0 0 0 0 0 0 0 0 0 0 0 0 0 0 0 0 0 0 0 0 0 0 0 0 0 0 0 
0 0 0 0 0 0 0 0 0 0 0 0 0 0 0 0 0 0 0 0 0 200 200 200 200 200 0 0 0 0 0 200 200 200 200 200 200 200 200 200 200 200 201 201 201 201 201 201 201 201 201 201 201 201 201 201 201 201 201 201 201 201 201 201 201 201 201 201 201 201 201 202 202 202 202 202 202 202 202 202 202 202 202 202 202 202 202 202 202 202 202 202 202 202 202 202 202 202 202 202 202 202 202 202 202 203 203 203 203 203 203 203 203 203 203 203 203 203 203 203 203 203 203 203 203 203 203 203 203 203 203 203 203 203 203 203 203 203 203 203 203 203 203 203 203 203 203 203 203 203 203 203 203 203 203 203 203 203 203 203 203 203 203 203 203 203 203 203 203 203 203 203 203 203 203 203 203 203 203 203 203 203 203 203 203 203 203 203 203 203 203 202 202 202 202 202 202 202 202 202 202 202 202 202 202 202 202 202 202 202 202 202 202 202 202 202 202 202 202 202 202 202 202 202 202 202 202 202 202 202 202 202 202 202 202 0 0 0 0 0 0 0 0 0 0 0 0 0 0 0 0 0 0 0 0 0 0 0 0 0 0 0 0 0 0 0 0 0 0 0 0 0 0 0 0 0 0 0 0 0 0 0 0 0 0 0 0 0 0 0 0 0 0 0 0 0 0 0 0 0 0 0 0 0 0 0 0 0 0 0 0 0 0 0 0 0 0 0 0 0 0 0 0 0 0 0 0 0 0 0 0 0 0 0 0 0 0 0 0 0 0 0 0 0 0 0 0 0 0 0 0 0 0 0 0 0 0 0 0 0 0 0 0 0 0 0 0 0 0 0 0 0 0 0 0 0 0 0 0 0 0 0 0 0 0 0 0 0 0 0 0 0 0 0 0 0 0 0 0 0 0 0 0 0 0 0 0 0 0 0 0 0 0 0 0 0 0 0 0 0 0 0 0 0 0 0 0 0 0 0 0 0 0 0 0 0 0 0 0 0 0 0 0 0 0 0 0 0 0 0 0 0 0 0 0 0 0 0 0 0 0 0 0 0 0 0 0 0 0 0 0 0 0 0 0 0 0 0 0 0 0 0 0 0 0 0 0 0 0 0 0 0 0 0 0 0 0 0 0 0 0 0 0 
0 0 0 0 0 0 0 0 0 0 0 0 0 0 0 0 0 0 0 0 0 200 200 200 200 200 200 200 200 200 200 200 200 200 200 200 200 200 200 200 200 200 201 201 201 201 201 201 201 201 201 201 201 201 201 201 201 201 201 201 201 201 201 201 201 201 201 201 201 202 202 202 202 202 202 202 202 202 202 202 202 202 202 202 202 202 202 202 202 202 202 202 202 202 202 202 202 202 202 202 202 202 202 203 203 203 203 203 203 203 203 203 203 203 203 203 203 203 203 203 203 203 203 203 203 203 203 203 203 203 203 203 203 203 203 203 203 203 203 203 203 203 203 203 203 203 203 203 203 203 203 203 203 203 203 203 203 203 203 203 203 203 203 203 203 203 203 203 203 203 203 203 203 203 203 203 203 203 203 203 203 203 203 203 203 203 203 203 203 203 203 203 203 203 203 203 203 203 203 203 203 203 202 202 202 202 202 202 202 202 202 202 202 202 202 202 202 202 202 202 202 202 202 202 202 202 202 202 202 202 202 202 202 202 202 202 202 202 202 202 202 202 0 0 0 0 0 0 0 0 0 0 0 0 0 0 0 0 0 0 0 0 0 0 0 0 0 0 0 0 0 0 0 0 0 0 0 0 0 0 0 0 0 0 0 0 0 0 0 0 0 0 0 0 0 0 0 0 0 0 0 0 0 0 0 0 0 0 0 0 0 0 0 0 0 0 0 0 0 0 0 0 0 0 0 0 0 0 0 0 0 0 0 0 0 0 0 0 0 0 0 0 0 0 0 0 0 0 0 0 0 0 0 0 0 0 0 0 0 0 0 0 0 0 0 0 0 0 0 0 0 0 0 0 0 0 0 0 0 0 0 0 0 0 0 0 0 0 0 0 0 0 0 0 0 0 0 0 0 0 0 0 0 0 0 0 0 0 0 0 0 0 0 0 0 0 0 0 0 0 0 0 0 0 0 0 0 0 0 0 0 0 0 0 0 0 0 0 0 0 0 0 0 0 0 0 0 0 0 0 0 0 0 0 0 0 0 0 0 0 0 0 0 0 0 0 0 0 0 0 0 0 0 0 0 0 0 0 0 0 0 0 0 0 0 0 0 0 0 0 0 0 0 0 0 0 0 0 0 0 0 0 0 
0 0 0 0 0 0 0 0 0 0 0 0 0 0 0 0 0 0 0 0 0 200 200 200 200 200 200 200 200 200 200 200 200 200 200 200 200 200 200 200 200 200 201 201 201 201 201 201 201 201 201 201 201 201 201 201 201 201 201 201 201 201 201 201 201 201 201 201 201 202 202 202 202 202 202 202 202 202 202 202 202 202 202 202 202 202 202 202 202 202 202 202 202 202 202 202 202 202 202 202 203 203 203 203 203 203 203 203 203 203 203 203 203 203 203 203 203 203 203 203 203 203 203 203 203 203 203 203 203 203 203 203 203 203 203 203 203 203 203 203 203 203 203 203 203 203 203 203 203 203 203 203 203 203 203 203 203 203 203 203 203 203 203 203 203 203 203 203 203 203 203 203 203 203 203 203 203 203 203 203 203 203 203 203 203 203 203 203 203 203 203 203 203 203 203 203 203 203 203 203 203 203 203 203 203 203 203 203 203 203 203 203 203 202 202 202 202 202 202 202 202 202 202 202 202 202 202 202 202 202 202 202 202 202 202 202 202 202 202 202 202 202 203 203 0 0 0 0 0 0 0 0 0 0 0 0 0 0 0 0 0 0 0 0 0 0 0 0 0 0 0 0 0 0 0 0 0 0 0 0 0 0 0 0 0 0 0 0 0 0 0 0 0 0 0 0 0 0 0 0 0 0 0 0 0 0 0 0 0 0 0 0 0 0 0 0 0 0 0 0 0 0 0 0 0 0 0 0 0 0 0 0 0 0 0 0 0 0 0 0 0 0 0 0 0 0 0 0 0 0 0 0 0 0 0 0 0 0 0 0 0 0 0 0 0 0 0 0 0 0 0 0 0 0 0 0 0 0 0 0 0 0 0 0 0 0 0 0 0 0 0 0 0 0 0 0 0 0 0 0 0 0 0 0 0 0 0 0 0 0 0 0 0 0 0 0 0 0 0 0 0 0 0 0 0 0 0 0 0 0 0 0 0 0 0 0 0 0 0 0 0 0 0 0 0 0 0 0 0 0 0 0 0 0 0 0 0 0 0 0 0 0 0 0 0 0 0 0 0 0 0 0 0 0 0 0 0 0 0 0 0 0 0 0 0 0 0 0 0 0 0 0 0 0 0 0 0 0 0 0 0 0 0 
0 0 0 0 0 0 0 0 0 0 0 0 0 0 0 0 0 0 0 0 0 200 200 200 200 200 200 200 200 200 200 200 200 200 200 200 200 200 200 200 200 200 201 201 201 201 201 201 201 201 201 201 201 201 201 201 201 201 201 201 201 201 201 201 201 201 201 201 202 202 202 202 202 202 202 202 202 202 202 202 202 202 202 202 202 202 202 202 202 202 202 202 202 202 202 202 202 202 203 203 203 203 203 203 203 203 203 203 203 203 203 203 203 203 203 203 203 203 203 203 203 203 203 203 203 203 203 203 203 203 203 203 203 203 203 203 203 203 203 203 203 203 204 204 204 204 204 204 204 204 204 203 203 203 203 203 203 203 203 203 203 203 203 203 203 203 203 203 203 203 203 203 203 203 203 203 203 203 203 203 203 203 203 203 203 203 203 203 203 203 203 203 203 203 203 203 203 203 203 203 203 203 203 203 203 203 203 203 203 203 203 203 203 203 203 203 203 203 203 203 203 203 203 203 203 203 203 202 202 202 202 202 202 202 202 202 202 202 202 202 202 202 204 204 204 204 0 0 0 0 0 0 0 0 0 0 0 0 0 0 0 0 0 0 0 0 0 0 0 0 0 0 0 0 0 0 0 0 0 0 0 0 0 0 0 0 0 0 0 0 0 0 0 0 0 0 0 0 0 0 0 0 0 0 0 0 0 0 0 0 0 0 0 0 0 0 0 0 0 0 0 0 0 0 0 0 0 0 0 0 0 0 0 0 0 0 0 0 0 0 0 0 0 0 0 0 0 0 0 0 0 0 0 0 0 0 0 0 0 0 0 0 0 0 0 0 0 0 0 0 0 0 0 0 0 0 0 0 0 0 0 0 0 0 0 0 0 0 0 0 0 0 0 0 0 0 0 0 0 0 0 0 0 0 0 0 0 0 0 0 0 0 0 0 0 0 0 0 0 0 0 0 0 0 0 0 0 0 0 0 0 0 0 0 0 0 0 0 0 0 0 0 0 0 0 0 0 0 0 0 0 0 0 0 0 0 0 0 0 0 0 0 0 0 0 0 0 0 0 0 0 0 0 0 0 0 0 0 0 0 0 0 0 0 0 0 0 0 0 0 0 0 0 0 0 0 0 0 0 0 0 0 0 
0 0 0 0 0 0 0 0 0 0 0 0 0 0 0 0 0 0 0 0 200 200 200 200 200 200 200 200 200 200 200 200 200 200 200 200 200 200 200 200 200 200 201 201 201 201 201 201 201 201 201 201 201 201 201 201 201 201 201 201 201 201 201 201 201 201 201 202 202 202 202 202 202 202 202 202 202 202 202 202 202 202 202 202 202 202 202 202 202 202 202 203 202 202 202 202 203 203 203 203 203 203 203 203 203 203 203 203 203 203 203 203 203 203 203 203 203 203 203 203 203 203 204 204 204 204 204 204 204 204 204 204 204 204 204 204 204 204 204 204 204 204 204 204 204 204 204 204 204 204 204 204 204 204 204 204 204 204 204 204 204 203 203 203 203 203 203 203 203 203 203 203 203 203 203 203 203 203 203 203 203 203 203 203 203 203 203 203 203 203 203 203 203 203 203 203 203 203 203 203 203 203 203 203 203 203 203 203 203 203 203 203 203 203 203 203 203 203 203 203 203 203 203 203 203 203 203 203 203 203 203 203 203 203 203 203 203 203 203 203 203 202 204 204 204 204 204 0 0 0 0 0 0 0 0 0 0 0 0 0 0 0 0 0 0 0 0 0 0 0 0 0 0 0 0 0 0 0 0 0 0 0 0 0 0 0 0 0 0 0 0 0 0 0 0 0 0 0 0 0 0 0 0 0 0 0 0 0 0 0 0 0 0 0 0 0 0 0 0 0 0 0 0 0 0 0 0 0 0 0 0 0 0 0 0 0 0 0 0 0 0 0 0 0 0 0 0 0 0 0 0 0 0 0 0 0 0 0 0 0 0 0 0 0 0 0 0 0 0 0 0 0 0 0 0 0 0 0 0 0 0 0 0 0 0 0 0 0 0 0 0 0 0 0 0 0 0 0 0 0 0 0 0 0 0 0 0 0 0 0 0 0 0 0 0 0 0 0 0 0 0 0 0 0 0 0 0 0 0 0 0 0 0 0 0 0 0 0 0 0 0 0 0 0 0 0 0 0 0 0 0 0 0 0 0 0 0 0 0 0 0 0 0 0 0 0 0 0 0 0 0 0 0 0 0 0 0 0 0 0 0 0 0 0 0 0 0 0 0 0 0 0 0 0 0 0 0 0 0 0 0 0 0 
0 0 0 0 0 0 0 0 0 0 0 0 0 0 0 0 0 0 0 0 0 200 200 200 200 200 200 200 200 200 200 200 200 200 200 200 200 200 200 200 200 200 201 201 201 201 201 201 201 201 201 201 201 201 201 201 201 201 201 201 201 201 201 201 201 201 201 202 202 202 202 202 202 202 202 202 202 202 202 202 202 202 202 202 202 202 202 202 202 202 203 203 202 202 202 203 203 203 203 203 203 203 203 203 203 203 203 203 203 203 203 203 203 203 203 203 203 204 204 204 204 204 204 204 204 204 204 204 204 204 204 204 204 204 204 204 204 204 204 204 204 204 204 204 204 204 204 204 204 204 204 204 204 204 204 204 204 204 204 204 204 204 204 204 204 204 204 204 204 204 204 204 204 203 203 203 203 203 203 203 203 203 203 203 203 203 203 203 203 203 203 203 203 203 203 203 203 203 203 203 203 203 203 203 203 203 203 203 203 203 203 203 203 203 203 203 203 203 203 203 203 203 203 203 203 203 203 203 203 203 203 203 203 203 203 203 203 203 203 203 203 203 204 204 204 204 204 204 0 0 0 0 0 0 0 0 0 0 0 0 0 0 0 0 0 0 0 0 0 0 0 0 0 0 0 0 0 0 0 0 0 0 0 0 0 0 0 0 0 0 0 0 0 0 0 0 0 0 0 0 0 0 0 0 0 0 0 0 0 0 0 0 0 0 0 0 0 0 0 0 0 0 0 0 0 0 0 0 0 0 0 0 0 0 0 0 0 0 0 0 0 0 0 0 0 0 0 0 0 0 0 0 0 0 0 0 0 0 0 0 0 0 0 0 0 0 0 0 0 0 0 0 0 0 0 0 0 0 0 0 0 0 0 0 0 0 0 0 0 0 0 0 0 0 0 0 0 0 0 0 0 0 0 0 0 0 0 0 0 0 0 0 0 0 0 0 0 0 0 0 0 0 0 0 0 0 0 0 0 0 0 0 0 0 0 0 0 0 0 0 0 0 0 0 0 0 0 0 0 0 0 0 0 0 0 0 0 0 0 0 0 0 0 0 0 0 0 0 0 0 0 0 0 0 0 0 0 0 0 0 0 0 0 0 0 0 0 0 0 0 0 0 0 0 0 0 0 0 0 0 0 0 0 
0 0 0 0 0 0 0 0 0 0 0 0 0 0 0 0 0 0 0 0 0 0 200 200 200 200 200 200 200 200 200 200 200 200 200 200 200 200 200 200 200 200 201 201 201 201 201 201 201 201 201 201 201 201 201 201 201 201 201 201 201 201 201 201 201 201 201 202 202 202 202 202 202 202 202 202 202 202 202 202 202 202 202 202 202 202 202 202 203 203 203 203 202 202 203 203 203 203 203 203 203 203 203 203 203 203 203 203 203 203 203 203 203 203 204 204 204 204 204 204 204 204 204 204 204 204 204 204 204 204 204 204 204 204 204 204 204 204 204 204 204 204 204 204 204 204 204 204 204 204 204 204 204 204 204 204 204 204 204 204 204 204 204 204 204 204 204 204 204 204 204 204 204 204 204 204 204 204 204 204 204 204 204 204 204 204 204 204 204 204 203 203 203 203 203 203 203 203 203 203 203 203 203 203 203 203 203 203 203 203 203 203 203 203 203 203 203 203 203 203 203 203 203 203 203 203 203 203 203 203 203 203 203 203 203 203 203 203 203 203 203 203 204 204 204 204 204 0 0 0 0 0 0 0 0 0 0 0 0 0 0 0 0 0 0 0 0 0 0 0 0 0 0 0 0 0 0 0 0 0 0 0 0 0 0 0 0 0 0 0 0 0 0 0 0 0 0 0 0 0 0 0 0 0 0 0 0 0 0 0 0 0 0 0 0 0 0 0 0 0 0 0 0 0 0 0 0 0 0 0 0 0 0 0 0 0 0 0 0 0 0 0 0 0 0 0 0 0 0 0 0 0 0 0 0 0 0 0 0 0 0 0 0 0 0 0 0 0 0 0 0 0 0 0 0 0 0 0 0 0 0 0 0 0 0 0 0 0 0 0 0 0 0 0 0 0 0 0 0 0 0 0 0 0 0 0 0 0 0 0 0 0 0 0 0 0 0 0 0 0 0 0 0 0 0 0 0 0 0 0 0 0 0 0 0 0 0 0 0 0 0 0 0 0 0 0 0 0 0 0 0 0 0 0 0 0 0 0 0 0 0 0 0 0 0 0 0 0 0 0 0 0 0 0 0 0 0 0 0 0 0 0 0 0 0 0 0 0 0 0 0 0 0 0 0 0 0 0 0 0 0 0 0 
0 0 0 0 0 0 0 0 0 0 0 0 0 0 0 0 0 0 0 0 0 0 0 0 200 200 200 200 200 200 200 200 200 200 200 200 200 200 200 200 200 200 201 201 201 201 201 201 201 201 201 201 201 201 201 201 201 201 201 201 201 201 201 201 201 201 202 202 202 202 202 202 202 202 202 202 202 202 202 202 202 202 202 202 202 202 202 203 203 203 203 203 202 203 203 203 203 203 203 203 203 203 203 203 203 203 203 203 203 203 203 204 204 204 204 204 204 204 204 204 204 204 204 204 204 204 204 204 204 204 204 204 204 204 204 204 204 204 204 204 204 204 204 204 204 204 204 204 204 204 204 204 204 204 204 204 204 204 204 204 204 204 204 204 204 204 204 204 204 204 204 204 204 204 204 204 204 204 204 204 204 204 204 204 204 204 204 204 204 204 204 204 204 204 204 204 204 204 204 204 204 203 203 203 203 203 203 203 203 203 203 203 203 203 203 203 203 203 203 203 203 203 203 203 203 203 203 203 203 203 203 203 203 203 203 203 203 203 203 203 203 203 204 204 204 204 0 0 0 0 0 0 0 0 0 0 0 0 0 0 0 0 0 0 0 0 0 0 0 0 0 0 0 0 0 0 0 0 0 0 0 0 0 0 0 0 0 0 0 0 0 0 0 0 0 0 0 0 0 0 0 0 0 0 0 0 0 0 0 0 0 0 0 0 0 0 0 0 0 0 0 0 0 0 0 0 0 0 0 0 0 0 0 0 0 0 0 0 0 0 0 0 0 0 0 0 0 0 0 0 0 0 0 0 0 0 0 0 0 0 0 0 0 0 0 0 0 0 0 0 0 0 0 0 0 0 0 0 0 0 0 0 0 0 0 0 0 0 0 0 0 0 0 0 0 0 0 0 0 0 0 0 0 0 0 0 0 0 0 0 0 0 0 0 0 0 0 0 0 0 0 0 0 0 0 0 0 0 0 0 0 0 0 0 0 0 0 0 0 0 0 0 0 0 0 0 0 0 0 0 0 0 0 0 0 0 0 0 0 0 0 0 0 0 0 0 0 0 0 0 0 0 0 0 0 0 0 0 0 0 0 0 0 0 0 0 0 0 0 0 0 0 0 0 0 0 0 0 0 0 0 0 0 
0 0 0 0 0 0 0 0 0 0 0 0 0 0 0 0 0 0 0 0 0 0 0 0 0 200 200 200 200 200 200 200 200 200 200 200 200 200 200 200 200 200 201 201 201 201 201 201 201 201 201 201 201 201 201 201 201 201 201 201 201 201 201 201 201 201 202 202 202 202 202 202 202 202 202 202 202 202 202 202 202 202 202 202 202 202 202 203 203 203 203 203 203 203 203 203 203 203 203 203 203 203 203 203 203 203 203 203 203 204 204 204 204 204 204 204 204 204 204 204 204 204 204 204 204 204 204 204 204 204 204 204 204 204 204 204 204 204 204 204 204 204 204 204 204 204 204 204 204 204 204 204 204 204 204 204 204 204 204 204 204 204 204 204 204 204 204 204 204 204 204 204 204 204 204 204 204 204 204 204 204 204 204 204 204 204 204 204 204 204 204 204 204 204 204 204 204 204 204 204 204 204 204 204 204 204 204 204 204 204 204 204 204 204 204 203 203 203 203 203 203 203 203 203 203 203 203 203 203 203 203 203 203 203 203 203 203 203 203 203 203 203 205 204 204 204 204 204 204 0 0 0 0 0 0 0 0 0 0 0 0 0 0 0 0 0 0 0 0 0 0 0 0 0 0 0 0 0 0 0 0 0 0 0 0 0 0 0 0 0 0 0 0 0 0 0 0 0 0 0 0 0 0 0 0 0 0 0 0 0 0 0 0 0 0 0 0 0 0 0 0 0 0 0 0 0 0 0 0 0 0 0 0 0 0 0 0 0 0 0 0 0 0 0 0 0 0 0 0 0 0 0 0 0 0 0 0 0 0 0 0 0 0 0 0 0 0 0 0 0 0 0 0 0 0 0 0 0 0 0 0 0 0 0 0 0 0 0 0 0 0 0 0 0 0 0 0 0 0 0 0 0 0 0 0 0 0 0 0 0 0 0 0 0 0 0 0 0 0 0 0 0 0 0 0 0 0 0 0 0 0 0 0 0 0 0 0 0 0 0 0 0 0 0 0 0 0 0 0 0 0 0 0 0 0 0 0 0 0 0 0 0 0 0 0 0 0 0 0 0 0 0 0 0 0 0 0 0 0 0 0 0 0 0 0 0 0 0 0 0 0 0 0 0 0 0 0 0 0 0 0 0 0 
0 0 0 0 0 0 0 0 0 0 0 0 0 0 0 0 0 0 0 0 0 0 0 0 0 0 200 200 200 200 200 200 200 200 200 200 200 200 200 200 200 200 200 200 200 200 200 201 201 201 201 201 201 201 201 201 201 201 201 201 201 201 201 201 201 201 201 201 201 201 201 202 202 202 202 202 202 202 202 202 202 202 202 202 202 202 202 202 202 202 203 203 203 203 203 203 203 203 203 203 203 203 203 203 203 203 203 203 203 204 204 204 204 204 204 204 204 204 204 204 204 204 204 204 204 204 204 204 204 204 204 204 204 204 204 204 204 204 204 204 204 204 204 204 204 204 204 204 204 204 204 204 204 204 204 204 204 204 204 204 204 204 204 204 204 204 204 204 204 204 204 204 204 204 204 204 204 204 204 204 204 204 204 204 204 204 204 204 204 204 204 204 204 204 204 204 204 204 204 204 204 204 204 204 204 204 204 204 204 204 204 204 204 204 204 204 204 204 204 204 204 204 204 203 203 203 203 203 203 203 203 203 203 203 203 203 203 203 203 203 203 203 204 204 204 204 204 204 204 204 204 204 204 0 0 0 0 0 0 0 0 0 0 0 0 0 0 0 0 0 0 0 0 0 0 0 0 0 0 0 0 0 0 0 0 0 0 0 0 0 0 0 0 0 0 0 0 0 0 0 0 0 0 0 0 0 0 0 0 0 0 0 0 0 0 0 0 0 0 0 0 0 0 0 0 0 0 0 0 0 0 0 0 0 0 0 0 0 0 0 0 0 0 0 0 0 0 0 0 0 0 0 0 0 0 0 0 0 0 0 0 0 0 0 0 0 0 0 0 0 0 0 0 0 0 0 0 0 0 0 0 0 0 0 0 0 0 0 0 0 0 0 0 0 0 0 0 0 0 0 0 0 0 0 0 0 0 0 0 0 0 0 0 0 0 0 0 0 0 0 0 0 0 0 0 0 0 0 0 0 0 0 0 0 0 0 0 0 0 0 0 0 0 0 0 0 0 0 0 0 0 0 0 0 0 0 0 0 0 0 0 0 0 0 0 0 0 0 0 0 0 0 0 0 0 0 0 0 0 0 0 0 0 0 0 0 0 0 0 0 0 0 0 0 0 0 0 0 0 0 0 0 0 
0 0 0 0 0 0 0 0 0 0 0 0 0 0 0 0 0 0 0 0 0 0 0 0 0 200 200 200 200 200 200 200 200 200 200 200 200 200 200 200 200 200 200 200 200 200 200 200 201 201 201 201 201 201 201 201 201 201 201 201 201 201 201 201 201 201 201 201 201 201 201 202 202 202 202 202 202 202 202 202 202 202 202 202 202 202 202 202 202 202 203 203 203 203 203 203 203 203 203 203 203 203 203 203 203 203 203 204 204 204 204 204 204 204 204 204 204 204 204 204 204 204 204 204 204 204 204 204 204 204 204 204 204 204 204 204 204 204 204 204 204 204 204 204 204 204 204 204 204 204 204 204 204 204 204 204 204 204 204 204 204 204 204 204 204 204 204 204 204 204 204 204 204 204 204 204 204 204 204 204 204 204 204 204 204 204 204 204 204 204 204 204 204 204 204 204 204 204 204 204 204 204 204 204 204 204 204 204 204 204 204 204 204 204 204 204 204 204 204 204 204 204 204 204 204 204 204 204 204 204 204 204 204 204 204 203 203 203 203 203 203 203 205 205 205 205 205 205 205 205 205 205 205 0 0 0 0 0 0 0 0 0 0 0 0 0 0 0 0 0 0 0 0 0 0 0 0 0 0 0 0 0 0 0 0 0 0 0 0 0 0 0 0 0 0 0 0 0 0 0 0 0 0 0 0 0 0 0 0 0 0 0 0 0 0 0 0 0 0 0 0 0 0 0 0 0 0 0 0 0 0 0 0 0 0 0 0 0 0 0 0 0 0 0 0 0 0 0 0 0 0 0 0 0 0 0 0 0 0 0 0 0 0 0 0 0 0 0 0 0 0 0 0 0 0 0 0 0 0 0 0 0 0 0 0 0 0 0 0 0 0 0 0 0 0 0 0 0 0 0 0 0 0 0 0 0 0 0 0 0 0 0 0 0 0 0 0 0 0 0 0 0 0 0 0 0 0 0 0 0 0 0 0 0 0 0 0 0 0 0 0 0 0 0 0 0 0 0 0 0 0 0 0 0 0 0 0 0 0 0 0 0 0 0 0 0 0 0 0 0 0 0 0 0 0 0 0 0 0 0 0 0 0 0 0 0 0 0 0 0 0 0 0 0 0 0 0 0 0 0 0 0 0 
0 0 0 0 0 0 0 0 0 0 0 0 0 0 0 0 0 0 0 199 199 199 199 199 199 200 200 200 200 200 200 200 200 200 200 200 200 200 200 200 200 200 200 200 200 200 200 200 200 201 201 201 201 201 201 201 201 201 201 201 201 201 201 201 201 201 201 201 201 201 201 202 202 202 202 202 202 202 202 202 202 202 202 202 202 202 202 202 202 203 203 203 203 203 203 203 203 203 203 203 203 203 203 203 203 203 204 204 204 204 204 204 204 204 204 204 204 204 204 204 204 204 204 204 204 204 204 205 205 205 205 205 205 205 205 205 204 204 204 204 204 204 205 205 205 205 205 205 205 205 205 205 204 204 204 204 204 204 204 204 204 204 204 204 204 204 204 204 204 204 204 204 204 204 204 204 204 204 204 204 204 204 204 204 204 204 204 204 204 204 204 204 204 204 204 204 204 204 204 204 204 204 204 204 204 204 204 204 204 204 204 204 204 204 204 204 204 204 204 204 204 204 204 204 204 204 204 204 204 204 204 204 204 204 204 204 204 204 204 204 204 204 205 205 205 205 205 205 205 205 205 205 205 205 0 0 0 0 0 0 0 0 0 0 0 0 0 0 0 0 0 0 0 0 0 0 0 0 0 0 0 0 0 0 0 0 0 0 0 0 0 0 0 0 0 0 0 0 0 0 0 0 0 0 0 0 0 0 0 0 0 0 0 0 0 0 0 0 0 0 0 0 0 0 0 0 0 0 0 0 0 0 0 0 0 0 0 0 0 0 0 0 0 0 0 0 0 0 0 0 0 0 0 0 0 0 0 0 0 0 0 0 0 0 0 0 0 0 0 0 0 0 0 0 0 0 0 0 0 0 0 0 0 0 0 0 0 0 0 0 0 0 0 0 0 0 0 0 0 0 0 0 0 0 0 0 0 0 0 0 0 0 0 0 0 0 0 0 0 0 0 0 0 0 0 0 0 0 0 0 0 0 0 0 0 0 0 0 0 0 0 0 0 0 0 0 0 0 0 0 0 0 0 0 0 0 0 0 0 0 0 0 0 0 0 0 0 0 0 0 0 0 0 0 0 0 0 0 0 0 0 0 0 0 0 0 0 0 0 0 0 0 0 0 0 0 0 0 0 0 0 0 0 
0 0 0 0 0 0 0 0 0 0 0 0 0 0 0 0 0 0 199 199 199 199 199 199 199 199 199 200 200 200 200 200 200 200 200 200 200 200 200 200 200 200 200 200 200 200 200 200 200 200 201 201 201 201 201 201 201 201 201 201 201 201 201 201 201 201 201 201 201 201 201 202 202 202 202 202 202 202 202 202 202 202 202 202 202 202 202 202 203 203 203 203 203 203 203 203 203 203 203 203 203 203 203 203 203 204 204 204 204 204 204 204 204 204 204 204 204 204 204 204 204 204 205 205 205 205 205 205 205 205 205 205 205 205 205 205 205 205 205 205 205 205 205 205 205 205 205 205 205 205 205 205 205 205 205 205 205 205 205 205 205 204 204 204 204 204 204 204 204 204 204 204 204 204 204 204 204 204 204 204 204 204 204 204 204 204 204 204 204 204 204 204 204 204 204 204 204 204 204 204 204 204 204 204 204 204 204 204 204 204 204 204 204 204 204 204 204 204 204 204 204 204 204 204 204 204 204 204 204 204 204 204 204 204 204 204 204 204 204 204 204 204 205 205 205 205 205 205 205 205 205 205 205 205 0 0 0 0 0 0 0 0 0 0 0 0 0 0 0 0 0 0 0 0 0 0 0 0 0 0 0 0 0 0 0 0 0 0 0 0 0 0 0 0 0 0 0 0 0 0 0 0 0 0 0 0 0 0 0 0 0 0 0 0 0 0 0 0 0 0 0 0 0 0 0 0 0 0 0 0 0 0 0 0 0 0 0 0 0 0 0 0 0 0 0 0 0 0 0 0 0 0 0 0 0 0 0 0 0 0 0 0 0 0 0 0 0 0 0 0 0 0 0 0 0 0 0 0 0 0 0 0 0 0 0 0 0 0 0 0 0 0 0 0 0 0 0 0 0 0 0 0 0 0 0 0 0 0 0 0 0 0 0 0 0 0 0 0 0 0 0 0 0 0 0 0 0 0 0 0 0 0 0 0 0 0 0 0 0 0 0 0 0 0 0 0 0 0 0 0 0 0 0 0 0 0 0 0 0 0 0 0 0 0 0 0 0 0 0 0 0 0 0 0 0 0 0 0 0 0 0 0 0 0 0 0 0 0 0 0 0 0 0 0 0 0 0 0 0 0 0 0 0 
0 0 0 0 0 0 0 0 0 0 0 0 0 0 0 0 0 0 199 199 199 199 199 199 199 199 199 199 200 200 200 200 200 200 200 200 200 200 200 200 200 200 200 200 200 200 200 200 200 200 200 200 201 201 201 201 201 201 201 201 201 201 201 201 201 201 201 201 201 201 201 202 202 202 202 202 202 202 202 202 202 202 202 202 202 202 202 202 203 203 203 203 203 203 203 203 203 203 203 203 203 203 203 203 204 204 204 204 204 204 204 204 204 204 204 204 204 204 204 205 205 205 205 205 205 205 205 205 205 205 205 205 205 205 205 205 205 205 205 205 205 205 205 205 205 205 205 205 205 205 205 205 205 205 205 205 205 205 205 205 205 205 205 205 205 205 205 205 205 204 205 205 204 205 205 205 204 204 204 204 204 204 204 204 204 204 204 204 204 204 204 204 204 204 204 204 204 204 204 204 204 204 204 204 204 204 204 204 204 204 204 204 204 204 204 204 204 204 204 204 204 204 204 204 204 204 204 204 204 204 204 204 204 204 204 204 204 204 204 204 204 204 205 205 205 205 205 205 205 205 205 205 205 205 205 205 0 0 0 0 0 0 0 0 0 0 0 0 0 0 0 0 0 0 0 0 0 0 0 0 0 0 0 0 0 0 0 0 0 0 0 0 0 0 0 0 0 0 0 0 0 0 0 0 0 0 0 0 0 0 0 0 0 0 0 0 0 0 0 0 0 0 0 0 0 0 0 0 0 0 0 0 0 0 0 0 0 0 0 0 0 0 0 0 0 0 0 0 0 0 0 0 0 0 0 0 0 0 0 0 0 0 0 0 0 0 0 0 0 0 0 0 0 0 0 0 0 0 0 0 0 0 0 0 0 0 0 0 0 0 0 0 0 0 0 0 0 0 0 0 0 0 0 0 0 0 0 0 0 0 0 0 0 0 0 0 0 0 0 0 0 0 0 0 0 0 0 0 0 0 0 0 0 0 0 0 0 0 0 0 0 0 0 0 0 0 0 0 0 0 0 0 0 0 0 0 0 0 0 0 0 0 0 0 0 0 0 0 0 0 0 0 0 0 0 0 0 0 0 0 0 0 0 0 0 0 0 0 0 0 0 0 0 0 0 0 0 0 0 0 0 0 0 
0 0 0 0 0 0 0 0 0 0 0 0 0 0 0 0 0 0 0 199 199 199 199 199 199 199 199 199 199 199 200 200 200 200 200 200 200 200 200 200 200 200 200 200 200 200 200 200 200 200 200 200 201 201 201 201 201 201 201 201 201 201 201 201 201 201 201 201 201 201 201 202 202 202 202 202 202 202 202 202 202 202 202 202 202 202 202 202 203 203 203 203 203 203 203 203 203 203 203 203 203 203 203 204 204 204 204 204 204 204 204 204 204 204 204 204 204 205 205 205 205 205 205 205 205 205 205 205 205 205 205 205 205 205 205 205 205 205 205 205 205 205 205 205 205 205 205 205 205 205 205 205 205 205 205 205 205 205 205 205 205 205 205 205 205 205 205 205 205 205 205 205 205 205 205 205 205 205 205 205 205 205 205 205 205 205 205 205 205 204 204 204 205 205 205 205 205 205 205 205 205 205 205 205 205 204 204 204 204 204 204 204 204 204 204 204 204 204 204 204 204 204 204 204 204 204 204 204 204 204 204 204 204 204 204 204 204 204 204 204 204 204 205 205 205 205 205 205 205 205 205 205 205 205 205 205 205 0 0 0 0 0 0 0 0 0 0 0 0 0 0 0 0 0 0 0 0 0 0 0 0 0 0 0 0 0 0 0 0 0 0 0 0 0 0 0 0 0 0 0 0 0 0 0 0 0 0 0 0 0 0 0 0 0 0 0 0 0 0 0 0 0 0 0 0 0 0 0 0 0 0 0 0 0 0 0 0 0 0 0 0 0 0 0 0 0 0 0 0 0 0 0 0 0 0 0 0 0 0 0 0 0 0 0 0 0 0 0 0 0 0 0 0 0 0 0 0 0 0 0 0 0 0 0 0 0 0 0 0 0 0 0 0 0 0 0 0 0 0 0 0 0 0 0 0 0 0 0 0 0 0 0 0 0 0 0 0 0 0 0 0 0 0 0 0 0 0 0 0 0 0 0 0 0 0 0 0 0 0 0 0 0 0 0 0 0 0 0 0 0 0 0 0 0 0 0 0 0 0 0 0 0 0 0 0 0 0 0 0 0 0 0 0 0 0 0 0 0 0 0 0 0 0 0 0 0 0 0 0 0 0 0 0 0 0 0 0 0 0 0 0 0 0 
0 0 0 0 0 0 0 0 0 0 0 0 0 0 0 0 0 0 0 0 0 199 199 199 199 199 199 199 199 199 199 199 199 200 200 200 200 200 200 200 200 200 200 200 200 200 200 200 200 200 200 200 200 201 201 201 201 201 201 201 201 201 201 201 201 201 201 201 201 201 201 202 202 202 202 202 202 202 202 202 202 202 202 202 202 202 202 203 203 203 203 203 203 203 203 203 203 203 203 203 203 203 204 204 204 204 204 204 204 204 204 204 204 204 204 204 205 205 205 205 205 205 205 205 205 205 205 205 205 205 205 205 205 205 205 205 205 205 205 205 205 205 205 205 205 205 205 205 205 205 205 205 205 205 205 205 205 205 205 205 205 205 205 205 205 205 205 205 205 205 205 205 205 205 205 205 205 205 205 205 205 205 205 205 205 205 205 205 205 205 205 205 205 205 205 205 205 205 205 205 205 205 205 205 205 205 205 205 205 205 205 205 205 205 205 205 205 205 205 204 204 204 204 204 204 204 204 204 204 204 204 204 204 204 204 204 204 204 204 204 204 204 205 205 205 205 205 205 205 205 205 205 205 205 205 205 205 205 205 0 0 0 0 0 0 0 0 0 0 0 0 0 0 0 0 0 0 0 0 0 0 0 0 0 0 0 0 0 0 0 0 0 0 0 0 0 0 0 0 0 0 0 0 0 0 0 0 0 0 0 0 0 0 0 0 0 0 0 0 0 0 0 0 0 0 0 0 0 0 0 0 0 0 0 0 0 0 0 0 0 0 0 0 0 0 0 0 0 0 0 0 0 0 0 0 0 0 0 0 0 0 0 0 0 0 0 0 0 0 0 0 0 0 0 0 0 0 0 0 0 0 0 0 0 0 0 0 0 0 0 0 0 0 0 0 0 0 0 0 0 0 0 0 0 0 0 0 0 0 0 0 0 0 0 0 0 0 0 0 0 0 0 0 0 0 0 0 0 0 0 0 0 0 0 0 0 0 0 0 0 0 0 0 0 0 0 0 0 0 0 0 0 0 0 0 0 0 0 0 0 0 0 0 0 0 0 0 0 0 0 0 0 0 0 0 0 0 0 0 0 0 0 0 0 0 0 0 0 0 0 0 0 0 0 0 0 0 0 0 0 0 0 0 
0 0 0 0 0 0 0 0 0 0 0 0 0 0 0 0 0 0 0 0 0 0 0 199 199 199 199 199 199 199 199 199 199 199 199 199 200 200 200 200 200 200 200 200 200 200 200 200 200 200 200 200 200 201 201 201 201 201 201 201 201 201 201 201 201 201 201 201 201 201 201 202 202 202 202 202 202 202 202 202 202 202 202 202 202 202 202 203 203 203 203 203 203 203 203 203 203 203 203 203 203 203 204 204 204 204 204 204 204 204 204 204 204 204 204 205 205 205 205 205 205 205 205 205 205 205 205 205 205 205 205 205 205 205 205 205 205 205 205 205 205 205 205 205 205 205 205 205 205 205 205 205 205 205 205 205 205 205 205 205 205 205 205 205 205 205 205 205 205 205 205 205 205 205 205 205 205 205 205 205 205 205 205 205 205 205 205 205 205 205 205 205 205 205 205 205 205 205 205 205 205 205 205 205 205 205 205 205 205 205 205 205 205 205 205 205 205 205 205 205 205 205 205 205 205 205 205 204 204 205 205 205 204 204 204 204 204 204 204 204 204 204 206 206 206 206 206 206 206 206 206 206 206 206 206 205 205 205 205 205 0 0 0 0 0 0 0 0 0 0 0 0 0 0 0 0 0 0 0 0 0 0 0 0 0 0 0 0 0 0 0 0 0 0 0 0 0 0 0 0 0 0 0 0 0 0 0 0 0 0 0 0 0 0 0 0 0 0 0 0 0 0 0 0 0 0 0 0 0 0 0 0 0 0 0 0 0 0 0 0 0 0 0 0 0 0 0 0 0 0 0 0 0 0 0 0 0 0 0 0 0 0 0 0 0 0 0 0 0 0 0 0 0 0 0 0 0 0 0 0 0 0 0 0 0 0 0 0 0 0 0 0 0 0 0 0 0 0 0 0 0 0 0 0 0 0 0 0 0 0 0 0 0 0 0 0 0 0 0 0 0 0 0 0 0 0 0 0 0 0 0 0 0 0 0 0 0 0 0 0 0 0 0 0 0 0 0 0 0 0 0 0 0 0 0 0 0 0 0 0 0 0 0 0 0 0 0 0 0 0 0 0 0 0 0 0 0 0 0 0 0 0 0 0 0 0 0 0 0 0 0 0 0 0 0 0 0 0 0 0 0 0 0 
0 0 0 0 0 0 0 0 0 0 0 0 0 0 0 0 0 0 0 0 0 0 0 0 199 199 199 199 199 199 199 199 199 199 199 199 200 200 200 200 200 200 200 200 200 200 200 200 200 200 200 200 200 200 200 201 201 201 201 201 201 201 201 201 201 201 201 201 201 201 201 201 202 202 202 202 202 202 202 202 202 202 202 202 202 202 202 203 203 203 203 203 203 203 203 203 203 203 203 203 203 204 204 204 204 204 204 204 204 204 204 204 204 204 205 205 205 205 205 205 205 205 205 205 205 205 205 205 205 205 205 205 205 205 205 205 205 205 205 205 205 205 205 205 205 205 205 205 205 205 205 205 205 205 205 205 205 205 205 205 205 205 205 205 205 205 205 205 205 205 205 205 205 205 205 205 205 205 205 205 205 205 205 205 205 205 205 205 205 205 205 205 205 205 205 205 205 205 205 205 205 205 205 205 205 205 205 205 205 205 205 205 205 205 205 205 205 205 205 205 205 205 205 205 205 205 205 205 205 205 205 205 205 205 205 205 205 205 205 205 205 205 206 206 206 206 206 206 206 206 206 206 206 206 206 206 206 206 206 206 206 0 0 0 0 0 0 0 0 0 0 0 0 0 0 0 0 0 0 0 0 0 0 0 0 0 0 0 0 0 0 0 0 0 0 0 0 0 0 0 0 0 0 0 0 0 0 0 0 0 0 0 0 0 0 0 0 0 0 0 0 0 0 0 0 0 0 0 0 0 0 0 0 0 0 0 0 0 0 0 0 0 0 0 0 0 0 0 0 0 0 0 0 0 0 0 0 0 0 0 0 0 0 0 0 0 0 0 0 0 0 0 0 0 0 0 0 0 0 0 0 0 0 0 0 0 0 0 0 0 0 0 0 0 0 0 0 0 0 0 0 0 0 0 0 0 0 0 0 0 0 0 0 0 0 0 0 0 0 0 0 0 0 0 0 0 0 0 0 0 0 0 0 0 0 0 0 0 0 0 0 0 0 0 0 0 0 0 0 0 0 0 0 0 0 0 0 0 0 0 0 0 0 0 0 0 0 0 0 0 0 0 0 0 0 0 0 0 0 0 0 0 0 0 0 0 0 0 0 0 0 0 0 0 0 0 0 0 0 0 0 0 0 
0 0 0 0 0 0 0 0 0 0 0 0 0 0 0 0 0 0 0 0 0 0 0 0 0 0 0 0 0 0 0 0 0 199 199 199 199 200 200 200 200 200 200 200 200 200 200 200 200 200 200 200 200 200 200 201 201 201 201 201 201 201 201 201 201 201 201 201 201 201 201 201 202 202 202 202 202 202 202 202 202 202 202 202 202 202 202 203 203 203 203 203 203 203 203 203 203 203 203 203 203 204 204 204 204 204 204 204 204 204 204 204 204 205 205 205 205 205 205 205 205 205 205 205 205 205 205 205 205 205 205 205 205 205 205 205 205 205 205 205 205 205 205 205 205 205 205 205 205 205 205 205 205 205 205 205 205 205 205 205 205 205 205 205 205 205 205 205 205 205 205 205 205 205 205 205 205 205 205 205 205 205 205 205 205 205 205 205 205 205 205 205 205 205 205 205 205 205 205 205 205 205 205 205 205 205 205 205 205 205 205 205 205 205 205 205 205 205 205 205 205 205 205 205 205 205 205 205 205 205 205 205 205 205 205 205 205 205 205 205 205 205 206 206 206 206 206 206 206 206 206 206 206 206 206 206 206 206 206 206 206 206 206 0 0 0 0 0 0 0 0 0 0 0 0 0 0 0 0 0 0 0 0 0 0 0 0 0 0 0 0 0 0 0 0 0 0 0 0 0 0 0 0 0 0 0 0 0 0 0 0 0 0 0 0 0 0 0 0 0 0 0 0 0 0 0 0 0 0 0 0 0 0 0 0 0 0 0 0 0 0 0 0 0 0 0 0 0 0 0 0 0 0 0 0 0 0 0 0 0 0 0 0 0 0 0 0 0 0 0 0 0 0 0 0 0 0 0 0 0 0 0 0 0 0 0 0 0 0 0 0 0 0 0 0 0 0 0 0 0 0 0 0 0 0 0 0 0 0 0 0 0 0 0 0 0 0 0 0 0 0 0 0 0 0 0 0 0 0 0 0 0 0 0 0 0 0 0 0 0 0 0 0 0 0 0 0 0 0 0 0 0 0 0 0 0 0 0 0 0 0 0 0 0 0 0 0 0 0 0 0 0 0 0 0 0 0 0 0 0 0 0 0 0 0 0 0 0 0 0 0 0 0 0 0 0 0 0 0 0 0 0 0 
0 0 0 0 0 0 0 0 0 0 0 0 0 0 0 0 0 0 0 0 0 0 0 0 0 0 0 0 0 0 0 0 0 0 199 199 199 199 200 200 200 200 200 200 200 200 200 200 200 200 200 200 200 200 200 200 201 201 201 201 201 201 201 201 201 201 201 201 201 201 201 201 202 202 202 202 202 202 202 202 202 202 202 202 202 202 202 203 203 203 203 203 203 203 203 203 203 203 203 203 203 204 204 204 204 204 204 204 204 204 204 204 204 205 205 205 205 205 205 205 205 205 205 205 205 205 205 205 205 205 205 205 205 205 205 205 205 205 205 205 205 205 205 205 205 205 205 205 205 205 205 205 205 205 205 205 205 205 205 205 205 205 205 205 205 205 205 205 205 205 205 205 205 205 205 205 205 205 205 205 205 205 205 205 205 205 205 205 205 205 205 205 205 205 205 205 205 205 205 205 205 205 205 205 205 205 205 205 205 205 205 205 205 205 205 205 205 205 205 205 205 205 205 205 205 205 205 205 205 205 205 205 205 205 205 205 205 205 205 205 205 205 206 206 206 206 206 206 206 206 206 206 206 206 206 206 206 206 206 206 206 206 206 206 0 0 0 0 206 206 0 0 0 0 0 0 0 0 0 0 0 0 0 0 0 0 0 0 0 0 0 0 0 0 0 0 0 0 0 0 0 0 0 0 0 0 0 0 0 0 0 0 0 0 0 0 0 0 0 0 0 0 0 0 0 0 0 0 0 0 0 0 0 0 0 0 0 0 0 0 0 0 0 0 0 0 0 0 0 0 0 0 0 0 0 0 0 0 0 0 0 0 0 0 0 0 0 0 0 0 0 0 0 0 0 0 0 0 0 0 0 0 0 0 0 0 0 0 0 0 0 0 0 0 0 0 0 0 0 0 0 0 0 0 0 0 0 0 0 0 0 0 0 0 0 0 0 0 0 0 0 0 0 0 0 0 0 0 0 0 0 0 0 0 0 0 0 0 0 0 0 0 0 0 0 0 0 0 0 0 0 0 0 0 0 0 0 0 0 0 0 0 0 0 0 0 0 0 0 0 0 0 0 0 0 0 0 0 0 0 0 0 0 0 0 0 0 0 0 0 0 0 0 0 0 0 0 0 0 0 0 0 0 
0 0 0 0 0 0 0 0 0 0 0 0 0 0 0 0 0 0 0 0 0 0 0 0 0 0 0 0 0 0 0 0 0 0 199 199 199 199 199 199 200 200 200 200 200 200 200 200 200 200 200 200 200 200 200 200 201 201 201 201 201 201 201 201 201 201 201 201 201 201 201 201 201 202 202 202 202 202 202 202 202 202 202 202 202 202 202 203 203 203 203 203 203 203 203 203 203 203 203 203 204 204 204 204 204 204 204 204 204 204 204 204 204 205 205 205 205 205 205 205 205 205 205 205 205 205 205 205 205 205 205 205 205 205 205 205 205 205 205 205 205 205 206 206 206 205 205 205 205 205 205 205 205 205 205 205 205 205 205 205 205 205 205 205 205 205 205 205 205 205 205 205 205 205 205 205 205 205 205 205 205 205 205 205 205 205 205 205 205 205 205 205 205 205 205 205 205 205 205 205 205 205 205 205 205 205 205 205 205 205 205 205 205 205 205 205 205 205 205 205 205 205 205 205 205 205 205 205 205 205 205 205 205 205 205 205 205 205 205 205 205 205 206 206 206 206 206 206 206 206 206 206 206 206 206 206 206 206 206 206 206 206 206 206 206 206 206 206 206 0 0 0 0 0 0 0 0 0 0 0 0 206 206 206 0 0 0 0 0 0 0 0 0 0 0 0 0 0 0 0 0 0 0 0 0 0 0 0 0 0 0 0 0 0 0 0 0 0 0 0 0 0 0 0 0 0 0 0 0 0 0 0 0 0 0 0 0 0 0 0 0 0 0 0 0 0 0 0 0 0 0 0 0 0 0 0 0 0 0 0 0 0 0 0 0 0 0 0 0 0 0 0 0 0 0 0 0 0 0 0 0 0 0 0 0 0 0 0 0 0 0 0 0 0 0 0 0 0 0 0 0 0 0 0 0 0 0 0 0 0 0 0 0 0 0 0 0 0 0 0 0 0 0 0 0 0 0 0 0 0 0 0 0 0 0 0 0 0 0 0 0 0 0 0 0 0 0 0 0 0 0 0 0 0 0 0 0 0 0 0 0 0 0 0 0 0 0 0 0 0 0 0 0 0 0 0 0 0 0 0 0 0 0 0 0 0 0 0 0 0 0 0 0 0 0 0 0 0 0 0 0 0 0 
0 0 0 0 0 0 0 0 0 0 0 0 0 0 0 0 0 0 0 0 0 0 0 0 0 0 0 0 0 0 0 0 0 0 199 199 199 199 199 199 199 200 200 200 200 200 200 200 200 200 200 200 200 200 200 200 200 201 201 201 201 201 201 201 201 201 201 201 201 201 201 201 201 202 202 202 202 202 202 202 202 202 202 202 202 202 202 203 203 203 203 203 203 203 203 203 203 203 203 203 204 204 204 204 204 204 204 204 204 204 204 204 205 205 205 205 205 205 205 205 205 205 205 205 205 205 205 205 205 205 205 205 205 205 205 205 205 205 205 205 205 205 206 206 206 206 206 206 206 206 206 206 206 206 206 206 206 206 205 205 205 205 205 205 205 205 205 205 205 205 205 205 206 205 205 205 205 206 206 206 206 205 205 205 205 205 205 205 205 205 205 205 205 205 205 206 206 206 206 206 206 206 206 206 206 206 206 206 206 205 205 205 205 205 205 205 205 205 205 205 205 205 205 205 205 205 205 205 205 205 205 205 205 205 205 205 205 205 205 205 205 205 206 206 206 206 206 206 206 206 206 206 206 206 206 206 206 206 206 206 206 206 206 206 206 206 206 206 206 206 206 206 0 0 0 0 0 0 0 0 206 206 206 206 0 0 0 0 0 0 0 0 0 0 0 0 0 0 0 0 0 0 0 0 0 0 0 0 0 0 0 0 0 0 0 0 0 0 0 0 0 0 0 0 0 0 0 0 0 0 0 0 0 0 0 0 0 0 0 0 0 0 0 0 0 0 0 0 0 0 0 0 0 0 0 0 0 0 0 0 0 0 0 0 0 0 0 0 0 0 0 0 0 0 0 0 0 0 0 0 0 0 0 0 0 0 0 0 0 0 0 0 0 0 0 0 0 0 0 0 0 0 0 0 0 0 0 0 0 0 0 0 0 0 0 0 0 0 0 0 0 0 0 0 0 0 0 0 0 0 0 0 0 0 0 0 0 0 0 0 0 0 0 0 0 0 0 0 0 0 0 0 0 0 0 0 0 0 0 0 0 0 0 0 0 0 0 0 0 0 0 0 0 0 0 0 0 0 0 0 0 0 0 0 0 0 0 0 0 0 0 0 0 0 0 0 0 0 0 0 0 0 0 
0 0 0 0 0 0 0 0 0 0 0 0 0 0 0 0 0 0 0 0 0 0 0 0 0 0 0 0 0 0 0 0 0 0 199 199 199 199 199 199 199 199 200 200 200 200 200 200 200 200 200 200 200 200 200 200 200 200 201 201 201 201 201 201 201 201 201 201 201 201 201 201 201 202 202 202 202 202 202 202 202 202 202 202 202 202 202 203 203 203 203 203 203 203 203 203 203 203 203 203 204 204 204 204 204 204 204 204 204 204 204 204 205 205 205 205 205 205 205 205 205 205 205 205 205 205 205 205 205 205 205 205 205 205 205 205 205 205 205 205 205 205 206 206 206 206 206 206 206 206 206 206 206 206 206 206 206 206 205 205 205 205 205 205 205 205 205 205 205 205 205 206 206 206 206 206 206 206 206 206 206 206 206 206 206 206 206 206 206 206 206 206 206 206 206 206 206 206 206 206 206 206 206 206 206 206 206 206 206 206 206 206 206 206 206 206 206 205 205 205 205 205 205 205 205 205 205 205 205 205 205 205 205 205 205 205 205 205 205 205 205 205 207 207 207 207 207 207 207 207 206 206 206 206 206 206 206 206 206 206 206 206 206 206 206 206 206 206 206 206 206 206 206 0 0 0 0 206 206 206 206 206 206 206 0 0 0 0 0 0 0 0 0 0 0 0 0 0 0 0 0 0 0 0 0 0 0 0 0 0 0 0 0 0 0 0 0 0 0 0 0 0 0 0 0 0 0 0 0 0 0 0 0 0 0 0 0 0 0 0 0 0 0 0 0 0 0 0 0 0 0 0 0 0 0 0 0 0 0 0 0 0 0 0 0 0 0 0 0 0 0 0 0 0 0 0 0 0 0 0 0 0 0 0 0 0 0 0 0 0 0 0 0 0 0 0 0 0 0 0 0 0 0 0 0 0 0 0 0 0 0 0 0 0 0 0 0 0 0 0 0 0 0 0 0 0 0 0 0 0 0 0 0 0 0 0 0 0 0 0 0 0 0 0 0 0 0 0 0 0 0 0 0 0 0 0 0 0 0 0 0 0 0 0 0 0 0 0 0 0 0 0 0 0 0 0 0 0 0 0 0 0 0 0 0 0 0 0 0 0 0 0 0 0 0 0 0 0 0 0 0 0 0 
0 0 0 0 0 0 0 0 0 0 0 0 0 0 0 0 0 0 0 0 0 0 0 0 0 0 0 0 0 0 0 0 0 0 0 199 199 199 199 199 199 199 199 199 200 200 200 200 200 200 200 200 200 200 200 200 200 200 200 201 201 201 201 201 201 201 201 201 201 201 201 201 201 201 202 202 202 202 202 202 202 202 202 202 202 202 202 203 203 203 203 203 203 203 203 203 203 203 203 203 204 204 204 204 204 204 204 204 204 204 204 204 205 205 205 205 205 205 205 205 205 205 205 205 205 205 205 205 205 205 205 205 205 205 205 205 205 205 205 206 206 206 206 206 206 206 206 206 206 206 206 206 206 206 206 206 206 206 205 205 205 205 205 205 205 205 205 205 205 205 205 206 206 206 206 206 206 206 206 206 206 206 206 206 206 206 206 206 206 206 206 206 206 206 206 206 206 206 206 206 206 206 206 206 206 206 206 206 206 206 206 206 206 206 206 206 206 206 206 206 206 206 206 206 206 206 206 206 206 206 206 206 206 206 206 206 206 206 206 206 206 205 207 207 207 207 207 207 207 207 207 207 207 207 207 207 207 207 207 207 207 207 207 207 207 207 207 207 207 207 207 207 207 207 207 207 207 207 207 207 207 207 207 207 207 0 0 0 0 0 0 0 0 0 0 0 0 0 0 0 0 0 0 0 0 0 0 0 0 0 0 0 0 0 0 0 0 0 0 0 0 0 0 0 0 0 0 0 0 0 0 0 0 0 0 0 0 0 0 0 0 0 0 0 0 0 0 0 0 0 0 0 0 0 0 0 0 0 0 0 0 0 0 0 0 0 0 0 0 0 0 0 0 0 0 0 0 0 0 0 0 0 0 0 0 0 0 0 0 0 0 0 0 0 0 0 0 0 0 0 0 0 0 0 0 0 0 0 0 0 0 0 0 0 0 0 0 0 0 0 0 0 0 0 0 0 0 0 0 0 0 0 0 0 0 0 0 0 0 0 0 0 0 0 0 0 0 0 0 0 0 0 0 0 0 0 0 0 0 0 0 0 0 0 0 0 0 0 0 0 0 0 0 0 0 0 0 0 0 0 0 0 0 0 0 0 0 0 0 0 0 0 0 0 0 0 0 0 0 0 0 0 0 
0 0 0 0 0 0 0 0 0 0 0 0 0 0 0 0 0 0 0 0 0 0 0 0 0 0 0 0 0 0 0 0 0 0 0 0 0 199 199 199 199 199 199 199 199 200 200 200 200 200 200 200 200 200 200 200 200 200 200 200 201 201 201 201 201 201 201 201 201 201 201 201 201 201 202 202 202 202 202 202 202 202 202 202 202 202 202 203 203 203 203 203 203 203 203 203 203 203 203 203 204 204 204 204 204 204 204 204 204 204 204 204 205 205 205 205 205 205 205 205 205 205 205 205 205 205 205 205 205 205 205 205 205 205 205 205 205 205 206 206 206 206 206 206 206 206 206 206 206 206 206 206 206 206 206 206 206 206 206 206 206 206 206 206 206 206 206 206 206 206 206 205 206 206 206 206 206 206 206 206 206 206 206 206 206 206 206 206 206 206 206 206 206 206 206 206 206 206 206 206 206 206 206 206 206 206 206 206 206 206 206 206 206 206 206 206 206 206 206 206 206 206 206 206 206 206 206 206 206 206 206 206 206 206 206 206 206 206 206 206 206 206 207 207 207 207 207 207 207 207 207 207 207 207 207 207 207 207 207 207 207 207 207 207 207 207 207 207 207 207 207 207 207 207 207 207 207 207 207 207 207 207 207 207 207 0 0 0 0 0 0 0 0 0 0 0 0 0 0 0 0 0 0 0 0 0 0 0 0 0 0 0 0 0 0 0 0 0 0 0 0 0 0 0 0 0 0 0 0 0 0 0 0 0 0 0 0 0 0 0 0 0 0 0 0 0 0 0 0 0 0 0 0 0 0 0 0 0 0 0 0 0 0 0 0 0 0 0 0 0 0 0 0 0 0 0 0 0 0 0 0 0 0 0 0 0 0 0 0 0 0 0 0 0 0 0 0 0 0 0 0 0 0 0 0 0 0 0 0 0 0 0 0 0 0 0 0 0 0 0 0 0 0 0 0 0 0 0 0 0 0 0 0 0 0 0 0 0 0 0 0 0 0 0 0 0 0 0 0 0 0 0 0 0 0 0 0 0 0 0 0 0 0 0 0 0 0 0 0 0 0 0 0 0 0 0 0 0 0 0 0 0 0 0 0 0 0 0 0 0 0 0 0 0 0 0 0 0 0 0 0 0 0 
0 0 0 0 0 0 0 0 0 0 0 0 0 0 0 0 0 0 0 0 0 0 0 0 0 0 0 0 0 0 0 0 0 0 0 0 0 0 0 0 199 199 199 199 199 199 199 200 200 200 200 200 200 200 200 200 200 200 200 200 200 200 201 201 201 201 201 201 201 201 201 201 201 201 201 202 202 202 202 202 202 202 202 202 202 202 202 202 202 203 203 203 203 203 203 203 203 203 203 203 204 204 204 204 204 204 204 204 204 204 204 204 205 205 205 205 205 205 205 205 205 205 205 205 205 205 205 205 205 205 205 205 206 206 206 205 205 206 206 206 206 206 206 206 206 206 206 206 206 206 206 206 206 206 206 206 206 206 206 206 206 206 206 206 206 206 206 206 206 206 206 206 206 206 206 206 206 206 206 206 206 206 206 206 206 206 206 206 206 206 206 206 206 206 206 206 206 206 206 206 206 206 206 206 206 206 206 206 206 206 206 206 206 206 206 206 206 206 206 206 206 206 206 206 206 206 206 206 206 206 206 206 206 206 206 206 206 206 206 206 206 206 207 207 207 207 207 207 207 207 207 207 207 207 207 207 207 207 207 207 207 207 207 207 207 207 207 207 207 207 207 207 207 207 207 207 207 207 207 207 207 207 207 207 207 207 0 0 0 0 0 0 0 0 0 0 0 0 0 0 0 0 0 0 0 0 0 0 0 0 0 0 0 0 0 0 0 0 0 0 0 0 0 0 0 0 0 0 0 0 0 0 0 0 0 0 0 0 0 0 0 0 0 0 0 0 0 0 0 0 0 0 0 0 0 0 0 0 0 0 0 0 0 0 0 0 0 0 0 0 0 0 0 0 0 0 0 0 0 0 0 0 0 0 0 0 0 0 0 0 0 0 0 0 0 0 0 0 0 0 0 0 0 0 0 0 0 0 0 0 0 0 0 0 0 0 0 0 0 0 0 0 0 0 0 0 0 0 0 0 0 0 0 0 0 0 0 0 0 0 0 0 0 0 0 0 0 0 0 0 0 0 0 0 0 0 0 0 0 0 0 0 0 0 0 0 0 0 0 0 0 0 0 0 0 0 0 0 0 0 0 0 0 0 0 0 0 0 0 0 0 0 0 0 0 0 0 0 0 0 0 0 0 
0 0 0 0 0 0 0 0 0 0 0 0 0 0 0 0 0 0 0 0 0 0 0 0 0 0 0 0 0 0 0 0 0 0 0 0 0 0 0 0 0 0 0 199 199 199 199 199 199 200 200 200 200 200 200 200 200 200 200 200 200 200 200 201 201 201 201 201 201 201 201 201 201 201 201 202 202 202 202 202 202 202 202 202 202 202 202 202 202 203 203 203 203 203 203 203 203 203 203 203 203 204 204 204 204 204 204 204 204 204 204 204 205 205 205 205 205 205 205 205 205 205 205 205 205 205 205 205 205 205 205 205 206 206 206 206 206 206 206 206 206 206 206 206 206 206 206 206 206 206 206 206 206 206 206 206 206 206 206 206 206 206 206 206 206 206 206 206 206 206 206 206 206 206 206 206 206 206 206 206 206 206 206 206 206 206 206 206 206 206 206 206 206 206 206 206 206 206 206 206 206 206 206 206 206 206 206 206 206 206 206 206 206 206 206 206 206 206 206 206 206 206 206 206 206 206 206 206 206 206 206 206 206 206 206 206 206 206 206 206 206 206 207 207 207 207 207 207 207 207 207 207 207 207 207 207 207 207 207 207 207 207 207 207 207 207 207 207 207 207 207 207 207 207 207 207 207 207 207 207 207 207 207 207 207 207 207 0 0 0 0 0 0 0 0 0 0 0 0 0 0 0 0 0 0 0 0 0 0 0 0 0 0 0 0 0 0 0 0 0 0 0 0 0 0 0 0 0 0 0 0 0 0 0 0 0 0 0 0 0 0 0 0 0 0 0 0 0 0 0 0 0 0 0 0 0 0 0 0 0 0 0 0 0 0 0 0 0 0 0 0 0 0 0 0 0 0 0 0 0 0 0 0 0 0 0 0 0 0 0 0 0 0 0 0 0 0 0 0 0 0 0 0 0 0 0 0 0 0 0 0 0 0 0 0 0 0 0 0 0 0 0 0 0 0 0 0 0 0 0 0 0 0 0 0 0 0 0 0 0 0 0 0 0 0 0 0 0 0 0 0 0 0 0 0 0 0 0 0 0 0 0 0 0 0 0 0 0 0 0 0 0 0 0 0 0 0 0 0 0 0 0 0 0 0 0 0 0 0 0 0 0 0 0 0 0 0 0 0 0 0 0 0 
0 0 0 0 0 0 0 0 0 0 0 0 0 0 0 0 0 0 0 0 0 0 0 0 0 0 0 0 0 0 0 0 0 0 0 0 0 0 0 0 0 0 0 0 0 0 199 199 199 199 200 200 200 200 200 200 200 200 200 200 200 200 200 200 201 201 201 201 201 201 201 201 201 201 201 201 202 202 202 202 202 202 202 202 202 202 202 202 202 203 203 203 203 203 203 203 203 203 203 203 203 204 204 204 204 204 204 204 204 204 204 204 204 205 205 205 205 205 205 205 205 205 205 205 205 205 205 205 205 205 205 205 206 206 206 206 206 206 206 206 206 206 206 206 206 206 206 206 206 206 206 206 206 206 206 206 206 206 206 206 206 206 206 206 206 206 206 206 206 206 206 206 206 206 206 206 206 206 206 206 206 206 206 206 206 206 206 206 206 206 206 206 206 206 206 206 206 206 206 206 206 206 206 206 206 206 206 206 206 206 206 206 206 206 206 206 206 206 206 206 206 206 206 206 206 206 206 206 206 206 206 206 206 206 206 206 206 206 206 206 206 206 207 207 207 207 207 207 207 207 207 207 207 207 207 207 207 207 207 207 207 207 207 207 207 207 207 207 207 207 207 207 207 207 207 207 207 207 207 207 207 207 207 207 207 207 207 0 0 0 0 0 0 0 0 0 0 0 0 0 0 0 0 0 0 0 0 0 0 0 0 0 0 0 0 0 0 0 0 0 0 0 0 0 0 0 0 0 0 0 0 0 0 0 0 0 0 0 0 0 0 0 0 0 0 0 0 0 0 0 0 0 0 0 0 0 0 0 0 0 0 0 0 0 0 0 0 0 0 0 0 0 0 0 0 0 0 0 0 0 0 0 0 0 0 0 0 0 0 0 0 0 0 0 0 0 0 0 0 0 0 0 0 0 0 0 0 0 0 0 0 0 0 0 0 0 0 0 0 0 0 0 0 0 0 0 0 0 0 0 0 0 0 0 0 0 0 0 0 0 0 0 0 0 0 0 0 0 0 0 0 0 0 0 0 0 0 0 0 0 0 0 0 0 0 0 0 0 0 0 0 0 0 0 0 0 0 0 0 0 0 0 0 0 0 0 0 0 0 0 0 0 0 0 0 0 0 0 0 0 0 0 0 
0 0 0 0 0 0 0 0 0 0 0 0 0 0 0 0 0 0 0 0 0 0 0 0 0 0 0 0 0 0 0 0 0 0 0 0 0 0 0 0 0 0 0 0 0 0 0 0 0 199 199 199 199 200 200 200 200 200 200 200 200 200 200 200 201 201 201 201 201 201 201 201 201 201 201 201 201 202 202 202 202 202 202 202 202 202 202 202 202 202 203 203 203 203 203 203 203 203 203 203 203 204 204 204 204 204 204 204 204 204 204 204 204 205 205 205 205 205 205 205 205 205 205 205 205 205 205 205 205 205 205 205 205 206 206 206 206 206 206 206 206 206 206 206 206 206 206 206 206 206 206 206 206 206 206 206 206 206 206 206 206 206 206 206 206 206 206 206 206 206 206 206 206 206 206 206 206 206 206 206 206 206 206 206 206 206 206 206 206 206 206 206 206 206 206 206 206 206 206 206 206 206 206 206 206 206 206 206 206 206 206 206 206 206 206 206 206 206 206 206 206 206 206 206 206 206 206 206 206 206 206 206 206 206 206 206 206 206 206 206 206 206 207 207 207 207 207 207 207 207 207 207 207 207 207 207 207 207 207 207 207 207 207 207 207 207 207 207 207 207 207 207 207 207 207 207 207 207 207 207 207 207 207 207 207 207 207 207 0 0 0 0 0 0 0 0 0 0 0 0 0 0 0 0 0 0 0 0 0 0 0 0 0 0 0 0 0 0 0 0 0 0 0 0 0 0 0 0 0 0 0 0 0 0 0 0 0 0 0 0 0 0 0 0 0 0 0 0 0 0 0 0 0 0 0 0 0 0 0 0 0 0 0 0 0 0 0 0 0 0 0 0 0 0 0 0 0 0 0 0 0 0 0 0 0 0 0 0 0 0 0 0 0 0 0 0 0 0 0 0 0 0 0 0 0 0 0 0 0 0 0 0 0 0 0 0 0 0 0 0 0 0 0 0 0 0 0 0 0 0 0 0 0 0 0 0 0 0 0 0 0 0 0 0 0 0 0 0 0 0 0 0 0 0 0 0 0 0 0 0 0 0 0 0 0 0 0 0 0 0 0 0 0 0 0 0 0 0 0 0 0 0 0 0 0 0 0 0 0 0 0 0 0 0 0 0 0 0 0 0 0 0 0 
0 0 0 0 0 0 0 0 0 0 0 0 0 0 0 0 0 0 0 0 0 0 0 0 0 0 0 0 0 0 0 0 0 0 0 0 0 0 0 0 0 0 0 0 0 0 0 0 0 0 0 0 199 199 199 200 200 200 200 200 200 200 200 200 200 200 201 201 201 201 201 201 201 201 201 201 201 201 201 201 202 202 202 202 202 202 202 202 202 202 203 203 203 203 203 203 203 203 203 203 203 203 204 204 204 204 204 204 204 204 204 204 204 204 205 205 205 205 205 205 205 205 205 205 205 205 205 205 205 205 205 205 205 206 206 206 206 206 206 206 206 206 206 206 206 206 206 206 206 206 206 206 206 206 206 206 206 206 206 206 206 206 206 206 206 206 206 206 206 206 206 206 206 206 206 206 206 206 206 206 206 206 206 206 206 206 206 206 206 206 206 206 206 206 206 206 206 206 206 206 207 207 207 207 207 207 206 206 206 206 206 206 206 206 206 206 206 206 206 207 207 206 206 206 206 206 206 206 206 206 206 206 206 206 206 206 206 206 206 206 206 206 208 208 208 208 208 208 208 208 208 208 208 208 208 208 208 208 208 207 207 207 207 207 207 207 207 207 207 207 207 207 207 207 207 207 207 207 207 207 207 207 207 207 207 207 207 207 207 207 207 0 0 0 0 0 0 0 0 0 0 0 0 0 0 0 0 0 0 0 0 0 0 0 0 0 0 0 0 0 0 0 0 0 0 0 0 0 0 0 0 0 0 0 0 0 0 0 0 0 0 0 0 0 0 0 0 0 0 0 0 0 0 0 0 0 0 0 0 0 0 0 0 0 0 0 0 0 0 0 0 0 0 0 0 0 0 0 0 0 0 0 0 0 0 0 0 0 0 0 0 0 0 0 0 0 0 0 0 0 0 0 0 0 0 0 0 0 0 0 0 0 0 0 0 0 0 0 0 0 0 0 0 0 0 0 0 0 0 0 0 0 0 0 0 0 0 0 0 0 0 0 0 0 0 0 0 0 0 0 0 0 0 0 0 0 0 0 0 0 0 0 0 0 0 0 0 0 0 0 0 0 0 0 0 0 0 0 0 0 0 0 0 0 0 0 0 0 0 0 0 0 0 0 0 0 0 0 0 0 0 0 0 
0 0 0 0 0 0 0 0 0 0 0 0 0 0 0 0 0 0 0 0 0 0 0 0 0 0 0 0 0 0 0 0 0 0 0 0 0 0 0 0 0 0 0 0 0 0 0 0 0 0 0 0 0 0 0 0 199 199 200 200 200 200 200 200 200 200 200 200 201 201 201 201 201 201 201 201 201 201 201 201 201 201 202 202 202 202 202 202 202 202 202 203 203 203 203 203 203 203 203 203 203 203 203 204 204 204 204 204 204 204 204 204 204 204 205 205 205 205 205 205 205 205 205 205 205 205 205 205 205 205 205 205 205 205 206 206 206 206 206 206 206 206 206 206 206 206 206 206 206 206 206 206 206 206 206 206 206 206 206 206 206 206 206 206 206 206 206 206 206 206 206 206 206 206 206 206 206 206 206 206 206 206 206 206 206 206 207 207 207 207 207 207 207 207 207 207 207 207 207 207 207 207 207 207 207 207 207 207 207 207 207 207 207 207 207 207 207 207 207 207 207 207 207 207 207 207 207 206 206 206 207 207 206 206 207 207 206 206 207 207 207 206 208 208 208 208 208 208 208 208 208 208 208 208 208 208 208 208 208 208 208 208 208 208 208 208 208 208 208 208 208 208 208 208 208 208 208 208 208 208 208 208 208 208 208 208 208 207 207 207 207 207 207 0 0 0 207 207 207 207 207 0 0 0 0 0 0 0 0 0 0 0 0 0 0 0 0 0 0 0 0 0 0 0 0 0 0 0 0 0 0 0 0 0 0 0 0 0 0 0 0 0 0 0 0 0 0 0 0 0 0 0 0 0 0 0 0 0 0 0 0 0 0 0 0 0 0 0 0 0 0 0 0 0 0 0 0 0 0 0 0 0 0 0 0 0 0 0 0 0 0 0 0 0 0 0 0 0 0 0 0 0 0 0 0 0 0 0 0 0 0 0 0 0 0 0 0 0 0 0 0 0 0 0 0 0 0 0 0 0 0 0 0 0 0 0 0 0 0 0 0 0 0 0 0 0 0 0 0 0 0 0 0 0 0 0 0 0 0 0 0 0 0 0 0 0 0 0 0 0 0 0 0 0 0 0 0 0 0 0 0 0 0 0 0 0 0 0 0 0 0 0 0 0 0 0 0 0 0 0 0 0 0 
0 0 0 0 0 0 0 0 0 0 0 0 0 0 0 0 0 0 0 0 0 0 0 0 0 0 0 0 0 0 0 0 0 0 0 0 0 0 0 0 0 0 0 0 0 0 0 0 0 0 0 0 0 0 0 0 0 0 0 0 0 0 0 0 0 0 0 0 0 0 0 0 0 201 201 201 201 201 201 201 201 202 202 202 202 202 202 202 202 202 202 202 203 203 203 203 203 203 203 203 203 203 203 203 203 204 204 204 204 204 204 204 204 204 204 204 204 205 205 205 205 205 205 205 205 205 205 205 205 205 205 205 205 205 206 206 206 206 206 206 206 206 206 206 206 206 206 206 206 206 206 206 206 206 206 206 206 206 206 206 206 206 206 206 206 206 206 206 206 206 206 206 206 206 206 206 206 206 206 206 206 206 207 207 207 207 207 207 207 207 207 207 207 207 207 207 207 207 207 207 207 207 207 207 207 207 207 207 207 207 207 207 207 207 207 207 207 207 207 207 207 207 207 207 207 207 207 207 207 207 207 207 207 207 207 207 207 207 207 207 207 207 208 208 208 208 208 208 208 208 208 208 208 208 208 208 208 208 208 208 208 208 208 208 208 208 208 208 208 208 208 208 208 208 208 208 208 208 208 208 208 208 208 208 208 208 208 208 208 208 208 208 208 208 208 208 208 207 207 207 207 207 207 208 0 0 0 0 0 0 0 0 0 0 0 0 0 0 0 0 0 0 0 0 0 0 0 0 0 0 0 0 0 0 0 0 0 0 0 0 0 0 0 0 0 0 0 0 0 0 0 0 0 0 0 0 0 0 0 0 0 0 0 0 0 0 0 0 0 0 0 0 0 0 0 0 0 0 0 0 0 0 0 0 0 0 0 0 0 0 0 0 0 0 0 0 0 0 0 0 0 0 0 0 0 0 0 0 0 0 0 0 0 0 0 0 0 0 0 0 0 0 0 0 0 0 0 0 0 0 0 0 0 0 0 0 0 0 0 0 0 0 0 0 0 0 0 0 0 0 0 0 0 0 0 0 0 0 0 0 0 0 0 0 0 0 0 0 0 0 0 0 0 0 0 0 0 0 0 0 0 0 0 0 0 0 0 0 0 0 0 0 0 0 0 0 0 0 0 0 0 0 0 
0 0 0 0 0 0 0 0 0 0 0 0 0 0 0 0 0 0 0 0 0 0 0 0 0 0 0 0 0 0 0 0 0 0 0 0 0 0 0 0 0 0 0 0 0 0 0 0 0 0 0 0 0 0 0 0 0 0 0 0 0 0 0 0 0 0 0 0 0 0 0 0 0 201 201 201 201 201 201 201 201 202 202 202 202 202 202 202 202 202 202 202 202 202 202 203 203 203 203 203 203 203 203 203 203 203 203 204 204 204 204 204 204 204 204 204 204 204 204 204 204 204 204 205 205 205 205 205 205 205 205 205 205 205 205 206 206 206 206 206 206 206 206 206 206 206 206 206 206 206 206 206 206 206 206 206 206 206 206 206 206 206 206 206 206 206 206 206 206 206 206 206 206 206 207 207 206 206 206 206 206 207 207 207 207 207 207 207 207 207 207 207 207 207 207 207 207 207 207 207 207 207 207 207 207 207 207 207 207 207 207 207 207 207 207 207 207 207 207 207 207 207 207 207 207 207 207 207 207 207 207 207 207 207 207 207 207 207 207 207 207 207 208 208 208 208 208 208 208 208 208 208 208 208 208 208 208 208 208 208 208 208 208 208 208 208 208 208 208 208 208 208 208 208 208 208 208 208 208 208 208 208 208 208 208 208 208 208 208 208 208 208 208 208 208 208 208 208 208 208 208 208 208 208 208 208 208 208 0 0 208 0 0 0 0 0 0 0 0 0 0 0 0 0 0 0 0 0 0 0 0 0 0 0 0 0 0 0 0 0 0 0 0 0 0 0 0 0 0 0 0 0 0 0 0 0 0 0 0 0 0 0 0 0 0 0 0 0 0 0 0 0 0 0 0 0 0 0 0 0 0 0 0 0 0 0 0 0 0 0 0 0 0 0 0 0 0 0 0 0 0 0 0 0 0 0 0 0 0 0 0 0 0 0 0 0 0 0 0 0 0 0 0 0 0 0 0 0 0 0 0 0 0 0 0 0 0 0 0 0 0 0 0 0 0 0 0 0 0 0 0 0 0 0 0 0 0 0 0 0 0 0 0 0 0 0 0 0 0 0 0 0 0 0 0 0 0 0 0 0 0 0 0 0 0 0 0 0 0 0 0 0 0 0 0 0 0 0 0 0 0 0 0 
0 0 0 0 0 0 0 0 0 0 0 0 0 0 0 0 0 0 0 0 0 0 0 0 0 0 0 0 0 0 0 0 0 0 0 0 0 0 0 0 0 0 0 0 0 0 0 0 0 0 0 0 0 0 0 0 0 0 0 0 0 0 0 0 0 0 0 0 0 0 0 0 0 0 201 201 201 201 201 201 201 202 202 202 202 202 202 202 202 202 202 202 202 202 202 202 202 203 203 203 203 203 203 203 203 203 203 203 203 204 204 204 204 204 204 204 204 204 204 204 204 204 204 205 205 205 205 205 205 205 205 205 205 205 205 205 206 206 206 206 206 206 206 206 206 206 206 206 206 206 206 206 206 206 206 206 206 206 206 206 206 206 206 206 206 206 206 206 206 206 206 206 206 206 206 206 207 207 207 206 207 207 207 207 207 207 207 207 207 207 207 207 207 207 207 207 207 207 207 207 207 207 207 207 207 207 207 207 207 207 207 207 207 207 207 207 207 207 207 207 207 207 207 207 207 207 207 207 207 207 207 207 207 207 207 207 207 207 207 207 207 207 208 208 208 208 208 208 208 208 208 208 208 208 208 208 208 208 208 208 208 208 208 208 208 208 208 208 208 208 208 208 208 208 208 208 208 208 208 208 208 208 208 208 208 208 208 208 208 208 208 208 208 208 208 208 208 208 208 208 208 208 208 208 208 208 208 208 208 208 208 208 208 208 0 0 0 0 0 0 0 0 0 0 0 0 0 0 0 0 0 0 0 0 0 0 0 0 0 0 0 0 0 0 0 0 0 0 0 0 0 0 0 0 0 0 0 0 0 0 0 0 0 0 0 0 0 0 0 0 0 0 0 0 0 0 0 0 0 0 0 0 0 0 0 0 0 0 0 0 0 0 0 0 0 0 0 0 0 0 0 0 0 0 0 0 0 0 0 0 0 0 0 0 0 0 0 0 0 0 0 0 0 0 0 0 0 0 0 0 0 0 0 0 0 0 0 0 0 0 0 0 0 0 0 0 0 0 0 0 0 0 0 0 0 0 0 0 0 0 0 0 0 0 0 0 0 0 0 0 0 0 0 0 0 0 0 0 0 0 0 0 0 0 0 0 0 0 0 0 0 0 0 0 0 0 0 0 0 0 0 0 0 
0 0 0 0 0 0 0 0 0 0 0 0 0 0 0 0 0 0 0 0 0 0 0 0 0 0 0 0 0 0 0 0 0 0 0 0 0 0 0 0 0 0 0 0 0 0 0 0 0 0 0 0 0 0 0 0 199 199 199 200 0 0 0 0 0 0 0 0 0 0 0 0 0 0 0 201 201 201 201 201 201 201 201 202 202 202 202 202 202 202 202 202 202 202 202 202 202 203 203 203 203 203 203 203 203 203 203 203 203 203 203 204 204 204 204 204 204 204 204 204 205 204 204 205 205 205 205 205 205 205 205 205 205 205 205 205 205 205 206 206 206 206 206 206 206 206 206 206 206 206 206 206 206 206 206 206 206 206 206 206 206 206 206 206 206 207 207 207 207 207 206 207 207 207 207 207 207 207 207 207 207 207 207 207 207 207 207 207 207 207 207 207 207 207 207 207 207 207 207 207 207 207 207 207 207 207 207 207 207 207 207 207 207 207 207 207 207 207 207 207 207 207 207 207 207 207 207 207 207 207 207 207 207 207 207 207 207 207 207 207 207 207 208 208 208 208 208 208 208 208 208 208 208 208 208 208 208 208 208 208 208 208 208 208 208 208 208 208 208 208 208 208 208 208 208 208 208 208 208 208 208 208 208 208 208 208 208 208 208 208 208 208 208 208 208 208 208 208 208 208 208 208 208 208 208 208 208 208 208 208 208 208 208 208 0 0 0 0 0 0 0 0 0 0 0 0 0 0 0 0 0 0 0 0 0 0 0 0 0 0 0 0 0 0 0 0 0 0 0 0 0 0 0 0 0 0 0 0 0 0 0 0 0 0 0 0 0 0 0 0 0 0 0 0 0 0 0 0 0 0 0 0 0 0 0 0 0 0 0 0 0 0 0 0 0 0 0 0 0 0 0 0 0 0 0 0 0 0 0 0 0 0 0 0 0 0 0 0 0 0 0 0 0 0 0 0 0 0 0 0 0 0 0 0 0 0 0 0 0 0 0 0 0 0 0 0 0 0 0 0 0 0 0 0 0 0 0 0 0 0 0 0 0 0 0 0 0 0 0 0 0 0 0 0 0 0 0 0 0 0 0 0 0 0 0 0 0 0 0 0 0 0 0 0 0 0 0 0 0 0 0 0 0 
0 0 0 0 0 0 0 0 0 0 0 0 0 0 0 0 0 0 0 0 0 0 0 0 0 0 0 0 0 0 0 0 0 0 0 0 0 0 0 0 0 0 198 198 198 199 0 0 0 0 0 0 0 0 0 0 0 199 199 200 200 0 0 0 0 0 0 0 0 0 0 0 0 0 0 0 201 201 201 201 201 201 201 201 202 202 202 202 202 202 202 202 202 202 202 202 202 202 203 203 203 203 203 203 203 203 203 203 203 203 203 204 204 204 204 204 204 204 204 204 204 204 204 205 205 205 205 205 205 205 205 205 205 205 205 205 205 205 205 205 206 206 206 206 206 206 206 206 206 206 206 206 206 206 206 206 206 206 206 206 206 206 206 206 206 207 207 207 207 207 207 207 207 207 207 207 207 207 207 207 207 207 207 207 207 207 207 207 207 207 207 207 207 207 207 207 207 207 207 207 207 207 207 207 207 207 207 207 207 207 207 207 207 207 207 207 207 207 207 207 207 207 207 207 207 207 207 207 207 207 207 207 207 207 207 207 207 207 207 207 207 207 208 208 208 208 208 208 208 208 208 208 208 208 208 208 208 208 208 208 208 208 208 208 208 208 208 208 208 208 208 208 208 208 208 208 208 208 208 208 208 208 208 208 208 208 208 208 208 208 208 208 208 208 208 208 208 208 208 208 208 208 208 208 208 208 208 208 208 208 208 208 208 208 208 208 208 208 0 0 0 0 0 0 0 0 0 0 0 0 0 0 0 0 0 0 0 0 0 0 0 0 0 0 0 0 0 0 0 0 0 0 0 0 0 0 0 0 0 0 0 0 0 0 0 0 0 0 0 0 0 0 0 0 0 0 0 0 0 0 0 0 0 0 0 0 0 0 0 0 0 0 0 0 0 0 0 0 0 0 0 0 0 0 0 0 0 0 0 0 0 0 0 0 0 0 0 0 0 0 0 0 0 0 0 0 0 0 0 0 0 0 0 0 0 0 0 0 0 0 0 0 0 0 0 0 0 0 0 0 0 0 0 0 0 0 0 0 0 0 0 0 0 0 0 0 0 0 0 0 0 0 0 0 0 0 0 0 0 0 0 0 0 0 0 0 0 0 0 0 0 0 0 0 0 0 0 0 0 0 0 0 0 
0 0 0 0 0 0 0 0 0 0 0 0 0 0 0 0 0 0 0 0 0 0 0 0 0 0 0 0 0 0 0 0 0 0 0 0 0 0 0 0 0 0 0 198 198 198 199 199 0 0 0 0 0 0 0 0 199 199 199 200 200 200 0 0 0 0 0 0 0 0 0 0 0 200 201 201 201 201 201 201 201 201 201 202 201 202 202 202 202 202 202 202 202 202 202 202 202 203 203 203 203 203 203 203 203 203 203 203 203 203 204 204 204 204 204 204 204 204 204 204 205 204 204 204 205 205 205 205 205 205 205 205 205 205 205 205 205 205 205 205 205 206 206 206 206 206 206 206 206 206 206 206 206 206 206 206 206 206 206 206 206 206 206 206 206 206 206 207 207 207 207 207 207 207 207 207 207 207 207 207 207 207 207 207 207 207 207 207 207 207 207 207 207 207 207 207 207 207 207 207 207 207 207 207 207 207 207 207 207 207 207 207 207 207 207 207 207 207 207 207 207 207 207 207 207 207 207 207 207 207 207 207 207 207 207 207 207 207 207 207 207 207 208 208 208 208 208 208 208 208 208 208 208 208 208 208 208 208 208 208 208 208 208 208 208 208 208 208 208 208 208 208 208 208 208 208 208 208 208 208 208 208 208 208 208 208 208 208 208 208 208 208 208 208 208 208 208 208 208 208 208 208 208 208 208 208 208 208 208 208 208 208 208 208 208 208 208 208 208 208 0 0 0 0 0 0 0 0 0 0 0 0 0 0 0 0 0 0 0 0 0 0 0 0 0 0 0 0 0 0 0 0 0 0 0 0 0 0 0 0 0 0 0 0 0 0 0 0 0 0 0 0 0 0 0 0 0 0 0 0 0 0 0 0 0 0 0 0 0 0 0 0 0 0 0 0 0 0 0 0 0 0 0 0 0 0 0 0 0 0 0 0 0 0 0 0 0 0 0 0 0 0 0 0 0 0 0 0 0 0 0 0 0 0 0 0 0 0 0 0 0 0 0 0 0 0 0 0 0 0 0 0 0 0 0 0 0 0 0 0 0 0 0 0 0 0 0 0 0 0 0 0 0 0 0 0 0 0 0 0 0 0 0 0 0 0 0 0 0 0 0 0 0 0 0 0 0 0 0 0 0 0 0 
0 0 0 0 0 0 0 0 0 0 0 0 0 0 0 0 0 0 0 0 0 0 0 0 0 0 0 0 0 0 0 0 0 0 0 0 0 0 0 0 0 0 0 0 0 198 198 198 198 199 0 199 0 0 0 0 0 199 199 199 200 200 0 0 200 0 0 0 0 0 0 0 0 0 201 201 201 201 201 201 201 201 201 201 202 201 202 202 202 202 202 202 202 202 202 202 202 203 203 203 203 203 203 203 203 204 203 203 203 203 204 204 204 204 204 204 204 204 204 204 205 205 204 204 205 205 205 204 205 205 205 205 205 205 205 205 205 205 205 205 205 205 206 206 206 206 206 206 206 206 206 206 206 206 206 206 206 206 206 206 206 206 206 206 206 206 206 206 207 207 207 207 207 207 207 207 207 207 207 207 207 207 207 207 207 207 207 207 207 207 207 207 207 207 207 207 207 207 207 207 207 207 207 207 207 207 207 207 207 207 207 207 207 207 207 207 207 207 207 207 207 207 207 207 207 207 208 208 208 208 208 208 208 207 207 207 207 207 207 207 207 207 209 209 209 209 208 208 209 209 209 209 209 209 209 209 209 209 209 209 209 209 209 209 209 209 209 209 209 209 209 209 209 209 209 209 209 209 209 209 209 209 209 209 209 209 209 209 209 209 209 209 208 208 208 208 208 208 208 208 208 208 208 208 208 208 208 208 208 208 208 208 208 208 208 208 208 208 208 208 208 0 0 0 0 0 0 0 0 0 0 0 0 0 0 0 0 0 0 0 0 0 0 0 0 0 0 0 0 0 0 0 0 0 0 0 0 0 0 0 0 0 0 0 0 0 0 0 0 0 0 0 0 0 0 0 0 0 0 0 0 0 0 0 0 0 0 0 0 0 0 0 0 0 0 0 0 0 0 0 0 0 0 0 0 0 0 0 0 0 0 0 0 0 0 0 0 0 0 0 0 0 0 0 0 0 0 0 0 0 0 0 0 0 0 0 0 0 0 0 0 0 0 0 0 0 0 0 0 0 0 0 0 0 0 0 0 0 0 0 0 0 0 0 0 0 0 0 0 0 0 0 0 0 0 0 0 0 0 0 0 0 0 0 0 0 0 0 0 0 0 0 0 0 0 0 0 0 0 0 0 0 0 
0 0 0 0 0 0 0 0 0 0 0 0 0 0 0 0 0 0 0 0 0 0 0 0 0 0 0 0 0 0 0 0 0 0 0 0 0 0 0 0 0 0 0 0 0 198 198 198 198 198 198 198 199 199 199 199 199 199 199 199 199 199 200 200 200 200 0 200 200 0 0 0 0 0 201 201 201 201 201 201 201 201 201 201 201 201 201 202 202 202 202 202 202 202 202 202 202 202 203 203 203 203 203 203 203 203 203 203 203 203 204 204 204 204 204 204 204 204 204 204 205 204 204 204 204 205 205 205 205 205 205 205 205 205 205 205 205 205 205 205 205 205 205 205 205 206 206 206 206 206 206 206 206 206 206 206 206 206 206 206 206 206 206 206 206 206 206 206 206 206 207 207 207 207 207 207 207 207 207 207 207 207 207 207 207 207 207 207 207 207 207 207 207 207 207 207 207 207 207 207 207 207 208 208 208 208 208 208 208 208 208 208 208 208 208 208 208 208 208 208 208 208 208 208 208 208 208 208 208 208 208 208 208 208 208 208 208 208 208 208 207 207 209 209 209 209 209 209 209 209 209 209 209 209 209 209 209 209 209 209 209 209 209 209 209 209 209 209 209 209 209 209 209 209 209 209 209 209 209 209 209 209 209 209 209 209 209 209 209 209 209 209 209 208 208 208 208 208 208 208 208 208 208 208 208 208 208 208 208 208 208 208 208 208 208 208 208 208 208 208 209 208 208 209 0 0 0 0 0 0 0 0 0 0 0 0 0 0 0 0 0 0 0 0 0 0 0 0 0 0 0 0 0 0 0 0 0 0 0 0 0 0 0 0 0 0 0 0 0 0 0 0 0 0 0 0 0 0 0 0 0 0 0 0 0 0 0 0 0 0 0 0 0 0 0 0 0 0 0 0 0 0 0 0 0 0 0 0 0 0 0 0 0 0 0 0 0 0 0 0 0 0 0 0 0 0 0 0 0 0 0 0 0 0 0 0 0 0 0 0 0 0 0 0 0 0 0 0 0 0 0 0 0 0 0 0 0 0 0 0 0 0 0 0 0 0 0 0 0 0 0 0 0 0 0 0 0 0 0 0 0 0 0 0 0 0 0 0 0 0 0 0 0 0 0 0 0 0 0 0 0 0 0 
0 0 0 0 0 0 0 0 0 0 0 0 0 0 0 0 0 0 0 0 0 0 0 0 0 0 0 0 0 0 0 0 0 0 0 0 0 0 0 0 0 0 0 0 198 198 198 198 198 198 198 198 198 198 199 199 199 199 199 199 199 199 199 199 199 200 200 200 200 200 200 200 200 200 200 200 200 200 201 201 201 201 201 201 201 201 201 202 202 202 202 202 202 202 202 202 202 202 202 202 203 203 203 203 203 203 204 204 204 204 204 204 204 204 204 204 205 204 204 205 205 205 205 205 205 205 205 205 205 205 205 205 205 205 205 205 205 206 205 206 206 206 206 206 206 206 206 206 206 206 206 206 206 206 206 206 206 206 206 207 207 207 207 207 207 207 207 207 206 206 206 207 207 207 207 207 207 207 207 207 207 207 207 207 207 207 207 207 207 207 208 208 207 207 207 207 208 208 208 208 208 208 208 208 208 208 208 208 208 208 208 208 208 208 208 208 208 208 208 208 208 208 208 208 208 208 208 208 208 208 208 208 208 208 208 208 208 208 208 208 208 208 209 209 209 209 209 209 209 209 209 209 209 209 209 209 209 209 209 209 209 209 209 209 209 209 209 209 209 209 209 209 209 209 209 209 209 209 209 209 209 209 209 209 209 209 209 209 209 209 209 209 209 209 208 208 209 209 209 208 208 208 208 208 208 208 208 208 208 208 208 208 208 208 208 208 208 208 208 208 209 209 209 209 209 0 0 0 0 0 0 0 0 0 0 0 0 0 0 0 0 0 0 0 0 0 0 0 0 0 0 0 0 0 0 0 0 0 0 0 0 0 0 0 0 0 0 0 0 0 0 0 0 0 0 0 0 0 0 0 0 0 0 0 0 0 0 0 0 0 0 0 0 0 0 0 0 0 0 0 0 0 0 0 0 0 0 0 0 0 0 0 0 0 0 0 0 0 0 0 0 0 0 0 0 0 0 0 0 0 0 0 0 0 0 0 0 0 0 0 0 0 0 0 0 0 0 0 0 0 0 0 0 0 0 0 0 0 0 0 0 0 0 0 0 0 0 0 0 0 0 0 0 0 0 0 0 0 0 0 0 0 0 0 0 0 0 0 0 0 0 0 0 0 0 0 0 0 0 0 0 0 0 
0 0 0 0 0 0 0 0 0 0 0 0 0 0 0 0 0 0 0 0 0 0 0 0 0 0 0 0 0 0 0 0 0 0 0 0 0 0 0 0 0 0 0 197 197 198 198 198 198 198 198 198 198 198 198 198 198 199 199 199 199 199 199 199 199 199 200 200 200 200 200 200 200 200 200 200 200 200 201 201 201 201 201 201 201 201 202 202 202 202 202 202 202 202 202 202 202 202 202 202 203 203 203 203 203 203 204 204 204 204 204 204 204 204 204 204 204 204 205 205 205 205 205 205 205 205 205 205 205 205 205 205 205 205 205 205 206 206 206 206 206 206 206 206 206 206 206 206 206 206 206 206 206 206 206 206 206 206 206 206 206 206 206 207 207 207 207 207 207 207 207 206 207 207 207 207 207 207 207 207 207 207 207 207 207 207 208 207 208 208 208 208 208 208 208 208 208 208 208 208 208 208 208 208 208 208 208 208 208 208 208 208 208 208 208 208 208 208 208 208 208 208 208 208 208 208 208 208 208 208 208 208 208 208 208 208 208 208 208 208 208 208 209 209 209 209 209 209 209 209 209 209 209 209 209 209 209 209 209 209 209 209 209 209 209 209 209 209 209 209 209 209 209 209 209 209 209 209 209 209 209 209 209 209 209 209 209 209 209 209 209 209 209 209 209 209 209 209 209 209 209 209 208 208 208 208 208 208 208 208 208 208 208 208 208 208 208 208 208 209 209 209 209 209 209 0 0 0 0 0 0 0 0 0 0 0 0 0 0 0 0 0 0 0 0 0 0 0 0 0 0 0 0 0 0 0 0 0 0 0 0 0 0 0 0 0 0 0 0 0 0 0 0 0 0 0 0 0 0 0 0 0 0 0 0 0 0 0 0 0 0 0 0 0 0 0 0 0 0 0 0 0 0 0 0 0 0 0 0 0 0 0 0 0 0 0 0 0 0 0 0 0 0 0 0 0 0 0 0 0 0 0 0 0 0 0 0 0 0 0 0 0 0 0 0 0 0 0 0 0 0 0 0 0 0 0 0 0 0 0 0 0 0 0 0 0 0 0 0 0 0 0 0 0 0 0 0 0 0 0 0 0 0 0 0 0 0 0 0 0 0 0 0 0 0 0 0 0 0 0 0 0 0 
0 0 0 0 0 0 0 0 0 0 0 0 0 0 0 0 0 0 0 0 0 0 0 0 0 0 0 0 0 0 0 0 0 0 0 0 0 0 0 0 0 197 197 197 197 197 198 198 198 198 198 198 198 198 198 198 198 199 199 199 199 199 199 199 199 199 200 200 200 200 200 200 200 200 200 200 200 200 201 201 201 201 201 201 201 201 202 202 202 202 202 202 202 202 202 202 202 203 203 203 203 203 203 203 203 203 204 204 204 204 204 204 204 204 204 204 204 204 204 204 205 205 205 205 205 205 205 205 205 205 205 205 205 205 205 206 206 206 206 206 206 206 206 206 206 206 206 206 206 206 206 206 206 206 206 206 206 207 207 207 207 207 207 207 207 207 207 207 207 207 207 207 207 207 207 207 207 207 207 207 207 207 208 208 208 208 208 208 208 208 208 208 208 208 208 208 208 208 208 208 208 208 208 208 208 208 208 208 208 208 208 208 208 208 208 208 208 208 208 208 208 208 208 208 208 208 208 208 208 208 208 208 208 208 208 208 208 208 208 208 208 208 209 209 209 209 209 209 209 209 209 209 209 209 209 209 209 209 209 209 209 209 209 209 209 209 209 209 209 209 209 209 209 209 209 209 209 209 209 209 209 209 209 209 209 209 209 209 209 209 209 209 209 209 209 209 209 209 209 209 209 208 208 208 208 208 209 209 208 208 208 208 208 208 208 208 208 208 208 208 208 209 209 209 209 0 0 0 0 0 0 0 0 0 0 0 0 0 0 0 0 0 0 0 0 0 0 0 0 0 0 0 0 0 0 0 0 0 0 0 0 0 0 0 0 0 0 0 0 0 0 0 0 0 0 0 0 0 0 0 0 0 0 0 0 0 0 0 0 0 0 0 0 0 0 0 0 0 0 0 0 0 0 0 0 0 0 0 0 0 0 0 0 0 0 0 0 0 0 0 0 0 0 0 0 0 0 0 0 0 0 0 0 0 0 0 0 0 0 0 0 0 0 0 0 0 0 0 0 0 0 0 0 0 0 0 0 0 0 0 0 0 0 0 0 0 0 0 0 0 0 0 0 0 0 0 0 0 0 0 0 0 0 0 0 0 0 0 0 0 0 0 0 0 0 0 0 0 0 0 0 0 0 
0 0 0 0 0 0 0 0 0 0 0 0 0 0 0 0 0 0 0 0 0 0 0 0 0 0 0 0 0 0 0 0 196 196 196 197 0 0 0 0 197 197 197 197 197 197 197 198 198 198 198 198 198 198 198 198 198 198 199 199 199 199 199 199 199 199 199 199 199 199 200 200 200 200 200 200 200 200 200 200 201 201 201 201 201 201 201 202 202 202 202 202 202 202 202 202 203 203 203 203 203 203 203 203 203 203 203 203 204 204 203 204 204 204 204 204 203 204 204 204 204 204 204 204 204 204 205 205 205 205 205 205 205 205 205 205 206 206 206 206 206 206 206 206 206 206 206 206 206 206 206 206 206 206 206 207 207 207 207 207 207 207 207 207 207 207 207 207 207 207 207 207 207 207 207 207 207 207 207 208 208 208 208 208 208 208 208 208 208 208 208 208 208 208 208 208 208 208 208 208 208 208 208 208 208 208 208 208 208 208 208 208 208 208 208 208 208 208 208 208 208 208 208 208 208 208 208 208 208 208 208 208 208 208 208 208 208 208 208 208 208 208 209 209 209 209 209 209 209 209 209 209 209 209 209 209 209 209 209 209 209 209 209 209 209 209 209 209 209 209 209 209 209 209 209 209 209 209 209 209 209 209 209 209 209 209 209 209 209 209 209 209 209 209 209 209 209 209 209 209 208 208 208 208 209 209 209 209 209 209 209 210 209 209 208 208 209 209 209 209 209 209 209 209 209 0 0 0 0 0 0 0 0 0 0 0 0 0 0 0 0 0 0 0 0 0 0 0 0 0 0 0 0 0 0 0 0 0 0 0 0 0 0 0 0 0 0 0 0 0 0 0 0 0 0 0 0 0 0 0 0 0 0 0 0 0 0 0 0 0 0 0 0 0 0 0 0 0 0 0 0 0 0 0 0 0 0 0 0 0 0 0 0 0 0 0 0 0 0 0 0 0 0 0 0 0 0 0 0 0 0 0 0 0 0 0 0 0 0 0 0 0 0 0 0 0 0 0 0 0 0 0 0 0 0 0 0 0 0 0 0 0 0 0 0 0 0 0 0 0 0 0 0 0 0 0 0 0 0 0 0 0 0 0 0 0 0 0 0 0 0 0 0 0 0 0 0 0 0 0 0 0 0 
0 0 0 0 0 0 0 0 0 0 0 0 0 0 0 0 0 0 0 0 0 0 0 0 0 0 0 0 0 0 0 0 196 196 196 196 196 197 197 197 197 197 197 197 197 197 197 197 198 198 198 198 198 198 198 198 198 198 199 199 199 199 199 199 199 199 199 199 199 199 200 200 200 200 200 200 200 200 200 200 200 201 201 201 201 201 201 201 201 202 201 202 202 202 202 202 202 202 202 202 203 203 203 203 203 203 203 203 203 203 204 203 203 204 204 204 203 204 204 204 204 204 204 204 204 204 204 205 205 205 205 205 205 205 205 205 205 205 206 206 206 206 206 206 206 206 206 206 206 206 206 206 206 206 207 207 207 207 207 207 207 207 207 207 207 207 207 207 207 207 207 207 207 207 207 207 207 207 207 208 208 208 208 208 208 208 208 208 208 208 208 208 208 208 208 208 208 208 208 208 208 208 208 208 208 208 208 208 208 208 208 208 208 208 208 208 208 208 208 208 208 208 208 208 208 208 208 208 208 208 208 208 208 208 208 208 208 208 208 208 208 208 210 210 209 209 209 209 209 209 209 209 209 209 209 209 209 209 209 209 209 209 209 209 209 209 209 209 209 209 209 209 209 209 209 209 209 209 209 209 209 209 209 209 209 209 209 209 209 209 209 209 209 209 209 209 209 209 209 209 208 209 209 209 209 209 209 209 209 209 209 210 209 209 209 209 209 209 209 209 209 209 0 0 0 0 0 0 0 0 0 0 0 0 0 0 0 0 0 0 0 0 0 0 0 0 0 0 0 0 0 0 0 0 0 0 0 0 0 0 0 0 0 0 0 0 0 0 0 0 0 0 0 0 0 0 0 0 0 0 0 0 0 0 0 0 0 0 0 0 0 0 0 0 0 0 0 0 0 0 0 0 0 0 0 0 0 0 0 0 0 0 0 0 0 0 0 0 0 0 0 0 0 0 0 0 0 0 0 0 0 0 0 0 0 0 0 0 0 0 0 0 0 0 0 0 0 0 0 0 0 0 0 0 0 0 0 0 0 0 0 0 0 0 0 0 0 0 0 0 0 0 0 0 0 0 0 0 0 0 0 0 0 0 0 0 0 0 0 0 0 0 0 0 0 0 0 0 0 0 0 0 0 
0 0 0 0 0 0 0 0 0 0 0 0 0 0 0 0 0 0 0 0 0 0 0 0 0 0 0 0 0 0 0 196 196 196 196 196 196 196 197 197 197 197 197 197 197 197 197 197 197 197 198 198 198 198 198 198 198 198 198 198 198 199 199 199 199 199 199 199 199 199 199 199 200 200 200 200 200 200 200 200 200 200 200 200 201 201 201 201 201 201 201 201 201 201 201 202 202 202 202 202 202 202 202 202 202 203 203 203 203 203 203 204 203 203 204 204 204 204 204 204 204 204 204 204 204 204 205 205 205 205 205 205 205 205 205 205 205 205 206 206 206 206 206 206 206 206 206 206 206 206 206 206 207 207 207 207 207 207 207 207 207 207 207 207 207 207 207 207 207 207 207 207 207 207 207 207 207 207 207 208 208 208 208 208 208 208 208 208 208 208 208 208 208 208 208 208 208 208 208 208 208 208 208 208 208 208 208 208 208 208 208 208 208 208 208 208 208 208 208 208 208 208 208 208 208 208 208 208 208 208 208 208 208 208 208 208 208 208 208 208 208 208 210 210 210 210 210 210 210 209 209 209 209 209 209 209 210 209 209 209 209 209 209 209 209 209 209 209 209 209 209 209 209 209 209 209 209 209 209 209 209 209 209 209 209 209 209 209 209 209 209 209 209 209 209 209 209 209 209 209 209 209 209 209 209 209 209 209 209 209 209 209 209 209 209 209 209 209 209 0 0 0 0 0 0 0 0 0 0 0 0 0 0 0 0 0 0 0 0 0 0 0 0 0 0 0 0 0 0 0 0 0 0 0 0 0 0 0 0 0 0 0 0 0 0 0 0 0 0 0 0 0 0 0 0 0 0 0 0 0 0 0 0 0 0 0 0 0 0 0 0 0 0 0 0 0 0 0 0 0 0 0 0 0 0 0 0 0 0 0 0 0 0 0 0 0 0 0 0 0 0 0 0 0 0 0 0 0 0 0 0 0 0 0 0 0 0 0 0 0 0 0 0 0 0 0 0 0 0 0 0 0 0 0 0 0 0 0 0 0 0 0 0 0 0 0 0 0 0 0 0 0 0 0 0 0 0 0 0 0 0 0 0 0 0 0 0 0 0 0 0 0 0 0 0 0 0 0 0 0 0 0 0 
0 0 0 0 0 0 0 0 0 0 0 0 0 0 0 0 0 0 0 0 0 0 0 0 0 0 0 0 0 0 0 0 196 196 196 196 196 196 196 196 197 197 197 197 197 197 197 197 197 197 197 197 198 198 198 198 198 198 198 198 198 198 198 199 199 199 199 199 199 199 199 199 200 200 200 200 200 200 200 200 200 200 200 200 201 201 201 201 201 201 201 201 201 201 201 202 202 202 202 202 202 202 202 202 202 203 203 203 203 203 203 203 203 203 203 204 204 204 204 204 204 204 204 204 204 204 205 205 205 205 205 205 205 205 205 205 205 206 206 206 206 206 206 206 206 206 206 206 206 206 206 206 207 207 207 207 207 207 207 207 207 207 207 207 207 207 207 207 207 207 207 207 207 207 207 207 207 207 207 208 208 208 208 208 208 208 208 208 208 208 208 208 208 208 208 208 208 208 208 208 208 208 208 208 208 208 208 208 208 208 208 208 208 208 208 208 208 208 208 208 208 208 208 208 208 208 208 208 208 208 208 208 208 208 208 209 209 209 209 209 208 208 210 210 210 210 210 210 210 210 210 209 209 209 209 210 210 210 210 210 210 210 210 210 210 210 210 210 210 210 210 210 210 210 210 210 210 210 210 210 210 209 209 209 209 210 210 209 209 209 209 209 209 209 209 209 209 209 209 209 209 209 209 209 209 209 209 209 209 209 209 209 209 209 209 209 209 209 209 0 0 0 0 0 0 0 0 0 0 0 0 0 0 0 0 0 0 0 0 0 0 0 0 0 0 0 0 0 0 0 0 0 0 0 0 0 0 0 0 0 0 0 0 0 0 0 0 0 0 0 0 0 0 0 0 0 0 0 0 0 0 0 0 0 0 0 0 0 0 0 0 0 0 0 0 0 0 0 0 0 0 0 0 0 0 0 0 0 0 0 0 0 0 0 0 0 0 0 0 0 0 0 0 0 0 0 0 0 0 0 0 0 0 0 0 0 0 0 0 0 0 0 0 0 0 0 0 0 0 0 0 0 0 0 0 0 0 0 0 0 0 0 0 0 0 0 0 0 0 0 0 0 0 0 0 0 0 0 0 0 0 0 0 0 0 0 0 0 0 0 0 0 0 0 0 0 0 0 0 0 0 0 0 
0 0 0 0 0 0 0 0 0 0 0 0 0 0 0 0 0 0 0 0 0 0 0 0 0 0 0 0 0 0 0 0 0 196 196 196 196 196 196 196 197 197 197 197 197 197 197 197 197 197 197 197 197 198 198 198 198 198 198 198 198 198 198 198 199 199 199 199 199 199 199 199 199 200 200 200 200 200 200 200 200 200 200 200 201 201 201 201 201 201 201 201 201 201 201 202 202 202 202 202 202 202 202 202 202 203 203 203 203 203 203 203 203 203 203 204 204 204 204 204 204 204 204 204 204 205 205 205 205 205 205 205 205 205 205 205 205 205 206 206 206 206 206 206 206 206 206 206 206 206 206 206 207 207 207 207 207 207 207 207 207 207 207 207 207 207 207 207 207 207 207 207 207 208 208 208 208 207 207 208 208 208 208 208 208 208 208 208 208 208 208 208 208 208 208 208 208 208 208 208 208 208 208 208 208 208 208 208 208 208 208 208 208 208 209 209 208 208 208 208 208 208 208 208 209 209 209 209 209 209 209 209 209 209 209 209 209 209 209 209 209 209 210 210 210 210 210 210 210 210 210 210 209 209 209 209 210 210 210 210 210 210 210 210 210 210 210 210 210 210 210 210 210 210 210 210 210 210 210 210 210 210 210 210 210 210 210 210 210 210 210 210 209 209 209 209 209 209 209 209 209 209 209 209 209 209 209 209 209 209 209 209 209 209 209 209 209 209 210 0 0 0 0 0 0 0 0 0 0 0 0 0 0 0 0 0 0 0 0 0 0 0 0 0 0 0 0 0 0 0 0 0 0 0 0 0 0 0 0 0 0 0 0 0 0 0 0 0 0 0 0 0 0 0 0 0 0 0 0 0 0 0 0 0 0 0 0 0 0 0 0 0 0 0 0 0 0 0 0 0 0 0 0 0 0 0 0 0 0 0 0 0 0 0 0 0 0 0 0 0 0 0 0 0 0 0 0 0 0 0 0 0 0 0 0 0 0 0 0 0 0 0 0 0 0 0 0 0 0 0 0 0 0 0 0 0 0 0 0 0 0 0 0 0 0 0 0 0 0 0 0 0 0 0 0 0 0 0 0 0 0 0 0 0 0 0 0 0 0 0 0 0 0 0 0 0 0 0 0 0 0 0 0 
0 0 0 0 0 0 0 0 0 0 0 0 0 0 0 0 0 0 0 0 0 0 0 0 0 0 0 0 0 0 0 0 0 196 196 196 196 196 196 196 196 196 196 197 197 197 197 197 197 197 197 197 197 197 198 198 198 198 198 198 198 198 198 198 198 199 199 199 199 199 199 199 199 200 200 200 200 200 200 200 200 200 200 200 201 201 201 201 201 201 201 201 201 201 201 202 202 202 202 202 202 202 202 202 202 203 203 203 203 203 203 203 203 203 203 204 204 204 204 204 204 204 204 204 204 204 205 205 205 205 205 205 205 205 205 205 205 205 206 206 206 206 206 206 206 206 206 206 206 206 206 207 207 207 207 207 207 207 207 207 207 207 207 207 207 207 207 207 207 207 207 207 208 208 208 208 208 208 207 208 208 208 208 208 208 208 208 208 208 208 208 208 208 208 208 208 208 208 208 208 208 208 208 208 209 209 209 209 209 209 209 209 209 209 209 209 209 209 209 209 209 209 209 209 209 209 209 209 209 209 209 209 209 209 209 209 209 209 209 209 209 209 210 210 210 210 210 210 210 210 210 210 210 210 209 210 210 210 210 210 210 210 210 210 210 210 210 210 210 210 210 210 210 210 210 210 210 210 210 210 210 210 210 210 210 210 210 210 210 210 210 210 210 210 210 210 210 210 210 209 209 209 209 209 209 209 209 209 210 210 210 209 209 210 210 209 209 209 209 209 0 0 0 0 0 0 0 0 0 0 0 0 0 0 0 0 0 0 0 0 0 0 0 0 0 0 0 0 0 0 0 0 0 0 0 0 0 0 0 0 0 0 0 0 0 0 0 0 0 0 0 0 0 0 0 0 0 0 0 0 0 0 0 0 0 0 0 0 0 0 0 0 0 0 0 0 0 0 0 0 0 0 0 0 0 0 0 0 0 0 0 0 0 0 0 0 0 0 0 0 0 0 0 0 0 0 0 0 0 0 0 0 0 0 0 0 0 0 0 0 0 0 0 0 0 0 0 0 0 0 0 0 0 0 0 0 0 0 0 0 0 0 0 0 0 0 0 0 0 0 0 0 0 0 0 0 0 0 0 0 0 0 0 0 0 0 0 0 0 0 0 0 0 0 0 0 0 0 0 0 0 0 0 
0 0 0 0 0 0 0 0 0 0 0 0 0 0 0 0 0 0 0 0 0 0 0 0 0 0 0 0 0 0 0 0 0 0 196 196 196 196 196 196 196 196 196 196 197 197 197 197 197 197 197 197 197 197 197 198 198 198 198 198 198 198 198 198 198 199 199 199 199 199 199 199 199 199 200 200 200 200 200 200 200 200 200 200 200 201 201 201 201 201 201 201 201 201 201 201 202 202 202 202 202 202 202 202 202 202 203 203 203 203 203 203 203 203 203 203 204 204 204 204 204 204 204 204 204 204 205 205 205 205 205 205 205 205 205 205 205 205 205 206 206 206 206 206 206 206 206 206 206 206 206 207 207 207 207 207 207 207 207 207 207 207 207 207 207 207 207 207 207 207 208 208 208 208 208 208 208 208 208 208 208 208 208 208 208 208 208 208 208 208 208 208 208 208 208 208 208 208 208 208 209 209 208 209 209 209 209 209 209 209 209 209 209 209 209 209 209 209 209 209 209 209 209 209 209 209 209 209 209 209 209 209 209 209 209 209 209 209 209 209 209 209 210 210 210 210 210 210 210 210 210 210 210 210 210 210 210 210 210 210 210 210 210 210 210 210 210 210 210 210 210 210 210 210 210 210 210 210 210 210 210 210 210 210 210 210 210 210 210 210 210 210 210 210 210 210 210 210 210 210 210 210 210 210 210 210 210 210 210 210 210 210 210 210 210 209 209 209 209 0 0 0 0 0 0 0 0 0 0 0 0 0 0 0 0 0 0 0 0 0 0 0 0 0 0 0 0 0 0 0 0 0 0 0 0 0 0 0 0 0 0 0 0 0 0 0 0 0 0 0 0 0 0 0 0 0 0 0 0 0 0 0 0 0 0 0 0 0 0 0 0 0 0 0 0 0 0 0 0 0 0 0 0 0 0 0 0 0 0 0 0 0 0 0 0 0 0 0 0 0 0 0 0 0 0 0 0 0 0 0 0 0 0 0 0 0 0 0 0 0 0 0 0 0 0 0 0 0 0 0 0 0 0 0 0 0 0 0 0 0 0 0 0 0 0 0 0 0 0 0 0 0 0 0 0 0 0 0 0 0 0 0 0 0 0 0 0 0 0 0 0 0 0 0 0 0 0 0 0 0 0 0 0 
0 0 0 0 0 0 0 0 0 0 0 0 0 0 0 0 0 0 0 0 0 0 0 0 0 0 0 0 0 0 0 0 0 0 0 195 196 196 196 196 196 196 196 196 196 197 197 197 197 197 197 197 197 197 197 197 198 198 198 198 198 198 198 198 198 199 199 199 199 199 199 199 199 199 199 200 200 200 200 200 200 200 200 200 200 201 201 201 201 201 201 201 201 201 201 201 202 202 202 202 202 202 202 202 202 202 203 203 203 203 203 203 203 203 203 203 204 204 204 204 204 204 204 204 204 204 205 205 205 205 205 205 205 205 205 205 205 205 205 206 206 206 206 206 206 206 206 206 206 206 206 206 207 207 207 207 207 207 207 207 207 207 207 207 207 207 207 207 207 207 208 208 208 208 208 208 208 208 208 208 208 208 208 208 208 208 208 208 208 208 208 208 208 208 208 208 209 209 209 209 209 209 209 209 209 209 209 209 209 209 209 209 209 209 209 209 209 209 209 209 209 209 209 209 209 209 209 209 209 209 209 209 209 209 209 209 209 209 209 209 209 209 210 210 210 210 210 210 210 210 210 210 210 210 210 210 210 210 210 210 210 210 210 210 210 210 210 210 210 210 210 210 210 210 210 210 210 210 210 210 210 210 210 210 210 210 210 210 210 210 210 210 210 210 210 210 210 210 210 210 210 210 210 210 210 210 210 210 210 210 210 210 210 210 210 210 209 209 0 0 0 0 0 0 0 0 0 0 0 0 0 0 0 0 0 0 0 0 0 0 0 0 0 0 0 0 0 0 0 0 0 0 0 0 0 0 0 0 0 0 0 0 0 0 0 0 0 0 0 0 0 0 0 0 0 0 0 0 0 0 0 0 0 0 0 0 0 0 0 0 0 0 0 0 0 0 0 0 0 0 0 0 0 0 0 0 0 0 0 0 0 0 0 0 0 0 0 0 0 0 0 0 0 0 0 0 0 0 0 0 0 0 0 0 0 0 0 0 0 0 0 0 0 0 0 0 0 0 0 0 0 0 0 0 0 0 0 0 0 0 0 0 0 0 0 0 0 0 0 0 0 0 0 0 0 0 0 0 0 0 0 0 0 0 0 0 0 0 0 0 0 0 0 0 0 0 0 0 0 0 0 0 0 
0 0 0 0 0 0 0 0 0 0 0 0 0 0 0 0 0 0 0 0 0 0 0 0 0 0 0 0 0 0 0 0 0 0 195 195 195 196 196 196 196 196 196 196 196 196 197 197 197 197 197 197 197 197 197 197 198 198 198 198 198 198 198 198 198 198 198 199 199 199 199 199 199 199 199 199 200 200 200 200 200 200 200 200 200 200 200 201 201 201 201 201 201 201 201 201 201 202 202 202 202 202 202 202 202 202 202 203 203 203 203 203 203 203 203 203 204 204 204 204 204 204 204 204 204 204 204 205 205 205 205 205 205 205 205 205 205 205 205 205 206 206 206 206 206 206 206 206 206 206 206 207 207 207 207 207 207 207 207 207 207 207 207 207 207 207 207 207 208 208 208 208 208 208 208 208 208 208 208 208 208 208 208 208 208 208 208 208 208 208 209 209 208 209 209 209 209 209 209 209 209 209 209 209 209 209 209 209 209 209 209 209 209 209 209 209 209 209 209 209 209 209 209 209 209 209 209 209 209 209 209 209 209 209 209 209 209 209 209 209 209 209 210 210 210 210 210 210 210 210 210 210 210 210 210 210 210 210 210 210 210 210 210 210 210 210 210 210 210 210 210 210 210 210 210 210 210 210 210 210 210 210 210 210 210 210 210 210 210 210 210 210 210 210 210 210 210 210 210 210 210 210 210 210 210 210 210 210 210 210 210 210 210 210 210 210 210 0 0 0 0 0 0 0 0 0 0 0 0 0 0 0 0 0 0 0 0 0 0 0 0 0 0 0 0 0 0 0 0 0 0 0 0 0 0 0 0 0 0 0 0 0 0 0 0 0 0 0 0 0 0 0 0 0 0 0 0 0 0 0 0 0 0 0 0 0 0 0 0 0 0 0 0 0 0 0 0 0 0 0 0 0 0 0 0 0 0 0 0 0 0 0 0 0 0 0 0 0 0 0 0 0 0 0 0 0 0 0 0 0 0 0 0 0 0 0 0 0 0 0 0 0 0 0 0 0 0 0 0 0 0 0 0 0 0 0 0 0 0 0 0 0 0 0 0 0 0 0 0 0 0 0 0 0 0 0 0 0 0 0 0 0 0 0 0 0 0 0 0 0 0 0 0 0 0 0 0 0 0 0 0 0 0 
0 0 0 0 0 0 0 0 0 0 0 0 0 0 0 0 0 0 0 0 0 0 0 0 0 0 0 0 0 0 0 0 0 0 195 195 195 195 195 196 196 196 196 196 196 196 196 196 197 197 197 197 197 197 197 197 197 197 198 198 198 198 198 198 198 198 198 199 199 199 199 199 199 199 199 199 199 200 200 200 200 200 200 200 200 200 200 200 201 201 201 201 201 201 201 201 201 201 202 202 202 202 202 202 202 202 202 203 203 203 203 203 203 203 203 203 203 204 204 204 204 204 204 204 204 204 204 204 205 205 205 205 205 205 205 205 205 205 205 205 206 206 206 206 206 206 206 206 206 206 206 207 207 207 207 207 207 207 207 207 207 207 207 207 207 207 207 208 208 208 208 208 208 208 208 208 208 208 208 208 208 208 208 208 208 208 208 208 208 209 209 209 209 209 209 209 209 209 209 209 209 209 209 209 209 209 209 209 209 209 209 209 209 209 209 209 209 209 209 209 209 209 209 209 209 209 209 209 209 209 209 209 209 209 209 209 209 209 209 209 209 209 210 210 210 210 210 210 210 210 210 210 210 210 210 210 210 210 210 210 210 210 210 210 210 210 210 210 210 210 210 210 210 210 210 210 210 210 210 210 210 210 210 210 210 210 210 210 210 210 210 210 210 210 210 210 210 210 210 210 210 210 210 210 210 210 210 210 210 210 210 210 210 210 210 210 210 0 0 0 0 0 0 0 0 0 0 0 0 0 0 0 0 0 0 0 0 0 0 0 0 0 0 0 0 0 0 0 0 0 0 0 0 0 0 0 0 0 0 0 0 0 0 0 0 0 0 0 0 0 0 0 0 0 0 0 0 0 0 0 0 0 0 0 0 0 0 0 0 0 0 0 0 0 0 0 0 0 0 0 0 0 0 0 0 0 0 0 0 0 0 0 0 0 0 0 0 0 0 0 0 0 0 0 0 0 0 0 0 0 0 0 0 0 0 0 0 0 0 0 0 0 0 0 0 0 0 0 0 0 0 0 0 0 0 0 0 0 0 0 0 0 0 0 0 0 0 0 0 0 0 0 0 0 0 0 0 0 0 0 0 0 0 0 0 0 0 0 0 0 0 0 0 0 0 0 0 0 0 0 0 0 0 
0 0 0 0 0 0 0 0 0 0 0 0 0 0 0 0 0 0 0 0 0 0 0 0 0 0 0 0 0 0 0 0 0 0 195 195 195 195 195 195 196 196 196 196 196 196 196 196 196 197 197 197 197 197 197 197 197 197 197 198 198 198 198 198 198 198 198 198 198 199 199 199 199 199 199 199 199 199 200 200 200 200 200 200 200 200 200 200 200 201 201 201 201 201 201 201 201 201 201 202 202 202 202 202 202 202 202 202 203 203 203 203 203 203 203 203 203 203 204 204 204 204 204 204 204 204 204 204 205 205 205 205 205 205 205 205 205 205 205 205 205 206 206 206 206 206 206 206 206 206 206 206 207 207 207 207 207 207 207 207 207 207 207 207 207 207 208 208 208 208 208 208 208 208 208 208 208 208 208 208 208 208 208 208 208 208 208 208 209 209 209 209 209 209 209 209 209 209 209 209 209 209 209 209 209 209 209 209 209 209 209 209 209 209 209 209 209 209 209 209 209 209 209 209 209 209 209 209 209 209 209 209 209 209 209 209 209 209 209 209 209 209 211 211 211 211 211 211 211 211 211 211 210 210 210 210 210 210 210 210 210 210 210 210 210 210 210 210 210 210 210 210 210 210 210 210 210 210 210 210 210 210 210 210 210 210 210 210 210 210 210 210 210 210 210 210 210 210 210 210 210 210 210 210 210 210 210 210 210 210 210 210 210 210 210 210 0 0 0 0 0 0 0 0 0 0 0 0 0 0 0 0 0 0 0 0 0 0 0 0 0 0 0 0 0 0 0 0 0 0 0 0 0 0 0 0 0 0 0 0 0 0 0 0 0 0 0 0 0 0 0 0 0 0 0 0 0 0 0 0 0 0 0 0 0 0 0 0 0 0 0 0 0 0 0 0 0 0 0 0 0 0 0 0 0 0 0 0 0 0 0 0 0 0 0 0 0 0 0 0 0 0 0 0 0 0 0 0 0 0 0 0 0 0 0 0 0 0 0 0 0 0 0 0 0 0 0 0 0 0 0 0 0 0 0 0 0 0 0 0 0 0 0 0 0 0 0 0 0 0 0 0 0 0 0 0 0 0 0 0 0 0 0 0 0 0 0 0 0 0 0 0 0 0 0 0 0 0 0 0 0 0 0 
0 0 0 0 0 0 0 0 0 0 0 0 0 0 0 0 0 0 0 0 0 0 0 0 0 0 0 0 0 0 0 0 0 0 195 195 195 195 195 195 195 195 196 196 196 196 196 196 196 196 196 197 197 197 197 197 197 197 197 197 198 198 198 198 198 198 198 198 198 198 199 199 199 199 199 199 199 199 199 200 200 200 200 200 200 200 200 200 200 201 201 201 201 201 201 201 201 201 201 202 202 202 202 202 202 202 202 202 203 203 203 203 203 203 203 203 203 203 204 204 204 204 204 204 204 204 204 204 204 205 205 205 205 205 205 205 205 205 205 205 206 206 206 206 206 206 206 206 206 206 206 206 207 207 207 207 207 207 207 207 207 207 207 207 207 207 208 208 208 208 208 208 208 208 208 208 208 208 208 208 208 208 208 208 208 208 208 209 209 209 209 209 209 209 209 209 209 209 209 209 209 209 209 209 209 209 209 209 209 209 209 209 209 209 209 209 209 209 209 209 209 209 209 209 209 209 209 209 209 209 209 209 209 209 209 209 209 209 209 209 209 209 211 211 211 211 211 211 211 211 211 211 211 211 211 210 210 210 210 210 210 210 210 210 210 210 210 210 210 210 210 210 210 210 210 210 210 210 210 210 210 210 210 210 210 210 210 210 210 210 210 210 210 210 210 210 210 210 210 210 210 210 210 210 210 210 210 210 210 210 210 210 210 210 210 210 0 0 0 0 0 0 0 0 0 0 0 0 0 0 0 0 0 0 0 0 0 0 0 0 0 0 0 0 0 0 0 0 0 0 0 0 0 0 0 0 0 0 0 0 0 0 0 0 0 0 0 0 0 0 0 0 0 0 0 0 0 0 0 0 0 0 0 0 0 0 0 0 0 0 0 0 0 0 0 0 0 0 0 0 0 0 0 0 0 0 0 0 0 0 0 0 0 0 0 0 0 0 0 0 0 0 0 0 0 0 0 0 0 0 0 0 0 0 0 0 0 0 0 0 0 0 0 0 0 0 0 0 0 0 0 0 0 0 0 0 0 0 0 0 0 0 0 0 0 0 0 0 0 0 0 0 0 0 0 0 0 0 0 0 0 0 0 0 0 0 0 0 0 0 0 0 0 0 0 0 0 0 0 0 0 0 0 
0 0 0 0 0 0 0 0 0 0 0 0 0 0 0 0 0 0 0 0 0 0 0 0 0 0 0 0 0 0 0 0 0 194 195 195 195 195 195 195 195 195 195 196 196 196 196 196 196 196 196 196 197 197 197 197 197 197 197 197 197 198 198 198 198 198 198 198 198 198 198 199 199 199 199 199 199 199 199 199 200 200 200 200 200 200 200 200 200 200 200 201 201 201 201 201 201 201 201 201 202 202 202 202 202 202 202 202 202 203 203 203 203 203 203 203 203 203 203 204 204 204 204 204 204 204 204 204 204 205 205 205 205 205 205 205 205 205 205 205 205 206 206 206 206 206 206 206 206 206 206 206 207 207 207 207 207 207 207 207 207 207 207 207 207 207 208 208 208 208 208 208 208 208 208 208 208 208 208 208 208 208 208 208 208 208 208 209 209 209 209 209 209 209 209 209 209 209 209 209 209 209 209 209 209 209 209 209 209 209 209 209 209 209 209 209 209 209 209 209 209 209 209 209 209 209 209 209 209 209 209 209 209 209 209 209 209 209 209 209 209 209 211 211 211 211 211 211 211 211 211 211 211 211 211 211 211 211 211 211 210 211 210 210 210 210 210 210 210 210 210 210 210 210 210 210 210 210 210 210 210 210 210 210 210 211 210 210 210 210 211 211 210 210 210 210 210 210 210 210 210 210 210 210 210 210 210 210 210 210 210 210 210 210 210 0 0 0 0 0 0 0 0 0 0 0 0 0 0 0 0 0 0 0 0 0 0 0 0 0 0 0 0 0 0 0 0 0 0 0 0 0 0 0 0 0 0 0 0 0 0 0 0 0 0 0 0 0 0 0 0 0 0 0 0 0 0 0 0 0 0 0 0 0 0 0 0 0 0 0 0 0 0 0 0 0 0 0 0 0 0 0 0 0 0 0 0 0 0 0 0 0 0 0 0 0 0 0 0 0 0 0 0 0 0 0 0 0 0 0 0 0 0 0 0 0 0 0 0 0 0 0 0 0 0 0 0 0 0 0 0 0 0 0 0 0 0 0 0 0 0 0 0 0 0 0 0 0 0 0 0 0 0 0 0 0 0 0 0 0 0 0 0 0 0 0 0 0 0 0 0 0 0 0 0 0 0 0 0 0 0 0 0 
0 0 0 0 0 0 0 0 0 0 0 0 0 0 0 0 0 0 0 0 0 0 0 0 0 0 0 0 0 0 0 0 0 0 194 195 195 195 195 195 195 195 195 195 195 196 196 196 196 196 196 196 196 196 197 197 197 197 197 197 197 197 197 198 198 198 198 198 198 198 198 198 199 199 199 199 199 199 199 199 199 200 200 200 200 200 200 200 200 200 200 201 201 201 201 201 201 201 201 201 202 202 202 202 202 202 202 202 202 202 203 203 203 203 203 203 203 203 203 204 204 204 204 204 204 204 204 204 204 205 205 205 205 205 205 205 205 205 205 205 205 206 206 206 206 206 206 206 206 206 206 206 206 207 207 207 207 207 207 207 207 207 207 207 207 208 208 208 208 208 208 208 208 208 208 208 208 208 208 208 208 208 208 208 208 208 209 209 209 209 209 209 209 209 209 209 209 209 209 209 209 209 209 209 209 209 209 209 209 209 209 209 209 209 209 209 209 209 209 209 209 209 209 209 209 209 209 209 209 209 209 209 209 209 209 209 209 209 209 210 210 210 211 211 211 211 211 211 211 211 211 211 211 211 211 211 211 211 211 211 211 211 211 211 211 211 211 210 210 210 210 210 210 211 210 211 211 211 211 211 211 211 211 211 211 211 211 211 211 211 211 211 210 210 210 210 210 210 210 210 210 210 210 210 210 210 210 210 210 210 0 0 0 0 0 0 0 0 0 0 0 0 0 0 0 0 0 0 0 0 0 0 0 0 0 0 0 0 0 0 0 0 0 0 0 0 0 0 0 0 0 0 0 0 0 0 0 0 0 0 0 0 0 0 0 0 0 0 0 0 0 0 0 0 0 0 0 0 0 0 0 0 0 0 0 0 0 0 0 0 0 0 0 0 0 0 0 0 0 0 0 0 0 0 0 0 0 0 0 0 0 0 0 0 0 0 0 0 0 0 0 0 0 0 0 0 0 0 0 0 0 0 0 0 0 0 0 0 0 0 0 0 0 0 0 0 0 0 0 0 0 0 0 0 0 0 0 0 0 0 0 0 0 0 0 0 0 0 0 0 0 0 0 0 0 0 0 0 0 0 0 0 0 0 0 0 0 0 0 0 0 0 0 0 0 0 0 0 0 0 0 0 0 
0 0 0 0 0 0 0 0 0 0 0 0 0 0 0 0 0 0 0 0 0 0 0 0 0 0 0 0 0 0 0 0 0 0 194 194 194 195 195 195 195 195 195 195 195 195 196 196 196 196 196 196 196 196 196 196 197 197 197 197 197 197 197 197 198 198 198 198 198 198 198 198 198 199 199 199 199 199 199 199 199 199 200 200 200 200 200 200 200 200 200 201 201 201 201 201 201 201 201 201 201 202 202 202 202 202 202 202 202 202 202 203 203 203 203 203 203 203 203 203 204 204 204 204 204 204 204 204 204 204 205 205 205 205 205 205 205 205 205 205 205 205 206 206 206 206 206 206 206 206 206 206 207 207 207 207 207 207 207 207 207 207 207 207 207 208 208 208 208 208 208 208 208 208 208 208 208 208 208 208 208 208 209 209 209 209 209 209 209 209 209 209 209 209 209 209 209 209 209 209 209 209 209 209 209 209 209 209 209 209 209 209 209 209 210 210 210 210 210 210 210 210 210 210 210 210 209 209 209 209 209 209 209 209 209 209 209 209 209 210 210 210 211 211 211 211 211 211 211 211 211 211 211 211 211 211 211 211 211 211 211 211 211 211 211 211 211 211 211 211 211 211 211 211 211 211 211 211 211 211 211 211 211 211 211 211 211 211 211 211 211 211 211 211 211 211 211 211 211 211 211 211 211 210 210 0 0 0 0 0 0 0 0 0 0 0 0 0 0 0 0 0 0 0 0 0 0 0 0 0 0 0 0 0 0 0 0 0 0 0 0 0 0 0 0 0 0 0 0 0 0 0 0 0 0 0 0 0 0 0 0 0 0 0 0 0 0 0 0 0 0 0 0 0 0 0 0 0 0 0 0 0 0 0 0 0 0 0 0 0 0 0 0 0 0 0 0 0 0 0 0 0 0 0 0 0 0 0 0 0 0 0 0 0 0 0 0 0 0 0 0 0 0 0 0 0 0 0 0 0 0 0 0 0 0 0 0 0 0 0 0 0 0 0 0 0 0 0 0 0 0 0 0 0 0 0 0 0 0 0 0 0 0 0 0 0 0 0 0 0 0 0 0 0 0 0 0 0 0 0 0 0 0 0 0 0 0 0 0 0 0 0 0 0 0 0 0 0 0 0 0 0 0 
0 0 0 0 0 0 0 0 0 0 0 0 0 0 0 0 0 0 0 0 0 0 0 0 0 0 0 0 0 0 0 0 0 0 194 194 194 194 195 195 195 195 195 195 195 195 195 196 196 196 196 196 196 196 196 196 196 197 197 197 197 197 197 197 197 198 198 198 198 198 198 198 198 198 199 199 199 199 199 199 199 199 199 200 200 200 200 200 200 200 200 200 200 201 201 201 201 201 201 201 201 201 202 202 202 202 202 202 202 202 202 202 203 203 203 203 203 203 203 203 203 204 204 204 204 204 204 204 204 204 204 205 205 205 205 205 205 205 205 205 205 205 206 206 206 206 206 206 206 206 206 206 206 207 207 207 207 207 207 207 207 207 207 207 207 208 208 208 208 208 208 208 208 208 208 208 208 208 208 208 208 208 208 209 209 209 209 209 209 209 209 209 209 209 209 209 209 209 209 209 209 209 209 209 209 209 209 209 210 210 210 210 210 210 210 210 210 210 210 210 210 210 210 210 210 210 210 210 210 210 210 210 210 210 210 210 210 210 210 210 210 210 211 211 211 211 211 211 211 211 211 211 211 211 211 211 211 211 211 211 211 211 211 211 211 211 211 211 211 211 211 211 211 211 211 211 211 211 211 211 211 211 211 211 211 211 211 211 211 211 211 211 211 211 211 211 211 211 211 211 211 211 211 211 210 210 0 0 0 0 0 0 0 0 0 0 0 0 0 0 0 0 0 0 0 0 0 0 0 0 0 0 0 0 0 0 0 0 0 0 0 0 0 0 0 0 0 0 0 0 0 0 0 0 0 0 0 0 0 0 0 0 0 0 0 0 0 0 0 0 0 0 0 0 0 0 0 0 0 0 0 0 0 0 0 0 0 0 0 0 0 0 0 0 0 0 0 0 0 0 0 0 0 0 0 0 0 0 0 0 0 0 0 0 0 0 0 0 0 0 0 0 0 0 0 0 0 0 0 0 0 0 0 0 0 0 0 0 0 0 0 0 0 0 0 0 0 0 0 0 0 0 0 0 0 0 0 0 0 0 0 0 0 0 0 0 0 0 0 0 0 0 0 0 0 0 0 0 0 0 0 0 0 0 0 0 0 0 0 0 0 0 0 0 0 0 0 0 0 0 0 0 0 
0 0 0 0 0 0 0 0 0 0 0 0 0 0 0 0 0 0 0 0 0 0 0 0 0 0 0 0 0 0 0 0 0 0 194 194 194 194 194 194 195 195 195 195 195 195 195 195 195 196 196 196 196 196 196 196 196 196 197 197 197 197 197 197 197 197 198 198 198 198 198 198 198 198 198 199 199 199 199 199 199 199 199 199 200 200 200 200 200 200 200 200 200 200 201 201 201 201 201 201 201 201 201 202 202 202 202 202 202 202 202 202 203 203 203 203 203 203 203 203 203 203 204 204 204 204 204 204 204 204 204 205 205 205 205 205 205 205 205 205 205 205 206 206 206 206 206 206 206 206 206 206 207 207 207 207 207 207 207 207 207 207 207 207 207 208 208 208 208 208 208 208 208 208 208 208 208 208 208 208 208 209 209 209 209 209 209 209 209 209 209 209 209 209 209 209 209 209 209 209 209 209 209 209 210 210 210 210 210 210 210 210 210 210 210 210 210 210 210 210 210 210 210 210 210 210 210 210 210 210 210 210 210 210 210 210 210 210 210 210 210 210 211 211 211 211 211 211 211 211 211 211 211 211 211 211 211 211 211 211 211 211 211 211 211 211 211 211 211 211 211 211 211 211 211 211 211 211 211 211 211 211 211 211 211 211 211 211 211 211 211 211 211 211 211 211 211 211 211 211 211 211 211 211 211 211 211 211 0 0 0 0 0 0 0 0 0 0 0 0 0 0 0 0 0 0 0 0 0 0 0 0 0 0 0 0 0 0 0 0 0 0 0 0 0 0 0 0 0 0 0 0 0 0 0 0 0 0 0 0 0 0 0 0 0 0 0 0 0 0 0 0 0 0 0 0 0 0 0 0 0 0 0 0 0 0 0 0 0 0 0 0 0 0 0 0 0 0 0 0 0 0 0 0 0 0 0 0 0 0 0 0 0 0 0 0 0 0 0 0 0 0 0 0 0 0 0 0 0 0 0 0 0 0 0 0 0 0 0 0 0 0 0 0 0 0 0 0 0 0 0 0 0 0 0 0 0 0 0 0 0 0 0 0 0 0 0 0 0 0 0 0 0 0 0 0 0 0 0 0 0 0 0 0 0 0 0 0 0 0 0 0 0 0 0 0 0 0 0 0 0 0 0 
0 0 0 0 0 0 0 0 0 0 0 0 0 0 0 0 0 0 0 0 0 0 0 0 0 0 0 0 0 0 0 0 0 193 194 194 194 194 194 194 194 194 195 195 195 195 195 195 195 195 195 196 196 196 196 196 196 196 197 197 197 197 197 197 197 197 197 198 198 198 198 198 198 198 198 199 199 199 199 199 199 199 199 199 200 200 200 200 200 200 200 200 200 201 201 201 201 201 201 201 201 202 202 202 202 202 202 202 202 202 202 203 203 203 203 203 203 203 203 203 203 204 204 204 204 204 204 204 204 204 204 205 205 205 205 205 205 205 205 205 205 206 205 205 205 206 206 206 206 206 206 206 206 206 206 206 206 207 207 207 207 207 207 207 207 207 207 207 207 207 208 208 208 208 208 208 208 208 208 208 208 208 208 208 208 208 209 209 209 209 209 209 209 209 209 209 209 209 209 209 209 209 209 209 209 209 209 209 209 209 209 209 209 209 209 209 209 209 209 209 209 209 209 209 209 209 209 209 209 209 209 209 209 209 209 209 209 209 209 209 209 209 211 211 211 211 211 211 211 211 211 211 211 211 211 211 211 211 211 211 211 211 211 211 211 211 211 211 211 211 211 211 211 211 211 211 211 211 211 211 211 211 211 211 211 211 211 211 211 211 211 211 211 211 211 211 211 211 211 211 211 211 211 211 211 211 211 211 211 211 211 0 0 0 0 0 0 0 0 0 0 0 0 0 0 0 0 0 0 0 0 0 0 0 0 0 0 0 0 0 0 0 0 0 0 0 0 0 0 0 0 0 0 0 0 0 0 0 0 0 0 0 0 0 0 0 0 0 0 0 0 0 0 0 0 0 0 0 0 0 0 0 0 0 0 0 0 0 0 0 0 0 0 0 0 0 0 0 0 0 0 0 0 0 0 0 0 0 0 0 0 0 0 0 0 0 0 0 0 0 0 0 0 0 0 0 0 0 0 0 0 0 0 0 0 0 0 0 0 0 0 0 0 0 0 0 0 0 0 0 0 0 0 0 0 0 0 0 0 0 0 0 0 0 0 0 0 0 0 0 0 0 0 0 0 0 0 0 0 0 0 0 0 0 0 0 0 0 0 0 0 0 0 0 0 0 0 0 0 0 0 0 0 
0 0 0 0 0 0 0 0 0 0 0 0 0 0 0 0 0 0 0 0 0 0 0 0 0 0 0 0 0 0 0 193 193 193 193 194 194 194 194 194 194 194 194 195 195 195 195 195 195 195 195 196 196 196 196 196 196 196 196 196 197 197 197 197 197 197 197 197 198 198 198 198 198 198 198 198 199 199 199 199 199 199 199 199 199 200 200 200 200 200 200 200 200 200 201 201 201 201 201 201 201 201 202 202 202 202 202 202 202 202 202 202 203 203 203 203 203 203 203 203 203 204 204 204 204 204 204 204 204 204 204 204 205 205 205 205 205 205 205 205 205 206 205 205 205 206 206 206 206 206 206 206 206 206 206 206 206 207 207 207 207 207 207 207 207 207 207 207 207 208 208 208 208 208 208 208 208 208 208 208 208 208 208 208 208 208 209 209 209 209 209 209 209 209 209 209 209 209 209 209 209 209 209 209 209 209 209 209 209 209 209 209 209 209 209 209 209 209 209 209 209 209 209 209 209 209 209 209 209 209 209 209 209 209 209 209 209 209 209 209 209 209 211 211 211 211 211 211 211 211 211 211 211 211 211 211 211 211 211 211 211 211 211 211 211 211 211 211 211 211 211 211 211 211 211 211 211 211 211 211 211 211 211 211 211 211 211 211 211 211 211 211 211 211 211 211 211 211 211 211 211 211 211 211 211 211 211 211 211 211 211 0 0 0 0 0 0 0 0 0 0 0 0 0 0 0 0 0 0 0 0 0 0 0 0 0 0 0 0 0 0 0 0 0 0 0 0 0 0 0 0 0 0 0 0 0 0 0 0 0 0 0 0 0 0 0 0 0 0 0 0 0 0 0 0 0 0 0 0 0 0 0 0 0 0 0 0 0 0 0 0 0 0 0 0 0 0 0 0 0 0 0 0 0 0 0 0 0 0 0 0 0 0 0 0 0 0 0 0 0 0 0 0 0 0 0 0 0 0 0 0 0 0 0 0 0 0 0 0 0 0 0 0 0 0 0 0 0 0 0 0 0 0 0 0 0 0 0 0 0 0 0 0 0 0 0 0 0 0 0 0 0 0 0 0 0 0 0 0 0 0 0 0 0 0 0 0 0 0 0 0 0 0 0 0 0 0 0 0 0 0 0 0 
0 0 0 0 0 0 0 0 0 0 0 0 0 0 0 0 0 0 0 0 0 0 0 0 0 0 0 0 193 193 193 193 193 193 193 193 193 194 0 194 194 194 194 194 195 195 195 195 195 195 195 195 196 196 196 196 196 196 196 196 196 197 197 197 197 197 197 197 197 198 198 198 198 198 198 198 198 199 199 199 199 199 199 199 199 199 200 200 200 200 200 200 200 200 200 201 201 201 201 201 201 201 201 202 202 202 202 202 202 202 202 202 203 203 203 203 203 203 203 203 203 203 204 204 204 204 204 204 204 204 204 204 204 205 205 205 205 205 205 205 205 205 205 205 205 206 206 206 206 206 206 206 206 206 206 206 206 206 207 207 207 207 207 207 207 207 207 207 207 207 208 208 208 208 208 208 208 208 208 208 208 208 208 208 208 209 209 209 209 209 209 209 209 209 209 209 209 209 209 209 209 209 209 209 209 209 209 209 209 210 210 210 210 210 210 210 210 210 210 210 210 210 210 210 210 210 210 209 209 209 209 210 210 210 210 209 209 209 209 209 209 209 211 211 211 211 211 211 212 212 212 211 211 211 211 211 211 211 211 211 211 211 211 211 211 211 211 211 211 211 211 211 211 211 211 211 211 211 211 211 211 211 211 211 211 211 211 211 211 211 211 211 211 211 211 211 211 211 211 211 211 211 211 211 211 211 211 211 211 211 211 0 0 0 0 0 0 0 0 0 0 0 0 0 0 0 0 0 0 0 0 0 0 0 0 0 0 0 0 0 0 0 0 0 0 0 0 0 0 0 0 0 0 0 0 0 0 0 0 0 0 0 0 0 0 0 0 0 0 0 0 0 0 0 0 0 0 0 0 0 0 0 0 0 0 0 0 0 0 0 0 0 0 0 0 0 0 0 0 0 0 0 0 0 0 0 0 0 0 0 0 0 0 0 0 0 0 0 0 0 0 0 0 0 0 0 0 0 0 0 0 0 0 0 0 0 0 0 0 0 0 0 0 0 0 0 0 0 0 0 0 0 0 0 0 0 0 0 0 0 0 0 0 0 0 0 0 0 0 0 0 0 0 0 0 0 0 0 0 0 0 0 0 0 0 0 0 0 0 0 0 0 0 0 0 0 0 0 0 0 0 0 0 
0 0 0 0 0 0 0 0 0 0 0 0 0 0 0 0 0 0 0 0 0 0 0 0 0 0 0 0 0 0 0 0 0 0 193 193 0 0 0 0 194 194 194 194 194 195 195 195 195 195 195 195 195 195 196 196 196 196 196 196 196 196 197 197 197 197 197 197 197 197 198 198 198 198 198 198 198 198 199 199 199 199 199 199 199 199 200 200 200 200 200 200 200 200 200 200 201 201 201 201 201 201 201 201 202 202 202 202 202 202 202 202 202 203 203 203 203 203 203 203 203 203 204 204 204 204 204 204 204 204 204 204 204 205 205 205 205 205 205 205 205 205 205 205 205 205 206 206 206 206 206 206 206 206 206 206 206 206 207 207 207 207 207 207 207 207 207 207 207 207 208 208 208 208 208 208 208 208 208 208 208 208 208 208 209 209 209 209 209 209 209 209 209 209 209 209 209 209 209 209 209 209 209 209 209 209 210 210 210 210 210 210 210 210 210 210 210 210 210 210 210 210 210 210 210 210 210 210 210 210 210 210 210 210 210 210 210 210 210 209 209 209 211 211 211 211 211 211 212 212 212 212 212 212 212 212 212 212 211 212 212 212 212 212 212 212 212 212 211 211 211 211 211 211 211 211 211 211 211 211 211 211 211 211 211 211 211 211 211 211 211 211 211 211 211 211 211 211 211 211 211 211 211 211 211 211 211 211 211 211 211 0 0 0 0 0 0 0 0 0 0 0 0 0 0 0 0 0 0 0 0 0 0 0 0 0 0 0 0 0 0 0 0 0 0 0 0 0 0 0 0 0 0 0 0 0 0 0 0 0 0 0 0 0 0 0 0 0 0 0 0 0 0 0 0 0 0 0 0 0 0 0 0 0 0 0 0 0 0 0 0 0 0 0 0 0 0 0 0 0 0 0 0 0 0 0 0 0 0 0 0 0 0 0 0 0 0 0 0 0 0 0 0 0 0 0 0 0 0 0 0 0 0 0 0 0 0 0 0 0 0 0 0 0 0 0 0 0 0 0 0 0 0 0 0 0 0 0 0 0 0 0 0 0 0 0 0 0 0 0 0 0 0 0 0 0 0 0 0 0 0 0 0 0 0 0 0 0 0 0 0 0 0 0 0 0 0 0 0 0 0 0 0 
0 0 0 0 0 0 0 0 0 0 0 0 0 0 0 0 0 0 0 0 0 0 0 0 0 0 0 0 0 0 0 0 0 0 0 0 0 0 0 0 194 194 194 194 194 194 194 195 195 195 195 195 195 195 195 196 196 196 196 196 196 196 196 197 197 197 197 197 197 197 197 198 198 198 198 198 198 198 198 199 199 199 199 199 199 199 199 200 200 200 200 200 200 200 200 200 201 201 201 201 201 201 201 201 201 202 202 202 202 202 202 202 202 202 203 203 203 203 203 203 203 203 203 204 204 204 204 204 204 204 204 204 204 205 205 205 205 205 205 205 205 205 205 205 205 205 206 206 206 206 206 206 206 206 206 206 206 206 207 207 207 207 207 207 207 207 207 207 207 207 208 208 208 208 208 208 208 208 208 208 208 208 208 209 209 209 209 209 209 209 209 209 209 209 209 209 209 209 209 209 209 209 209 209 210 210 210 210 210 210 210 210 210 210 210 210 210 210 210 210 210 210 210 210 210 210 210 210 210 210 210 210 210 210 210 210 210 210 210 210 210 210 211 211 211 211 211 212 212 212 212 212 212 212 212 212 212 212 212 212 212 212 212 212 212 212 212 212 212 212 212 212 212 212 212 211 212 212 211 211 211 211 211 211 211 211 211 211 211 211 211 211 211 211 211 211 211 211 211 211 211 211 211 211 211 211 211 211 211 212 212 212 212 0 0 0 212 212 212 0 0 0 0 0 0 0 0 0 0 0 0 0 0 0 0 0 0 0 0 0 0 0 0 0 0 0 0 0 0 0 0 0 0 0 0 0 0 0 0 0 0 0 0 0 0 0 0 0 0 0 0 0 0 0 0 0 0 0 0 0 0 0 0 0 0 0 0 0 0 0 0 0 0 0 0 0 0 0 0 0 0 0 0 0 0 0 0 0 0 0 0 0 0 0 0 0 0 0 0 0 0 0 0 0 0 0 0 0 0 0 0 0 0 0 0 0 0 0 0 0 0 0 0 0 0 0 0 0 0 0 0 0 0 0 0 0 0 0 0 0 0 0 0 0 0 0 0 0 0 0 0 0 0 0 0 0 0 0 0 0 0 0 0 0 0 0 0 0 0 0 0 0 0 0 0 0 0 0 0 0 0 0 0 
0 0 0 0 0 0 0 0 0 0 0 0 0 0 0 0 0 0 0 0 0 0 0 0 0 0 0 0 0 0 0 0 0 0 0 0 0 0 0 0 0 194 194 194 194 194 194 194 195 195 195 195 195 195 195 195 196 196 196 196 196 196 196 196 197 197 197 197 197 197 197 197 198 198 198 198 198 198 198 198 199 199 199 199 199 199 199 199 200 200 200 200 200 200 200 200 200 201 201 201 201 201 201 201 201 201 202 202 202 202 202 202 202 202 203 203 203 203 203 203 203 203 203 204 204 204 204 204 204 204 204 204 204 205 205 205 205 205 205 205 205 205 205 205 205 205 205 206 206 206 206 206 206 206 206 206 206 206 207 207 207 207 207 207 207 207 207 207 207 208 208 208 208 208 208 208 208 208 208 208 208 208 208 209 209 209 209 209 209 209 209 209 209 209 209 209 209 209 209 209 210 210 210 210 210 210 210 210 210 210 210 210 210 210 210 210 210 210 210 210 210 210 210 210 210 210 210 210 210 210 210 210 210 210 210 210 210 210 210 210 210 210 212 212 211 212 211 212 212 212 212 212 212 212 212 212 212 212 212 212 212 212 212 212 212 212 212 212 212 212 212 212 212 212 212 212 212 212 212 212 212 211 211 211 211 211 211 211 211 211 211 211 211 211 211 211 211 212 212 212 212 212 211 211 211 211 212 212 212 212 212 212 212 212 212 212 212 212 212 212 212 0 0 0 0 0 0 0 0 0 0 0 0 0 0 0 0 0 0 0 0 0 0 0 0 0 0 0 0 0 0 0 0 0 0 0 0 0 0 0 0 0 0 0 0 0 0 0 0 0 0 0 0 0 0 0 0 0 0 0 0 0 0 0 0 0 0 0 0 0 0 0 0 0 0 0 0 0 0 0 0 0 0 0 0 0 0 0 0 0 0 0 0 0 0 0 0 0 0 0 0 0 0 0 0 0 0 0 0 0 0 0 0 0 0 0 0 0 0 0 0 0 0 0 0 0 0 0 0 0 0 0 0 0 0 0 0 0 0 0 0 0 0 0 0 0 0 0 0 0 0 0 0 0 0 0 0 0 0 0 0 0 0 0 0 0 0 0 0 0 0 0 0 0 0 0 0 0 0 0 0 0 0 
0 0 0 0 0 0 0 0 0 0 0 0 0 0 0 0 0 0 0 0 0 0 0 0 0 0 0 0 0 0 0 0 0 0 0 0 0 0 0 193 193 193 194 194 194 194 194 194 194 195 195 195 195 195 195 195 195 195 196 196 196 196 196 196 196 197 197 197 197 197 197 197 197 198 198 198 198 198 198 198 198 199 199 199 199 199 199 199 199 200 200 200 200 200 200 200 200 200 201 201 201 201 201 201 201 201 201 202 202 202 202 202 202 202 202 203 203 203 203 203 203 203 203 203 204 204 204 204 204 204 204 204 204 204 205 205 205 205 205 205 205 205 205 205 205 205 205 205 206 206 206 206 206 206 206 206 206 206 207 207 207 207 207 207 207 207 207 207 207 208 208 208 208 208 208 208 208 208 208 208 208 208 209 209 209 209 209 209 209 209 209 209 209 209 209 209 209 209 210 210 210 210 210 210 210 210 210 210 210 210 210 210 210 210 210 210 210 210 210 210 210 210 210 210 210 210 210 210 210 210 210 210 210 210 210 210 210 210 210 210 210 210 212 212 212 212 212 212 212 212 212 212 212 212 212 212 212 212 212 212 212 212 212 212 212 212 212 212 212 212 212 212 212 212 212 212 212 212 212 212 212 212 212 212 212 212 211 211 211 211 211 211 211 211 211 211 212 212 212 212 212 212 212 212 212 212 212 212 212 212 212 212 212 212 212 212 212 212 212 212 212 212 212 212 0 0 0 0 0 0 0 0 0 0 0 0 0 0 0 0 0 0 0 0 0 0 0 0 0 0 0 0 0 0 0 0 0 0 0 0 0 0 0 0 0 0 0 0 0 0 0 0 0 0 0 0 0 0 0 0 0 0 0 0 0 0 0 0 0 0 0 0 0 0 0 0 0 0 0 0 0 0 0 0 0 0 0 0 0 0 0 0 0 0 0 0 0 0 0 0 0 0 0 0 0 0 0 0 0 0 0 0 0 0 0 0 0 0 0 0 0 0 0 0 0 0 0 0 0 0 0 0 0 0 0 0 0 0 0 0 0 0 0 0 0 0 0 0 0 0 0 0 0 0 0 0 0 0 0 0 0 0 0 0 0 0 0 0 0 0 0 0 0 0 0 0 0 0 0 0 0 0 0 
0 0 0 0 0 0 0 0 0 0 0 0 0 0 0 0 0 0 0 0 0 0 0 0 0 0 0 0 0 0 0 0 0 0 0 0 0 193 193 193 193 193 193 194 194 194 194 194 194 194 194 195 195 195 195 195 195 195 195 196 196 196 196 196 196 196 197 197 197 197 197 197 197 197 198 198 198 198 198 198 198 198 199 199 199 199 199 199 199 199 200 200 200 200 200 200 200 200 200 201 201 201 201 201 201 201 201 202 202 202 202 202 202 202 202 202 203 203 203 203 203 203 203 203 203 204 204 204 204 204 204 204 204 204 205 205 205 205 205 205 205 205 205 205 205 205 205 205 206 206 206 206 206 206 206 206 206 206 207 207 207 207 207 207 207 207 207 207 207 208 208 208 208 208 208 208 208 208 208 208 208 208 209 209 209 209 209 209 209 209 209 209 209 209 209 209 210 210 210 210 210 210 210 210 210 210 210 210 210 210 210 210 210 210 210 210 210 210 210 210 210 210 210 210 210 210 210 210 210 210 210 210 210 210 210 210 210 210 210 210 210 210 212 212 212 212 212 212 212 212 212 212 212 212 212 212 212 212 212 212 212 212 212 212 212 212 212 212 212 212 212 212 212 212 212 212 212 212 212 212 212 212 212 212 212 212 212 212 211 211 211 211 211 211 211 212 212 212 212 212 212 212 212 212 212 212 212 212 212 212 212 212 212 212 212 212 212 212 212 212 212 212 212 212 212 212 212 0 0 0 0 0 0 0 0 0 0 0 0 0 0 0 0 0 0 0 0 0 0 0 0 0 0 0 0 0 0 0 0 0 0 0 0 0 0 0 0 0 0 0 0 0 0 0 0 0 0 0 0 0 0 0 0 0 0 0 0 0 0 0 0 0 0 0 0 0 0 0 0 0 0 0 0 0 0 0 0 0 0 0 0 0 0 0 0 0 0 0 0 0 0 0 0 0 0 0 0 0 0 0 0 0 0 0 0 0 0 0 0 0 0 0 0 0 0 0 0 0 0 0 0 0 0 0 0 0 0 0 0 0 0 0 0 0 0 0 0 0 0 0 0 0 0 0 0 0 0 0 0 0 0 0 0 0 0 0 0 0 0 0 0 0 0 0 0 0 0 0 0 0 0 0 0 
0 0 0 0 0 0 0 0 0 0 0 0 0 0 0 0 0 0 0 0 0 0 0 0 0 0 0 0 0 0 0 0 0 0 192 192 192 193 193 193 193 193 193 193 194 194 194 194 194 194 194 194 195 195 195 195 195 195 195 195 196 196 196 196 196 196 196 197 197 197 197 197 197 197 197 198 198 198 198 198 198 198 198 199 199 199 199 199 199 199 199 200 200 200 200 200 200 200 200 200 201 201 201 201 201 201 201 201 202 202 202 202 202 202 202 202 202 203 203 203 203 203 203 203 203 204 204 204 204 204 204 204 204 204 204 205 205 205 205 205 205 205 205 205 205 205 205 205 206 206 206 206 206 206 206 206 206 206 206 207 207 207 207 207 207 207 207 207 207 207 208 208 208 208 208 208 208 208 208 208 208 208 208 209 209 209 209 209 209 209 209 209 209 209 209 210 210 210 210 210 210 210 210 210 210 210 210 210 210 210 210 210 210 210 210 210 210 210 210 210 210 210 210 210 210 210 210 210 210 210 210 210 210 210 210 210 210 210 210 210 210 210 212 212 212 212 212 212 212 212 212 212 212 212 212 212 212 212 212 212 212 212 212 212 212 212 212 212 212 212 212 212 212 212 212 212 212 212 212 212 212 212 212 212 212 212 212 212 211 211 211 211 211 211 212 212 212 212 212 212 212 212 212 212 212 212 212 212 212 212 212 212 212 212 212 212 212 212 212 212 212 212 212 212 212 212 212 212 0 0 0 0 0 0 0 0 0 0 0 0 0 0 0 0 0 0 0 0 0 0 0 0 0 0 0 0 0 0 0 0 0 0 0 0 0 0 0 0 0 0 0 0 0 0 0 0 0 0 0 0 0 0 0 0 0 0 0 0 0 0 0 0 0 0 0 0 0 0 0 0 0 0 0 0 0 0 0 0 0 0 0 0 0 0 0 0 0 0 0 0 0 0 0 0 0 0 0 0 0 0 0 0 0 0 0 0 0 0 0 0 0 0 0 0 0 0 0 0 0 0 0 0 0 0 0 0 0 0 0 0 0 0 0 0 0 0 0 0 0 0 0 0 0 0 0 0 0 0 0 0 0 0 0 0 0 0 0 0 0 0 0 0 0 0 0 0 0 0 0 0 0 0 0 
0 0 0 0 0 0 0 0 0 0 0 0 0 0 0 0 0 0 0 0 0 0 0 0 191 191 0 0 0 0 0 0 192 192 192 192 192 192 192 193 193 193 193 0 0 193 194 194 194 194 194 194 194 194 195 195 195 195 195 195 195 196 196 196 196 196 196 196 196 197 197 197 197 197 197 197 198 198 198 198 198 198 198 198 199 199 199 199 199 199 199 199 199 200 200 200 200 200 200 200 200 201 201 201 201 201 201 201 201 202 202 202 202 202 202 202 202 203 203 203 203 203 203 203 203 203 204 204 204 204 204 204 204 204 204 205 205 205 205 205 205 205 205 205 205 205 205 205 205 206 206 206 206 206 206 206 206 206 206 207 207 207 207 207 207 207 207 207 207 207 208 208 208 208 208 208 208 208 208 208 208 208 208 209 209 209 209 209 209 209 209 209 209 209 210 210 210 210 210 210 210 210 210 210 210 210 210 210 210 210 210 210 210 210 210 210 210 210 210 210 210 210 210 210 210 210 210 210 210 210 210 210 210 210 210 210 210 210 210 210 210 210 212 212 212 212 212 212 212 212 212 212 212 212 212 212 212 212 212 212 212 212 212 212 212 212 212 212 212 212 212 212 212 212 212 212 212 212 212 212 212 212 212 212 212 212 212 212 212 211 211 211 211 212 212 212 212 212 212 212 212 212 212 212 212 212 212 212 212 212 212 212 212 212 212 212 212 212 212 212 212 212 212 212 212 212 212 212 212 0 0 0 0 0 0 0 0 0 0 0 0 0 0 0 0 0 0 0 0 0 0 0 0 0 0 0 0 0 0 0 0 0 0 0 0 0 0 0 0 0 0 0 0 0 0 0 0 0 0 0 0 0 0 0 0 0 0 0 0 0 0 0 0 0 0 0 0 0 0 0 0 0 0 0 0 0 0 0 0 0 0 0 0 0 0 0 0 0 0 0 0 0 0 0 0 0 0 0 0 0 0 0 0 0 0 0 0 0 0 0 0 0 0 0 0 0 0 0 0 0 0 0 0 0 0 0 0 0 0 0 0 0 0 0 0 0 0 0 0 0 0 0 0 0 0 0 0 0 0 0 0 0 0 0 0 0 0 0 0 0 0 0 0 0 0 0 0 0 0 0 0 0 0 
0 0 0 0 0 0 0 0 0 0 0 0 0 0 0 0 0 0 0 0 0 0 190 190 190 191 191 0 0 0 0 0 192 192 192 192 192 192 192 192 193 0 0 0 0 0 193 194 194 194 194 194 0 194 194 195 195 195 195 195 195 195 196 196 196 196 196 196 196 196 197 197 197 197 197 197 197 198 198 198 198 198 198 198 198 199 199 199 199 199 199 199 199 199 200 200 200 200 200 200 200 200 201 201 201 201 201 201 201 201 202 202 202 202 202 202 202 202 203 203 203 203 203 203 203 203 203 204 204 204 204 204 204 204 204 205 205 205 205 205 205 205 205 205 205 205 205 205 205 206 206 206 206 206 206 206 206 206 206 207 207 207 207 207 207 207 207 207 207 207 208 208 208 208 208 208 208 208 208 208 208 208 208 209 209 209 209 209 209 209 209 209 210 210 210 210 210 210 210 210 210 210 210 210 210 210 210 210 210 210 210 210 210 210 210 210 210 210 210 210 210 210 210 210 210 210 210 210 210 210 210 210 210 210 210 210 210 210 210 210 210 210 212 212 212 212 212 212 212 212 212 212 212 212 212 212 212 212 212 212 212 212 212 212 212 212 212 212 212 212 212 212 212 212 212 212 212 212 212 212 212 212 212 212 212 212 212 212 211 211 211 211 212 212 212 212 212 212 212 212 212 212 212 212 212 212 212 212 212 212 212 212 212 212 212 212 212 212 212 212 212 212 212 212 212 212 212 212 212 0 0 0 0 0 0 0 0 0 0 0 0 0 0 0 0 0 0 0 0 0 0 0 0 0 0 0 0 0 0 0 0 0 0 0 0 0 0 0 0 0 0 0 0 0 0 0 0 0 0 0 0 0 0 0 0 0 0 0 0 0 0 0 0 0 0 0 0 0 0 0 0 0 0 0 0 0 0 0 0 0 0 0 0 0 0 0 0 0 0 0 0 0 0 0 0 0 0 0 0 0 0 0 0 0 0 0 0 0 0 0 0 0 0 0 0 0 0 0 0 0 0 0 0 0 0 0 0 0 0 0 0 0 0 0 0 0 0 0 0 0 0 0 0 0 0 0 0 0 0 0 0 0 0 0 0 0 0 0 0 0 0 0 0 0 0 0 0 0 0 0 0 0 0 
0 0 0 0 0 0 0 0 0 0 0 0 0 0 0 0 0 0 0 0 0 190 190 190 190 190 191 191 191 0 0 191 191 191 192 192 192 192 192 192 0 0 0 0 0 0 0 193 194 194 0 0 0 0 0 0 0 0 0 0 195 195 195 196 196 196 196 196 196 196 196 197 197 197 197 197 197 197 198 198 198 198 198 198 198 198 199 199 199 199 199 199 199 199 200 200 200 200 200 200 200 200 201 201 201 201 201 201 201 201 202 202 202 202 202 202 202 202 202 203 203 203 203 203 203 203 203 204 204 204 204 204 204 204 204 204 205 205 205 205 205 205 205 205 205 205 205 205 205 205 206 206 206 206 206 206 206 206 206 207 207 207 207 207 207 207 207 207 207 208 208 208 208 208 208 208 208 208 208 208 208 209 209 209 209 209 209 209 209 209 209 209 210 210 210 210 210 210 210 210 210 210 210 210 210 210 210 210 210 210 210 210 210 210 210 210 210 210 210 210 210 210 210 210 210 210 210 210 210 210 210 210 210 210 210 210 210 210 210 210 210 210 212 212 212 212 212 212 212 212 212 212 212 212 212 212 212 212 212 212 212 212 212 212 212 212 212 212 212 212 212 212 212 212 212 212 212 212 212 212 212 212 212 212 212 212 212 212 211 211 211 212 212 212 212 212 212 212 212 212 212 212 212 212 212 212 212 212 212 212 212 212 212 212 212 212 212 212 212 212 212 212 212 212 212 212 212 212 212 0 0 0 0 0 0 0 0 0 0 0 0 0 0 0 0 0 0 0 0 0 0 0 0 0 0 0 0 0 0 0 0 0 0 0 0 0 0 0 0 0 0 0 0 0 0 0 0 0 0 0 0 0 0 0 0 0 0 0 0 0 0 0 0 0 0 0 0 0 0 0 0 0 0 0 0 0 0 0 0 0 0 0 0 0 0 0 0 0 0 0 0 0 0 0 0 0 0 0 0 0 0 0 0 0 0 0 0 0 0 0 0 0 0 0 0 0 0 0 0 0 0 0 0 0 0 0 0 0 0 0 0 0 0 0 0 0 0 0 0 0 0 0 0 0 0 0 0 0 0 0 0 0 0 0 0 0 0 0 0 0 0 0 0 0 0 0 0 0 0 0 0 0 0 
0 0 0 0 0 0 0 0 0 0 0 0 0 0 0 0 0 0 0 0 0 190 190 190 190 190 190 190 191 191 191 191 191 191 191 192 192 0 0 0 0 0 0 0 0 0 0 0 0 0 0 0 0 0 0 0 0 0 0 0 0 0 195 195 196 196 196 196 196 196 196 196 197 197 197 197 197 197 197 198 198 198 198 198 198 198 198 199 199 199 199 199 199 199 199 200 200 200 200 200 200 200 200 201 201 201 201 201 201 201 201 202 202 202 202 202 202 202 202 202 203 203 203 203 203 203 203 203 204 204 204 204 204 204 204 204 204 205 205 205 205 205 205 205 205 205 205 205 205 205 206 206 206 206 206 206 206 206 206 207 207 207 207 207 207 207 207 207 207 208 208 208 208 208 208 208 208 208 208 208 208 209 209 209 209 209 209 209 209 209 209 209 210 210 210 210 210 210 210 210 210 210 210 210 210 210 210 210 210 210 210 210 210 210 210 210 210 210 210 210 210 210 210 210 210 210 210 210 210 210 210 210 210 210 210 210 210 210 210 210 210 210 212 212 212 212 212 212 212 212 212 212 212 212 212 212 212 212 212 212 212 212 212 212 212 212 212 212 212 212 212 212 212 212 212 212 212 212 212 212 212 212 212 212 212 212 212 212 212 212 212 212 212 212 212 212 212 212 212 212 212 212 212 212 212 212 212 212 212 212 212 212 212 212 212 212 212 212 212 212 212 212 212 212 212 212 212 212 212 0 0 0 0 0 0 0 0 0 0 0 0 0 0 0 0 0 0 0 0 0 0 0 0 0 0 0 0 0 0 0 0 0 0 0 0 0 0 0 0 0 0 0 0 0 0 0 0 0 0 0 0 0 0 0 0 0 0 0 0 0 0 0 0 0 0 0 0 0 0 0 0 0 0 0 0 0 0 0 0 0 0 0 0 0 0 0 0 0 0 0 0 0 0 0 0 0 0 0 0 0 0 0 0 0 0 0 0 0 0 0 0 0 0 0 0 0 0 0 0 0 0 0 0 0 0 0 0 0 0 0 0 0 0 0 0 0 0 0 0 0 0 0 0 0 0 0 0 0 0 0 0 0 0 0 0 0 0 0 0 0 0 0 0 0 0 0 0 0 0 0 0 0 0 
0 0 0 0 0 0 0 0 0 0 0 0 0 0 0 0 0 0 0 0 0 0 190 190 190 190 190 190 190 191 191 191 191 191 191 191 0 0 0 0 0 0 0 0 0 0 0 0 0 0 0 0 0 0 0 0 0 0 0 0 0 0 0 0 195 196 196 196 196 196 196 196 196 197 197 197 197 197 197 197 198 198 198 198 198 198 198 198 199 199 199 199 199 199 199 199 200 200 200 200 200 200 200 200 201 201 201 201 201 201 201 201 202 202 202 202 202 202 202 202 203 203 203 203 203 203 203 203 203 204 204 204 204 204 204 204 204 205 205 205 205 205 205 205 205 205 205 205 205 205 206 206 206 206 206 206 206 206 206 206 207 207 207 207 207 207 207 207 207 208 208 208 208 208 208 208 208 208 208 208 208 209 209 209 209 209 209 209 209 209 209 210 210 210 210 210 210 210 210 210 210 210 210 210 210 210 210 210 210 210 210 210 210 210 210 210 210 210 210 210 210 210 210 210 210 210 210 210 210 210 210 210 210 210 210 210 210 210 210 210 210 210 212 212 212 212 212 212 212 212 212 212 212 212 212 212 212 212 212 212 212 212 212 212 212 212 212 212 212 212 212 212 212 212 212 212 212 212 212 212 212 212 212 212 212 212 212 212 212 212 212 212 212 212 212 212 212 212 212 212 212 212 212 212 212 212 212 212 212 212 212 212 212 212 212 212 212 212 212 212 212 212 212 212 212 212 0 0 0 0 0 0 0 0 0 0 0 0 0 0 0 0 0 0 0 0 0 0 0 0 0 0 0 0 0 0 0 0 0 0 0 0 0 0 0 0 0 0 0 0 0 0 0 0 0 0 0 0 0 0 0 0 0 0 0 0 0 0 0 0 0 0 0 0 0 0 0 0 0 0 0 0 0 0 0 0 0 0 0 0 0 0 0 0 0 0 0 0 0 0 0 0 0 0 0 0 0 0 0 0 0 0 0 0 0 0 0 0 0 0 0 0 0 0 0 0 0 0 0 0 0 0 0 0 0 0 0 0 0 0 0 0 0 0 0 0 0 0 0 0 0 0 0 0 0 0 0 0 0 0 0 0 0 0 0 0 0 0 0 0 0 0 0 0 0 0 0 0 0 0 0 0 0 
0 0 0 0 0 0 0 0 0 0 0 0 0 0 0 0 0 0 0 0 0 0 0 190 190 190 190 190 190 190 191 191 191 0 0 0 0 0 0 0 0 0 0 0 0 0 0 0 0 0 0 0 0 0 0 0 0 0 0 0 0 0 0 0 0 0 196 196 196 196 196 196 196 196 197 197 197 197 197 197 197 198 198 198 198 198 198 198 198 199 199 199 199 199 199 199 199 200 200 200 200 200 200 200 200 201 201 201 201 201 201 201 201 202 202 202 202 202 202 202 202 203 203 203 203 203 203 203 203 204 204 204 204 204 204 204 204 204 205 205 205 205 205 205 205 205 205 205 205 205 205 206 206 206 206 206 206 206 206 206 207 207 207 207 207 207 207 207 207 207 208 208 208 208 208 208 208 208 208 208 209 209 209 209 209 209 209 209 209 209 209 210 210 210 210 210 210 210 210 210 210 210 210 210 210 210 210 210 210 210 210 210 210 210 210 210 210 210 210 210 210 210 210 210 210 210 210 210 210 210 210 210 210 210 210 210 210 210 210 210 210 210 212 212 212 212 212 212 212 212 212 212 212 212 212 212 212 212 212 212 212 212 212 212 212 212 212 212 212 212 212 212 212 212 212 212 212 212 212 212 212 212 212 212 212 212 212 212 212 212 212 212 212 212 212 212 212 212 212 212 212 212 212 212 212 212 212 212 212 212 212 212 212 212 212 212 212 212 212 212 212 212 212 0 0 0 0 0 0 0 0 0 0 0 0 0 0 0 0 0 0 0 0 0 0 0 0 0 0 0 0 0 0 0 0 0 0 0 0 0 0 0 0 0 0 0 0 0 0 0 0 0 0 0 0 0 0 0 0 0 0 0 0 0 0 0 0 0 0 0 0 0 0 0 0 0 0 0 0 0 0 0 0 0 0 0 0 0 0 0 0 0 0 0 0 0 0 0 0 0 0 0 0 0 0 0 0 0 0 0 0 0 0 0 0 0 0 0 0 0 0 0 0 0 0 0 0 0 0 0 0 0 0 0 0 0 0 0 0 0 0 0 0 0 0 0 0 0 0 0 0 0 0 0 0 0 0 0 0 0 0 0 0 0 0 0 0 0 0 0 0 0 0 0 0 0 0 0 0 0 0 0 0 
0 0 0 0 0 0 0 0 0 0 0 0 0 0 0 0 0 0 0 0 0 0 0 0 189 190 190 190 190 190 190 190 0 0 0 0 0 0 0 0 0 0 0 0 0 0 0 0 0 0 0 0 0 0 0 0 0 0 0 0 0 0 0 0 0 0 195 196 196 196 196 196 196 196 196 197 197 197 197 197 197 197 198 198 198 198 198 198 198 199 199 199 199 199 199 199 199 199 200 200 200 200 200 200 200 200 201 201 201 201 201 201 201 201 202 202 202 202 202 202 202 202 203 203 203 203 203 203 203 203 204 204 204 204 204 204 204 204 205 205 205 205 204 205 205 205 205 205 205 205 205 205 206 206 206 206 206 206 206 206 206 207 207 207 207 207 207 207 207 207 208 208 208 208 208 208 208 208 208 208 209 209 209 209 209 209 209 209 209 209 209 210 210 210 210 210 210 210 210 210 210 210 210 210 210 210 210 210 210 210 210 210 210 210 210 210 210 210 210 210 210 210 210 210 210 210 210 210 210 210 210 210 210 210 210 210 210 210 210 210 210 210 212 212 212 212 212 212 212 212 212 212 212 212 212 212 212 212 212 212 212 212 212 212 212 212 212 212 212 212 212 212 212 212 212 212 212 212 212 212 212 212 212 212 212 212 212 212 212 212 212 212 212 212 212 212 212 212 212 212 212 212 212 212 212 212 212 212 212 212 212 212 0 212 212 0 0 212 0 212 0 0 0 0 0 0 0 0 0 0 0 0 0 0 0 0 0 0 0 0 0 0 0 0 0 0 0 0 0 0 0 0 0 0 0 0 0 0 0 0 0 0 0 0 0 0 0 0 0 0 0 0 0 0 0 0 0 0 0 0 0 0 0 0 0 0 0 0 0 0 0 0 0 0 0 0 0 0 0 0 0 0 0 0 0 0 0 0 0 0 0 0 0 0 0 0 0 0 0 0 0 0 0 0 0 0 0 0 0 0 0 0 0 0 0 0 0 0 0 0 0 0 0 0 0 0 0 0 0 0 0 0 0 0 0 0 0 0 0 0 0 0 0 0 0 0 0 0 0 0 0 0 0 0 0 0 0 0 0 0 0 0 0 0 0 0 0 0 0 0 0 0 0 0 0 0 0 0 0 0 0 0 0 
0 0 0 0 0 0 0 0 0 0 0 0 0 0 0 0 0 0 0 0 0 0 0 0 189 189 190 190 190 190 0 0 0 0 0 0 0 0 0 0 0 0 0 0 0 0 0 0 0 0 0 0 0 0 0 0 0 0 0 0 0 0 0 0 0 195 195 195 195 196 196 196 196 196 196 196 197 197 197 197 197 197 197 198 198 198 198 198 198 198 198 199 199 199 199 199 199 199 199 200 200 200 200 200 200 200 200 201 201 201 201 201 201 201 201 202 202 202 202 202 202 202 203 203 203 203 203 203 203 203 203 204 204 204 204 204 204 204 204 205 205 205 204 205 205 205 205 205 205 205 205 205 206 206 206 206 206 206 206 206 206 207 207 207 207 207 207 207 207 207 208 208 208 208 208 208 208 208 208 208 209 209 209 209 209 209 209 209 209 209 209 210 210 210 210 210 210 210 210 210 210 210 210 210 210 210 210 210 210 210 210 210 210 210 210 210 210 210 210 210 210 210 210 210 210 210 210 210 210 210 210 210 210 210 210 210 210 210 210 210 210 210 212 212 212 212 212 212 212 212 212 212 212 212 212 212 212 212 212 212 212 212 212 212 212 212 212 212 212 212 212 212 212 212 212 212 212 212 212 212 212 212 212 212 212 212 212 212 212 212 212 212 212 212 212 212 212 212 212 212 212 212 212 212 212 212 0 0 0 0 0 0 0 0 0 0 0 0 0 0 0 0 0 0 0 0 0 0 0 0 0 0 0 0 0 0 0 0 0 0 0 0 0 0 0 0 0 0 0 0 0 0 0 0 0 0 0 0 0 0 0 0 0 0 0 0 0 0 0 0 0 0 0 0 0 0 0 0 0 0 0 0 0 0 0 0 0 0 0 0 0 0 0 0 0 0 0 0 0 0 0 0 0 0 0 0 0 0 0 0 0 0 0 0 0 0 0 0 0 0 0 0 0 0 0 0 0 0 0 0 0 0 0 0 0 0 0 0 0 0 0 0 0 0 0 0 0 0 0 0 0 0 0 0 0 0 0 0 0 0 0 0 0 0 0 0 0 0 0 0 0 0 0 0 0 0 0 0 0 0 0 0 0 0 0 0 0 0 0 0 0 0 0 0 0 0 0 0 0 0 0 0 0 
0 0 0 0 0 0 0 0 0 0 0 0 0 0 0 0 0 0 0 0 0 0 0 0 0 0 0 0 0 0 0 0 0 0 0 0 0 0 0 0 0 0 0 0 0 0 0 0 0 0 0 0 0 0 0 0 0 0 0 0 0 0 0 0 195 195 195 195 195 195 196 196 196 196 196 196 196 197 197 197 197 197 197 197 198 198 198 198 198 198 198 198 199 199 199 199 199 199 199 199 200 200 200 200 200 200 200 200 201 201 201 201 201 201 201 202 202 202 202 202 202 202 202 203 203 203 203 203 203 203 203 204 204 204 204 204 204 204 204 205 205 205 204 204 205 205 205 205 205 205 205 205 206 206 206 206 206 206 206 206 206 207 207 207 207 207 207 207 207 207 207 208 208 208 208 208 208 208 208 208 209 209 209 209 209 209 209 209 209 209 209 210 210 210 210 210 210 210 210 210 210 210 210 210 210 210 210 210 210 210 210 210 210 210 210 210 210 210 210 210 210 210 210 210 210 210 210 210 210 210 210 210 210 210 210 210 210 210 210 210 210 210 212 212 212 212 212 212 212 212 212 212 212 212 212 212 212 212 212 212 212 212 212 212 212 212 212 212 212 212 212 212 212 212 212 212 212 212 212 212 212 212 212 212 212 212 212 212 212 212 212 212 212 212 212 212 212 212 212 212 212 212 212 212 212 0 0 0 0 0 0 0 0 0 0 0 0 0 0 0 0 0 0 0 0 0 0 0 0 0 0 0 0 0 0 0 0 0 0 0 0 0 0 0 0 0 0 0 0 0 0 0 0 0 0 0 0 0 0 0 0 0 0 0 0 0 0 0 0 0 0 0 0 0 0 0 0 0 0 0 0 0 0 0 0 0 0 0 0 0 0 0 0 0 0 0 0 0 0 0 0 0 0 0 0 0 0 0 0 0 0 0 0 0 0 0 0 0 0 0 0 0 0 0 0 0 0 0 0 0 0 0 0 0 0 0 0 0 0 0 0 0 0 0 0 0 0 0 0 0 0 0 0 0 0 0 0 0 0 0 0 0 0 0 0 0 0 0 0 0 0 0 0 0 0 0 0 0 0 0 0 0 0 0 0 0 0 0 0 0 0 0 0 0 0 0 0 0 0 0 0 0 0 
0 0 0 0 0 0 0 0 0 0 0 0 0 0 0 0 0 0 0 0 0 0 0 0 0 0 0 0 0 0 0 0 0 0 0 0 0 0 0 0 0 0 0 0 0 0 0 0 0 0 0 0 0 0 0 0 0 0 0 0 0 0 0 0 195 195 195 195 195 195 195 196 196 196 196 196 196 196 197 197 197 197 197 197 197 198 198 198 198 198 198 198 198 199 199 199 199 199 199 199 199 200 200 200 200 200 200 200 200 201 201 201 201 201 201 201 202 202 202 202 202 202 202 202 203 203 203 203 203 203 203 203 204 204 204 204 204 204 204 204 205 205 204 204 205 205 205 205 205 205 205 205 205 206 206 206 206 206 206 206 206 206 207 207 207 207 207 207 207 207 207 208 208 208 208 208 208 208 208 208 208 209 209 209 209 209 209 209 209 210 210 210 210 210 210 210 210 210 210 210 210 210 210 211 211 211 210 210 210 210 210 210 210 210 210 210 210 210 210 210 210 210 210 210 210 210 210 210 210 210 210 210 210 210 210 210 210 210 210 210 210 210 212 212 212 212 212 212 212 212 212 212 212 212 212 212 212 212 212 212 212 212 212 212 212 212 212 212 212 212 212 212 212 212 212 212 212 212 212 212 212 212 212 212 212 212 212 212 212 212 212 212 212 212 212 212 212 212 212 212 212 212 212 212 212 0 0 0 0 0 0 0 0 0 0 0 0 0 0 0 0 0 0 0 0 0 0 0 0 0 0 0 0 0 0 0 0 0 0 0 0 0 0 0 0 0 0 0 0 0 0 0 0 0 0 0 0 0 0 0 0 0 0 0 0 0 0 0 0 0 0 0 0 0 0 0 0 0 0 0 0 0 0 0 0 0 0 0 0 0 0 0 0 0 0 0 0 0 0 0 0 0 0 0 0 0 0 0 0 0 0 0 0 0 0 0 0 0 0 0 0 0 0 0 0 0 0 0 0 0 0 0 0 0 0 0 0 0 0 0 0 0 0 0 0 0 0 0 0 0 0 0 0 0 0 0 0 0 0 0 0 0 0 0 0 0 0 0 0 0 0 0 0 0 0 0 0 0 0 0 0 0 0 0 0 0 0 0 0 0 0 0 0 0 0 0 0 0 0 0 0 0 0 
0 0 0 0 0 0 0 0 0 0 0 0 0 0 0 0 0 0 0 0 0 0 0 0 0 0 0 0 0 0 0 0 0 0 0 0 0 0 0 0 0 0 0 0 0 0 0 0 0 0 0 0 0 0 0 0 0 0 0 0 0 0 0 0 195 195 195 195 195 195 195 195 196 196 196 196 196 196 196 197 197 197 197 197 197 197 198 198 198 198 198 198 198 198 199 199 199 199 199 199 199 199 200 200 200 200 200 200 200 201 201 201 201 201 201 201 201 202 202 202 202 202 202 202 202 203 203 203 203 203 203 203 203 204 204 204 204 204 204 204 205 205 204 204 204 205 205 205 205 205 205 205 205 205 206 206 206 206 206 206 206 206 206 207 207 207 207 207 207 207 207 207 208 208 208 208 208 208 208 208 208 209 209 209 209 209 209 209 209 210 210 210 210 210 210 210 210 210 210 210 210 210 211 211 211 210 210 210 210 210 210 210 210 210 210 210 210 210 210 210 210 210 210 210 210 210 210 210 210 210 210 210 210 210 210 210 210 210 210 210 210 210 212 212 212 212 212 212 212 212 212 212 212 212 212 212 212 212 212 212 212 212 212 212 212 212 212 212 212 212 212 212 212 212 212 212 212 212 212 212 212 212 212 212 212 212 212 212 212 212 212 212 212 212 212 212 213 212 212 212 213 213 213 213 212 0 0 0 0 0 0 0 0 0 0 0 0 0 0 0 0 0 0 0 0 0 0 0 0 0 0 0 0 0 0 0 0 0 0 0 0 0 0 0 0 0 0 0 0 0 0 0 0 0 0 0 0 0 0 0 0 0 0 0 0 0 0 0 0 0 0 0 0 0 0 0 0 0 0 0 0 0 0 0 0 0 0 0 0 0 0 0 0 0 0 0 0 0 0 0 0 0 0 0 0 0 0 0 0 0 0 0 0 0 0 0 0 0 0 0 0 0 0 0 0 0 0 0 0 0 0 0 0 0 0 0 0 0 0 0 0 0 0 0 0 0 0 0 0 0 0 0 0 0 0 0 0 0 0 0 0 0 0 0 0 0 0 0 0 0 0 0 0 0 0 0 0 0 0 0 0 0 0 0 0 0 0 0 0 0 0 0 0 0 0 0 0 0 0 0 0 0 0 
0 0 0 0 0 0 0 0 0 0 0 0 0 0 0 0 0 0 0 0 0 0 0 0 0 0 0 0 0 0 0 0 0 0 0 0 0 0 0 0 0 0 0 0 0 0 0 0 0 0 0 0 0 0 0 0 0 0 0 0 0 0 0 0 194 194 195 195 195 195 195 195 195 196 196 196 196 196 196 196 197 197 197 197 197 197 197 198 198 198 198 198 198 198 198 199 199 199 199 199 199 199 199 200 200 200 200 200 200 200 201 201 201 201 201 201 201 202 202 202 202 202 202 202 202 203 203 203 203 203 203 203 203 204 204 204 204 204 204 204 204 205 204 204 204 204 205 205 205 205 205 205 205 205 206 206 206 206 206 206 206 206 206 207 207 207 207 207 207 207 207 207 208 208 208 208 208 208 208 208 208 209 209 209 209 209 209 209 209 209 210 210 210 210 210 210 210 210 210 210 210 210 210 210 210 210 210 210 210 210 210 210 210 210 210 210 210 211 211 210 210 210 210 210 210 210 210 210 210 210 210 210 210 210 210 210 210 210 210 210 210 210 212 212 212 212 212 212 212 212 212 212 212 212 212 212 212 212 212 212 212 212 212 212 212 212 212 212 212 212 212 212 212 212 212 212 212 212 212 212 212 212 212 212 212 212 212 212 212 212 212 212 212 213 213 213 213 213 213 213 213 213 212 212 212 0 0 0 0 0 0 0 0 0 0 0 0 0 0 0 0 0 0 0 0 0 0 0 0 0 0 0 0 0 0 0 0 0 0 0 0 0 0 0 0 0 0 0 0 0 0 0 0 0 0 0 0 0 0 0 0 0 0 0 0 0 0 0 0 0 0 0 0 0 0 0 0 0 0 0 0 0 0 0 0 0 0 0 0 0 0 0 0 0 0 0 0 0 0 0 0 0 0 0 0 0 0 0 0 0 0 0 0 0 0 0 0 0 0 0 0 0 0 0 0 0 0 0 0 0 0 0 0 0 0 0 0 0 0 0 0 0 0 0 0 0 0 0 0 0 0 0 0 0 0 0 0 0 0 0 0 0 0 0 0 0 0 0 0 0 0 0 0 0 0 0 0 0 0 0 0 0 0 0 0 0 0 0 0 0 0 0 0 0 0 0 0 0 0 0 0 0 0 
0 0 0 0 0 0 0 0 0 0 0 0 0 0 0 0 0 0 0 0 0 0 0 0 0 0 0 0 0 0 0 0 0 0 0 0 0 0 0 0 0 0 0 0 0 0 0 0 0 0 0 0 0 0 0 0 0 0 0 0 194 194 194 194 194 194 194 195 195 195 195 195 195 195 196 196 196 196 196 196 196 197 197 197 197 197 197 197 198 198 198 198 198 198 198 198 199 199 199 199 199 199 199 199 200 200 200 200 200 200 200 201 201 201 201 201 201 201 202 202 202 202 202 202 202 202 203 203 203 203 203 203 203 203 204 204 204 204 204 204 204 205 204 204 204 204 205 205 205 205 205 205 205 205 205 206 206 206 206 206 206 206 206 206 207 207 207 207 207 207 207 207 208 208 208 208 208 208 208 208 209 209 209 209 209 209 209 209 209 209 210 210 210 210 210 210 210 210 210 210 210 210 210 210 210 210 210 210 210 211 211 210 210 210 210 210 210 210 211 210 210 210 210 210 210 210 210 210 210 210 210 210 210 210 210 210 210 210 210 210 210 210 212 212 212 212 212 212 212 212 212 212 212 212 212 212 212 212 212 212 212 212 212 212 212 212 212 212 212 212 212 212 212 212 212 212 212 212 212 212 212 212 212 212 212 212 212 212 212 212 212 212 213 213 213 213 213 213 213 213 213 212 212 212 212 212 0 0 0 0 0 0 0 0 0 0 0 0 0 0 0 0 0 0 0 0 0 0 0 0 0 0 0 0 0 0 0 0 0 0 0 0 0 0 0 0 0 0 0 0 0 0 0 0 0 0 0 0 0 0 0 0 0 0 0 0 0 0 0 0 0 0 0 0 0 0 0 0 0 0 0 0 0 0 0 0 0 0 0 0 0 0 0 0 0 0 0 0 0 0 0 0 0 0 0 0 0 0 0 0 0 0 0 0 0 0 0 0 0 0 0 0 0 0 0 0 0 0 0 0 0 0 0 0 0 0 0 0 0 0 0 0 0 0 0 0 0 0 0 0 0 0 0 0 0 0 0 0 0 0 0 0 0 0 0 0 0 0 0 0 0 0 0 0 0 0 0 0 0 0 0 0 0 0 0 0 0 0 0 0 0 0 0 0 0 0 0 0 0 0 0 0 0 
0 0 0 0 0 0 0 0 0 0 0 0 0 0 0 0 0 0 0 0 0 0 0 0 0 0 0 0 0 0 0 0 0 0 0 0 0 0 0 0 0 0 0 0 0 0 0 0 0 0 0 0 0 0 0 0 0 0 0 0 0 194 194 194 194 194 194 194 195 195 195 195 195 195 195 196 196 196 196 196 196 196 197 197 197 197 197 197 197 198 198 198 198 198 198 198 198 199 199 199 199 199 199 199 200 200 200 200 200 200 200 200 201 201 201 201 201 201 201 202 202 202 202 202 202 202 202 203 203 203 203 203 203 203 203 204 204 204 204 204 204 204 204 204 204 204 204 205 205 205 205 205 205 205 205 205 206 206 206 206 206 206 206 206 207 207 207 207 207 207 207 207 207 208 208 208 208 208 208 208 208 209 209 209 209 209 209 209 209 209 210 210 210 210 210 210 210 210 210 210 210 210 210 210 210 210 210 210 211 211 210 210 210 210 210 210 210 210 210 210 210 210 210 210 210 210 210 210 210 210 210 210 210 210 210 210 210 210 210 210 210 210 212 212 212 212 212 212 212 212 212 212 212 212 212 212 212 212 212 212 212 212 212 212 212 212 212 212 212 212 212 212 212 212 212 212 212 212 212 212 212 212 212 212 212 212 212 212 212 212 212 212 213 213 213 213 213 213 213 213 213 212 213 213 213 212 212 212 0 0 0 0 0 0 0 0 0 0 0 0 0 0 0 0 0 0 0 0 0 0 0 0 0 0 0 0 0 0 0 0 0 0 0 0 0 0 0 0 0 0 0 0 0 0 0 0 0 0 0 0 0 0 0 0 0 0 0 0 0 0 0 0 0 0 0 0 0 0 0 0 0 0 0 0 0 0 0 0 0 0 0 0 0 0 0 0 0 0 0 0 0 0 0 0 0 0 0 0 0 0 0 0 0 0 0 0 0 0 0 0 0 0 0 0 0 0 0 0 0 0 0 0 0 0 0 0 0 0 0 0 0 0 0 0 0 0 0 0 0 0 0 0 0 0 0 0 0 0 0 0 0 0 0 0 0 0 0 0 0 0 0 0 0 0 0 0 0 0 0 0 0 0 0 0 0 0 0 0 0 0 0 0 0 0 0 0 0 0 0 0 0 0 0 
0 0 0 0 0 0 0 0 0 0 0 0 0 0 0 0 0 0 0 0 0 0 0 0 0 0 0 0 0 0 0 0 0 0 0 0 0 0 0 0 0 0 0 0 0 0 0 0 0 0 0 0 0 0 0 0 0 0 0 193 193 193 194 194 194 194 194 194 194 195 195 195 195 195 195 195 196 196 196 196 196 196 196 197 197 197 197 197 197 197 198 198 198 198 198 198 198 198 199 199 199 199 199 199 199 200 200 200 200 200 200 200 200 201 201 201 201 201 201 201 202 202 202 202 202 202 202 202 203 203 203 203 203 203 203 204 204 204 204 204 204 204 204 204 204 204 204 204 205 205 205 205 205 205 205 205 206 206 206 206 206 206 206 206 206 207 207 207 207 207 207 207 207 208 208 208 208 208 208 208 208 208 209 209 209 209 209 209 209 209 210 210 210 210 210 210 210 210 210 210 210 210 211 211 210 210 210 211 210 210 210 210 210 210 210 210 210 210 210 210 210 210 210 210 210 210 210 210 210 210 210 210 210 210 210 210 210 210 210 210 210 210 212 212 212 212 212 212 212 212 212 212 212 212 212 212 212 212 212 212 212 212 212 212 212 212 212 212 212 212 212 212 212 212 212 212 212 212 212 212 212 212 212 212 212 212 212 212 212 212 212 213 213 213 213 213 213 213 213 213 213 213 212 212 213 213 213 212 0 0 0 0 0 0 0 0 0 0 0 0 0 0 0 0 0 0 0 0 0 0 0 0 0 0 0 0 0 0 0 0 0 0 0 0 0 0 0 0 0 0 0 0 0 0 0 0 0 0 0 0 0 0 0 0 0 0 0 0 0 0 0 0 0 0 0 0 0 0 0 0 0 0 0 0 0 0 0 0 0 0 0 0 0 0 0 0 0 0 0 0 0 0 0 0 0 0 0 0 0 0 0 0 0 0 0 0 0 0 0 0 0 0 0 0 0 0 0 0 0 0 0 0 0 0 0 0 0 0 0 0 0 0 0 0 0 0 0 0 0 0 0 0 0 0 0 0 0 0 0 0 0 0 0 0 0 0 0 0 0 0 0 0 0 0 0 0 0 0 0 0 0 0 0 0 0 0 0 0 0 0 0 0 0 0 0 0 0 0 0 0 0 0 0 
0 0 0 0 0 0 0 0 0 0 0 0 0 0 0 0 0 0 0 0 0 0 0 0 0 0 0 0 0 0 0 0 0 0 0 0 0 0 0 0 0 0 0 0 0 0 0 0 0 0 0 0 0 0 0 0 0 0 0 0 193 193 193 194 194 194 194 194 194 194 195 195 195 195 195 195 195 196 196 196 196 196 196 196 197 197 197 197 197 197 197 198 198 198 198 198 198 198 199 199 199 199 199 199 199 199 200 200 200 200 200 200 200 200 201 201 201 201 201 201 201 202 202 202 202 202 202 202 202 203 203 203 203 203 203 203 204 204 204 204 204 204 204 204 204 204 204 204 204 205 205 205 205 205 205 205 205 206 206 206 206 206 206 206 206 207 207 207 207 207 207 207 207 207 208 208 208 208 208 208 208 208 208 209 209 209 209 209 209 209 210 210 210 210 210 210 210 210 210 210 210 210 210 211 210 210 210 211 211 211 211 210 210 210 210 210 210 210 210 210 210 210 211 210 210 210 210 210 210 210 210 210 210 210 210 210 210 210 210 210 210 210 212 212 212 212 212 212 212 212 212 212 212 212 212 212 212 212 212 212 212 212 212 212 212 212 212 212 212 212 212 212 212 212 212 212 212 212 212 212 212 212 212 212 212 212 212 212 212 212 213 213 213 213 213 213 213 213 213 213 213 213 212 212 212 212 213 212 212 0 0 0 0 0 0 0 0 0 0 0 0 0 0 0 0 0 0 0 0 0 0 0 0 0 0 0 0 0 0 0 0 0 0 0 0 0 0 0 0 0 0 0 0 0 0 0 0 0 0 0 0 0 0 0 0 0 0 0 0 0 0 0 0 0 0 0 0 0 0 0 0 0 0 0 0 0 0 0 0 0 0 0 0 0 0 0 0 0 0 0 0 0 0 0 0 0 0 0 0 0 0 0 0 0 0 0 0 0 0 0 0 0 0 0 0 0 0 0 0 0 0 0 0 0 0 0 0 0 0 0 0 0 0 0 0 0 0 0 0 0 0 0 0 0 0 0 0 0 0 0 0 0 0 0 0 0 0 0 0 0 0 0 0 0 0 0 0 0 0 0 0 0 0 0 0 0 0 0 0 0 0 0 0 0 0 0 0 0 0 0 0 0 0 
0 0 0 0 0 0 0 0 0 0 0 0 0 0 0 0 0 0 0 0 0 0 0 0 0 0 0 0 0 0 0 0 0 0 0 0 0 0 0 0 0 0 0 0 0 0 0 0 0 0 0 0 0 0 0 0 0 0 193 193 193 193 193 193 194 194 194 194 194 194 194 195 195 195 195 195 195 195 196 196 196 196 196 196 196 197 197 197 197 197 197 197 198 198 198 198 198 198 198 199 199 199 199 199 199 199 199 200 200 200 200 200 200 200 201 201 201 201 201 201 201 202 202 202 202 202 202 202 202 203 203 203 203 203 203 203 204 204 204 204 204 204 204 204 204 204 204 204 204 204 205 205 205 205 205 205 205 205 206 206 206 206 206 206 206 206 207 207 207 207 207 207 207 207 207 208 208 208 208 208 208 208 208 209 209 209 209 209 209 209 209 209 210 210 210 210 210 210 210 210 210 210 210 210 211 210 210 211 211 210 210 210 210 210 210 210 210 210 210 210 210 210 210 210 210 210 210 210 210 210 210 210 210 210 210 210 210 210 210 210 210 210 212 212 212 212 212 212 212 212 212 212 212 212 212 212 212 212 212 212 212 212 212 212 212 212 212 212 212 212 212 212 212 212 212 212 213 212 212 212 213 213 212 212 213 213 213 213 213 213 213 213 213 213 213 213 213 213 213 213 213 212 212 212 212 212 212 212 212 0 0 0 0 0 0 0 0 0 0 0 0 0 0 0 0 0 0 0 0 0 0 0 0 0 0 0 0 0 0 0 0 0 0 0 0 0 0 0 0 0 0 0 0 0 0 0 0 0 0 0 0 0 0 0 0 0 0 0 0 0 0 0 0 0 0 0 0 0 0 0 0 0 0 0 0 0 0 0 0 0 0 0 0 0 0 0 0 0 0 0 0 0 0 0 0 0 0 0 0 0 0 0 0 0 0 0 0 0 0 0 0 0 0 0 0 0 0 0 0 0 0 0 0 0 0 0 0 0 0 0 0 0 0 0 0 0 0 0 0 0 0 0 0 0 0 0 0 0 0 0 0 0 0 0 0 0 0 0 0 0 0 0 0 0 0 0 0 0 0 0 0 0 0 0 0 0 0 0 0 0 0 0 0 0 0 0 0 0 0 0 0 0 0 
0 0 0 0 0 0 0 0 0 0 0 0 0 0 0 0 0 0 0 0 0 0 0 0 0 0 0 0 0 0 0 0 0 0 0 0 0 0 0 0 0 0 0 0 0 0 0 0 0 0 0 0 0 0 0 0 0 0 0 0 0 193 193 193 193 194 194 194 194 194 194 194 195 195 195 195 195 195 195 196 196 196 196 196 196 196 197 197 197 197 197 197 197 198 198 198 198 198 198 198 199 199 199 199 199 199 199 199 200 200 200 200 200 200 200 201 201 201 201 201 201 201 202 202 202 202 202 202 202 202 203 203 203 203 203 203 203 204 204 204 204 204 204 204 204 204 204 204 204 204 205 205 205 205 205 205 205 205 206 206 206 206 206 206 206 206 207 207 207 207 207 207 207 207 207 208 208 208 208 208 208 208 208 209 209 209 209 209 209 209 209 209 210 210 210 210 210 210 210 210 210 210 210 210 210 211 211 211 210 210 210 210 211 210 210 210 210 210 210 210 210 210 210 210 210 210 210 210 210 210 210 210 210 210 210 210 210 210 210 210 210 210 212 212 212 212 212 212 212 212 212 212 212 212 212 212 212 213 213 212 212 212 212 212 212 212 212 212 212 212 212 212 212 213 213 213 213 213 213 213 213 213 213 213 213 213 213 213 213 213 213 213 213 213 213 213 213 213 213 212 212 212 212 213 212 212 212 212 212 212 0 0 0 0 0 0 0 0 0 0 0 0 0 0 0 0 0 0 0 0 0 0 0 0 0 0 0 0 0 0 0 0 0 0 0 0 0 0 0 0 0 0 0 0 0 0 0 0 0 0 0 0 0 0 0 0 0 0 0 0 0 0 0 0 0 0 0 0 0 0 0 0 0 0 0 0 0 0 0 0 0 0 0 0 0 0 0 0 0 0 0 0 0 0 0 0 0 0 0 0 0 0 0 0 0 0 0 0 0 0 0 0 0 0 0 0 0 0 0 0 0 0 0 0 0 0 0 0 0 0 0 0 0 0 0 0 0 0 0 0 0 0 0 0 0 0 0 0 0 0 0 0 0 0 0 0 0 0 0 0 0 0 0 0 0 0 0 0 0 0 0 0 0 0 0 0 0 0 0 0 0 0 0 0 0 0 0 0 0 0 0 0 0 
0 0 0 0 0 0 0 0 0 0 0 0 0 0 0 0 0 0 0 0 0 0 0 0 0 0 0 0 0 0 0 0 0 0 0 0 0 0 0 0 0 0 0 0 0 0 0 0 0 0 0 0 0 0 0 0 0 0 192 192 193 193 193 193 193 193 194 194 194 194 194 194 194 195 195 195 195 195 195 195 196 196 196 196 196 196 196 197 197 197 197 197 197 197 198 198 198 198 198 198 198 199 199 199 199 199 199 199 199 200 200 200 200 200 200 200 201 201 201 201 201 201 201 202 202 202 202 202 202 202 202 203 203 203 203 203 203 203 204 204 204 204 203 203 204 204 204 204 204 204 204 205 205 205 205 205 205 205 205 206 206 206 206 206 206 206 206 207 207 207 207 207 207 207 207 208 208 208 208 208 208 208 208 209 209 209 209 209 209 209 209 209 210 210 209 210 210 210 210 210 210 210 210 210 210 210 210 210 210 210 210 210 210 210 210 210 210 210 210 210 210 210 210 210 210 210 210 210 210 210 210 210 210 210 210 210 210 210 210 210 210 210 212 212 212 212 212 212 212 212 212 212 212 212 212 212 212 212 212 212 213 212 212 212 212 212 212 212 212 213 213 213 213 213 213 213 213 213 213 213 213 213 213 213 213 213 213 213 213 213 213 213 213 213 213 213 213 213 212 212 213 213 213 213 213 213 212 212 212 212 212 212 212 212 212 212 212 212 213 213 213 213 213 213 213 213 213 213 0 0 0 0 0 0 0 0 0 0 0 0 0 0 0 0 0 0 0 0 0 0 0 0 0 0 0 0 0 0 0 0 0 0 0 0 0 0 0 0 0 0 0 0 0 0 0 0 0 0 0 0 0 0 0 0 0 0 0 0 0 0 0 0 0 0 0 0 0 0 0 0 0 0 0 0 0 0 0 0 0 0 0 0 0 0 0 0 0 0 0 0 0 0 0 0 0 0 0 0 0 0 0 0 0 0 0 0 0 0 0 0 0 0 0 0 0 0 0 0 0 0 0 0 0 0 0 0 0 0 0 0 0 0 0 0 0 0 0 0 0 0 0 0 0 0 0 0 0 0 0 0 0 0 0 0 0 0 0 0 0 0 0 0 0 0 0 0 0 0 0 0 0 0 0 
0 0 0 0 0 0 0 0 0 0 0 0 0 0 0 0 0 0 0 0 0 0 0 0 0 0 0 0 0 0 0 0 0 0 0 0 0 0 0 0 0 0 0 0 0 0 0 0 0 0 0 0 0 0 0 0 0 0 0 0 0 193 193 193 193 193 193 194 194 194 194 194 194 194 195 195 195 195 195 195 195 196 196 196 196 196 196 196 197 197 197 197 197 197 197 198 198 198 198 198 198 198 199 199 199 199 199 199 199 199 200 200 200 200 200 200 200 201 201 201 201 201 201 201 202 202 202 202 202 202 202 203 203 203 203 203 203 203 203 204 204 204 203 203 204 204 204 204 204 204 204 204 205 205 205 205 205 205 205 205 206 206 206 206 206 206 206 206 207 207 207 207 207 207 207 207 208 208 208 208 208 208 208 208 209 209 209 209 209 209 209 209 209 210 210 209 210 210 210 210 210 210 210 210 210 210 210 210 210 210 210 210 210 210 210 210 210 210 210 210 210 210 210 210 210 210 210 210 210 210 210 210 210 210 210 210 210 210 210 210 210 210 212 212 212 212 212 212 212 212 212 212 212 212 212 212 212 212 212 213 212 212 212 212 212 212 212 213 213 213 213 213 213 213 213 213 213 213 213 213 213 213 213 213 213 213 213 213 213 213 213 213 213 213 213 213 213 213 213 213 213 213 213 213 213 213 213 212 212 212 212 213 213 213 213 213 213 213 213 213 213 213 213 213 213 213 213 213 213 213 213 0 0 0 0 0 0 0 0 0 0 0 0 0 0 0 0 0 0 0 0 0 0 0 0 0 0 0 0 0 0 0 0 0 0 0 0 0 0 0 0 0 0 0 0 0 0 0 0 0 0 0 0 0 0 0 0 0 0 0 0 0 0 0 0 0 0 0 0 0 0 0 0 0 0 0 0 0 0 0 0 0 0 0 0 0 0 0 0 0 0 0 0 0 0 0 0 0 0 0 0 0 0 0 0 0 0 0 0 0 0 0 0 0 0 0 0 0 0 0 0 0 0 0 0 0 0 0 0 0 0 0 0 0 0 0 0 0 0 0 0 0 0 0 0 0 0 0 0 0 0 0 0 0 0 0 0 0 0 0 0 0 0 0 0 0 0 0 0 0 0 0 0 
0 0 0 0 0 0 0 0 0 0 0 0 0 0 0 0 0 0 0 0 0 0 0 0 0 0 0 0 0 0 0 0 0 0 0 0 0 0 0 0 0 0 0 0 0 0 0 0 0 0 0 0 0 0 0 0 0 0 0 0 192 192 193 193 193 193 193 193 194 194 194 194 194 194 194 195 195 195 195 195 195 195 196 196 196 196 196 196 196 197 197 197 197 197 197 197 198 198 198 198 198 198 198 199 199 199 199 199 199 199 199 200 200 200 200 200 200 200 201 201 201 201 201 201 201 202 202 202 202 202 202 202 203 203 203 203 203 203 203 204 204 204 203 203 203 204 204 204 204 204 204 204 204 205 205 205 205 205 205 205 205 206 206 206 206 206 206 206 206 207 207 207 207 207 207 207 207 208 208 208 208 208 208 208 208 209 209 209 209 209 209 209 209 209 210 209 209 210 210 210 210 210 210 210 210 210 210 210 210 210 210 210 210 210 210 210 210 210 210 210 210 210 210 210 210 210 210 210 210 210 210 210 210 210 210 210 210 210 210 210 210 210 212 212 212 212 212 212 212 212 212 212 212 212 212 212 212 212 212 212 212 212 212 212 213 213 213 213 213 213 213 213 213 213 213 213 213 213 213 213 213 213 213 213 213 213 213 213 213 213 213 213 213 213 213 213 213 213 213 213 213 213 213 213 213 213 213 213 212 212 212 213 213 213 213 213 213 213 213 213 213 213 213 213 213 213 213 213 213 213 213 213 213 0 0 0 0 0 0 0 0 0 0 0 0 0 0 0 0 0 0 0 0 0 0 0 0 0 0 0 0 0 0 0 0 0 0 0 0 0 0 0 0 0 0 0 0 0 0 0 0 0 0 0 0 0 0 0 0 0 0 0 0 0 0 0 0 0 0 0 0 0 0 0 0 0 0 0 0 0 0 0 0 0 0 0 0 0 0 0 0 0 0 0 0 0 0 0 0 0 0 0 0 0 0 0 0 0 0 0 0 0 0 0 0 0 0 0 0 0 0 0 0 0 0 0 0 0 0 0 0 0 0 0 0 0 0 0 0 0 0 0 0 0 0 0 0 0 0 0 0 0 0 0 0 0 0 0 0 0 0 0 0 0 0 0 0 0 0 0 0 0 0 
0 0 0 0 0 0 0 0 0 0 0 0 0 0 0 0 0 0 0 0 0 0 0 0 0 0 0 0 0 0 0 0 0 0 0 0 0 0 0 0 0 0 0 0 0 0 0 0 0 0 0 0 0 0 0 0 0 0 0 0 0 192 192 193 193 193 193 193 193 194 194 194 194 194 194 194 195 195 195 195 195 195 195 196 196 196 196 196 196 196 197 197 197 197 197 197 197 198 198 198 198 198 198 198 199 199 199 199 199 199 199 199 200 200 200 200 200 200 200 201 201 201 201 201 201 201 202 202 202 202 202 202 202 203 203 203 203 203 203 203 204 204 203 203 203 203 204 204 204 204 204 204 204 205 205 205 205 205 205 205 205 205 206 206 206 206 206 206 206 206 207 207 207 207 207 207 207 208 208 208 208 208 208 208 208 208 208 208 208 208 209 209 209 209 209 209 209 210 210 210 210 210 210 210 210 210 210 210 210 210 210 210 210 210 210 210 210 210 210 210 210 210 210 210 210 210 210 210 210 210 210 210 210 210 210 210 210 210 210 210 210 210 212 212 212 212 212 212 212 212 212 212 212 212 212 212 212 212 212 212 212 212 212 213 213 213 213 213 213 213 213 213 213 213 213 213 213 213 213 213 213 213 213 213 213 213 213 213 213 213 213 213 213 213 213 213 213 213 213 213 213 213 213 213 213 213 213 212 212 212 212 213 213 213 213 213 213 213 213 213 213 213 213 213 213 213 213 213 213 213 213 213 213 213 0 0 0 0 0 0 0 0 0 0 0 0 0 0 0 0 0 0 0 0 0 0 0 0 0 0 0 0 0 0 0 0 0 0 0 0 0 0 0 0 0 0 0 0 0 0 0 0 0 0 0 0 0 0 0 0 0 0 0 0 0 0 0 0 0 0 0 0 0 0 0 0 0 0 0 0 0 0 0 0 0 0 0 0 0 0 0 0 0 0 0 0 0 0 0 0 0 0 0 0 0 0 0 0 0 0 0 0 0 0 0 0 0 0 0 0 0 0 0 0 0 0 0 0 0 0 0 0 0 0 0 0 0 0 0 0 0 0 0 0 0 0 0 0 0 0 0 0 0 0 0 0 0 0 0 0 0 0 0 0 0 0 0 0 0 0 0 0 0 
0 0 0 0 0 0 0 0 0 0 0 0 0 0 0 0 0 0 0 0 0 0 0 0 0 0 0 0 0 0 0 0 0 0 0 0 0 0 0 0 0 0 0 0 0 0 0 0 0 0 0 0 0 0 0 0 0 0 0 192 192 192 192 192 193 193 193 193 193 193 194 194 194 194 194 194 194 195 195 195 195 195 195 195 196 196 196 196 196 196 196 197 197 197 197 197 197 197 197 198 198 198 198 198 198 198 199 199 199 199 199 199 199 200 200 200 200 200 200 200 201 201 201 201 201 201 202 202 202 202 202 202 202 202 203 203 203 203 203 203 203 204 203 203 203 203 203 204 204 204 204 204 204 204 205 205 205 205 205 205 205 205 205 206 206 206 206 206 206 206 207 207 207 207 207 207 207 207 207 208 208 208 208 208 208 208 208 208 208 208 209 209 209 209 209 209 209 210 209 209 210 210 210 210 210 210 209 209 210 210 210 210 210 210 210 210 210 210 210 210 210 210 210 210 210 210 210 210 210 210 210 210 210 210 210 210 210 210 210 210 210 210 212 212 212 212 212 212 212 212 212 212 212 212 212 212 212 212 212 212 212 212 212 213 213 213 213 213 213 213 213 213 213 213 213 213 213 213 213 213 213 213 213 213 213 213 213 213 213 213 213 213 213 213 213 213 213 213 213 213 213 213 213 213 213 213 213 212 212 212 213 213 213 213 213 213 213 213 213 212 213 213 213 213 213 213 213 213 213 213 213 213 213 213 213 0 0 0 0 0 0 0 0 0 0 0 0 0 0 0 0 0 0 0 0 0 0 0 0 0 0 0 0 0 0 0 0 0 0 0 0 0 0 0 0 0 0 0 0 0 0 0 0 0 0 0 0 0 0 0 0 0 0 0 0 0 0 0 0 0 0 0 0 0 0 0 0 0 0 0 0 0 0 0 0 0 0 0 0 0 0 0 0 0 0 0 0 0 0 0 0 0 0 0 0 0 0 0 0 0 0 0 0 0 0 0 0 0 0 0 0 0 0 0 0 0 0 0 0 0 0 0 0 0 0 0 0 0 0 0 0 0 0 0 0 0 0 0 0 0 0 0 0 0 0 0 0 0 0 0 0 0 0 0 0 0 0 0 0 0 0 0 0 
0 0 0 0 0 0 0 0 0 0 0 0 0 0 0 0 0 0 0 0 0 0 0 0 0 0 0 0 0 0 0 0 0 0 0 0 0 0 0 0 0 0 0 0 0 0 0 0 0 0 0 0 0 0 0 0 0 0 191 192 192 192 192 192 192 193 193 193 193 193 193 194 194 194 194 194 194 194 195 195 195 195 195 195 195 196 196 196 196 196 196 197 197 197 197 197 197 197 197 197 198 198 198 198 198 198 199 199 199 199 199 199 199 199 200 200 200 200 200 200 201 201 201 201 201 201 201 202 202 202 202 202 202 202 203 203 203 203 203 203 203 204 203 203 203 203 203 204 204 204 204 204 204 204 204 205 205 205 205 205 205 205 205 205 206 206 206 206 206 206 206 207 207 207 207 207 207 207 207 207 207 208 208 208 208 208 208 208 208 208 209 209 209 209 209 209 209 209 209 209 210 210 210 210 210 209 209 210 210 210 210 209 210 210 210 210 210 210 210 210 210 210 210 210 210 210 210 210 210 210 210 210 210 210 210 210 210 210 210 210 210 210 212 212 212 212 212 212 212 212 212 212 212 212 212 212 212 212 212 212 212 212 213 213 213 213 213 213 213 213 213 213 213 213 213 213 213 213 213 213 213 213 213 213 213 213 213 213 213 213 213 213 213 213 213 213 213 213 213 213 213 213 213 213 213 213 213 213 212 212 213 213 213 213 213 213 213 212 212 213 213 213 213 213 213 213 213 213 213 213 213 213 213 213 213 0 0 0 0 0 0 0 0 0 0 0 0 0 0 0 0 0 0 0 0 0 0 0 0 0 0 0 0 0 0 0 0 0 0 0 0 0 0 0 0 0 0 0 0 0 0 0 0 0 0 0 0 0 0 0 0 0 0 0 0 0 0 0 0 0 0 0 0 0 0 0 0 0 0 0 0 0 0 0 0 0 0 0 0 0 0 0 0 0 0 0 0 0 0 0 0 0 0 0 0 0 0 0 0 0 0 0 0 0 0 0 0 0 0 0 0 0 0 0 0 0 0 0 0 0 0 0 0 0 0 0 0 0 0 0 0 0 0 0 0 0 0 0 0 0 0 0 0 0 0 0 0 0 0 0 0 0 0 0 0 0 0 0 0 0 0 0 0 
0 0 0 0 0 0 0 0 0 0 0 0 0 0 0 0 0 0 0 0 0 0 0 0 0 0 0 0 0 0 0 0 0 0 0 0 0 0 0 0 0 0 0 0 0 0 0 0 0 0 0 0 0 0 0 0 0 0 0 0 192 192 192 192 192 192 193 193 193 193 193 193 194 194 194 194 194 194 194 195 195 195 195 195 195 195 196 196 196 196 196 196 196 197 197 197 197 197 197 197 198 198 198 198 198 198 198 199 199 199 199 199 199 199 200 200 200 200 200 200 200 201 201 201 201 201 201 201 202 202 202 202 202 202 202 203 203 203 203 203 203 203 203 203 203 203 203 203 204 204 204 204 204 204 204 204 205 205 205 205 205 205 205 205 206 206 206 206 206 206 206 206 207 207 207 207 207 207 207 207 207 207 208 208 208 208 208 208 208 208 209 209 209 209 209 209 209 209 209 209 209 209 209 209 209 209 209 209 210 210 210 210 210 210 209 210 210 209 210 210 210 210 210 209 210 210 210 210 210 210 210 210 210 210 210 210 210 210 210 210 210 210 212 212 212 212 212 212 212 212 212 212 212 212 212 212 212 212 212 212 213 213 213 213 213 213 213 213 213 213 213 213 213 213 213 213 213 213 213 213 213 213 213 213 213 213 212 213 213 213 213 213 213 213 213 213 213 213 213 213 213 213 213 213 213 213 213 213 213 212 213 213 213 213 213 212 213 213 213 213 213 213 213 213 213 213 213 213 213 213 213 213 213 213 213 0 0 0 0 0 0 0 0 0 0 0 0 0 0 0 0 0 0 0 0 0 0 0 0 0 0 0 0 0 0 0 0 0 0 0 0 0 0 0 0 0 0 0 0 0 0 0 0 0 0 0 0 0 0 0 0 0 0 0 0 0 0 0 0 0 0 0 0 0 0 0 0 0 0 0 0 0 0 0 0 0 0 0 0 0 0 0 0 0 0 0 0 0 0 0 0 0 0 0 0 0 0 0 0 0 0 0 0 0 0 0 0 0 0 0 0 0 0 0 0 0 0 0 0 0 0 0 0 0 0 0 0 0 0 0 0 0 0 0 0 0 0 0 0 0 0 0 0 0 0 0 0 0 0 0 0 0 0 0 0 0 0 0 0 0 0 0 0 
0 0 0 0 0 0 0 0 0 0 0 0 0 0 0 0 0 0 0 0 0 0 0 0 0 0 0 0 0 0 0 0 0 0 0 0 0 0 0 0 0 0 0 0 0 0 0 0 0 0 0 0 0 0 0 0 0 0 191 191 191 192 192 192 192 192 192 193 193 193 193 193 193 194 194 194 194 194 194 194 195 195 195 195 195 195 195 196 196 196 196 196 196 196 197 197 197 197 197 197 197 198 198 198 198 198 198 198 199 199 199 199 199 199 199 200 200 200 200 200 200 200 200 201 201 201 201 201 201 202 202 202 202 202 202 202 203 203 203 203 203 203 203 203 203 203 203 203 203 204 204 204 204 204 204 204 204 205 205 205 205 205 205 205 205 206 206 206 206 206 206 206 206 207 207 207 207 207 207 207 207 207 207 208 208 208 208 208 208 208 208 209 209 209 209 209 209 209 209 209 209 209 209 209 209 209 209 209 209 209 209 210 210 210 210 210 210 210 209 210 210 210 210 209 209 209 210 210 210 210 210 210 210 210 210 210 210 210 210 210 210 210 212 212 212 212 212 212 212 212 212 212 212 212 212 212 212 212 212 212 213 213 213 213 213 213 213 213 213 213 213 213 213 213 213 213 213 213 213 213 213 213 213 213 213 213 212 212 213 213 213 213 213 213 213 213 213 213 213 213 213 213 213 213 213 213 213 213 213 213 213 213 213 213 213 213 213 213 213 213 213 213 213 213 213 213 213 213 213 213 213 213 213 213 213 213 0 0 0 0 0 0 0 0 0 0 0 0 0 0 0 0 0 0 0 0 0 0 0 0 0 0 0 0 0 0 0 0 0 0 0 0 0 0 0 0 0 0 0 0 0 0 0 0 0 0 0 0 0 0 0 0 0 0 0 0 0 0 0 0 0 0 0 0 0 0 0 0 0 0 0 0 0 0 0 0 0 0 0 0 0 0 0 0 0 0 0 0 0 0 0 0 0 0 0 213 213 213 213 0 0 0 0 0 0 0 0 0 0 0 0 0 0 0 0 0 0 0 0 0 0 0 0 0 0 0 0 0 0 0 0 0 0 0 0 0 0 0 0 0 0 0 0 0 0 0 0 0 0 0 0 0 0 0 0 0 0 0 0 0 0 0 0 
0 0 0 0 0 0 0 0 0 0 0 0 0 0 0 0 0 0 0 0 0 0 0 0 0 0 0 0 0 0 0 0 0 0 0 0 0 0 0 0 0 0 0 0 0 0 0 0 0 0 0 0 0 0 0 0 0 0 0 191 191 191 192 192 192 192 192 192 193 193 193 193 193 193 194 194 194 194 194 194 194 195 195 195 195 195 195 195 196 196 196 196 196 196 196 196 197 197 197 197 197 197 198 198 198 198 198 198 198 199 199 199 199 199 199 199 199 200 200 200 200 200 200 200 200 201 201 201 201 201 202 202 202 202 202 202 202 203 203 203 203 203 203 203 203 203 203 203 203 203 204 204 204 204 204 204 204 204 205 205 205 205 205 205 205 205 206 206 206 206 206 206 206 206 207 207 207 207 207 207 207 207 207 207 208 208 208 208 208 208 208 209 209 209 209 208 208 209 209 209 209 209 209 209 209 209 209 209 209 209 209 209 209 210 210 210 210 210 210 210 210 210 210 210 209 209 210 210 210 210 210 210 210 210 210 210 210 210 210 210 210 210 212 212 212 212 212 212 212 212 212 212 212 212 212 212 212 212 212 212 213 213 213 213 213 213 213 213 213 213 213 213 213 213 213 213 213 213 213 213 213 213 213 213 213 213 213 212 212 213 213 213 213 213 213 213 213 213 213 213 213 213 213 213 213 213 213 213 213 213 213 213 213 213 213 213 213 213 214 213 213 213 213 213 213 213 213 213 213 213 213 213 213 213 213 213 0 0 0 0 0 0 0 0 0 0 0 0 0 0 0 0 0 0 0 0 0 0 0 0 0 0 0 0 0 0 0 0 0 0 0 0 0 0 0 0 0 0 0 0 0 0 0 0 0 0 0 0 0 0 0 0 0 0 0 0 0 0 0 0 0 0 0 0 0 0 0 0 0 0 0 0 0 0 0 0 0 0 0 0 0 0 0 0 0 0 0 0 0 0 0 0 213 214 214 214 214 214 213 213 0 0 0 0 0 0 0 0 0 0 0 0 0 0 0 0 0 0 0 0 0 0 0 0 0 0 0 0 0 0 0 0 0 0 0 0 0 0 0 0 0 0 0 0 0 0 0 0 0 0 0 0 0 0 0 0 0 0 0 0 0 0 0 
0 0 0 0 0 0 0 0 0 0 0 0 0 0 0 0 0 0 0 0 0 0 0 0 0 0 0 0 0 0 0 0 0 0 0 0 0 0 0 0 0 0 0 0 0 0 0 0 0 0 0 0 0 0 0 0 0 0 191 191 191 191 191 192 192 192 192 192 192 193 193 193 193 193 193 193 194 194 194 194 194 194 194 195 195 195 195 195 195 195 196 196 196 196 196 196 196 197 197 197 197 197 197 198 198 198 198 198 198 198 199 199 199 199 199 199 199 199 200 200 200 200 200 200 200 201 201 201 201 201 201 201 202 202 202 202 202 203 203 203 203 203 202 203 203 203 203 203 203 203 203 204 204 204 204 204 204 204 204 205 205 205 205 205 205 205 205 206 206 206 206 206 206 206 206 207 207 207 207 207 207 207 207 207 208 208 208 208 208 208 208 208 209 209 208 208 208 208 209 209 209 209 209 210 209 209 209 209 209 209 209 209 209 209 209 209 209 210 210 210 210 210 210 210 210 209 209 210 210 210 210 210 210 210 210 210 210 210 210 210 210 210 212 212 212 212 212 212 212 212 212 212 212 212 212 212 212 212 212 212 213 213 213 213 213 213 213 213 213 213 213 213 213 213 213 213 213 213 213 213 213 213 213 213 213 213 213 213 213 213 213 213 213 213 213 213 213 213 213 213 213 213 213 213 213 213 213 213 213 213 213 213 213 213 213 213 213 214 214 213 213 213 213 213 213 213 213 213 213 213 213 213 213 213 213 0 0 0 0 0 0 0 0 0 0 0 0 0 0 0 0 0 0 0 0 0 0 0 0 0 0 0 0 0 0 0 0 0 0 0 0 0 0 0 0 0 0 0 0 0 0 0 0 0 0 0 0 0 0 0 0 0 0 0 0 0 0 0 0 0 0 0 0 0 0 0 0 0 0 0 0 0 0 0 0 0 0 0 0 0 0 0 0 0 0 0 0 0 0 0 0 213 214 214 214 214 214 214 214 214 213 0 0 0 0 0 0 0 0 0 0 0 0 0 0 0 0 0 0 0 0 0 0 0 0 0 0 0 0 0 0 0 0 0 0 0 0 0 0 0 0 0 0 0 0 0 0 0 0 0 0 0 0 0 0 0 0 0 0 0 0 0 0 
0 0 0 0 0 0 0 0 0 0 0 0 0 0 0 0 0 0 0 0 0 0 0 0 0 0 0 0 0 0 0 0 0 0 0 0 0 0 0 0 0 0 0 0 0 0 0 0 0 0 0 0 0 0 0 0 190 190 191 191 191 191 191 191 192 192 192 192 192 192 192 193 193 193 193 193 193 193 194 194 194 194 194 194 195 195 195 195 195 195 195 196 196 196 196 196 196 196 197 197 197 197 197 197 198 198 198 198 198 198 198 199 199 199 199 199 199 199 199 200 200 200 200 200 200 201 201 201 201 201 201 201 201 202 202 202 202 202 203 203 203 203 202 202 203 203 203 203 203 203 203 203 204 204 204 204 204 204 204 204 205 205 205 205 205 205 205 205 206 206 206 206 206 206 206 206 207 207 207 207 207 207 207 207 207 208 208 208 208 208 208 208 208 208 208 208 208 208 208 209 209 209 209 209 209 209 209 209 209 209 209 209 209 209 209 209 210 210 210 210 209 210 210 210 210 210 209 209 210 210 210 210 210 210 210 210 210 210 210 210 210 210 212 212 212 212 212 212 212 212 212 212 212 212 212 212 212 212 212 212 213 213 213 213 213 213 213 213 213 213 213 213 213 213 213 213 213 213 213 213 213 213 213 213 213 213 213 213 213 213 213 213 213 213 213 213 213 213 213 213 213 213 213 213 213 213 213 213 213 213 213 213 213 213 213 213 213 213 213 213 213 213 213 213 213 213 213 213 213 213 213 213 213 213 213 0 0 0 0 0 0 0 0 0 0 0 0 0 0 0 0 0 0 0 0 0 0 0 0 0 0 0 0 0 0 0 0 0 0 0 0 0 0 0 0 0 0 0 0 0 0 0 0 0 0 0 0 0 0 0 0 0 0 0 0 0 0 0 0 0 0 0 0 0 0 0 0 0 0 0 0 0 0 0 0 0 0 0 0 0 0 0 0 0 0 0 0 0 0 0 214 213 214 214 214 215 215 214 214 214 214 213 213 0 0 0 0 0 0 0 0 0 0 0 0 0 0 0 0 0 0 0 0 0 0 0 0 0 0 0 0 0 0 0 0 0 0 0 0 0 0 0 0 0 0 0 0 0 0 0 0 0 0 0 0 0 0 0 0 0 0 0 0 
0 0 0 0 0 0 0 0 0 0 0 0 0 0 0 0 0 0 0 0 0 0 0 0 0 0 0 0 0 0 0 0 0 0 0 0 0 0 0 0 0 0 0 0 0 0 0 0 0 0 0 0 0 0 0 0 190 190 190 191 191 191 191 191 191 191 192 192 192 192 192 192 192 193 193 193 193 193 193 193 194 194 194 194 194 194 195 195 195 195 195 195 196 196 196 196 196 196 197 197 197 197 197 197 197 198 198 198 198 198 198 198 199 199 199 199 199 199 199 200 200 200 200 200 200 201 201 201 201 201 201 201 201 202 202 202 202 202 202 203 203 203 202 202 202 202 203 203 203 203 203 203 203 204 204 204 204 204 204 204 204 205 205 205 205 205 205 205 206 206 206 206 206 206 206 206 206 206 206 206 207 207 207 207 207 207 208 208 208 208 208 208 208 208 208 208 208 208 208 208 208 208 208 209 209 209 209 209 209 209 209 209 209 209 209 209 209 210 210 210 209 209 209 209 210 210 210 209 209 210 210 210 210 210 210 210 210 210 210 210 210 210 212 212 212 212 212 212 212 212 212 212 212 212 212 212 212 212 212 212 212 213 213 213 213 213 213 213 213 213 213 213 213 213 213 213 213 213 213 213 213 213 213 213 213 213 213 213 213 213 213 213 213 213 213 213 213 213 213 213 213 213 213 213 213 213 213 213 213 213 213 213 213 213 213 213 213 213 213 213 213 213 213 213 213 213 213 213 213 214 213 213 213 213 213 213 0 0 0 0 0 0 0 0 0 0 0 0 0 0 0 0 0 0 0 0 0 0 0 0 0 0 0 0 0 0 0 0 0 0 0 0 0 0 0 0 0 0 0 0 0 0 0 0 0 0 0 0 0 0 0 0 0 0 0 0 0 0 0 0 0 0 0 0 0 0 0 0 0 0 0 0 0 0 0 0 0 0 0 0 0 0 0 0 0 0 0 0 0 214 214 214 214 215 215 215 215 214 214 214 214 214 213 213 0 0 0 0 0 0 0 0 0 0 0 0 0 0 0 0 0 0 0 0 0 0 0 0 0 0 0 0 0 0 0 0 0 0 0 0 0 0 0 0 0 0 0 0 0 0 0 0 0 0 0 0 0 0 0 0 0 0 0 
0 0 0 0 0 0 0 0 0 0 0 0 0 0 0 0 0 0 0 0 0 0 0 0 0 0 0 0 0 0 0 0 0 0 0 0 0 0 0 0 0 0 0 0 0 0 0 0 0 0 0 0 0 0 0 190 190 190 190 190 191 191 191 191 191 191 191 191 192 192 192 192 192 192 192 192 193 193 193 193 193 194 194 194 194 194 195 195 195 195 195 195 195 196 196 196 196 196 196 197 197 197 197 197 197 198 198 198 198 198 198 198 198 199 199 199 199 199 199 200 200 200 200 200 200 200 200 201 201 201 201 201 201 201 202 202 202 202 202 202 203 203 202 202 202 202 203 203 203 203 203 203 203 203 204 204 204 204 204 204 204 204 205 205 205 205 205 205 205 206 206 206 206 206 206 206 206 206 206 206 207 207 207 207 207 207 208 208 208 208 208 208 208 208 208 208 208 208 208 208 208 208 208 208 208 209 209 209 209 209 209 209 209 209 209 209 209 210 210 209 209 209 209 209 209 209 209 209 209 209 209 210 210 210 210 210 210 210 210 210 210 210 212 212 212 212 212 212 212 212 212 212 212 212 212 212 212 212 212 212 212 213 213 213 213 213 213 213 213 213 213 213 213 213 213 213 213 213 213 213 213 213 213 213 213 213 213 213 213 213 213 213 213 213 213 213 213 213 213 213 213 213 213 213 213 214 213 213 213 213 213 213 213 213 213 213 213 213 213 213 213 213 213 213 213 213 213 214 214 214 213 213 214 213 213 213 213 0 0 0 0 0 0 0 0 0 0 0 0 0 0 0 0 0 0 0 0 0 0 0 0 0 0 0 0 0 0 0 0 0 0 0 0 0 0 0 0 0 0 0 0 0 0 0 0 0 0 0 0 0 0 0 0 0 0 0 0 0 0 0 0 0 0 0 0 0 0 0 0 0 0 0 0 0 0 0 0 0 0 0 0 0 214 214 214 214 214 214 214 214 214 214 214 215 215 215 215 215 215 215 215 214 213 213 213 0 0 0 0 0 0 0 0 0 0 0 0 0 0 0 0 0 0 0 0 0 0 0 0 0 0 0 0 0 0 0 0 0 0 0 0 0 0 0 0 0 0 0 0 0 0 0 0 0 0 0 0 0 0 0 0 0 0 
0 0 0 0 0 0 0 0 0 0 0 0 0 0 0 0 0 0 0 0 0 0 0 0 0 0 0 0 0 0 0 0 0 0 0 0 0 0 0 0 0 0 0 0 0 0 0 0 0 0 0 0 0 0 0 0 190 190 190 190 190 190 190 190 191 191 191 191 191 192 192 192 192 192 192 192 193 193 193 193 193 194 194 194 194 194 194 194 195 195 195 195 195 196 196 196 196 196 196 196 197 197 197 197 197 197 198 198 198 198 198 198 198 198 199 199 199 199 199 199 200 200 200 200 200 200 200 201 201 201 201 201 201 201 202 202 202 202 202 202 203 203 202 202 202 202 202 203 203 203 203 203 203 203 203 204 204 204 204 204 204 204 204 205 205 205 205 205 205 205 205 206 206 206 206 206 206 206 206 206 206 207 207 207 207 207 207 207 208 208 208 208 208 208 208 208 208 208 208 208 208 208 208 208 208 209 209 209 209 209 209 209 209 209 209 209 209 209 210 209 209 209 209 209 209 209 209 209 210 209 209 209 209 209 209 209 210 210 210 210 210 210 212 212 212 212 212 212 212 212 212 212 212 212 212 212 212 212 212 212 212 212 213 213 213 213 213 213 213 213 213 213 213 213 213 213 213 213 213 213 213 213 213 213 213 213 213 213 213 213 213 213 213 213 213 213 213 213 213 213 213 213 213 214 214 214 214 214 213 213 213 213 213 213 213 213 214 213 213 213 213 213 213 213 213 213 214 214 213 213 213 214 213 213 213 213 213 213 213 0 213 213 212 212 212 212 0 0 0 0 0 0 0 0 0 0 0 0 0 0 0 0 0 0 0 0 0 0 0 0 0 0 0 0 0 0 0 0 0 0 0 0 0 0 0 0 0 0 0 0 0 0 0 0 0 0 0 0 0 0 0 0 0 0 0 0 0 0 0 0 0 0 0 0 0 0 0 0 0 214 214 214 214 214 214 214 214 214 214 214 215 215 214 215 215 215 215 215 215 215 215 214 214 214 214 214 214 0 0 0 0 0 0 0 0 0 0 0 0 0 0 0 0 0 0 0 0 0 0 0 0 0 0 0 0 0 0 0 0 0 0 0 0 0 0 0 0 0 0 0 0 0 0 0 0 0 0 0 0 0 0 0 0 
0 0 0 0 0 0 0 0 0 0 0 0 0 0 0 0 0 0 0 0 0 0 0 0 0 0 0 0 0 0 0 0 0 0 0 0 0 0 0 0 0 0 0 0 0 0 0 0 0 0 0 0 0 189 189 190 190 190 190 190 190 190 190 190 191 191 191 191 191 191 191 192 192 192 192 192 192 192 193 193 193 193 194 194 194 194 194 195 195 195 195 195 195 195 195 196 196 196 196 196 196 197 197 197 197 197 197 197 198 198 198 198 198 198 198 198 199 199 199 199 199 200 200 200 200 200 200 201 201 201 201 201 201 201 201 202 202 202 202 202 202 203 202 202 202 202 202 202 203 203 203 203 203 203 203 204 204 204 204 204 204 204 204 205 205 205 205 205 205 205 205 205 205 205 206 206 206 206 206 206 207 207 207 207 207 207 207 207 207 207 208 208 208 208 208 208 208 208 208 208 208 208 208 208 208 208 209 209 209 209 209 209 209 209 209 209 209 209 209 209 209 209 209 209 209 209 209 209 210 209 209 209 209 209 209 209 209 209 209 209 209 209 212 212 212 212 212 212 212 212 212 212 212 212 212 212 212 212 212 212 212 212 213 213 213 213 213 213 213 213 213 213 213 213 213 213 213 213 213 213 213 213 213 213 213 213 213 213 213 213 213 213 213 213 213 213 213 213 213 213 213 213 213 213 214 214 214 214 214 213 213 213 214 214 213 213 214 213 213 213 213 213 213 213 213 213 213 213 214 213 214 214 213 213 214 214 213 213 213 213 213 213 213 213 213 213 212 212 212 0 212 212 212 213 213 213 213 213 212 0 0 213 213 213 0 0 0 0 0 0 0 0 0 0 0 0 0 0 0 0 0 0 0 0 0 0 0 0 0 0 0 0 0 0 0 0 0 0 0 0 0 0 0 0 0 0 0 0 0 0 0 0 0 0 0 0 0 0 0 214 214 215 215 215 215 215 215 215 215 215 215 215 215 215 215 215 216 216 216 215 215 215 214 215 214 214 214 214 0 0 0 0 0 0 0 0 0 0 0 0 0 0 0 0 0 0 0 0 0 0 0 0 0 0 0 0 0 0 0 0 0 0 0 0 0 0 0 0 0 0 0 0 0 0 0 0 0 0 0 0 0 0 0 
0 0 0 0 0 0 0 0 0 0 0 0 0 0 0 0 0 0 0 0 0 0 0 0 0 0 0 0 0 0 0 0 0 0 0 0 0 0 0 0 0 0 0 0 0 0 0 0 0 0 0 0 0 0 189 189 189 190 190 190 190 190 190 190 190 191 191 191 191 191 191 191 191 192 192 192 192 192 192 193 193 193 193 194 194 194 194 194 195 195 195 195 195 195 195 195 196 196 196 196 196 196 197 197 197 197 197 197 198 198 198 198 198 198 198 198 198 199 199 199 199 199 200 200 200 200 200 200 200 200 201 201 201 201 201 202 202 202 202 202 202 202 202 202 202 202 202 202 202 203 203 203 203 203 203 203 204 204 204 204 204 204 204 204 205 205 205 205 205 205 205 205 205 205 205 206 206 206 206 206 206 206 206 206 207 207 207 207 207 207 207 208 208 208 208 208 208 208 208 208 208 208 208 208 209 208 208 209 209 208 208 208 209 209 209 209 209 209 209 209 209 209 209 209 209 209 209 209 210 210 209 209 210 210 209 209 210 209 210 210 210 210 212 212 212 212 212 212 212 212 212 212 212 212 212 212 212 212 212 212 212 212 212 213 213 213 213 213 213 213 213 213 213 213 213 213 213 213 213 213 213 213 213 213 213 213 213 213 213 213 213 213 213 213 213 213 213 213 213 213 213 213 213 213 214 214 214 214 214 214 214 214 214 214 214 214 214 213 213 213 213 213 213 213 213 213 213 214 214 214 214 214 214 213 214 214 214 213 213 213 213 213 213 213 213 213 213 213 213 213 213 213 213 213 213 213 213 213 213 212 213 213 213 213 213 213 213 213 213 213 0 0 0 0 0 0 0 0 0 0 0 0 0 0 0 0 0 0 0 0 0 0 0 0 0 0 0 0 0 0 0 0 0 0 0 0 0 0 0 0 0 0 0 0 0 0 0 0 214 215 215 215 215 215 215 215 215 216 215 216 215 215 216 215 216 216 216 216 215 215 215 215 215 215 214 214 214 214 214 0 0 0 0 0 0 0 0 0 0 0 0 0 0 0 0 0 0 0 0 0 0 0 0 0 0 0 0 0 0 0 0 0 0 0 0 0 0 0 0 0 0 0 0 0 0 0 0 0 0 0 0 0 0 
0 0 0 0 0 0 0 0 0 0 0 0 0 0 0 0 0 0 0 0 0 0 0 0 0 0 0 0 0 0 0 0 0 0 0 0 0 0 0 0 0 0 0 0 0 0 0 0 0 0 0 0 0 189 189 189 189 189 189 189 190 190 190 190 190 191 191 191 191 191 191 191 191 192 192 192 192 192 192 193 193 193 193 193 194 194 194 194 194 195 195 195 195 195 195 195 196 196 196 196 196 196 196 197 197 197 197 197 197 197 198 198 198 198 198 198 198 198 199 199 199 199 200 200 200 200 200 200 200 200 201 201 201 201 201 201 202 202 202 202 202 202 201 202 202 202 202 202 202 202 203 203 203 203 203 203 203 203 204 204 204 204 204 204 204 204 204 204 205 205 205 205 205 205 205 205 206 206 206 206 206 206 206 206 207 207 207 207 207 207 207 208 208 208 208 208 208 208 208 208 208 208 208 208 208 208 208 209 209 208 209 209 209 209 209 209 209 209 209 209 209 209 209 209 209 209 209 209 209 209 209 210 210 210 210 210 209 209 209 210 209 210 212 212 212 212 212 212 212 212 212 212 212 212 212 212 212 212 212 212 212 212 212 213 213 213 213 213 213 213 213 213 213 213 213 213 213 213 213 213 213 213 213 213 213 213 213 213 213 213 213 213 213 213 213 213 213 213 213 213 213 213 213 213 214 214 214 214 214 214 214 214 214 214 214 214 214 213 213 213 213 213 213 213 213 213 214 214 214 214 214 214 213 213 214 214 214 213 213 213 213 214 213 214 214 214 214 214 213 213 213 212 212 213 213 213 213 214 213 213 213 213 213 213 213 213 213 213 213 213 213 213 213 213 213 213 0 0 0 0 0 0 0 0 0 0 0 0 0 0 0 0 0 0 0 0 0 0 0 0 0 0 0 0 0 0 0 0 0 0 0 0 0 0 0 0 0 0 214 215 215 215 215 215 215 215 215 216 216 216 216 216 216 216 216 216 216 216 216 215 215 215 215 215 214 214 214 214 214 214 214 0 0 0 0 0 0 0 0 0 0 0 0 0 0 0 0 0 0 0 0 0 0 0 0 0 0 0 0 0 0 0 0 0 0 0 0 0 0 0 0 0 0 0 0 0 0 0 0 0 0 0 0 
0 0 0 0 0 0 0 0 0 0 0 0 0 0 0 0 0 0 0 0 0 0 0 0 0 0 0 0 0 0 0 0 0 0 0 0 0 0 0 0 0 0 0 0 0 0 0 0 0 0 0 188 189 189 189 189 189 189 189 189 189 190 190 190 190 190 190 190 191 191 191 191 192 192 192 192 192 192 193 193 192 192 193 193 193 194 194 194 194 194 194 195 195 195 195 195 195 195 195 196 196 196 196 196 197 197 197 197 197 197 197 198 198 198 198 198 198 198 198 199 199 199 199 200 200 200 200 200 200 201 201 201 201 201 201 201 201 202 202 202 202 202 201 201 202 202 202 202 202 202 202 203 203 203 203 203 203 203 203 204 204 204 204 204 204 204 204 204 204 205 205 205 205 205 205 205 205 206 206 206 206 206 206 206 206 206 207 207 207 207 207 207 207 208 207 208 208 208 208 208 208 208 208 208 208 208 208 208 209 208 208 208 209 209 209 209 209 209 209 209 209 209 209 209 209 209 209 209 209 209 209 210 210 210 210 210 210 210 209 210 210 210 212 212 212 212 212 212 212 212 212 212 212 212 212 212 212 212 212 212 212 212 212 212 212 212 213 213 213 213 213 213 213 213 213 213 213 213 213 213 213 213 213 213 213 213 213 213 213 213 213 213 213 213 213 213 213 213 213 213 213 213 213 213 214 214 214 214 214 214 214 214 213 213 214 214 213 213 213 213 213 213 213 213 213 213 213 214 214 214 213 213 213 213 213 213 213 214 213 213 214 214 214 214 214 214 214 213 213 213 213 213 213 213 213 213 213 213 214 214 213 213 213 213 214 213 214 214 214 214 213 213 214 214 213 214 213 213 213 213 213 212 0 0 0 0 0 0 0 0 0 0 0 0 0 0 0 0 0 0 0 0 0 0 0 0 0 0 0 0 0 0 0 0 0 0 214 215 215 215 215 215 215 216 216 216 216 216 216 216 215 216 216 216 216 216 216 216 216 216 215 215 215 215 215 215 215 215 215 215 215 215 215 0 0 0 0 0 0 0 0 0 0 0 0 0 0 0 0 0 0 0 0 0 0 0 0 0 0 0 0 0 0 0 0 0 0 0 0 0 0 0 0 0 0 0 0 0 0 0 0 0 0 
0 0 0 0 0 0 0 0 0 0 0 0 0 0 0 0 0 0 0 0 0 0 0 0 0 0 0 0 0 0 0 0 0 0 0 0 0 0 0 0 0 0 0 0 0 0 0 0 0 188 188 188 188 188 189 189 189 189 189 189 189 189 190 190 190 190 190 190 191 191 191 192 192 192 192 192 192 192 192 192 192 192 192 193 193 193 194 194 194 194 194 195 195 195 195 195 195 195 195 196 196 196 196 196 196 197 197 197 197 197 197 198 198 198 198 198 198 198 198 199 199 199 199 199 200 200 200 200 200 200 201 201 201 201 201 201 201 201 202 202 202 202 201 201 202 202 202 202 202 202 202 202 203 203 203 203 203 203 203 203 204 204 204 204 204 204 204 204 204 204 205 205 205 205 205 205 206 206 206 206 206 206 206 206 206 206 206 207 207 207 207 207 207 207 207 207 208 208 208 208 208 208 208 208 208 208 208 208 208 208 208 208 209 209 209 209 209 209 209 209 209 209 209 209 209 209 209 209 209 209 209 210 209 210 210 210 210 210 210 210 210 210 212 212 212 212 212 212 212 212 212 212 212 212 212 212 212 212 212 212 212 212 212 212 212 213 213 213 213 213 213 213 213 213 213 213 213 213 213 213 213 213 213 213 213 213 213 213 213 213 213 213 213 213 213 213 213 213 214 214 213 213 213 213 214 214 214 214 214 214 214 213 213 213 213 213 213 213 213 213 213 213 213 213 213 213 213 214 214 214 213 213 213 213 213 213 213 213 213 213 214 214 214 214 214 214 213 213 214 214 214 214 213 214 214 214 214 214 214 214 213 213 213 214 214 214 214 214 214 213 213 214 214 214 213 214 213 213 213 214 214 213 0 0 0 0 0 0 0 0 0 0 0 0 0 0 0 0 0 0 0 0 0 0 0 0 0 0 0 0 0 0 0 0 0 214 215 215 215 215 215 215 215 216 216 216 216 216 216 215 215 216 216 216 216 216 216 216 216 216 215 215 215 215 215 215 215 215 215 215 215 215 215 215 215 0 0 0 0 0 0 0 0 0 0 0 0 0 0 0 0 0 0 0 0 0 0 0 0 0 0 0 0 0 0 0 0 0 0 0 0 0 0 0 0 0 0 0 0 0 0 0 0 
0 0 0 0 0 0 0 0 0 0 0 0 0 0 0 0 0 0 0 0 0 0 0 0 0 0 0 0 0 0 0 0 0 0 0 0 0 0 0 0 0 0 0 0 0 0 0 0 0 188 188 188 188 188 188 189 189 189 189 189 189 189 189 190 190 190 190 190 190 191 191 191 191 192 192 192 192 192 193 193 193 193 193 192 193 193 193 194 194 194 194 194 194 195 195 195 195 195 195 195 196 196 196 196 196 196 197 197 197 197 197 197 197 198 198 198 198 198 198 199 199 199 199 199 199 200 200 200 200 200 200 200 201 201 201 201 201 201 201 202 202 202 201 201 201 201 202 202 202 202 202 202 202 202 202 203 203 203 203 203 203 204 204 204 204 204 204 204 204 204 205 205 205 205 205 205 205 205 205 205 205 206 206 206 206 206 206 206 206 207 207 207 207 207 207 207 207 207 208 208 208 208 208 208 208 208 208 208 208 208 208 208 208 209 209 209 209 209 209 209 209 209 209 209 209 209 209 209 209 209 209 209 209 209 209 209 210 210 210 210 210 210 212 212 212 212 212 212 212 212 212 212 212 212 212 212 212 212 212 212 212 212 212 212 212 212 212 213 213 213 213 213 213 213 213 213 213 213 213 213 213 213 213 213 213 213 213 213 213 213 213 213 213 213 213 213 213 214 214 214 214 213 213 213 214 214 214 214 214 214 214 214 213 213 213 213 214 214 214 214 213 213 213 213 213 213 213 214 214 214 213 213 213 214 214 214 214 213 213 214 214 214 214 214 213 213 213 213 213 214 214 214 214 214 214 214 214 215 214 214 213 213 214 214 214 214 214 214 214 213 213 214 214 214 214 214 214 213 213 214 214 213 0 0 0 0 0 0 0 0 0 0 0 0 0 0 0 0 0 0 0 0 0 0 0 0 0 0 0 0 0 0 0 0 0 214 215 215 215 216 215 215 215 216 216 216 216 216 216 216 216 216 216 215 216 216 216 216 216 215 215 215 215 215 215 215 215 215 215 215 215 215 215 215 215 215 215 215 215 215 215 215 215 215 0 0 0 0 0 0 0 0 0 0 0 0 0 0 0 0 0 0 0 0 0 0 0 0 0 0 0 0 0 0 0 0 0 0 0 0 0 0 0 
0 0 0 0 0 0 0 0 0 0 0 0 0 0 0 0 0 0 0 0 0 0 0 0 0 0 0 0 0 0 0 0 0 0 0 0 0 0 0 0 0 0 0 0 0 0 0 0 0 187 188 188 188 188 188 188 189 189 189 189 189 189 189 189 190 190 190 190 190 190 191 190 191 191 191 191 191 191 192 192 193 193 193 193 192 193 193 193 194 194 194 194 195 195 195 195 195 195 195 195 195 196 196 196 196 196 196 196 197 197 197 197 197 198 198 198 198 198 198 198 199 199 199 199 199 199 200 200 200 200 200 200 201 201 201 201 201 201 201 201 202 202 201 201 201 201 201 201 202 202 202 202 202 202 202 203 203 203 203 203 203 203 204 204 204 204 204 204 204 204 204 204 205 205 205 205 205 205 205 205 205 206 206 206 206 206 206 206 206 206 206 207 207 207 207 207 207 207 207 208 208 208 208 208 208 208 208 208 208 208 208 208 208 208 209 208 209 209 208 209 209 209 209 209 209 209 209 209 209 209 209 209 209 209 209 209 209 209 209 209 209 209 211 211 211 211 211 212 212 212 212 212 212 212 212 212 212 212 212 212 212 212 212 212 212 212 213 213 213 213 213 213 213 213 213 213 213 213 213 213 213 213 213 213 213 213 213 213 213 213 213 213 213 213 213 213 213 214 214 214 214 214 214 213 214 214 214 214 214 214 214 214 214 214 214 214 214 214 214 214 213 213 213 213 213 213 213 214 214 213 214 214 214 214 214 214 214 213 214 214 214 214 214 213 213 214 214 214 214 214 214 214 214 214 214 214 214 215 215 214 213 213 214 214 214 214 213 213 214 214 213 213 214 214 214 214 214 213 213 214 214 214 213 0 0 0 0 0 0 0 0 0 0 0 0 0 0 0 0 0 0 0 0 0 0 0 0 0 0 0 0 0 0 0 213 214 215 215 215 216 216 215 215 216 216 216 216 216 216 216 216 216 216 216 216 216 216 215 216 215 215 215 215 215 215 215 215 215 215 215 215 215 215 215 215 215 215 215 215 215 215 215 215 215 215 215 0 0 0 0 0 0 0 0 0 0 0 0 0 0 0 0 0 0 0 0 0 0 0 0 0 0 0 0 0 0 0 0 0 0 0 0 0 
0 0 0 0 0 0 0 0 0 0 0 0 0 0 0 0 0 0 0 0 0 0 0 0 0 0 0 0 0 0 0 0 0 0 0 0 0 0 0 0 0 0 0 0 0 0 0 0 187 187 187 188 188 188 188 188 188 189 189 189 189 189 189 189 190 190 190 190 190 190 190 190 191 191 191 191 191 191 191 192 192 192 193 193 193 193 193 193 193 194 194 194 194 194 194 195 195 195 195 195 195 195 196 196 196 196 196 196 196 197 197 197 197 197 197 198 198 198 198 198 198 199 199 199 199 199 199 200 200 200 200 200 200 201 201 201 201 201 201 201 201 202 201 201 201 201 201 201 202 202 202 202 202 202 202 203 203 203 203 203 203 203 203 204 204 204 204 204 204 204 204 204 205 205 205 205 205 205 205 205 206 206 206 206 206 206 206 206 206 206 206 206 207 207 207 207 207 207 207 208 208 208 208 208 208 208 208 208 208 208 208 208 208 208 208 208 208 208 208 209 209 209 209 208 209 209 209 209 209 209 209 209 209 209 209 209 209 209 209 209 209 209 211 211 211 211 211 211 212 212 212 212 212 212 212 212 212 212 212 212 212 212 212 212 212 212 212 213 213 213 213 213 213 213 213 213 213 213 213 213 213 213 213 213 213 213 213 213 213 213 213 213 213 213 213 213 213 214 214 214 214 214 214 214 214 214 214 214 214 214 214 214 214 214 214 214 214 214 214 214 214 213 213 213 213 213 213 214 214 214 214 214 214 214 214 214 214 213 213 214 214 214 214 214 214 214 214 214 214 214 214 214 214 214 214 214 214 215 215 214 214 214 214 214 214 214 214 214 214 214 214 213 214 215 214 214 214 214 213 214 214 215 213 213 0 0 0 0 0 0 0 0 0 0 0 0 0 0 0 0 0 0 0 0 0 0 0 0 0 0 0 0 0 0 213 215 216 216 216 216 216 215 215 216 216 216 216 216 215 216 216 216 216 216 216 216 216 216 216 215 215 215 215 215 215 216 216 216 216 216 216 215 215 215 215 215 215 215 215 215 215 215 215 215 215 215 215 215 0 0 0 0 0 0 0 0 0 0 0 0 0 0 0 0 0 0 0 0 0 0 0 0 0 0 0 0 0 0 0 0 0 0 0 
0 0 0 0 0 0 0 0 0 0 0 0 0 0 0 0 0 0 0 0 0 0 0 0 0 0 0 0 0 0 0 0 0 0 0 0 0 0 0 0 0 0 0 0 0 0 0 187 187 187 187 187 188 188 188 188 188 188 188 188 189 189 189 189 189 189 189 190 190 190 190 190 190 191 190 191 191 191 191 192 192 192 192 193 193 193 193 193 193 194 194 194 194 194 194 194 194 195 195 195 195 195 196 196 196 196 196 196 196 197 197 197 197 197 197 198 198 198 198 198 198 198 199 199 199 199 199 199 200 200 200 200 200 201 201 201 201 201 201 201 201 201 200 201 201 201 201 201 201 202 202 202 202 202 202 202 203 203 203 203 203 203 203 203 204 204 204 204 204 204 204 204 204 204 205 205 205 205 205 205 205 206 206 206 206 206 206 206 206 206 206 206 206 206 207 207 207 207 207 207 208 208 208 208 208 208 208 208 208 208 208 208 208 208 208 208 208 208 208 208 209 209 208 208 208 208 209 209 209 208 209 209 209 209 209 209 209 209 209 209 209 209 211 211 211 211 211 211 211 211 212 212 212 212 212 212 212 212 212 212 212 212 212 212 212 212 212 212 213 213 213 213 213 213 213 213 213 213 213 213 213 213 213 213 213 213 213 213 213 213 213 213 213 213 213 213 213 213 214 214 214 214 214 214 214 214 214 214 214 214 214 214 214 214 214 214 214 214 214 214 214 214 213 213 213 213 213 213 214 214 214 214 214 214 214 214 214 214 214 213 214 214 213 214 214 214 214 214 214 214 214 214 214 214 214 214 214 215 215 214 215 215 215 214 214 214 214 214 215 214 214 214 214 214 215 215 214 214 214 214 214 214 214 214 213 0 0 0 0 0 0 0 0 0 0 0 0 0 0 0 0 0 0 0 0 0 0 0 0 0 0 0 0 214 215 216 216 215 215 215 215 215 216 216 216 216 216 216 215 215 215 215 215 216 216 216 216 216 215 215 215 215 215 215 215 215 216 216 216 216 216 216 216 216 215 215 215 215 215 215 215 215 216 215 215 215 215 215 215 0 0 0 0 0 0 0 0 0 0 0 0 0 0 0 0 0 0 0 0 0 0 0 0 0 0 0 0 0 0 0 0 0 0 
0 0 0 0 0 0 0 0 0 0 0 0 0 0 0 0 0 0 0 0 0 0 0 0 0 0 0 0 0 0 0 0 0 0 0 0 0 0 0 0 0 0 0 0 0 0 0 186 187 187 187 187 187 187 187 188 188 188 188 188 188 188 188 188 189 189 189 189 189 189 189 190 190 190 190 190 191 191 191 191 191 191 191 192 192 193 192 192 193 193 193 193 193 193 193 194 194 194 194 194 195 195 195 195 195 195 195 196 196 196 196 196 196 197 197 197 197 197 197 197 198 198 198 198 198 199 199 199 199 199 199 199 200 200 200 200 200 200 200 200 201 201 201 201 201 201 202 202 202 202 202 202 202 203 203 203 203 203 203 203 203 203 204 204 204 204 204 204 204 204 204 205 205 205 205 205 205 205 205 206 206 206 206 206 206 206 206 206 206 206 207 207 207 207 207 207 207 207 207 207 208 208 208 208 208 208 207 207 207 208 208 208 208 208 208 208 208 208 208 208 208 208 209 209 209 209 209 208 208 208 208 209 209 209 209 209 209 209 209 209 209 209 211 211 211 211 211 211 211 211 211 212 211 212 212 212 212 212 212 212 212 212 212 212 212 212 212 212 212 212 213 213 213 213 213 213 213 213 213 213 213 213 213 213 213 213 213 213 213 213 213 213 212 213 213 213 213 213 213 213 213 213 213 213 213 213 213 213 213 213 213 213 214 213 213 213 213 213 214 213 213 213 213 213 213 213 213 213 213 213 213 213 213 213 213 213 213 214 214 213 214 213 213 214 213 214 214 214 214 214 213 214 214 214 214 214 214 214 214 214 215 215 215 214 214 215 214 214 214 214 214 213 214 214 214 215 214 214 214 214 214 214 214 213 212 0 0 0 0 0 0 0 0 0 0 0 0 0 0 0 0 0 0 0 0 0 0 0 0 0 0 0 214 214 215 215 215 215 215 215 215 215 216 216 216 216 216 215 215 215 215 215 215 215 215 215 216 216 216 215 215 215 215 215 215 215 215 215 215 215 215 215 215 215 215 215 215 215 215 215 215 215 215 215 215 215 215 215 215 215 215 0 0 0 0 0 0 0 0 0 0 0 0 0 0 0 0 0 0 0 0 0 0 0 0 0 0 0 0 0 0 0 0 
0 0 0 0 0 0 0 0 0 0 0 0 0 0 0 0 0 0 0 0 0 0 0 0 0 0 0 0 0 0 0 0 0 0 0 0 0 0 0 0 0 0 0 0 185 186 186 186 186 187 187 187 187 187 187 187 187 188 188 188 188 188 188 189 189 189 189 189 189 190 190 190 190 190 190 190 191 191 191 191 191 191 191 192 192 192 192 192 192 193 193 193 193 193 193 193 194 194 194 194 194 195 195 195 195 195 195 196 196 196 196 196 196 197 197 197 197 197 197 197 197 198 198 198 198 198 198 199 199 199 199 199 199 200 200 200 200 200 200 200 201 201 201 201 201 201 201 202 202 202 202 202 202 202 203 203 203 203 203 203 203 203 204 204 204 204 204 204 204 204 204 204 205 205 205 205 205 205 206 206 206 206 206 206 206 206 206 206 206 206 206 206 206 207 207 207 207 207 207 207 208 208 208 208 207 207 207 207 207 207 208 208 208 208 208 208 208 208 208 208 208 208 208 208 208 208 208 208 208 208 209 209 209 209 209 209 209 209 209 209 209 209 211 211 211 211 211 211 211 211 211 211 212 212 212 212 212 212 212 212 212 212 212 212 212 212 212 212 212 212 212 213 213 213 213 213 213 213 213 213 213 213 213 213 213 213 212 213 213 213 213 213 212 213 213 213 213 213 213 213 213 213 213 213 213 213 213 213 213 213 213 213 214 214 214 213 213 213 214 214 213 213 213 213 213 213 213 213 213 213 213 213 213 213 213 214 214 214 214 214 214 214 213 213 213 213 213 214 214 214 213 214 214 214 214 214 214 214 214 214 215 215 214 215 214 215 215 215 215 214 214 214 214 214 214 215 215 214 214 214 214 214 214 213 213 0 0 0 0 0 0 0 0 0 0 0 0 0 0 0 0 0 0 0 0 0 0 0 0 0 0 213 214 214 214 215 215 215 215 215 215 216 216 216 216 216 216 216 216 215 215 215 215 215 215 215 215 215 215 215 215 215 215 215 215 215 215 215 215 215 215 215 215 215 215 215 215 215 215 215 215 215 215 215 215 215 215 215 215 215 215 215 0 0 0 0 0 0 0 0 0 0 0 0 0 0 0 0 0 0 0 0 0 0 0 0 0 0 0 0 0 0 0 
0 0 0 0 0 0 0 0 0 0 0 0 0 0 0 0 0 0 0 0 0 0 0 0 0 0 0 0 0 0 0 0 0 0 0 0 0 0 0 0 0 0 0 0 185 185 186 186 186 186 186 187 187 187 187 187 187 187 187 188 188 188 188 188 189 189 189 189 189 190 190 190 190 190 190 191 191 191 191 191 191 191 191 191 192 192 192 192 192 193 193 193 193 193 193 193 194 194 194 194 194 194 195 195 195 195 195 195 196 196 196 196 196 196 197 197 197 197 197 197 197 198 198 198 198 198 198 198 199 199 199 199 199 199 200 200 200 200 200 200 201 201 201 201 201 201 201 202 202 202 202 202 202 202 202 203 203 203 203 203 203 203 203 204 204 204 204 204 204 204 204 204 204 205 205 205 205 205 205 205 206 206 206 206 206 206 206 206 206 206 206 206 206 207 207 207 207 207 207 207 207 207 208 208 207 207 207 208 208 208 208 208 208 208 208 208 208 208 208 208 208 208 208 208 208 208 208 208 208 208 209 209 209 209 209 209 209 209 209 209 209 209 211 211 211 211 211 211 211 212 212 212 212 212 212 212 212 212 212 212 212 212 212 212 212 212 212 212 212 212 212 213 213 213 213 213 213 213 213 213 213 213 213 213 213 213 213 213 213 213 213 213 212 212 213 213 213 213 213 213 213 213 213 213 213 213 213 213 213 213 213 213 213 214 214 214 214 214 214 214 213 213 213 213 213 213 213 213 213 213 213 213 213 213 213 213 213 214 213 214 213 213 212 212 213 213 214 214 214 214 214 214 214 214 214 214 214 214 214 214 215 215 214 214 214 215 215 214 215 214 214 214 214 214 214 215 215 215 214 214 214 213 213 214 213 213 0 0 0 0 0 0 0 0 0 0 0 0 0 0 0 0 0 0 0 0 0 0 0 0 213 214 214 214 215 215 215 215 215 215 216 216 216 216 216 216 216 216 216 216 215 215 215 215 215 215 215 215 215 215 215 215 215 215 215 215 215 215 215 215 215 215 215 215 215 215 215 215 215 215 215 215 215 215 215 215 215 215 215 215 215 215 215 0 0 0 0 0 0 0 0 0 0 0 0 0 0 0 0 0 0 0 0 0 0 0 0 0 0 0 0 0 0 
0 0 0 0 0 0 0 0 0 0 0 0 0 0 0 0 0 0 0 0 0 0 0 0 0 0 0 0 0 0 0 0 0 0 0 0 0 0 0 0 0 0 0 0 0 185 186 186 186 186 186 186 186 187 187 187 187 187 187 187 188 188 188 188 188 188 189 189 189 189 189 190 190 190 190 190 190 191 191 191 191 191 191 191 192 192 192 192 192 193 193 193 193 193 193 193 194 194 194 194 194 194 195 195 195 195 195 195 196 195 196 196 196 196 196 196 196 197 197 197 198 198 198 198 198 198 198 198 199 199 199 199 199 199 199 200 200 200 200 200 200 201 201 201 201 201 201 201 202 202 202 202 202 202 202 202 203 203 203 203 203 203 203 203 204 204 204 204 204 204 204 204 204 205 205 205 205 205 205 205 205 205 206 206 206 206 206 206 206 206 206 206 206 206 206 207 207 207 207 207 207 207 207 207 208 208 208 208 207 207 207 208 208 208 208 208 208 208 208 208 208 208 208 208 208 208 208 208 208 208 209 209 208 209 209 209 209 209 209 209 209 209 211 211 211 211 211 211 212 212 212 212 212 212 212 212 212 212 212 212 212 212 212 212 212 212 212 212 212 212 212 212 213 213 213 213 213 213 213 213 213 213 213 213 213 213 213 213 213 213 213 213 212 212 213 213 213 213 213 213 213 213 213 213 213 213 213 213 213 213 214 214 214 214 214 214 214 214 214 214 214 213 213 213 213 213 213 213 213 213 213 213 213 213 213 213 213 213 213 213 213 213 212 213 213 214 214 214 214 214 214 214 214 214 214 214 214 214 214 214 215 215 214 214 214 214 214 214 215 214 215 215 214 214 214 214 215 215 215 214 214 214 213 213 214 213 0 0 0 0 0 0 0 0 0 0 0 0 0 0 0 0 0 0 0 0 0 0 0 213 214 214 215 215 215 215 215 216 216 216 216 216 216 216 216 216 216 216 216 216 216 216 216 216 215 215 215 215 215 215 215 215 215 215 215 215 215 215 215 215 215 215 215 215 215 215 215 215 215 215 215 215 215 215 215 215 215 215 215 215 215 215 215 0 0 0 0 0 0 0 0 0 0 0 0 0 0 0 0 0 0 0 0 0 0 0 0 0 0 0 0 0 0 
0 0 0 0 0 0 0 0 0 0 0 0 0 0 0 0 0 0 0 0 0 0 0 0 0 0 0 0 0 0 0 0 0 0 0 0 0 0 0 0 0 0 0 0 0 185 185 185 186 186 186 186 186 186 187 187 187 187 187 187 187 187 188 188 188 188 188 188 189 189 189 189 189 190 190 190 190 190 190 191 191 191 191 191 191 192 192 192 192 192 192 193 193 193 193 193 193 194 194 194 194 194 194 195 195 195 195 195 195 195 196 196 196 196 196 196 196 197 197 197 197 197 197 198 198 198 198 198 198 199 199 199 199 199 199 200 200 200 200 200 200 200 201 201 201 201 201 201 201 202 202 202 202 202 202 202 202 202 203 203 203 203 203 203 203 204 204 204 204 204 204 204 204 204 205 205 205 205 205 205 205 205 206 206 206 206 206 206 206 206 206 206 206 206 206 207 207 207 207 207 207 207 207 207 207 208 208 208 207 207 207 207 207 207 208 208 208 208 208 208 208 208 208 208 208 208 208 208 208 208 208 209 209 209 209 209 209 209 209 209 209 209 211 211 211 211 211 211 212 212 212 212 212 212 212 212 212 212 212 212 212 212 212 212 212 212 212 212 212 212 212 212 213 213 213 213 213 213 213 213 213 213 213 213 213 212 213 213 213 213 213 213 213 212 212 213 213 213 213 213 213 213 213 213 213 213 213 213 213 213 214 213 213 214 214 214 214 214 214 214 214 214 214 213 214 213 213 213 213 213 213 213 213 213 213 213 213 213 213 213 213 213 213 213 213 214 214 214 214 214 214 214 214 214 213 214 214 214 214 214 215 214 214 214 214 214 215 214 214 215 215 215 215 215 215 215 215 215 215 215 214 214 213 213 213 213 213 0 0 0 0 0 0 0 0 0 0 0 0 0 0 0 0 0 0 0 0 0 0 214 214 215 215 215 215 215 216 216 216 216 216 216 216 215 216 216 216 215 216 216 216 216 216 216 215 215 215 215 215 215 215 215 215 215 215 215 215 215 215 215 215 0 0 0 0 0 0 0 0 215 215 215 215 215 215 215 215 215 215 215 215 215 215 215 0 0 0 0 0 0 0 0 0 0 0 0 0 0 0 0 0 0 0 0 0 0 0 0 0 0 0 0 0 
0 0 0 0 0 0 0 0 0 0 0 0 0 0 0 0 0 0 0 0 0 0 0 0 0 0 0 0 0 0 0 0 0 0 0 0 0 0 0 0 0 0 0 184 184 185 185 185 185 185 186 186 186 186 186 187 187 187 187 187 187 187 187 188 188 188 188 188 189 189 189 189 189 190 190 190 190 190 190 190 191 191 191 191 191 191 192 192 192 192 192 192 192 193 193 193 193 194 194 194 194 194 194 195 195 195 195 195 195 195 195 196 196 196 196 196 196 196 197 197 197 197 197 198 198 198 198 198 198 198 199 199 199 199 199 199 200 200 200 200 200 200 200 201 201 201 201 201 201 201 202 202 202 202 202 202 202 202 202 203 203 203 203 203 203 203 204 204 204 204 204 204 204 204 204 204 205 205 205 205 205 205 205 205 205 205 206 206 206 206 206 206 206 206 206 206 206 207 207 207 207 207 207 207 207 207 208 208 207 207 207 207 207 207 207 207 208 208 208 208 208 208 208 208 208 208 208 208 208 208 208 209 209 209 209 209 209 209 209 209 209 209 211 211 211 211 211 211 211 211 212 212 212 212 212 212 212 212 212 212 212 212 212 212 212 212 212 212 212 212 212 212 212 213 213 213 213 213 213 213 213 213 213 213 213 212 213 213 213 213 213 213 213 213 212 213 213 213 213 213 213 213 213 213 213 213 213 213 213 214 214 213 213 214 214 214 214 214 214 214 214 214 214 214 214 214 213 213 213 213 213 213 213 213 213 214 213 213 213 213 213 213 213 213 213 214 214 214 214 214 214 214 214 213 214 214 214 214 214 214 215 215 214 214 214 214 214 214 214 214 215 215 215 215 215 215 215 214 215 215 215 214 214 214 213 213 214 213 0 0 0 0 0 0 0 0 0 0 0 0 0 0 0 0 0 0 0 0 214 214 214 215 215 215 215 216 216 216 216 216 216 216 216 215 216 216 216 215 215 215 215 216 216 216 216 215 215 215 215 215 215 215 215 215 215 215 215 215 215 215 0 0 0 0 0 0 0 0 0 0 215 215 215 215 215 215 215 215 215 215 215 215 215 0 0 0 0 0 0 0 0 0 0 0 0 0 0 0 0 0 0 0 0 0 0 0 0 0 0 0 0 0 0 
0 0 0 0 0 0 0 0 0 0 0 0 0 0 0 0 0 0 0 0 0 0 0 0 0 0 0 0 0 0 0 0 0 0 0 0 0 0 0 0 0 0 0 184 184 184 185 185 185 185 185 186 186 186 186 186 187 187 187 187 187 187 187 188 188 188 188 188 188 189 189 189 189 189 190 190 190 190 190 190 191 191 191 191 191 191 191 192 192 192 192 192 192 193 193 193 193 194 194 194 194 194 194 194 194 195 195 195 195 195 195 196 196 196 196 196 196 197 197 197 197 197 197 198 198 198 198 198 198 198 198 199 199 199 199 199 199 200 200 200 200 200 200 200 201 201 201 201 201 201 201 201 202 202 202 202 202 202 202 202 203 203 203 203 203 203 203 204 204 204 204 204 204 204 204 204 204 205 205 205 205 205 205 205 205 205 205 206 206 206 206 206 206 206 206 206 206 206 206 207 207 207 207 207 207 207 207 207 207 207 207 207 207 207 207 207 207 208 208 208 208 208 208 208 208 208 208 208 208 208 208 209 209 209 209 209 209 209 209 209 209 209 211 211 211 211 211 211 211 211 211 211 212 212 212 212 212 212 212 212 212 212 212 212 212 212 212 212 212 212 212 212 212 213 213 213 213 213 213 213 213 213 213 213 213 213 212 213 213 213 213 213 213 213 213 213 213 213 213 213 213 213 213 213 213 213 213 213 213 214 214 213 213 214 213 213 214 214 214 214 214 214 214 214 214 213 213 213 213 213 213 213 213 213 213 213 213 213 213 213 213 213 212 213 214 214 214 214 213 213 213 214 214 214 214 214 214 214 214 215 215 214 214 215 214 214 214 215 215 214 215 215 215 215 215 215 214 214 214 214 215 215 214 214 214 214 214 214 214 214 0 0 0 0 0 0 0 0 0 0 0 0 0 0 0 0 0 0 214 214 215 215 215 215 216 216 216 216 216 216 216 216 216 216 216 216 216 215 215 215 215 216 216 216 216 215 215 215 215 215 215 215 215 215 215 215 215 215 215 215 0 0 0 0 0 0 0 0 0 0 0 0 215 215 215 215 215 215 215 215 215 0 0 0 0 0 0 0 0 0 0 0 0 0 0 0 0 0 0 0 0 0 0 0 0 0 0 0 0 0 0 0 0 
0 0 0 0 0 0 0 0 0 0 0 0 0 0 0 0 0 0 0 0 0 0 0 0 0 0 0 0 0 0 0 0 0 0 0 0 0 183 183 183 183 183 183 184 184 184 184 185 185 185 185 186 186 186 186 186 187 187 187 187 187 187 187 187 188 188 188 188 188 188 189 189 189 189 189 190 190 190 190 190 190 190 191 191 191 191 191 192 192 192 192 192 192 192 193 193 193 193 194 194 194 194 194 194 195 195 195 195 195 195 195 195 196 196 196 196 196 196 197 197 197 197 197 197 197 198 198 198 198 198 198 198 199 199 199 199 199 199 200 200 200 200 200 200 200 200 201 201 201 201 201 201 201 202 202 202 202 202 202 202 202 202 203 203 203 203 203 203 204 204 204 204 204 204 204 204 204 205 205 205 205 205 205 205 205 205 205 205 205 206 206 206 206 206 206 206 206 206 207 206 207 207 207 207 207 207 207 207 207 207 207 207 207 207 207 207 207 207 207 207 208 207 208 208 208 208 208 208 208 208 208 209 209 209 209 209 209 209 209 209 209 209 211 211 211 211 211 211 211 211 211 211 211 211 211 211 211 212 212 212 212 212 212 212 212 212 212 212 212 212 212 212 212 212 213 213 213 213 213 213 213 213 213 213 213 213 212 212 213 213 213 213 213 213 213 212 213 213 213 213 213 213 213 213 213 213 213 213 213 213 213 213 213 213 213 213 214 214 214 214 214 214 214 214 214 214 214 214 214 213 213 214 213 213 213 213 213 213 213 213 213 213 213 213 213 213 214 214 213 213 214 214 214 214 214 214 214 214 214 215 214 214 214 214 214 214 215 215 215 214 215 215 215 215 215 215 215 214 214 214 214 214 214 214 214 214 214 214 214 214 214 0 0 0 0 0 0 0 0 0 0 0 0 0 0 0 0 214 215 214 215 215 216 216 216 216 216 216 216 216 216 216 216 216 215 215 215 215 215 215 215 215 216 215 215 215 215 215 215 215 215 215 215 215 215 215 215 215 215 0 0 0 0 0 0 0 0 0 0 0 0 0 0 0 215 215 215 215 0 0 0 0 0 0 0 0 0 0 0 0 0 0 0 0 0 0 0 0 0 0 0 0 0 0 0 0 0 0 0 0 0 0 0 
0 0 0 0 0 0 0 0 0 0 0 0 0 0 0 0 0 0 0 0 0 0 0 0 0 0 0 0 0 0 0 0 0 0 0 0 0 183 183 183 183 183 183 184 184 184 184 184 185 185 185 185 186 186 186 186 186 187 187 187 187 187 187 187 187 188 188 188 188 188 188 189 189 189 189 189 190 190 190 190 190 190 190 190 191 191 191 191 191 192 192 192 192 192 193 193 193 193 193 194 194 194 194 194 194 194 195 195 195 195 195 195 195 195 196 196 196 196 196 196 197 197 197 197 197 197 198 198 198 198 198 198 198 199 199 199 199 199 199 200 200 200 200 200 200 200 200 201 201 201 201 201 201 201 202 202 202 202 202 202 202 202 203 203 203 203 203 203 203 204 204 204 204 204 204 204 204 204 204 205 205 205 205 205 205 205 205 205 205 205 206 206 206 206 206 206 206 206 206 206 206 206 207 207 207 207 207 207 207 207 207 207 207 207 207 207 207 207 207 207 207 207 207 208 208 208 208 208 208 208 208 208 209 209 209 209 209 209 209 209 209 209 211 211 211 211 211 211 211 211 211 211 211 211 211 211 211 211 211 212 212 212 212 212 212 212 212 212 212 212 212 212 212 212 212 213 213 213 213 213 213 213 213 213 213 213 213 212 213 213 213 213 213 213 213 213 213 213 213 213 213 213 213 213 213 213 213 213 213 213 213 213 213 213 213 213 214 214 214 214 214 214 214 214 214 214 214 214 214 214 214 214 213 213 213 213 213 213 213 213 213 214 214 214 213 213 214 214 214 214 214 214 214 214 214 214 214 214 214 215 214 214 214 214 215 215 215 215 215 215 215 215 215 215 215 215 215 214 214 214 214 214 214 214 215 215 214 214 213 214 214 0 0 0 0 0 0 0 0 0 0 0 0 0 0 0 214 214 215 215 215 215 216 216 216 216 216 216 216 216 216 216 216 215 215 215 215 215 215 215 215 215 216 215 216 215 215 215 215 215 215 215 215 215 215 215 215 215 215 0 0 0 0 0 0 0 0 0 0 0 0 0 0 0 0 0 0 0 0 0 0 0 0 0 0 0 0 0 0 0 0 0 0 0 0 0 0 0 0 0 0 0 0 0 0 0 0 0 0 0 0 0 0 
0 0 0 0 0 0 0 0 0 0 0 0 0 0 0 0 0 0 0 0 0 0 0 0 0 0 0 0 0 0 0 0 0 0 0 0 0 182 183 183 183 183 183 183 183 183 184 184 185 185 185 185 185 185 186 186 186 186 187 187 187 187 187 187 187 187 188 188 188 188 188 188 188 189 189 189 189 189 190 190 190 190 190 190 190 191 191 191 191 192 192 192 192 192 192 193 193 193 193 193 193 194 194 194 194 194 194 194 195 195 195 195 195 195 195 196 196 196 196 196 196 196 197 197 197 197 197 197 198 198 198 198 198 198 199 199 199 199 199 199 200 200 200 200 200 200 200 200 201 201 201 201 201 201 201 202 202 202 202 202 202 202 202 203 203 203 203 203 203 203 203 204 204 204 204 204 204 204 204 204 205 205 205 205 205 205 205 205 205 206 206 206 206 206 206 206 206 206 206 206 206 206 206 206 206 207 207 207 207 207 207 207 207 207 207 207 207 207 207 207 207 207 207 207 207 208 208 208 208 208 208 209 209 209 209 209 209 209 209 209 209 209 211 211 211 211 211 211 211 211 211 211 211 211 211 211 211 211 212 212 212 212 212 212 212 212 212 212 212 212 212 212 212 212 212 213 213 213 213 213 213 213 213 213 213 213 213 212 212 213 213 213 213 213 213 213 213 213 213 213 213 213 213 213 213 213 213 213 213 213 213 213 213 213 213 213 214 214 214 213 214 214 214 214 214 214 214 214 214 214 214 214 214 214 214 214 213 213 213 214 214 214 214 214 213 213 214 214 214 214 214 214 214 214 214 214 214 214 215 214 214 214 215 215 215 215 215 215 215 215 215 215 215 215 215 215 214 214 215 215 215 215 214 215 215 215 214 215 214 213 214 0 0 0 0 0 0 0 0 0 0 0 0 0 0 0 214 214 215 215 215 216 216 216 216 216 216 216 216 216 216 216 216 216 215 215 215 215 215 215 215 215 215 215 215 215 215 215 215 215 215 216 215 215 215 216 215 216 215 0 0 0 0 0 0 0 0 0 0 0 0 0 0 0 0 0 0 0 0 0 0 0 0 0 0 0 0 0 0 0 0 0 0 0 0 0 0 0 0 0 0 0 0 0 0 0 0 0 0 0 0 0 0 
0 0 0 0 0 0 0 0 0 0 0 0 0 0 0 0 0 0 0 0 0 0 0 0 0 0 0 0 0 0 0 0 0 0 0 0 0 182 182 183 183 183 183 183 183 183 183 184 184 185 185 185 185 185 185 186 186 186 186 186 187 187 187 187 187 187 187 188 188 188 188 188 188 188 189 189 189 189 189 190 190 190 190 190 190 191 191 191 191 191 192 192 192 192 192 192 192 193 193 193 193 193 193 194 194 194 194 194 194 195 195 195 195 195 195 195 196 196 196 196 196 196 196 197 197 197 197 197 197 197 198 198 198 198 198 199 199 199 199 199 199 200 200 200 200 200 200 200 200 201 201 201 201 201 201 201 201 201 202 202 202 202 202 202 203 203 203 203 203 203 203 204 204 204 204 204 204 204 204 204 204 204 204 205 205 205 205 205 205 205 205 206 206 206 206 206 206 206 206 206 206 206 206 206 206 206 206 207 207 207 207 207 207 207 207 207 207 207 207 207 207 207 207 207 207 207 208 208 208 208 208 208 208 209 209 209 209 209 209 209 209 209 211 211 211 211 211 211 211 211 211 211 211 211 211 211 211 212 212 212 212 212 212 212 212 212 212 212 212 212 212 212 212 212 212 212 213 213 213 213 213 213 213 213 213 213 213 212 213 213 213 213 213 213 213 213 213 213 213 213 213 213 213 213 213 213 213 213 213 213 213 213 214 213 213 213 213 213 213 213 213 213 214 214 214 214 214 214 214 214 214 214 214 214 214 213 213 213 214 214 214 214 213 213 213 213 214 214 214 214 214 214 214 214 214 214 214 214 214 214 214 214 215 215 215 215 215 215 215 215 215 215 215 215 215 215 214 215 215 215 214 214 214 215 215 214 214 215 214 214 213 214 214 0 0 0 0 0 0 0 0 0 0 0 0 214 214 214 214 215 215 216 216 216 216 216 216 216 216 216 216 216 216 216 215 215 216 216 215 215 215 215 215 215 215 215 215 215 215 215 216 216 215 215 216 216 216 215 215 0 0 0 0 0 0 0 0 0 0 0 0 0 0 0 0 0 0 0 0 0 0 0 0 0 0 0 0 0 0 0 0 0 0 0 0 0 0 0 0 0 0 0 0 0 0 0 0 0 0 0 0 0 0 
0 0 0 0 0 0 0 0 0 0 0 0 0 0 0 0 0 0 0 0 0 0 0 0 0 0 0 0 0 0 0 0 0 0 0 0 0 0 182 182 183 183 184 184 184 184 183 184 184 184 184 185 185 185 185 186 186 186 186 186 186 186 187 187 187 187 187 187 188 188 188 188 188 188 188 188 189 189 189 189 189 190 190 190 190 191 191 191 191 191 191 191 191 192 192 192 192 192 193 193 193 193 193 193 193 194 194 194 194 194 194 195 195 195 195 195 195 196 196 196 196 196 196 196 196 197 197 197 197 197 197 198 198 198 198 198 199 199 199 199 199 199 199 200 200 200 200 200 200 201 201 201 201 201 201 201 201 201 202 202 202 202 202 202 202 203 203 203 203 203 203 203 203 204 204 204 204 204 204 204 204 204 204 205 205 205 205 205 205 205 205 205 205 206 206 206 206 206 206 206 206 206 206 206 206 206 207 207 207 207 206 206 206 206 207 207 207 207 207 207 207 207 207 207 207 207 208 208 208 208 208 208 208 208 208 208 208 208 209 209 209 209 211 211 211 211 211 211 211 211 211 211 211 211 211 211 211 212 212 212 212 212 212 212 212 212 212 212 212 212 212 212 212 212 212 212 213 213 213 213 213 213 213 213 213 213 213 212 213 213 213 213 213 213 213 213 213 213 213 213 213 213 213 213 213 213 213 213 213 213 213 214 214 213 213 213 213 213 213 214 214 213 214 214 214 214 214 214 214 214 214 214 214 214 214 213 213 213 213 214 214 214 213 213 214 214 214 214 214 214 214 214 214 214 214 214 214 214 214 214 214 214 214 214 214 215 215 215 215 215 215 215 215 215 215 215 214 215 215 215 215 215 214 214 214 215 215 215 215 215 214 214 214 214 214 0 0 0 0 0 0 0 0 0 214 214 214 215 215 215 215 216 216 216 216 216 216 216 216 216 216 216 216 216 216 216 216 216 215 216 215 215 215 215 215 215 215 215 215 216 216 216 215 215 216 215 215 215 0 0 0 0 0 0 0 0 0 0 0 0 0 0 0 0 0 0 0 0 0 0 0 0 0 0 0 0 0 0 0 0 0 0 0 0 0 0 0 0 0 0 0 0 0 0 0 0 0 0 0 0 0 0 0 
0 0 0 0 0 0 0 0 0 0 0 0 0 0 0 0 0 0 0 0 0 0 0 0 0 0 0 0 0 0 0 0 0 0 0 0 0 0 181 182 182 183 183 183 184 184 184 184 184 184 184 185 185 185 185 185 186 186 186 186 186 186 187 187 187 187 187 187 187 187 188 188 188 188 188 188 188 189 189 189 189 190 190 190 190 190 191 191 191 191 191 191 191 191 192 192 192 192 193 193 193 193 193 193 193 193 193 194 194 194 194 194 195 195 195 195 195 195 195 196 196 196 196 196 196 197 197 197 197 197 197 198 198 198 198 198 198 199 199 199 199 199 199 199 200 200 200 200 200 200 201 201 201 201 201 201 201 201 201 202 202 202 202 202 202 202 202 203 203 203 203 203 203 203 203 204 204 204 204 204 204 204 204 204 204 204 205 205 205 205 205 205 205 205 205 206 206 206 206 206 206 206 206 206 206 206 206 206 206 206 207 207 206 206 207 207 206 207 207 207 207 207 207 207 207 207 207 208 208 208 208 208 208 208 208 208 208 208 208 208 209 209 211 211 211 211 211 211 211 211 211 211 211 211 211 211 211 211 212 212 212 212 212 212 212 212 212 212 212 212 212 212 212 212 212 212 212 213 213 213 213 213 213 213 213 213 212 212 213 213 213 213 213 213 213 213 213 213 213 213 213 213 213 213 213 213 213 213 213 213 213 213 214 213 213 213 213 213 213 214 214 214 214 214 214 214 214 214 214 214 214 214 214 214 213 213 214 213 214 214 214 214 213 213 214 214 214 214 214 214 214 214 214 214 214 214 214 214 214 214 214 214 214 215 214 215 215 215 215 215 215 215 215 215 215 215 215 215 216 216 215 215 215 215 214 215 215 215 215 215 215 214 214 214 214 214 0 0 0 0 0 0 0 214 214 214 215 215 215 216 216 216 216 216 216 216 216 216 216 216 216 216 216 216 216 216 216 216 216 215 216 215 215 215 215 215 215 215 0 0 216 216 215 215 215 215 215 0 0 0 0 0 0 0 0 0 0 0 0 0 0 0 0 0 0 0 0 0 0 0 0 0 0 0 0 0 0 0 0 0 0 0 0 0 0 0 0 0 0 0 0 0 0 0 0 0 0 0 0 0 0 0 0 
0 0 0 0 0 0 0 0 0 0 0 0 0 0 0 0 0 0 0 0 0 0 0 0 0 0 0 0 0 0 0 0 0 0 0 0 0 0 0 181 182 182 182 183 183 184 184 184 184 184 184 185 185 185 185 185 185 185 186 186 186 186 187 187 187 187 187 187 187 188 188 188 188 188 188 188 188 188 189 189 189 189 190 190 190 190 190 191 191 191 191 191 191 191 191 192 192 192 192 192 193 193 193 193 193 193 193 193 193 194 194 194 194 194 194 195 195 195 195 195 195 196 196 196 196 197 197 197 197 197 197 198 198 198 198 198 198 198 198 199 199 199 199 199 199 200 200 200 200 200 200 200 200 200 201 201 201 201 201 202 202 202 202 202 202 202 202 202 203 203 202 203 203 203 203 203 203 204 204 204 204 204 204 204 204 204 205 205 205 205 205 205 205 205 205 206 206 206 206 206 206 206 206 206 206 206 206 206 206 207 207 207 206 206 206 206 206 206 207 207 207 207 207 207 207 207 207 208 208 208 208 208 208 208 208 208 208 208 208 208 209 209 211 211 211 211 211 211 211 211 211 211 211 211 211 211 211 211 212 212 212 212 212 212 212 212 212 212 212 212 212 212 212 212 212 212 212 213 213 213 213 213 213 213 213 213 213 212 213 213 213 213 213 213 213 213 213 213 213 213 213 213 213 213 213 213 213 213 214 213 213 213 214 214 214 213 213 213 214 214 214 214 214 214 214 214 214 214 214 214 214 214 214 214 214 213 214 214 214 214 214 214 213 214 214 214 214 214 214 214 214 214 214 214 214 214 214 214 215 215 215 214 214 215 215 214 215 215 215 215 215 215 215 216 216 216 215 216 216 216 216 215 215 215 215 215 215 215 215 215 214 214 214 214 214 214 214 214 214 214 214 214 214 214 214 215 215 215 216 216 216 216 216 216 216 216 216 216 216 216 216 216 216 216 216 216 216 216 216 215 215 215 215 215 215 215 215 0 0 0 0 0 0 0 0 0 0 0 0 0 0 0 0 0 0 0 0 0 0 0 0 0 0 0 0 0 0 0 0 0 0 0 0 0 0 0 0 0 0 0 0 0 0 0 0 0 0 0 0 0 0 0 0 0 0 0 0 0 0 0 0 0 0 
0 0 0 0 0 0 0 0 0 0 0 0 0 0 0 0 0 0 0 0 0 0 0 0 0 0 0 0 0 0 0 0 0 0 0 0 0 0 0 181 181 182 182 182 182 183 184 184 184 184 184 184 185 185 185 185 185 185 185 186 186 186 187 187 187 187 187 187 187 187 188 188 188 188 188 188 188 188 188 189 189 189 189 190 190 190 190 190 191 191 191 191 191 191 191 191 191 192 192 192 192 193 193 193 193 193 193 193 193 193 193 194 194 194 194 194 195 195 195 195 195 195 196 196 196 197 197 197 197 197 197 198 198 198 198 198 198 198 198 199 199 199 199 199 199 199 200 200 200 200 200 200 200 200 201 201 201 201 201 201 201 202 202 202 202 202 202 202 202 202 202 202 203 203 203 203 203 203 204 204 204 204 204 204 204 204 204 205 205 205 205 205 205 205 205 205 205 205 206 206 206 206 206 206 206 206 206 206 206 207 207 206 207 207 206 206 206 207 207 207 207 207 207 207 207 207 207 207 208 208 208 208 208 208 208 208 208 208 208 208 208 208 211 211 211 211 211 211 211 211 211 211 211 211 211 211 211 211 211 212 212 212 212 212 212 212 212 212 212 212 212 212 212 212 212 212 212 212 213 213 213 213 213 213 213 213 213 212 212 213 213 213 213 213 213 213 213 213 213 213 213 213 213 213 213 213 213 213 213 214 213 214 214 214 214 213 213 213 213 213 213 214 214 214 214 214 214 214 214 214 214 214 214 214 214 214 214 214 214 214 214 214 213 213 214 214 214 214 214 214 214 214 214 214 214 214 214 214 214 214 215 214 214 214 215 215 215 215 215 215 215 215 215 216 215 215 215 215 216 216 216 216 216 216 215 215 215 215 215 215 215 215 214 214 214 214 214 214 214 214 214 215 214 214 215 214 215 215 215 216 216 216 216 216 216 216 216 216 216 216 216 216 216 216 216 216 216 216 216 216 215 215 215 215 215 215 215 0 0 0 0 0 0 0 0 0 0 0 0 0 0 0 0 0 0 0 0 0 0 0 0 0 0 0 0 0 0 0 0 0 0 0 0 0 0 0 0 0 0 0 0 0 0 0 0 0 0 0 0 0 0 0 0 0 0 0 0 0 0 0 0 0 0 
0 0 0 0 0 0 0 0 0 0 0 0 0 0 0 0 0 0 0 0 0 0 0 0 0 0 0 0 0 0 0 0 0 0 0 0 0 0 0 181 182 182 182 182 182 182 183 183 184 184 184 184 185 185 185 185 185 185 185 185 186 186 186 186 187 187 187 187 187 187 188 188 188 188 188 188 188 188 188 189 189 189 189 189 190 190 190 190 190 191 191 191 191 191 191 191 191 191 192 192 192 192 193 193 193 193 193 193 193 193 194 194 194 194 194 194 195 195 195 195 195 195 196 196 196 196 197 197 197 197 197 197 197 198 198 198 198 198 198 199 199 199 199 199 199 199 199 199 200 200 200 200 200 200 201 201 201 201 201 201 201 201 201 202 202 202 202 202 202 202 202 202 203 203 203 203 203 203 203 204 204 204 204 204 204 204 204 204 205 205 205 205 205 205 205 205 205 205 206 206 206 206 206 206 206 206 206 206 206 206 206 206 206 206 206 206 206 206 207 207 207 207 207 207 207 207 207 207 208 208 208 208 208 208 208 208 208 208 208 208 208 208 211 211 211 211 211 211 211 211 211 211 211 211 211 211 211 211 211 212 212 212 212 212 212 212 212 212 212 212 212 212 212 212 212 212 212 212 212 213 213 213 213 213 213 213 213 212 212 213 213 213 213 213 213 213 213 213 213 213 213 213 213 213 213 213 213 213 213 214 214 213 214 214 214 214 214 214 213 213 213 214 214 214 214 214 214 214 214 214 214 214 214 214 214 214 214 214 214 214 214 214 213 213 213 213 213 214 214 214 214 214 214 214 214 214 215 214 215 215 215 215 214 214 214 214 215 215 215 215 215 215 216 216 216 215 215 215 216 216 216 216 216 216 216 215 215 215 215 215 214 214 214 214 214 214 214 214 214 214 215 215 214 214 215 215 215 215 215 216 216 216 216 216 216 216 216 216 216 216 216 216 216 216 216 216 216 216 216 216 216 215 215 215 215 215 215 215 0 0 0 0 0 0 0 0 0 0 0 0 0 0 0 0 0 0 0 0 0 0 0 0 0 0 0 0 0 0 0 0 0 0 0 0 0 0 0 0 0 0 0 0 0 0 0 0 0 0 0 0 0 0 0 0 0 0 0 0 0 0 0 0 0 
0 0 0 0 0 0 0 0 0 0 0 0 0 0 0 0 0 0 0 0 0 0 0 0 0 0 0 0 0 0 0 0 0 0 0 0 0 0 0 181 181 182 182 182 182 182 182 183 183 183 184 184 184 184 185 185 185 185 185 185 186 186 186 186 187 187 187 187 187 187 188 188 188 188 188 188 188 188 188 189 189 189 189 189 189 190 190 190 190 190 190 191 191 191 192 191 191 191 191 192 192 192 193 193 193 193 193 193 194 194 194 194 194 194 194 195 195 195 195 195 195 196 196 196 196 196 197 197 197 197 197 197 197 197 198 198 198 198 198 198 199 199 199 199 199 199 199 199 199 200 200 200 200 200 201 201 201 201 201 201 201 201 201 202 202 202 202 202 202 202 202 202 203 203 203 203 203 203 203 203 203 203 203 204 204 204 204 204 204 204 205 205 204 205 205 205 205 205 205 205 205 205 206 206 206 206 206 206 206 206 206 206 206 206 206 206 206 206 207 207 207 207 207 207 207 207 207 207 207 207 208 208 208 208 208 208 208 208 208 208 208 208 210 210 211 211 211 211 211 211 211 211 211 211 211 211 211 211 211 212 212 212 212 212 212 212 212 212 212 212 212 212 212 212 212 212 212 212 212 213 213 213 213 213 213 213 213 212 212 213 213 213 213 213 213 213 213 213 213 213 213 213 213 213 213 213 213 213 213 214 214 214 214 214 214 214 214 214 213 213 213 214 214 214 214 214 214 214 214 214 214 214 214 214 214 214 214 214 214 214 214 214 214 214 214 213 213 214 214 214 214 214 214 214 214 214 214 215 215 215 215 215 214 214 214 214 214 215 215 215 215 215 216 216 216 215 215 216 216 216 216 216 216 216 216 215 215 215 214 214 214 215 215 215 215 214 214 214 215 215 215 215 214 214 214 215 215 215 216 216 216 216 216 216 216 216 216 216 216 216 216 216 216 216 216 216 216 216 216 216 216 215 215 215 215 215 215 215 0 0 0 0 0 0 0 0 0 0 0 0 0 0 0 0 0 0 0 0 0 0 0 0 0 0 0 0 0 0 0 0 0 0 0 0 0 0 0 0 0 0 0 0 0 0 0 0 0 0 0 0 0 0 0 0 0 0 0 0 0 0 0 0 0 
0 0 0 0 0 0 0 0 0 0 0 0 0 0 0 0 0 0 0 0 0 0 0 0 0 0 0 0 0 0 0 0 0 0 0 0 0 0 0 0 181 181 181 182 182 182 182 182 183 183 183 184 184 184 185 185 185 185 185 185 185 186 186 186 186 186 186 186 187 187 187 187 187 187 188 188 188 188 188 188 188 189 189 189 189 190 190 190 190 190 190 191 191 191 191 191 191 191 191 192 192 192 192 192 193 193 193 193 194 194 194 194 194 194 195 195 195 195 195 195 195 196 196 196 196 196 196 197 197 197 197 197 197 197 198 198 198 198 198 198 198 199 199 199 199 199 199 199 199 200 200 200 200 200 200 200 201 201 201 201 201 201 201 202 202 202 202 202 202 202 202 202 203 203 203 203 203 203 203 203 203 203 203 203 204 204 204 204 204 204 204 204 204 205 205 205 205 205 205 205 205 205 205 205 205 206 206 206 206 206 206 206 206 206 206 206 206 206 206 207 207 207 207 207 207 207 207 207 207 207 207 207 208 208 208 208 208 208 208 208 208 208 210 210 210 211 211 211 211 211 211 211 211 211 211 211 211 211 211 211 211 211 212 212 212 212 212 212 211 212 212 212 212 212 212 212 212 212 212 212 213 213 213 213 213 213 212 212 213 213 213 213 213 213 213 213 213 213 213 213 213 213 213 213 213 213 213 213 213 213 214 214 214 214 214 214 213 213 213 213 214 214 214 214 214 214 214 214 214 214 214 214 214 215 214 214 214 214 214 214 214 214 214 214 214 214 214 214 214 214 214 214 215 214 214 214 214 214 214 214 215 215 215 214 214 214 215 215 215 215 215 216 216 216 215 215 215 216 216 216 215 215 215 216 216 215 215 215 215 215 215 215 215 215 215 215 215 215 215 215 215 214 214 214 215 215 215 216 216 216 216 216 216 216 216 216 216 216 216 216 216 216 216 216 216 216 216 216 216 216 216 216 216 216 216 215 215 215 215 0 0 0 0 0 0 0 0 0 0 0 0 0 0 0 0 0 0 0 0 0 0 0 0 0 0 0 0 0 0 0 0 0 0 0 0 0 0 0 0 0 0 0 0 0 0 0 0 0 0 0 0 0 0 0 0 0 0 0 0 0 0 0 0 
0 0 0 0 0 0 0 0 0 0 0 0 0 0 0 0 0 0 0 0 0 0 0 0 0 0 0 0 0 0 0 0 0 0 0 0 0 0 0 0 181 181 181 182 182 182 182 182 183 183 183 183 184 184 185 185 185 186 185 185 185 186 186 186 186 186 186 186 187 187 187 187 187 187 187 187 187 188 188 188 189 189 189 189 189 189 189 190 190 190 190 190 191 191 191 191 191 191 191 191 192 192 192 192 193 193 193 193 194 194 194 194 194 194 194 195 195 195 195 195 195 195 196 196 196 196 196 196 196 197 197 197 197 197 197 197 198 198 198 198 198 198 198 198 199 199 199 199 199 199 200 200 200 200 200 200 200 200 201 201 201 201 201 201 201 202 202 202 202 202 202 202 202 203 203 203 203 203 203 203 203 203 203 203 204 204 204 204 204 204 204 204 204 204 204 205 205 205 205 205 205 205 205 205 205 205 205 206 205 206 206 206 206 206 206 206 206 206 206 207 207 207 207 207 207 207 207 207 207 207 207 207 207 208 208 208 208 208 208 208 208 208 210 210 210 211 211 211 211 211 211 211 211 211 211 211 211 211 211 211 211 212 212 212 212 212 212 211 211 212 212 212 212 212 212 212 212 212 212 212 213 213 213 213 213 213 212 212 212 213 213 213 213 213 212 212 213 213 213 213 213 213 213 213 213 213 213 213 213 213 213 213 214 214 214 214 213 213 213 213 214 214 214 214 214 214 214 214 214 214 214 214 214 215 215 215 214 214 214 214 215 214 214 214 214 214 214 214 214 214 214 214 215 214 214 214 214 215 214 214 215 215 215 214 214 214 215 215 215 215 215 215 215 215 215 215 216 216 216 215 215 215 215 216 216 216 216 215 215 215 215 215 215 215 215 215 215 215 215 214 214 215 214 215 215 215 215 216 216 216 216 216 216 216 216 216 216 216 216 216 216 216 216 216 216 216 216 216 216 216 216 216 216 216 216 215 215 215 215 215 0 0 0 0 0 0 0 0 0 0 0 0 0 0 0 0 0 0 0 0 0 0 0 0 0 0 0 0 0 0 0 0 0 0 0 0 0 0 0 0 0 0 0 0 0 0 0 0 0 0 0 0 0 0 0 0 0 0 0 0 0 0 0 
0 0 0 0 0 0 0 0 0 0 0 0 0 0 0 0 0 0 0 0 0 0 0 0 0 0 0 0 0 0 0 0 0 0 0 0 0 0 0 0 181 181 181 181 182 182 182 183 183 183 183 183 183 184 185 185 185 185 185 185 185 185 186 186 186 186 186 186 186 187 187 187 187 187 187 187 187 188 188 188 189 189 189 189 189 189 189 189 190 190 190 190 191 191 191 191 191 191 191 191 191 192 192 192 192 193 193 193 194 194 194 194 194 194 194 194 194 195 195 195 195 195 195 196 196 196 196 196 196 196 196 197 197 197 197 197 197 197 198 198 198 198 198 198 199 199 199 199 199 199 199 200 200 200 200 200 200 200 200 201 201 201 201 201 201 201 202 202 202 202 202 202 202 202 203 203 203 203 203 203 203 203 203 203 203 204 204 204 204 204 204 204 204 204 204 204 204 205 205 205 205 205 205 205 205 205 205 205 206 205 206 206 206 206 206 206 206 206 206 207 207 207 207 207 207 207 207 207 207 207 207 207 207 207 207 208 208 208 208 208 208 208 210 210 210 210 210 211 211 211 211 211 211 211 211 211 211 211 211 211 212 212 212 212 212 212 212 212 211 211 212 212 212 212 212 212 212 212 212 212 212 213 213 213 213 213 212 212 212 213 213 213 213 212 212 213 213 213 213 213 213 213 213 213 213 213 213 213 213 213 213 213 213 213 214 214 214 213 213 214 214 214 214 214 214 214 214 214 214 214 214 214 214 214 215 215 214 214 214 214 215 215 214 214 214 214 214 214 214 214 214 214 215 215 214 214 214 215 215 214 214 215 215 215 214 214 214 214 215 215 215 215 215 215 215 215 215 216 216 215 215 215 216 216 216 216 216 216 216 215 215 216 215 215 215 215 215 215 215 215 215 215 214 215 215 215 216 216 216 216 216 216 216 216 216 216 216 216 216 216 216 216 216 216 216 216 216 215 216 216 216 216 216 216 216 215 215 216 216 216 216 0 0 0 0 0 0 0 0 0 0 0 0 0 0 0 0 0 0 0 0 0 0 0 0 0 0 0 0 0 0 0 0 0 0 0 0 0 0 0 0 0 0 0 0 0 0 0 0 0 0 0 0 0 0 0 0 0 0 0 0 0 0 
0 0 0 0 0 0 0 0 0 0 0 0 0 0 0 0 0 0 0 0 0 0 0 0 0 0 0 0 0 0 0 0 0 0 0 0 0 0 0 180 180 181 181 182 182 182 182 182 182 183 183 183 183 183 184 185 185 184 184 185 185 185 186 186 186 186 186 186 186 187 187 187 187 187 187 187 187 188 188 188 188 188 189 189 189 189 189 189 189 189 190 190 190 190 191 191 191 191 191 191 191 191 192 192 192 193 193 193 193 193 194 194 194 194 194 194 194 195 195 195 195 195 195 195 195 196 196 196 196 196 196 197 197 197 197 197 197 197 197 198 198 198 198 198 198 199 199 199 199 199 199 199 200 200 200 200 200 200 200 200 201 201 201 201 201 201 201 201 202 202 202 202 202 202 202 202 202 203 203 203 203 203 203 203 203 203 203 203 204 204 204 204 204 204 204 204 204 204 204 204 205 205 205 205 205 205 205 205 206 205 205 205 206 206 206 206 206 206 206 206 206 206 207 207 207 207 207 207 207 207 207 207 207 207 207 207 208 208 208 208 208 208 210 210 210 210 210 210 211 211 211 211 211 211 211 211 211 211 211 211 211 212 212 212 212 211 211 211 211 211 212 212 212 212 212 212 212 212 212 212 212 212 213 213 213 212 212 212 212 213 213 213 212 212 212 213 213 212 213 213 213 213 213 213 213 213 213 213 213 213 213 213 213 213 213 214 214 214 213 213 214 214 214 214 214 214 214 214 214 214 214 214 215 215 215 215 214 214 214 214 215 215 214 214 214 214 214 214 214 214 214 214 214 215 215 214 214 214 215 215 214 215 215 215 214 214 214 214 215 215 215 215 215 214 215 216 215 215 215 215 215 215 216 216 216 216 216 216 216 216 216 215 215 215 215 215 216 215 215 215 215 215 214 215 215 215 215 215 216 216 216 216 216 216 216 216 216 216 216 216 216 216 216 216 216 216 215 216 216 216 216 216 216 216 216 215 215 216 216 216 216 216 0 0 0 0 0 0 0 0 0 0 0 0 0 0 0 0 0 0 0 0 0 0 0 0 0 0 0 0 0 0 0 0 0 0 0 0 0 0 0 0 0 0 0 0 0 0 0 0 0 0 0 0 0 0 0 0 0 0 0 0 0 
0 0 0 0 0 0 0 0 0 0 0 0 0 0 0 0 0 0 0 0 0 0 0 0 0 0 0 0 0 0 0 0 0 0 0 0 0 180 180 180 180 180 181 181 181 182 181 182 182 182 182 183 183 184 184 184 185 185 185 185 185 185 186 186 186 186 186 186 186 186 186 186 187 187 187 187 187 188 188 188 188 188 188 189 189 189 189 189 189 189 190 190 190 190 190 191 191 191 191 191 191 192 192 192 192 193 193 193 193 193 193 194 194 194 194 194 194 194 195 195 195 195 195 195 195 195 195 196 196 196 196 196 197 197 197 197 197 197 197 197 198 198 198 198 198 198 199 199 199 199 199 199 199 200 200 200 200 200 200 200 201 201 201 201 201 201 201 201 201 202 202 202 202 202 202 202 202 202 202 202 202 202 203 203 203 203 203 203 203 203 204 204 204 204 204 204 204 204 204 204 204 204 205 205 205 205 205 205 205 205 205 205 206 206 206 206 206 206 206 206 206 206 206 207 207 207 207 207 207 207 207 207 207 207 207 207 207 208 208 208 208 208 210 210 210 210 210 210 211 211 211 211 211 211 211 211 211 211 211 211 211 212 212 212 212 212 211 211 211 211 212 212 212 212 212 212 212 212 212 212 212 212 213 213 213 213 212 212 212 213 213 213 212 212 212 212 212 212 213 213 213 213 213 213 213 213 213 213 213 213 213 213 213 213 213 214 214 214 213 213 214 214 214 214 214 214 214 214 214 214 214 214 214 215 215 215 215 214 214 214 214 214 214 214 214 214 214 214 214 214 214 214 214 215 215 215 214 215 214 215 215 215 215 215 215 215 214 214 214 215 215 215 215 215 215 216 215 215 215 215 215 215 216 216 216 216 216 216 216 216 216 216 215 215 215 215 215 215 215 215 215 215 214 215 215 215 215 216 216 216 216 216 216 216 216 216 216 216 216 216 216 216 216 216 216 216 216 216 216 216 216 216 216 215 215 215 215 216 216 216 216 216 0 0 0 0 0 0 0 0 0 0 0 0 0 0 0 0 0 0 0 0 0 0 0 0 0 0 0 0 0 0 0 0 0 0 0 0 0 0 0 0 0 0 0 0 0 0 0 0 0 0 0 0 0 0 0 0 0 0 0 0 0 
0 0 0 0 0 0 0 0 0 0 0 0 0 0 0 0 0 0 0 0 0 0 0 0 0 0 0 0 0 0 0 0 0 0 0 179 179 179 180 180 180 180 180 180 181 181 182 182 182 182 182 183 183 184 184 184 184 185 185 185 185 185 185 186 186 186 186 186 186 186 186 186 186 187 187 187 187 187 187 187 188 188 188 188 189 189 189 189 189 189 189 190 190 190 190 191 191 191 191 191 191 192 192 192 192 193 193 193 193 193 193 193 194 194 194 194 194 194 194 195 195 195 195 195 195 195 195 195 196 196 196 196 196 196 197 197 197 197 197 197 197 198 198 198 198 198 198 198 199 199 199 199 199 199 200 200 200 200 200 200 201 201 201 201 201 201 201 201 201 202 202 202 202 202 202 202 202 202 202 202 203 203 203 203 203 203 203 203 203 203 203 204 204 204 204 204 204 204 204 204 204 204 205 205 205 205 205 205 205 205 205 205 205 206 206 206 206 206 206 206 206 206 206 206 207 207 207 207 207 207 207 207 207 207 207 207 207 207 207 208 208 208 210 210 210 210 210 210 210 210 211 211 211 211 211 211 211 211 211 211 211 211 212 212 211 212 211 211 212 211 211 212 212 212 212 212 212 212 212 212 212 212 212 213 213 212 212 212 213 213 213 212 212 212 213 212 212 212 213 213 213 213 213 213 213 213 213 213 213 213 213 213 213 213 213 213 213 214 213 213 214 214 214 214 214 214 214 214 214 214 214 214 214 214 215 215 215 214 214 214 214 214 214 214 214 214 214 214 214 214 214 214 214 214 215 215 214 215 214 214 215 215 215 215 215 214 214 214 214 215 215 215 215 216 216 215 215 215 215 215 216 215 216 216 216 216 216 216 216 216 216 216 216 215 215 215 215 215 215 215 215 215 214 215 215 215 215 216 216 216 217 216 216 216 216 216 216 216 216 216 216 216 216 216 216 216 216 216 216 216 216 216 216 216 216 216 216 216 216 216 216 216 0 0 0 0 0 0 0 0 0 0 0 0 0 0 0 0 0 0 0 0 0 0 0 0 0 0 0 0 0 0 0 0 0 0 0 0 0 0 0 0 0 0 0 0 0 0 0 0 0 0 0 0 0 0 0 0 0 0 0 0 0 
0 0 0 0 0 0 0 0 0 0 0 0 0 0 0 0 0 0 0 0 0 0 0 0 0 0 0 0 0 0 0 0 0 0 0 179 179 180 180 180 180 180 180 180 180 181 181 182 182 182 182 183 183 184 184 184 184 184 184 185 185 185 185 185 185 186 186 186 186 186 186 186 186 186 186 187 187 187 187 187 187 188 188 188 188 189 189 189 189 189 189 189 190 190 190 190 190 191 191 191 191 192 192 192 192 192 193 193 193 193 193 193 193 193 194 194 194 194 194 194 194 195 195 195 195 195 195 195 195 196 196 196 196 196 196 197 197 197 197 197 197 197 198 198 198 198 198 198 198 198 199 199 199 199 200 200 200 200 200 200 200 200 200 201 201 201 201 201 201 201 201 201 202 202 202 202 202 202 202 202 203 203 203 203 203 203 203 203 203 203 203 203 203 204 204 204 204 204 204 204 204 204 204 205 205 205 205 205 205 205 205 205 205 206 206 206 206 206 206 206 206 206 206 206 206 207 207 207 207 207 207 207 207 207 207 207 207 207 207 207 208 208 210 210 210 210 210 210 210 210 210 211 211 211 211 211 211 211 211 211 211 211 211 211 212 211 211 211 211 211 211 212 212 212 212 212 212 212 212 212 212 212 212 212 213 213 212 212 212 213 212 213 212 213 212 212 212 212 213 213 213 213 213 213 213 213 213 213 213 213 213 213 213 213 213 213 213 214 214 214 214 214 214 214 214 214 214 214 214 214 214 214 214 214 215 215 214 214 215 215 214 214 214 214 214 214 214 214 214 214 214 214 214 214 214 215 215 215 215 214 215 215 215 215 215 215 215 215 214 215 215 215 215 216 216 216 216 216 215 215 215 215 216 216 216 216 216 216 216 215 216 216 216 216 216 215 215 215 216 215 215 215 214 215 215 216 215 216 216 216 216 216 216 216 216 216 216 216 216 216 216 216 216 216 216 216 216 216 216 216 216 216 216 216 216 216 216 216 216 216 216 216 216 0 0 0 0 0 0 0 0 0 0 0 0 0 0 0 0 0 0 0 0 0 0 0 0 0 0 0 0 0 0 0 0 0 0 0 0 0 0 0 0 0 0 0 0 0 0 0 0 0 0 0 0 0 0 0 0 0 0 0 0 
0 0 0 0 0 0 0 0 0 0 0 0 0 0 0 0 0 0 0 0 0 0 0 0 0 0 0 0 0 0 0 0 0 0 0 179 179 180 180 180 180 180 181 180 180 181 181 181 182 182 182 183 184 184 184 184 183 183 184 184 184 184 185 185 185 185 186 186 186 186 186 186 186 186 187 187 187 187 187 188 187 188 188 188 188 188 189 189 189 189 189 189 189 190 190 190 190 190 191 191 191 191 192 192 192 192 193 193 193 193 193 193 193 194 194 194 194 194 194 195 195 195 195 195 195 195 195 195 196 196 196 196 196 196 196 197 197 197 197 197 197 197 198 198 198 198 198 198 198 198 198 199 199 199 199 200 200 200 200 200 200 200 200 200 200 201 201 201 201 201 201 201 201 202 202 202 202 202 202 202 203 203 203 203 203 203 203 203 203 203 203 203 203 203 204 204 204 204 204 204 204 204 204 205 205 205 205 205 205 205 205 205 205 205 206 206 206 206 206 206 206 206 206 206 206 206 207 207 207 207 207 207 207 207 207 207 207 207 207 207 207 207 210 210 210 210 210 210 210 210 210 210 210 211 211 211 211 211 211 211 211 211 211 211 211 211 211 211 211 211 211 212 212 212 212 212 212 212 212 212 212 212 212 212 213 213 212 212 212 213 213 213 212 213 212 212 212 212 212 212 213 213 213 213 213 213 213 213 213 213 213 213 213 213 213 214 214 214 214 214 214 214 214 214 214 214 214 214 214 214 214 214 214 214 215 214 214 215 214 214 214 214 214 214 214 214 213 214 214 215 215 215 214 214 214 215 215 215 215 215 215 215 215 215 215 216 215 215 215 214 214 215 215 216 216 216 216 216 216 215 215 216 216 216 216 215 215 216 215 215 216 216 216 216 216 215 215 215 215 215 215 215 214 214 215 215 215 215 216 216 216 216 216 216 216 216 216 216 216 216 216 216 216 216 216 216 216 216 216 216 216 216 216 216 216 216 216 216 216 216 216 216 216 0 0 0 0 0 0 0 0 0 0 0 0 0 0 0 0 0 0 0 0 0 0 0 0 0 0 0 0 0 0 0 0 0 0 0 0 0 0 0 0 0 0 0 0 0 0 0 0 0 0 0 0 0 0 0 0 0 0 0 0 
0 0 0 0 0 0 0 0 0 0 0 0 0 0 0 0 0 0 0 0 0 0 0 0 0 0 0 0 0 0 0 0 0 0 178 178 178 179 180 180 180 181 181 180 181 181 181 182 182 182 182 183 183 184 184 184 183 183 184 184 184 184 184 184 184 185 185 185 185 186 186 186 186 186 187 187 187 187 187 188 187 187 188 188 188 188 188 189 189 189 189 189 189 189 189 190 190 190 191 191 191 191 191 192 192 192 192 193 193 193 193 193 193 193 194 194 194 194 194 194 195 195 195 195 195 195 195 196 196 196 196 196 196 197 197 197 197 197 197 197 197 198 198 198 198 198 198 198 199 198 198 198 199 199 199 199 199 200 200 200 200 200 200 200 200 200 200 200 201 201 201 201 201 201 202 202 202 202 202 202 203 203 203 203 203 203 203 203 203 203 203 203 203 203 203 204 204 204 204 204 204 204 204 204 204 204 205 205 205 205 205 205 205 205 205 205 205 206 206 206 206 206 206 206 206 206 206 206 207 207 207 207 207 207 207 207 207 207 207 207 207 207 209 210 210 210 210 210 210 210 210 210 210 210 211 211 211 211 211 211 211 211 211 211 211 211 211 211 211 211 211 212 212 212 212 212 212 212 212 212 212 212 212 212 212 212 212 212 212 212 212 213 212 213 212 212 213 212 212 213 213 213 213 213 213 213 213 213 213 213 213 213 213 213 213 214 214 214 214 214 214 214 214 214 214 214 214 214 214 214 214 214 214 215 215 214 214 215 215 214 214 214 214 214 214 214 214 214 215 215 215 214 214 214 214 215 215 215 215 215 215 215 215 215 215 215 215 215 215 215 215 215 215 216 216 215 216 216 216 215 215 215 215 216 216 215 215 215 215 216 216 216 216 216 216 216 216 215 216 216 216 215 214 214 215 215 215 215 216 216 216 216 216 216 216 216 216 216 216 216 216 216 216 216 216 216 216 216 216 216 216 216 216 216 216 216 216 216 216 216 216 216 215 0 0 0 0 0 0 0 0 0 0 0 0 0 0 0 0 0 0 0 0 0 0 0 0 0 0 0 0 0 0 0 0 0 0 0 0 0 0 0 0 0 0 0 0 0 0 0 0 0 0 0 0 0 0 0 0 0 0 0 0 
0 0 0 0 0 0 0 0 0 0 0 0 0 0 0 0 0 0 0 0 0 0 0 0 0 0 0 0 0 0 0 0 0 0 0 0 178 179 180 180 180 181 181 181 181 181 182 182 182 182 182 182 183 183 183 183 184 183 183 183 184 184 184 184 184 184 185 185 185 185 185 186 186 187 187 187 187 187 187 187 187 187 188 188 188 188 188 188 189 189 189 189 189 189 189 189 190 190 190 190 191 191 191 191 192 192 192 192 193 193 193 193 193 193 193 194 194 194 194 194 195 195 195 195 195 195 195 195 195 196 196 196 196 196 196 196 197 197 197 197 197 197 198 198 198 198 198 198 198 198 198 198 198 199 199 199 199 199 200 200 200 200 200 200 200 200 200 201 201 201 201 201 201 201 201 202 202 202 202 202 202 203 203 202 202 203 203 203 203 203 203 203 203 203 203 203 204 204 204 204 204 204 204 204 205 205 204 205 205 205 205 205 205 205 205 205 205 205 206 206 206 206 206 206 206 206 206 206 207 207 207 207 207 207 207 207 207 207 207 207 207 207 209 209 210 210 210 210 210 210 210 210 210 210 210 211 211 211 211 211 211 211 211 211 211 211 211 211 211 211 211 212 212 212 212 212 212 212 212 212 212 212 212 212 212 212 212 212 212 212 212 213 212 212 212 212 213 213 212 213 213 213 213 213 213 213 213 213 213 213 213 213 213 213 213 213 213 214 214 214 214 214 214 214 214 214 214 214 214 214 214 214 214 214 215 215 215 215 215 214 214 214 214 214 214 214 214 214 215 215 214 214 214 214 214 214 215 215 215 216 216 215 215 215 215 215 215 215 215 215 215 215 216 215 215 215 215 216 216 215 215 215 215 215 216 215 215 215 216 216 216 216 216 216 216 216 216 216 216 215 215 215 215 214 215 215 215 215 216 216 216 216 216 216 216 216 216 216 216 216 216 216 216 216 216 216 216 216 216 216 216 216 216 216 216 216 216 216 216 216 216 216 216 216 0 0 0 0 0 0 0 0 0 0 0 0 0 0 0 0 0 0 0 0 0 0 0 0 0 0 0 0 0 0 0 0 0 0 0 0 0 0 0 0 0 0 0 0 0 0 0 0 0 0 0 0 0 0 0 0 0 0 0 
0 0 0 0 0 0 0 0 0 0 0 0 0 0 0 0 0 0 0 0 0 0 0 0 0 0 0 0 0 0 0 0 0 0 0 178 178 178 179 179 180 180 180 181 181 181 181 181 182 182 182 182 182 183 183 184 184 183 183 183 183 184 184 184 184 184 184 185 185 186 186 186 186 186 186 186 187 187 187 187 187 187 188 188 188 188 188 188 188 189 189 189 189 189 190 190 190 190 190 190 190 191 191 191 191 191 192 192 192 193 193 193 193 193 193 193 194 194 194 194 194 195 195 195 195 195 195 195 195 195 195 196 196 196 196 196 196 197 197 197 197 197 198 198 198 198 198 198 198 198 198 198 198 198 199 199 199 199 199 199 200 200 200 200 200 200 200 200 201 201 201 201 201 201 201 201 201 202 202 202 202 202 202 202 202 202 202 203 203 203 203 203 203 203 203 203 203 204 204 204 204 204 204 204 204 205 204 204 204 204 205 205 205 205 205 205 205 205 206 206 206 206 206 206 206 206 206 206 206 207 207 207 207 207 207 207 207 207 207 207 207 207 209 209 209 210 210 210 210 210 210 210 210 210 210 210 210 210 211 211 211 211 211 211 211 211 211 211 211 211 211 212 212 212 212 212 212 212 212 212 212 212 212 212 212 212 212 212 212 212 212 213 212 212 212 212 213 212 212 212 213 213 213 213 213 213 213 213 213 213 213 213 213 213 213 213 213 213 213 214 214 214 214 213 213 213 214 214 214 215 214 215 214 214 214 214 215 215 215 215 214 214 214 215 215 215 215 215 215 215 214 214 214 214 214 214 214 214 215 215 215 215 215 215 215 215 215 215 216 215 215 215 216 216 215 215 216 216 216 216 215 216 215 215 215 215 215 215 215 216 215 216 216 215 216 216 216 216 216 216 215 215 215 215 215 215 215 216 216 216 216 217 216 216 216 217 217 216 216 216 216 216 216 216 216 216 216 216 216 216 216 216 216 216 216 216 216 216 216 216 216 216 216 216 0 0 0 0 0 0 0 0 0 0 0 0 0 0 0 0 0 0 0 0 0 0 0 0 0 0 0 0 0 0 0 0 0 0 0 0 0 0 0 0 0 0 0 0 0 0 0 0 0 0 0 0 0 0 0 0 0 0 0 
0 0 0 0 0 0 0 0 0 0 0 0 0 0 0 0 0 0 0 0 0 0 0 0 0 0 0 0 0 0 0 0 0 0 0 0 178 178 178 179 180 180 179 180 180 180 181 181 181 181 181 182 182 182 183 183 184 184 183 183 183 184 184 184 184 184 184 184 185 185 186 186 186 186 186 186 186 187 187 187 187 187 188 187 187 188 188 188 188 188 188 189 189 189 189 190 190 190 190 190 190 191 191 191 191 191 191 192 192 192 192 192 192 193 193 193 193 193 194 194 194 194 194 194 194 195 195 195 195 195 195 196 196 196 196 196 196 196 196 197 197 197 197 197 197 198 198 198 198 198 198 198 198 198 198 199 199 199 199 199 199 199 200 200 200 200 200 200 201 201 201 201 201 201 201 201 202 202 202 202 202 202 202 203 202 202 202 202 202 202 203 203 203 203 203 203 203 203 203 204 204 204 204 204 204 204 205 204 204 204 204 205 205 205 205 205 205 205 205 206 206 206 206 206 206 206 206 206 206 206 206 207 207 207 207 207 207 207 207 207 207 207 209 209 210 210 210 210 210 210 210 210 210 210 210 210 210 210 210 211 211 211 211 211 211 211 211 211 211 211 211 211 212 212 212 212 212 212 212 212 212 212 212 212 212 212 212 212 212 212 212 213 212 212 212 212 212 212 212 212 213 213 213 213 213 213 213 213 213 213 213 213 213 213 213 213 213 213 214 214 214 214 213 213 214 214 214 214 214 215 215 215 215 214 214 214 215 215 215 215 215 215 214 215 215 215 215 215 215 215 215 215 214 215 214 214 215 214 214 215 215 215 215 215 214 215 215 215 215 215 215 215 216 215 216 215 216 216 216 216 216 216 216 215 215 215 215 215 215 215 215 215 216 215 216 216 216 216 216 216 216 215 215 215 215 215 216 216 216 216 216 217 216 216 216 217 217 216 216 216 216 216 216 216 216 216 216 216 216 216 216 216 216 216 216 216 216 216 216 216 216 216 216 216 216 0 0 0 0 0 0 0 0 0 0 0 0 0 0 0 0 0 0 0 0 0 0 0 0 0 0 0 0 0 0 0 0 0 0 0 0 0 0 0 0 0 0 0 0 0 0 0 0 0 0 0 0 0 0 0 0 0 0 
0 0 0 0 0 0 0 0 0 0 0 0 0 0 0 0 0 0 0 0 0 0 0 0 0 0 0 0 0 0 0 0 0 0 0 0 0 0 178 179 180 179 179 179 180 180 181 181 181 181 182 182 182 183 183 182 183 184 183 184 184 184 185 185 185 185 185 185 185 185 185 186 186 186 186 186 186 186 187 187 187 187 187 187 187 188 188 188 188 188 188 189 189 189 189 189 190 190 189 190 190 190 190 191 191 191 192 192 192 192 192 192 192 192 192 193 193 193 193 194 194 194 194 194 194 194 195 195 195 195 195 196 196 196 196 196 196 196 196 197 197 197 197 197 197 197 197 197 198 198 198 198 198 198 198 199 199 199 199 199 199 199 200 200 200 200 200 200 200 200 200 201 201 201 201 201 202 202 202 202 202 202 202 202 202 203 203 203 203 203 203 203 203 203 203 203 203 203 203 203 203 203 203 204 204 204 204 204 204 204 204 204 205 205 205 205 205 205 205 205 205 206 206 206 206 206 206 206 206 206 206 206 206 206 206 206 207 207 207 207 207 207 209 209 210 210 210 210 210 210 210 210 210 210 210 210 210 210 210 210 211 211 211 211 211 211 211 211 211 211 211 211 211 212 212 212 212 212 212 212 212 212 212 212 212 212 212 212 212 212 212 213 212 212 212 212 212 213 212 212 212 213 213 213 213 213 213 213 213 213 213 213 213 213 213 213 213 214 214 214 214 213 213 213 214 214 214 214 214 214 215 215 214 214 214 215 215 214 214 215 215 215 215 215 215 215 215 215 215 215 215 215 215 215 215 215 215 215 214 215 215 215 215 215 215 215 215 215 215 215 215 216 216 215 215 216 216 216 216 216 216 216 216 216 215 215 215 215 215 215 215 215 215 215 216 216 215 216 216 215 215 215 215 215 215 215 215 216 216 216 216 216 216 216 216 216 216 216 216 216 216 216 216 216 216 216 216 216 216 216 216 216 216 216 216 216 216 216 216 216 216 216 216 216 216 216 0 0 0 0 0 0 0 0 0 0 0 0 0 0 0 0 0 0 0 0 0 0 0 0 0 0 0 0 0 0 0 0 0 0 0 0 0 0 0 0 0 0 0 0 0 0 0 0 0 0 0 0 0 0 0 0 0 
0 0 0 0 0 0 0 0 0 0 0 0 0 0 0 0 0 0 0 0 0 0 0 0 0 0 0 0 0 0 0 0 0 0 0 0 0 0 178 179 179 178 179 179 179 179 180 181 181 182 182 181 182 182 182 182 183 184 184 184 184 184 184 185 185 185 185 185 185 185 185 185 186 186 186 186 186 186 187 186 187 187 187 187 187 187 188 188 188 188 189 189 189 189 189 189 189 190 189 190 190 190 190 190 191 191 191 192 192 192 192 192 192 192 192 193 193 193 193 193 194 194 194 194 194 194 195 195 195 195 195 195 195 196 196 196 196 196 196 196 197 197 197 197 197 197 197 197 198 198 197 198 198 198 198 199 199 199 199 199 199 199 200 200 200 200 200 200 200 200 200 201 201 201 201 201 201 201 202 202 202 202 202 202 202 202 203 203 203 203 203 203 202 203 203 202 203 203 203 203 203 203 203 203 203 204 204 204 204 205 205 205 205 205 205 205 205 205 205 205 205 205 206 206 206 206 206 206 206 206 206 206 206 206 206 207 207 207 207 207 207 207 209 209 209 210 210 210 210 210 210 210 210 210 210 210 210 210 210 210 210 210 211 211 211 211 211 211 211 211 211 211 211 211 212 212 212 212 212 212 212 212 212 212 212 212 212 212 212 212 212 213 212 212 212 212 212 212 212 212 212 213 213 213 213 213 213 213 213 213 213 213 213 213 213 213 213 214 214 214 214 213 213 214 213 214 214 214 214 214 214 214 214 214 215 215 215 214 214 215 215 215 215 215 215 215 215 215 215 215 215 215 215 215 215 215 215 215 215 215 216 216 216 215 216 216 216 215 215 215 216 216 216 216 215 216 216 217 217 216 216 216 216 216 216 215 215 215 215 215 215 215 215 215 216 216 216 215 215 215 215 215 215 215 215 215 215 216 216 216 216 216 216 216 216 216 216 216 216 216 216 216 216 216 216 216 216 216 216 216 216 216 216 216 216 217 217 216 216 216 216 216 216 216 216 216 216 0 0 0 0 0 0 0 0 0 0 0 0 0 0 0 0 0 0 0 0 0 0 0 0 0 0 0 0 0 0 0 0 0 0 0 0 0 0 0 0 0 0 0 0 0 0 0 0 0 0 0 0 0 0 0 0 
0 0 0 0 0 0 0 0 0 0 0 0 0 0 0 0 0 0 0 0 0 0 0 0 0 0 0 0 0 0 0 0 0 0 0 0 0 0 178 178 178 178 179 179 180 180 180 180 181 182 182 181 181 181 182 183 183 183 183 183 184 183 183 184 184 185 185 186 186 186 185 185 186 186 186 186 186 186 186 186 186 187 187 187 187 187 188 188 188 188 188 188 188 188 189 189 189 190 190 190 190 190 190 190 191 191 191 191 192 192 192 192 192 192 192 193 192 193 193 193 193 194 194 194 194 194 195 195 195 195 195 195 195 195 196 196 196 196 196 196 196 196 196 197 197 197 197 197 197 197 197 198 198 198 198 198 198 199 199 199 199 199 200 200 200 200 200 200 200 200 200 200 201 201 201 201 201 201 201 201 202 202 202 202 202 202 202 202 203 203 203 203 203 203 203 203 203 203 204 204 204 204 203 203 203 203 203 204 204 204 204 205 205 205 205 205 205 205 205 205 205 205 205 206 206 206 206 206 206 206 206 206 206 206 206 207 207 207 207 207 207 207 209 209 209 209 210 210 210 210 210 210 210 210 210 210 210 210 210 210 210 211 211 211 211 211 211 211 211 211 211 211 211 211 212 212 212 212 212 212 212 212 212 212 212 212 212 212 212 212 212 213 212 212 213 213 212 212 212 212 212 213 213 213 213 213 213 213 213 213 213 213 213 213 213 213 213 213 214 214 214 213 213 213 214 214 214 214 214 215 215 214 214 214 214 214 214 215 215 215 215 215 214 215 215 215 215 215 215 215 215 215 215 216 216 216 216 216 215 216 216 216 215 216 216 216 216 216 215 215 216 216 216 216 215 216 216 216 217 217 217 217 217 216 215 215 216 216 215 215 215 215 215 215 215 216 216 216 216 215 216 215 215 216 216 216 215 216 216 216 216 216 217 217 217 217 216 216 216 216 216 216 216 216 216 216 216 216 216 216 216 216 216 217 217 217 216 216 216 216 216 216 216 216 216 216 216 216 0 0 0 0 0 0 0 0 0 0 0 0 0 0 0 0 0 0 0 0 0 0 0 0 0 0 0 0 0 0 0 0 0 0 0 0 0 0 0 0 0 0 0 0 0 0 0 0 0 0 0 0 0 0 0 
0 0 0 0 0 0 0 0 0 0 0 0 0 0 0 0 0 0 0 0 0 0 0 0 0 0 0 0 0 0 0 0 0 0 0 0 0 0 0 178 179 179 179 180 180 180 180 180 181 181 181 181 181 181 182 182 182 182 182 182 183 183 183 183 183 184 185 185 185 186 186 186 186 186 186 185 185 186 186 186 186 187 187 187 187 187 187 188 188 188 188 188 188 188 189 189 189 189 190 190 190 190 190 190 191 191 191 191 191 192 192 192 192 192 192 192 193 193 193 193 193 193 194 194 194 194 194 194 195 195 195 195 195 195 195 195 195 196 196 196 196 196 196 197 197 197 197 197 197 197 197 198 198 198 198 198 198 199 199 199 199 199 199 200 200 200 200 200 200 200 200 200 200 200 201 201 201 201 201 201 201 202 202 202 202 202 202 202 202 203 203 203 203 203 203 203 203 203 203 203 203 203 204 204 203 203 203 203 204 204 204 204 204 204 205 205 205 205 205 205 205 205 205 205 206 205 205 206 206 206 206 206 206 206 206 207 207 207 207 207 207 207 209 209 209 209 209 209 209 209 210 210 210 210 210 210 210 210 210 210 210 211 211 211 211 211 211 211 211 211 211 211 211 211 212 212 212 212 212 212 212 212 212 212 212 212 212 212 212 212 212 212 212 213 213 212 212 212 212 212 212 212 213 213 213 213 213 213 213 213 213 213 213 213 213 213 213 213 214 214 214 213 213 213 213 213 214 214 214 215 214 214 214 214 214 214 214 215 215 215 214 215 214 215 215 215 215 215 215 215 215 215 216 216 216 216 216 216 216 216 216 216 216 215 215 216 215 215 216 215 216 216 216 216 216 216 216 216 216 216 216 216 217 216 216 216 216 215 215 215 215 215 215 215 215 215 215 216 216 215 216 216 216 216 216 216 216 216 216 216 216 216 216 216 216 216 216 216 216 216 216 217 216 216 216 216 216 216 216 216 216 217 217 217 217 217 216 216 216 216 216 216 216 216 216 216 216 216 216 0 0 0 0 0 0 0 0 0 0 0 0 0 0 0 0 0 0 0 0 0 0 0 0 0 0 0 0 0 0 0 0 0 0 0 0 0 0 0 0 0 0 0 0 0 0 0 0 0 0 0 0 0 0 
0 0 0 0 0 0 0 0 0 0 0 0 0 0 0 0 0 0 0 0 0 0 0 0 0 0 0 0 0 0 0 0 0 0 0 0 0 0 0 0 0 178 179 179 179 180 180 180 180 181 181 180 181 181 182 182 182 182 182 182 182 183 183 183 183 184 184 185 185 185 186 186 186 186 186 186 186 186 185 186 186 187 187 187 187 187 187 188 188 188 188 189 188 188 188 189 189 189 190 190 190 190 190 190 191 191 191 191 191 191 191 192 192 192 192 192 192 192 192 193 193 193 193 194 194 194 194 194 194 194 195 195 195 195 195 195 195 195 196 196 196 196 196 196 196 197 197 197 197 197 197 198 198 198 198 198 198 199 199 199 199 199 199 199 200 200 200 200 200 200 200 200 200 200 200 201 201 201 201 201 201 201 201 201 202 202 202 202 202 203 202 203 203 203 203 203 203 203 203 203 203 203 203 203 204 204 204 203 203 204 204 204 204 204 204 205 205 205 205 205 205 205 205 205 205 205 205 206 206 206 206 206 206 206 206 206 207 207 207 207 207 207 209 209 209 209 209 209 209 209 210 210 210 210 210 210 210 210 210 210 211 211 211 211 211 211 211 211 211 211 211 211 211 211 211 212 212 212 212 212 212 212 212 212 212 212 212 212 212 212 212 212 212 212 212 212 212 213 213 212 212 212 213 213 213 213 213 213 213 213 213 213 213 213 213 213 213 213 214 214 213 213 213 213 213 214 214 214 214 214 213 213 214 214 214 214 214 215 215 215 215 214 214 215 215 215 215 215 214 215 215 215 215 216 216 215 216 216 216 216 216 216 216 216 216 215 215 215 216 215 216 216 216 216 216 216 216 216 216 216 216 216 217 217 216 216 216 215 215 215 215 215 216 216 216 215 215 215 215 216 216 216 216 216 216 217 217 216 216 216 216 216 216 216 216 216 216 216 216 216 216 216 216 216 216 216 216 216 216 216 216 217 217 217 217 217 216 216 216 216 216 216 216 216 216 216 216 216 216 216 0 0 0 0 0 0 0 0 0 0 0 0 0 0 0 0 0 0 0 0 0 0 0 0 0 0 0 0 0 0 0 0 0 0 0 0 0 0 0 0 0 0 0 0 0 0 0 0 0 0 0 0 0 
0 0 0 0 0 0 0 0 0 0 0 0 0 0 0 0 0 0 0 0 0 0 0 0 0 0 0 0 0 0 0 0 0 0 0 0 0 0 0 0 0 178 178 178 179 179 179 179 180 180 180 180 180 181 182 182 181 182 182 182 182 183 183 183 183 184 184 184 185 185 185 186 186 186 186 186 186 186 186 186 186 186 186 187 187 187 187 187 188 188 188 188 189 189 188 188 189 189 189 190 190 190 190 190 191 191 191 191 191 191 191 192 192 192 192 192 192 192 192 193 193 193 193 193 193 194 194 194 194 194 194 194 195 195 195 195 195 195 196 196 196 196 196 196 196 196 197 197 197 197 197 197 198 198 198 198 198 198 199 199 199 199 199 199 199 199 200 200 200 200 200 200 200 200 200 200 200 201 201 201 201 201 201 201 202 202 202 202 202 202 202 203 203 203 203 203 203 203 203 203 203 203 203 203 204 204 204 203 203 203 204 204 204 204 204 204 205 205 205 205 205 205 205 205 205 205 205 205 206 206 206 206 206 206 206 206 206 206 207 207 207 207 209 209 209 209 209 209 209 209 210 210 210 210 210 210 210 210 210 210 211 211 211 211 211 211 211 211 211 211 211 211 211 211 211 212 212 212 212 212 212 212 212 212 212 212 212 212 212 212 212 212 212 212 212 212 212 213 213 213 212 212 213 213 213 213 213 213 213 213 213 213 213 213 213 213 213 213 214 214 213 213 213 213 213 214 214 213 213 214 213 213 214 214 214 214 215 215 215 215 215 214 214 214 215 214 215 215 215 215 215 215 215 216 215 215 215 216 215 216 215 216 216 216 216 215 216 216 216 216 216 216 216 216 216 216 216 216 216 217 217 217 217 217 216 216 216 216 215 215 215 215 216 216 216 215 215 216 215 216 216 216 216 216 216 217 216 216 216 216 216 216 216 216 216 216 217 217 216 216 216 216 216 216 216 216 216 216 216 216 217 217 217 217 216 216 216 216 216 216 216 216 216 216 216 216 216 216 216 216 216 216 216 216 0 0 0 0 0 0 0 0 0 0 0 0 0 0 0 0 0 0 0 0 0 0 0 0 0 0 0 0 0 0 0 0 0 0 0 0 0 0 0 0 0 0 0 0 0 0 0 0 0 
0 0 0 0 0 0 0 0 0 0 0 0 0 0 0 0 0 0 0 0 0 0 0 0 0 0 0 0 0 0 0 0 0 0 0 0 0 0 0 0 0 177 178 178 178 0 0 0 179 180 180 180 181 181 181 181 181 181 181 181 182 183 183 182 183 184 184 184 184 184 184 185 185 186 186 186 187 186 186 186 186 186 186 186 187 187 187 187 187 188 188 189 188 189 188 188 189 189 190 190 190 190 190 190 190 191 191 191 191 191 191 191 191 191 192 192 192 192 192 193 193 193 193 193 193 193 194 194 194 194 194 194 194 195 195 195 195 195 195 196 196 196 196 196 196 196 196 197 197 197 197 197 198 198 198 198 198 198 198 199 199 199 199 199 199 199 200 200 200 200 200 200 200 200 200 200 201 201 201 201 201 201 201 201 201 202 202 202 202 202 203 203 203 203 202 202 202 203 203 203 203 203 203 203 204 204 204 203 203 203 203 203 204 204 204 204 204 204 205 205 205 205 205 205 205 205 205 205 206 206 206 206 206 206 206 206 206 206 206 207 207 207 209 209 209 209 209 209 209 209 210 210 210 210 210 210 210 210 210 210 211 211 211 211 211 211 211 211 211 211 211 211 211 211 211 212 212 212 212 212 212 212 212 212 212 212 212 212 212 212 212 212 212 212 212 212 212 212 212 213 213 213 213 213 213 213 213 213 213 213 213 213 213 213 213 213 213 213 213 214 213 213 213 213 213 214 214 213 213 213 213 214 214 214 214 214 215 215 215 215 215 214 214 214 214 215 214 214 215 215 215 215 215 215 215 215 215 215 215 215 215 215 216 216 216 216 216 216 216 216 216 216 216 216 216 216 216 216 217 217 217 216 217 217 217 217 217 216 215 215 215 216 216 216 216 215 216 216 216 216 216 216 216 216 216 217 217 216 216 216 216 216 216 216 217 217 217 217 217 216 216 216 216 216 216 216 216 216 216 217 217 217 217 216 216 217 217 216 216 216 216 216 216 216 216 216 216 216 216 216 216 216 216 216 216 216 216 216 216 216 216 216 0 0 0 0 0 0 0 0 0 0 0 0 0 0 0 0 0 0 0 0 0 0 0 0 0 0 0 0 0 0 0 0 0 0 0 0 0 0 0 0 0 
0 0 0 0 0 0 0 0 0 0 0 0 0 0 0 0 0 0 0 0 0 0 0 0 0 0 0 0 0 0 0 0 0 0 0 0 0 0 0 0 0 0 0 0 0 0 0 0 178 179 180 180 180 181 181 180 180 181 181 181 182 182 182 182 183 184 184 184 183 184 185 184 184 185 185 186 186 186 187 186 186 186 186 186 186 187 187 187 187 187 187 188 188 188 188 189 189 189 189 189 190 190 190 190 190 190 190 191 191 191 191 191 191 191 191 192 192 192 192 192 192 193 193 193 193 193 193 193 194 194 194 194 194 194 195 195 195 195 195 195 195 196 196 196 196 196 196 196 197 197 197 197 197 197 197 198 198 198 198 198 199 199 199 199 199 199 199 199 200 200 200 200 200 200 200 200 200 201 201 201 201 201 201 201 201 202 202 202 202 202 202 202 202 202 202 202 202 203 203 203 203 203 203 203 203 204 204 204 204 204 204 203 204 204 204 204 204 204 205 205 205 205 205 205 205 205 205 205 206 206 206 206 206 206 206 206 206 206 206 206 207 207 209 209 209 209 209 209 209 209 210 210 210 210 210 210 210 210 210 210 210 211 211 211 211 211 211 211 211 211 211 211 211 211 211 211 212 212 212 212 212 212 212 212 212 212 212 212 212 212 212 212 212 212 212 212 212 212 212 212 212 213 213 213 213 213 213 213 213 213 213 213 213 213 213 213 213 213 213 213 213 213 213 213 213 213 213 213 213 213 213 214 214 214 214 214 214 215 215 215 214 214 214 214 215 215 215 214 215 215 215 215 215 215 215 215 215 215 215 215 215 215 216 216 216 216 216 216 216 216 216 216 216 216 216 216 216 216 216 216 216 216 217 217 217 217 217 216 215 215 215 216 216 216 216 216 216 216 216 216 216 216 216 216 216 216 217 216 216 216 216 216 216 216 216 217 217 217 217 217 217 217 216 216 216 216 217 217 217 217 217 217 216 216 216 216 216 216 216 216 216 216 216 216 216 216 216 216 216 216 216 216 216 216 216 216 216 216 216 216 216 216 216 0 0 0 0 0 0 0 0 0 0 0 0 0 0 0 0 0 0 0 0 0 0 0 0 0 0 0 0 0 0 0 0 0 0 0 0 0 0 0 0 
0 0 0 0 0 0 0 0 0 0 0 0 0 0 0 0 0 0 0 0 0 0 0 0 0 0 0 0 0 0 0 0 0 0 0 0 0 0 0 0 0 0 0 0 0 0 0 0 0 179 179 179 180 180 180 0 0 180 180 0 0 181 182 182 182 183 184 183 183 184 184 184 184 184 185 185 186 186 186 187 187 187 187 187 186 187 187 187 187 187 188 187 188 188 188 189 189 189 189 189 189 189 190 190 190 190 190 190 191 191 191 191 191 191 192 192 192 192 192 192 192 192 193 193 193 193 193 193 193 194 194 194 194 194 194 195 195 195 195 195 196 196 196 196 196 196 196 196 196 197 197 197 197 197 197 197 197 198 198 198 198 199 199 199 199 199 199 199 199 199 199 200 200 200 200 200 200 200 201 201 201 201 201 201 201 201 202 202 202 202 202 202 202 202 202 202 202 202 203 203 203 203 203 203 204 204 204 204 204 204 204 204 204 204 204 204 204 204 205 205 204 204 205 205 205 205 205 205 206 206 206 206 206 206 206 206 206 206 206 206 206 207 209 209 209 209 209 209 209 209 210 210 210 210 210 210 210 210 210 210 210 210 210 211 211 211 211 211 211 211 211 211 211 211 211 211 212 212 212 212 212 212 212 212 212 212 212 212 212 212 212 212 212 212 212 212 212 212 212 212 212 212 213 213 213 213 213 213 213 213 213 213 213 213 213 213 213 213 213 213 213 213 213 214 214 213 213 213 213 213 213 214 214 214 213 214 214 214 214 215 214 215 214 214 215 215 215 214 215 215 215 215 215 215 215 215 215 215 215 216 215 215 215 216 216 216 216 216 216 216 216 216 216 216 216 216 216 216 216 216 216 216 216 217 217 217 217 216 215 215 215 216 216 216 216 216 216 216 216 216 216 216 216 217 216 217 216 216 216 216 216 216 216 216 217 217 217 217 217 217 217 217 217 217 217 217 217 217 217 217 217 217 216 216 216 216 216 216 216 216 216 216 216 216 216 216 216 216 216 216 216 216 216 216 216 216 216 216 216 216 216 216 216 216 0 0 0 0 0 0 0 0 0 0 0 0 0 0 0 0 0 0 0 0 0 0 0 0 0 0 0 0 0 0 0 0 0 0 0 0 0 0 0 
0 0 0 0 0 0 0 0 0 0 0 0 0 0 0 0 0 0 0 0 0 0 0 0 0 0 0 0 0 0 0 0 0 0 0 0 0 0 0 0 0 0 0 0 0 0 0 0 0 0 178 179 0 0 0 0 0 0 0 0 0 181 181 182 182 183 183 183 183 184 183 183 184 184 184 185 186 186 185 186 186 186 187 186 187 187 188 188 188 188 188 188 187 188 188 188 189 189 189 189 189 189 190 190 190 190 190 190 191 191 191 191 191 191 192 192 192 192 192 192 192 192 192 192 193 193 193 193 193 193 194 194 194 194 194 194 195 195 195 195 195 196 196 196 196 196 196 196 196 196 197 197 197 197 197 197 197 198 198 198 198 198 199 199 199 199 199 199 199 199 200 200 200 200 200 200 200 200 200 200 201 201 201 201 201 201 201 201 201 202 202 202 202 202 202 202 202 202 202 203 203 203 203 203 203 204 204 204 204 204 204 204 205 205 204 204 204 204 205 204 204 204 204 205 205 205 205 205 205 206 206 206 206 206 206 206 206 206 206 206 206 206 209 209 209 209 209 209 209 209 210 210 210 210 210 210 210 210 210 210 210 210 210 210 211 211 211 211 211 211 211 211 211 211 211 211 211 212 212 212 212 212 212 212 212 212 212 212 212 212 212 212 212 212 212 212 212 212 212 212 212 212 213 213 213 213 213 213 213 213 213 213 213 213 213 213 213 213 213 213 213 213 213 214 214 214 213 213 213 213 213 214 214 214 213 214 214 214 214 215 215 215 214 214 214 215 215 214 215 215 215 215 215 215 215 215 215 215 216 216 215 216 216 216 216 216 216 216 216 216 217 216 216 216 216 216 216 216 216 216 216 216 216 217 217 217 216 216 215 215 216 216 216 216 216 216 216 216 216 216 216 216 216 216 217 217 217 216 216 216 216 216 216 216 217 217 217 217 217 217 217 217 217 217 217 217 217 217 217 217 217 217 216 216 216 216 216 216 216 216 216 216 216 216 216 216 216 216 216 216 216 216 216 216 216 216 216 216 216 216 216 216 216 216 0 0 0 0 0 0 0 0 0 0 0 0 0 0 0 0 0 0 0 0 0 0 0 0 0 0 0 0 0 0 0 0 0 0 0 0 0 0 0 
0 0 0 0 0 0 0 0 0 0 0 0 0 0 0 0 0 0 0 0 0 0 0 0 0 0 0 0 0 0 0 0 0 0 0 0 0 0 0 0 0 0 0 0 0 0 0 0 0 0 0 0 0 0 0 0 0 0 0 0 0 181 181 181 182 183 183 183 183 183 183 184 184 185 185 185 185 185 185 185 186 185 185 186 186 187 188 189 189 189 188 188 187 188 188 188 189 189 189 189 189 189 189 189 189 190 190 190 191 191 191 191 191 191 191 191 192 192 192 192 192 192 192 192 192 192 193 193 193 193 194 194 194 194 194 194 195 195 195 195 195 195 196 196 196 196 196 196 196 196 196 197 197 197 197 197 197 197 198 198 198 198 198 199 199 199 199 199 199 199 199 199 199 199 200 200 200 200 200 200 201 201 201 201 201 201 201 201 201 202 202 202 202 202 202 202 202 202 202 202 203 203 203 203 203 203 203 204 204 204 204 204 204 204 204 204 204 204 205 205 205 204 204 205 205 205 205 205 205 205 205 205 206 206 206 206 206 206 206 206 206 206 208 208 209 209 209 209 209 209 209 209 209 209 210 210 210 210 210 210 210 210 211 211 211 211 211 211 211 211 211 211 211 211 211 211 211 212 212 212 212 212 212 212 212 212 212 212 212 212 212 212 212 212 212 212 212 212 212 213 212 212 213 213 213 213 213 213 213 213 213 213 213 213 213 213 213 213 213 213 213 213 213 214 214 214 213 213 213 213 213 214 214 213 213 213 214 214 214 215 215 215 214 214 214 215 214 215 215 215 215 215 215 215 215 215 215 215 215 215 215 216 216 216 216 216 216 216 216 216 217 217 217 217 216 216 216 216 217 217 217 216 216 216 217 217 216 215 215 216 216 216 216 216 216 216 216 216 216 216 216 216 216 216 216 217 217 217 216 216 216 216 216 216 217 217 217 217 217 217 217 216 216 216 217 217 217 217 217 217 217 217 216 216 216 216 216 216 216 216 216 216 216 216 216 216 216 216 216 216 216 216 216 216 216 216 216 216 216 216 216 216 216 216 0 0 0 0 0 0 0 0 0 0 0 0 0 0 0 0 0 0 0 0 0 0 0 0 0 0 0 0 0 0 0 0 0 0 0 0 0 0 0 
0 0 0 0 0 0 0 0 0 0 0 0 0 0 0 0 0 0 0 0 0 0 0 0 0 0 0 0 0 0 0 0 0 0 0 0 0 0 0 0 0 0 0 0 0 0 0 0 0 0 0 0 0 0 0 0 0 0 0 0 0 0 0 181 182 183 183 183 183 183 183 184 184 185 185 185 185 185 185 184 185 185 185 186 186 186 187 187 187 188 189 189 188 188 188 189 189 189 189 189 189 189 189 189 189 190 190 191 191 191 191 191 191 191 191 191 192 192 192 192 192 193 193 193 193 193 193 193 193 193 193 194 194 194 194 194 194 195 195 195 195 195 195 196 196 196 196 196 196 196 196 197 197 197 197 197 197 197 197 198 198 198 198 199 199 199 199 199 199 199 199 199 199 199 199 200 200 200 200 200 201 201 201 201 201 201 201 201 201 201 201 201 201 202 202 202 202 202 202 202 202 203 203 203 203 203 203 204 204 204 204 204 204 204 204 204 204 204 205 205 205 204 204 205 205 205 205 205 205 205 205 205 205 205 206 206 206 206 206 206 206 206 208 208 209 209 209 209 209 209 209 209 209 209 209 209 210 210 210 210 210 210 210 210 210 211 211 211 211 211 211 211 211 211 211 211 211 211 212 212 212 212 212 212 212 212 212 212 212 212 212 212 212 212 212 212 212 212 212 212 213 213 213 213 213 213 213 213 213 213 213 213 213 213 213 213 213 213 213 214 214 214 213 213 213 213 213 213 213 213 213 214 214 213 213 213 213 214 214 214 214 215 214 214 214 214 215 215 215 215 215 215 215 215 215 215 215 215 215 215 215 215 215 216 216 216 216 216 216 216 217 217 217 217 216 216 216 216 216 217 216 216 216 216 217 217 216 215 215 216 216 216 216 216 216 217 216 216 216 216 216 216 216 216 216 216 217 217 217 216 216 216 216 216 216 217 217 217 217 217 217 217 217 217 217 217 217 217 216 217 217 217 217 216 216 216 216 216 216 217 216 216 216 216 216 216 216 216 216 216 216 216 216 216 216 216 216 216 216 216 216 216 216 216 0 0 0 0 0 0 0 0 0 0 0 0 0 0 0 0 0 0 0 0 0 0 0 0 0 0 0 0 0 0 0 0 0 0 0 0 0 0 0 
0 0 0 0 0 0 0 0 0 0 0 0 0 0 0 0 0 0 0 0 0 0 0 0 0 0 0 0 0 0 0 0 0 0 0 0 0 0 0 0 0 0 0 0 0 0 0 0 0 0 0 0 0 0 0 0 0 0 0 0 0 0 0 0 181 182 182 182 182 183 184 184 184 184 184 184 185 185 184 185 185 186 186 186 186 186 186 187 187 187 188 188 189 189 189 189 190 190 189 189 189 189 189 189 189 190 190 191 191 190 191 190 191 191 191 192 192 192 192 192 192 193 193 193 193 193 193 193 193 193 193 194 194 194 194 194 194 195 195 195 195 195 195 195 195 196 196 195 196 196 196 196 196 196 197 197 197 197 197 197 198 198 198 198 198 199 199 199 199 199 199 199 199 199 199 200 200 200 200 200 200 200 200 201 201 201 201 201 201 201 201 201 201 202 202 202 202 202 202 202 202 202 203 203 203 203 203 203 204 204 204 204 204 204 204 204 204 204 204 204 204 204 205 205 205 205 205 205 205 205 205 205 205 205 205 205 206 206 206 206 206 206 208 208 209 209 209 209 209 209 209 209 209 209 209 209 209 209 210 210 210 210 210 210 210 210 210 210 210 211 211 211 211 211 211 211 211 211 211 212 212 212 212 212 212 212 212 212 212 212 212 212 212 212 212 212 212 212 212 212 212 213 213 213 213 213 213 213 213 213 213 213 213 213 213 213 213 213 213 214 214 214 214 213 213 213 213 213 214 213 213 213 213 213 214 214 214 214 215 215 214 214 214 214 214 214 215 215 215 215 215 215 215 215 215 215 215 215 215 215 215 215 215 215 216 216 216 216 216 216 216 217 216 216 216 216 216 216 217 217 217 216 216 216 217 217 217 216 216 216 216 216 216 216 216 217 217 217 216 216 216 216 216 216 216 216 216 217 217 216 216 216 216 216 216 216 216 217 217 217 217 217 217 217 217 217 217 216 216 217 217 217 217 217 217 216 216 216 216 217 216 216 215 216 216 216 216 216 216 216 216 216 216 216 216 216 216 216 216 216 216 216 216 0 0 0 0 0 0 0 0 0 0 0 0 0 0 0 0 0 0 0 0 0 0 0 0 0 0 0 0 0 0 0 0 0 0 0 0 0 0 0 0 
0 0 0 0 0 0 0 0 0 0 0 0 0 0 0 0 0 0 0 0 0 0 0 0 0 0 0 0 0 0 0 0 0 0 0 0 0 0 0 0 0 0 0 0 0 0 0 0 0 0 0 0 0 0 0 0 0 0 0 0 0 0 0 0 182 182 182 183 183 183 183 183 184 184 184 184 184 184 184 185 185 186 186 186 187 187 187 187 187 187 187 188 189 189 189 189 190 189 189 189 189 189 189 190 190 190 190 190 190 190 190 190 191 191 191 192 192 192 192 192 192 192 193 193 193 192 193 193 193 193 193 193 194 194 194 194 194 194 194 195 195 195 195 195 195 195 195 195 196 196 196 196 196 196 196 197 197 197 197 197 197 197 198 198 198 198 198 198 199 199 199 199 199 199 199 200 200 200 200 200 200 200 200 200 201 201 201 201 201 201 201 202 201 202 202 202 202 202 202 202 202 202 203 202 203 203 203 203 204 204 204 204 204 204 204 204 204 204 204 204 204 204 204 204 204 204 204 205 205 205 205 205 205 205 205 205 206 206 206 206 206 206 208 209 209 209 209 209 209 209 209 209 209 209 209 209 209 209 209 210 210 210 210 210 210 210 210 210 210 210 210 211 211 211 211 211 211 211 211 212 212 212 212 212 212 212 212 212 212 212 212 212 212 212 212 212 212 212 212 212 212 212 213 213 213 213 213 213 213 213 213 213 213 213 213 213 213 214 214 214 214 214 214 214 214 213 213 213 214 214 214 213 213 213 213 214 214 214 215 215 215 214 214 214 214 214 214 214 214 215 215 215 215 215 215 215 215 215 215 215 215 215 215 215 215 216 216 216 216 217 217 216 216 216 216 216 216 216 216 217 216 216 217 216 216 217 217 216 215 215 216 216 216 216 217 217 216 216 216 216 216 217 216 216 216 217 217 217 218 217 217 217 216 216 216 216 216 217 217 217 217 217 217 217 217 217 217 217 217 217 217 217 217 216 216 216 216 216 216 216 216 216 215 215 216 216 216 216 216 216 216 216 216 216 216 216 216 216 216 216 216 216 216 0 0 0 0 0 0 0 0 0 0 0 0 0 0 0 0 0 0 0 0 0 0 0 0 0 0 0 0 0 0 0 0 0 0 0 0 0 0 0 0 
0 0 0 0 0 0 0 0 0 0 0 0 0 0 0 0 0 0 0 0 0 0 0 0 0 0 0 0 0 0 0 0 0 0 0 0 0 0 0 0 0 0 0 0 0 0 0 0 0 0 0 0 0 0 0 0 0 0 0 0 0 0 0 181 181 182 183 183 183 183 183 183 183 183 183 184 184 184 185 185 186 186 186 186 187 187 188 187 187 187 187 187 188 188 188 189 188 189 189 189 189 189 189 190 190 190 189 190 189 190 190 190 191 191 192 192 192 192 192 192 192 192 192 192 192 192 193 193 193 193 193 193 194 194 194 194 194 194 194 194 195 195 195 195 195 195 196 196 196 196 196 196 196 196 197 197 197 197 197 197 197 197 197 198 198 198 198 198 198 198 198 199 199 199 199 199 199 199 199 199 200 200 200 201 201 201 201 201 201 201 201 201 202 201 201 201 201 202 202 202 202 202 203 202 203 203 203 203 203 204 204 204 204 204 204 204 204 204 204 204 204 204 204 204 204 204 204 205 205 205 205 205 205 205 205 206 206 206 206 206 206 206 208 208 209 209 209 209 209 209 209 209 209 209 209 209 209 209 209 209 210 210 210 210 210 210 210 210 210 210 211 211 211 211 211 211 211 211 211 211 212 212 212 212 212 212 212 212 212 212 212 212 212 212 212 212 212 212 212 212 212 212 212 213 213 213 213 213 213 213 213 213 213 213 213 213 213 214 214 214 214 214 214 214 214 214 214 213 213 214 213 213 213 213 213 213 214 214 214 215 215 215 214 214 214 214 214 214 214 214 215 215 215 215 215 215 215 215 215 215 215 215 215 216 216 216 216 216 217 217 217 217 216 216 216 216 216 217 217 217 217 217 217 216 216 217 217 216 215 215 215 216 216 216 217 216 216 216 216 216 216 216 217 217 216 217 217 218 218 217 217 216 217 216 216 216 216 216 217 217 217 217 217 217 216 216 217 217 217 217 217 217 217 217 216 216 217 217 216 216 216 216 215 215 216 216 216 216 216 216 216 216 216 216 216 216 216 216 216 216 216 216 216 0 0 0 0 0 0 0 0 0 0 0 0 0 0 0 0 0 0 0 0 0 0 0 0 0 0 0 0 0 0 0 0 0 0 0 0 0 0 0 0 
0 0 0 0 0 0 0 0 0 0 0 0 0 0 0 0 0 0 0 0 0 0 0 0 0 0 0 0 0 0 0 0 0 0 0 0 0 0 0 0 0 0 0 0 0 0 0 0 0 0 0 0 0 0 0 0 0 0 0 0 0 0 0 0 0 182 182 182 183 182 182 183 183 183 184 184 184 184 185 184 185 185 185 185 186 186 187 188 188 187 187 187 187 187 188 188 188 189 190 190 189 189 189 190 190 190 189 189 189 190 190 190 190 191 192 192 192 192 192 192 192 192 192 192 192 192 193 193 193 193 193 193 193 194 194 194 194 194 195 195 195 195 195 195 195 195 195 196 196 196 196 196 196 196 197 197 197 197 197 197 197 197 197 197 198 198 198 198 198 198 199 199 199 199 199 199 199 200 200 199 199 200 200 200 200 200 200 201 201 201 201 201 201 201 201 201 201 201 202 202 202 202 203 203 203 203 203 203 203 203 203 203 204 204 204 204 204 204 204 204 204 204 204 204 204 204 205 205 205 205 205 205 205 205 205 205 205 206 206 206 206 206 208 208 208 209 209 209 209 208 209 209 209 209 209 209 209 209 209 209 210 210 210 210 210 210 210 210 210 210 211 211 211 211 211 211 211 211 211 211 211 212 212 212 212 212 212 212 212 212 212 212 212 212 212 212 212 212 212 212 212 212 212 212 213 213 213 213 213 213 213 213 213 213 213 213 213 214 214 214 214 214 214 214 214 214 214 213 213 214 214 214 213 213 213 213 213 214 214 215 215 215 214 214 214 214 214 214 214 214 214 215 215 215 215 215 215 215 215 215 215 215 215 216 216 216 216 216 217 216 216 217 217 217 216 216 216 217 217 217 217 217 217 217 217 217 217 217 216 215 215 215 216 216 216 216 216 216 216 216 216 216 216 216 216 216 217 217 218 217 216 216 216 216 216 216 216 216 217 217 217 217 217 217 217 217 217 217 217 217 217 217 217 217 217 217 217 217 217 216 216 216 216 215 216 216 216 216 216 216 216 216 216 216 216 216 216 216 216 216 216 216 0 0 0 0 0 0 0 0 0 0 0 0 0 0 0 0 0 0 0 0 0 0 0 0 0 0 0 0 0 0 0 0 0 0 0 0 0 0 0 0 0 
0 0 0 0 0 0 0 0 0 0 0 0 0 0 0 0 0 0 0 0 0 0 0 0 0 0 0 0 0 0 0 0 0 0 0 0 0 0 0 0 0 0 0 0 0 0 0 0 0 0 0 0 0 0 0 0 0 0 0 0 0 0 0 0 0 182 182 182 182 182 182 183 183 184 184 184 184 184 185 185 185 185 186 185 185 185 186 187 188 188 188 187 187 187 188 188 188 189 190 190 190 189 189 189 190 190 189 190 190 190 190 190 191 191 191 191 192 192 192 192 192 192 192 192 192 192 192 193 193 193 193 193 193 193 194 194 194 194 195 195 195 195 195 195 195 195 196 196 196 196 196 196 196 196 197 197 197 197 196 197 197 197 197 197 198 198 198 198 198 198 198 198 198 199 199 199 199 200 200 199 199 200 200 200 200 201 200 201 201 201 201 201 201 201 201 202 202 202 201 202 202 203 202 202 203 203 203 203 203 203 203 203 204 204 204 204 204 204 204 204 204 204 204 204 204 204 205 205 205 205 205 205 205 205 205 205 205 205 205 206 206 206 208 208 208 209 209 208 208 208 209 209 209 209 209 209 209 209 209 210 210 210 210 210 210 210 210 210 210 210 210 211 210 210 211 211 211 211 211 211 211 211 211 211 211 211 212 212 212 212 212 212 212 212 212 212 212 212 212 212 212 212 212 212 213 213 213 213 213 213 213 213 213 213 213 213 213 214 214 214 214 214 214 214 214 214 214 213 214 214 214 214 213 213 213 213 213 214 215 215 215 215 215 215 215 215 214 214 214 214 214 214 214 214 214 215 215 215 215 215 215 215 215 216 216 216 216 216 216 216 216 216 217 217 217 217 216 216 217 217 217 217 217 217 217 217 217 218 216 216 215 215 216 216 216 216 216 216 216 216 216 216 216 216 216 216 216 217 217 217 217 217 217 216 216 216 216 217 217 217 217 217 217 217 217 217 217 217 217 217 217 217 217 217 217 217 217 216 216 216 216 216 216 216 216 216 216 216 216 216 216 216 216 216 216 216 216 216 216 216 0 0 0 0 0 0 0 0 0 0 0 0 0 0 0 0 0 0 0 0 0 0 0 0 0 0 0 0 0 0 0 0 0 0 0 0 0 0 0 0 0 0 0 
0 0 0 0 0 0 0 0 0 0 0 0 0 0 0 0 0 0 0 0 0 0 0 0 0 0 0 0 0 0 0 0 0 0 0 0 0 0 0 0 0 0 0 0 0 0 0 0 0 0 0 0 0 0 0 0 0 0 0 0 0 0 0 0 0 182 182 182 182 182 183 183 183 183 184 184 184 185 185 185 185 185 186 186 185 185 186 187 188 188 189 188 187 187 188 189 189 189 190 190 189 189 189 189 189 189 190 190 190 190 190 190 190 191 191 191 191 192 192 192 192 192 192 192 191 192 192 193 193 193 193 193 193 193 193 193 194 194 194 195 195 195 195 195 195 195 195 196 196 196 196 196 196 196 196 196 197 197 196 197 197 197 197 198 198 198 198 198 197 198 198 198 198 198 198 198 199 199 199 199 200 200 200 200 201 201 200 200 201 201 201 201 201 201 201 201 202 202 202 201 202 203 203 203 203 203 203 203 203 203 203 203 203 203 203 204 204 204 204 204 204 204 204 204 204 204 204 204 205 205 205 205 205 205 205 205 205 205 205 206 206 206 208 208 208 208 208 208 208 208 209 209 209 209 209 209 209 209 209 209 210 210 210 210 210 210 210 210 211 211 211 210 210 210 211 211 211 211 211 211 211 211 211 211 211 211 211 211 211 212 212 212 212 212 212 212 212 212 212 212 212 212 212 212 212 212 212 213 213 213 213 213 213 213 213 213 214 214 214 214 214 214 214 214 214 214 214 214 214 214 214 213 213 213 213 214 214 214 215 215 215 215 215 215 215 215 215 215 215 214 214 215 214 214 214 214 214 214 214 215 215 215 215 216 216 216 216 216 216 216 216 216 216 216 216 217 217 216 217 217 216 216 217 217 217 217 217 217 217 217 216 215 216 216 216 216 216 216 216 216 216 216 216 216 216 216 216 216 217 217 218 217 217 217 217 217 217 217 217 217 217 217 217 217 217 217 217 217 217 217 217 217 217 216 216 216 216 216 216 216 216 216 216 216 216 216 216 216 216 216 216 216 216 216 216 216 216 216 216 0 0 0 0 0 0 0 0 0 0 0 0 0 0 0 0 0 0 0 0 0 0 0 0 0 0 0 0 0 0 0 0 0 0 0 0 0 0 0 0 0 0 0 0 
0 0 0 0 0 0 0 0 0 0 0 0 0 0 0 0 0 0 0 0 0 0 0 0 0 0 0 0 0 0 0 0 0 0 0 0 0 0 0 0 0 0 0 0 0 0 0 0 0 0 0 0 0 0 0 0 0 0 0 0 0 0 0 0 0 182 182 182 182 182 182 183 183 183 184 184 184 184 184 184 184 185 185 186 186 185 186 187 187 187 188 189 188 187 187 188 188 189 189 190 189 189 189 189 189 189 190 190 190 190 191 191 191 191 191 191 191 191 192 192 192 192 192 191 192 191 192 192 193 193 193 193 193 193 193 193 193 194 194 194 194 194 195 195 195 195 195 195 196 196 196 196 196 196 196 196 197 196 197 197 197 197 197 197 198 197 197 197 197 198 198 199 199 199 199 199 199 199 199 199 199 199 200 200 200 200 200 200 201 201 201 201 201 201 201 201 201 202 202 202 202 202 202 202 202 202 202 202 202 202 203 203 203 203 203 203 204 204 204 204 204 204 204 204 204 204 204 204 205 205 205 205 205 205 205 205 205 206 206 206 206 206 208 208 208 208 209 209 208 209 209 209 209 209 209 209 209 209 209 210 210 210 210 210 210 210 210 210 210 210 210 210 210 210 211 211 211 211 211 211 211 211 211 211 211 211 211 212 212 212 212 212 211 212 212 212 212 212 212 212 212 212 212 212 212 212 212 212 213 213 213 213 213 213 213 213 213 213 214 214 214 214 214 214 214 214 214 213 214 214 214 214 213 213 213 213 214 215 215 215 215 215 215 215 215 215 215 215 215 215 214 214 215 215 215 215 214 214 215 215 215 215 215 215 216 216 216 216 216 216 216 216 216 216 216 217 217 216 217 217 216 216 216 216 216 217 217 216 216 217 216 216 216 216 216 216 216 217 217 216 216 216 216 216 217 216 216 217 217 217 217 217 217 216 216 216 217 217 217 217 217 217 217 217 217 217 217 217 217 217 217 216 216 216 216 216 216 216 216 216 216 216 216 216 216 216 216 216 216 216 216 216 216 216 216 216 216 216 216 0 0 0 0 0 0 0 0 0 0 0 0 0 0 0 0 0 0 0 0 0 0 0 0 0 0 0 0 0 0 0 0 0 0 0 0 0 0 0 0 0 0 0 0 
0 0 0 0 0 0 0 0 0 0 0 0 0 0 0 0 0 0 0 0 0 0 0 0 0 0 0 0 0 0 0 0 0 0 0 0 0 0 0 0 0 0 0 0 0 0 0 0 0 0 0 0 0 0 0 0 0 0 0 0 0 0 0 0 0 0 0 0 182 182 182 182 183 183 184 183 184 184 183 184 184 185 186 186 187 187 187 187 186 187 187 188 189 188 188 188 188 188 189 190 190 190 190 190 189 189 189 190 191 191 191 190 191 191 190 191 191 191 192 191 191 191 191 191 191 191 191 192 193 193 193 193 193 194 194 193 193 193 194 194 194 195 195 195 195 195 195 195 196 196 195 196 196 196 196 197 197 197 197 197 197 197 196 196 197 197 197 197 197 197 198 198 199 199 199 199 199 199 199 199 199 199 200 200 200 200 200 200 200 200 201 201 201 201 201 201 201 201 201 202 202 202 202 202 202 202 202 202 202 202 203 203 203 203 203 203 203 203 203 204 204 204 204 204 204 204 204 204 204 205 205 205 205 205 205 205 205 206 206 206 206 206 208 208 208 208 209 209 208 209 209 209 209 209 209 209 209 209 209 209 210 209 210 210 210 210 210 210 210 210 210 210 210 210 211 211 211 211 211 211 211 211 211 211 212 212 212 212 212 212 212 212 211 212 212 212 212 212 212 212 212 212 212 212 212 212 213 213 213 213 213 213 213 213 213 213 213 213 214 214 214 214 214 214 214 214 214 214 214 214 214 213 213 213 213 213 214 214 215 215 215 215 215 214 215 215 215 215 215 214 215 215 214 215 215 215 215 215 215 215 215 215 216 216 216 216 216 216 216 216 216 216 216 217 217 217 217 216 216 216 216 216 216 216 216 216 217 216 216 216 217 217 216 216 217 217 217 217 217 216 216 216 216 216 216 216 216 217 217 217 217 217 217 217 217 216 216 216 217 217 217 217 217 217 217 217 217 217 217 217 217 217 217 217 216 217 216 216 217 217 217 217 216 216 216 216 216 216 216 216 216 216 216 216 216 216 216 216 0 0 0 0 0 0 0 0 0 0 0 0 0 0 0 0 0 0 0 0 0 0 0 0 0 0 0 0 0 0 0 0 0 0 0 0 0 0 0 0 0 0 0 0 0 
0 0 0 0 0 0 0 0 0 0 0 0 0 0 0 0 0 0 0 0 0 0 0 0 0 0 0 0 0 0 0 0 0 0 0 0 0 0 0 0 0 0 0 0 0 0 0 0 0 0 0 0 0 0 0 0 0 0 0 0 0 0 0 0 0 0 0 0 0 0 181 182 182 182 183 183 183 183 183 184 184 185 186 186 186 187 187 186 187 187 188 188 188 188 189 189 189 188 189 189 190 190 190 190 189 189 189 190 190 190 190 190 190 190 190 191 191 191 191 192 192 192 191 191 192 191 191 192 192 193 193 193 194 194 194 194 194 193 194 194 194 195 194 194 195 195 195 195 195 195 195 196 196 196 196 197 197 197 196 196 196 196 196 197 197 196 197 198 197 198 197 197 198 198 199 199 199 198 198 199 199 199 200 200 200 200 200 200 200 200 200 200 200 200 201 201 201 202 202 202 202 202 202 202 202 202 202 202 202 202 203 203 203 203 203 203 203 203 203 203 204 204 204 204 204 204 204 204 204 205 205 205 205 205 205 205 205 205 205 205 206 206 208 208 208 208 209 208 208 208 209 209 209 209 209 209 209 209 209 209 209 210 210 210 210 210 210 210 210 210 210 210 210 210 211 211 211 211 211 211 211 211 211 211 211 211 211 211 212 212 212 212 211 211 212 212 212 212 212 212 212 212 212 212 212 212 212 212 213 213 213 213 213 213 213 213 213 214 214 214 214 214 213 213 214 214 214 214 214 214 213 213 213 213 213 214 214 215 215 215 215 215 214 215 215 215 215 215 215 214 215 215 215 214 215 215 215 215 215 215 215 216 216 216 216 216 217 216 216 216 216 216 216 217 217 217 217 216 216 216 216 216 216 216 216 216 216 216 216 216 217 217 218 217 216 217 217 217 217 216 216 216 216 216 216 216 217 217 217 217 217 217 217 218 217 217 216 216 217 217 217 217 217 217 217 217 217 217 217 217 217 217 217 217 217 217 217 216 216 216 216 216 216 216 216 216 216 216 216 216 216 216 216 216 216 216 0 0 0 0 0 0 0 0 0 0 0 0 0 0 0 0 0 0 0 0 0 0 0 0 0 0 0 0 0 0 0 0 0 0 0 0 0 0 0 0 0 0 0 0 0 0 0 
0 0 0 0 0 0 0 0 0 0 0 0 0 0 0 0 0 0 0 0 0 0 0 0 0 0 0 0 0 0 0 0 0 0 0 0 0 0 0 0 0 0 0 0 0 0 0 0 0 0 0 0 0 0 0 0 0 0 0 0 0 0 0 0 0 0 0 0 0 0 0 182 182 182 183 183 183 184 184 184 184 184 185 186 186 186 186 186 187 188 188 189 188 188 188 189 189 189 189 190 190 190 190 189 189 189 189 189 190 190 190 191 190 191 191 190 191 191 191 192 192 192 192 192 192 192 191 191 192 193 193 193 194 194 194 194 194 193 193 193 193 194 193 193 193 194 194 194 194 195 194 195 195 195 196 196 196 196 195 195 196 196 196 196 196 196 196 197 197 197 197 197 197 197 197 198 198 198 198 198 198 199 199 199 199 199 199 199 200 199 199 200 200 200 200 200 200 201 201 201 201 201 202 201 201 202 202 201 202 202 202 202 202 202 202 202 202 203 203 203 203 203 203 203 203 203 203 203 203 204 204 204 204 204 204 204 205 205 205 205 205 205 205 205 205 205 206 206 206 206 206 206 206 206 206 206 206 206 206 206 207 207 207 207 207 207 207 207 207 207 207 207 208 208 208 208 208 208 208 208 208 208 208 208 208 209 208 208 208 209 209 209 211 211 211 211 211 212 212 212 212 212 212 212 212 212 212 212 212 212 212 212 212 212 212 213 213 213 213 213 213 213 213 213 213 213 213 214 214 213 213 213 213 213 213 213 214 214 215 215 215 215 215 215 215 215 215 215 215 215 215 215 215 215 215 215 215 216 216 216 216 216 216 216 216 216 217 216 216 217 217 216 216 217 217 217 217 217 216 216 216 216 216 216 216 216 216 217 216 216 216 216 217 218 217 216 216 217 217 216 216 216 216 217 217 217 217 217 217 217 217 217 217 218 217 217 217 217 217 217 217 217 217 217 217 217 217 217 217 217 217 217 217 217 217 217 217 216 216 216 216 216 216 216 216 216 216 216 216 216 216 216 216 216 216 216 0 0 0 0 0 0 0 0 0 0 0 0 0 0 0 0 0 0 0 0 0 0 0 0 0 0 0 0 0 0 0 0 0 0 0 0 0 0 0 0 0 0 0 0 0 0 0 
0 0 0 0 0 0 0 0 0 0 0 0 0 0 0 0 0 0 0 0 0 0 0 0 0 0 0 0 0 0 0 0 0 0 0 0 0 0 0 0 0 0 0 0 0 0 0 0 0 0 0 0 0 0 0 0 0 0 0 0 0 0 0 0 0 0 0 0 0 0 0 0 182 182 183 183 183 183 183 183 183 184 185 186 187 187 186 186 187 187 188 188 188 188 188 189 189 189 189 190 190 190 190 190 190 190 189 190 190 190 190 190 190 190 190 191 191 191 192 192 192 192 192 192 192 192 192 191 191 192 192 193 193 194 194 194 194 193 193 193 193 193 193 193 194 194 194 194 194 194 194 194 195 195 196 196 196 196 196 196 196 195 196 196 195 196 196 196 196 196 196 196 197 197 198 198 198 198 198 198 198 198 198 199 199 199 199 199 199 199 200 200 200 200 200 200 200 200 200 201 201 202 201 201 202 202 202 201 202 203 203 202 202 202 202 202 202 202 202 203 203 203 203 203 203 203 203 203 203 204 204 204 204 204 204 204 204 204 205 205 205 205 205 205 205 205 206 206 206 206 206 206 206 206 206 206 206 206 206 206 207 207 207 207 207 207 207 207 207 207 207 207 207 208 208 208 208 208 208 208 208 208 208 208 208 209 208 208 209 209 209 209 211 211 211 211 211 212 212 212 212 212 212 212 212 212 212 212 212 212 212 212 212 212 213 213 213 213 213 213 213 213 213 213 213 213 213 213 214 213 213 213 213 213 213 213 214 214 215 215 215 215 215 215 215 215 215 215 216 216 215 215 215 215 215 215 215 215 216 216 216 216 216 216 216 217 217 216 216 217 217 217 216 217 217 217 217 217 216 216 216 216 216 216 216 216 216 216 216 216 216 217 216 216 217 216 216 216 217 217 217 216 216 217 217 217 217 217 217 217 217 217 217 217 217 217 217 216 216 217 217 217 217 217 217 217 217 217 217 217 217 217 217 217 217 217 217 217 216 216 216 216 216 216 216 216 216 216 216 216 216 216 216 216 216 216 216 0 0 0 0 0 0 0 0 0 0 0 0 0 0 0 0 0 0 0 0 0 0 0 0 0 0 0 0 0 0 0 0 0 0 0 0 0 0 0 0 0 0 0 0 0 0 
0 0 0 0 0 0 0 0 0 0 0 0 0 0 0 0 0 0 0 0 0 0 0 0 0 0 0 0 0 0 0 0 0 0 0 0 0 0 0 0 0 0 0 0 0 0 0 0 0 0 0 0 0 0 0 0 0 0 0 0 0 0 0 0 0 0 0 0 0 0 0 0 181 182 182 183 183 0 0 0 183 184 185 185 185 185 185 185 186 187 187 188 187 188 188 188 189 189 189 189 189 189 189 190 190 190 190 190 190 191 191 190 191 190 191 191 191 192 192 192 192 192 192 192 192 192 191 191 192 193 192 192 192 192 193 193 193 194 193 194 194 194 194 194 194 194 194 194 194 194 194 195 195 195 195 195 195 196 196 196 196 196 197 197 196 197 197 197 197 197 197 197 197 197 198 198 198 198 198 198 198 198 198 198 199 199 199 200 199 199 199 200 200 200 200 200 200 200 200 201 201 201 201 201 201 202 202 202 202 203 203 202 202 202 202 202 202 202 202 202 202 202 203 203 203 203 203 203 203 203 204 204 204 204 204 204 204 205 205 205 205 205 205 205 205 206 206 206 206 206 206 206 206 206 206 206 206 206 206 206 206 206 206 207 206 206 207 207 207 207 207 207 207 207 208 208 208 208 208 208 208 208 208 208 208 209 209 208 208 209 209 209 211 211 211 211 212 211 212 212 212 212 212 212 212 212 212 212 212 212 212 212 212 212 212 213 213 213 213 213 213 213 213 213 213 213 213 213 213 213 213 213 213 213 213 213 214 214 215 215 215 216 216 216 216 216 216 216 216 216 216 215 216 216 216 216 216 216 216 216 216 216 216 216 216 216 217 217 216 216 217 217 217 217 217 217 217 217 216 216 216 217 217 217 217 216 216 216 216 216 216 216 216 216 216 216 216 216 216 217 217 217 216 216 216 217 217 217 217 217 217 217 217 217 217 217 217 216 216 216 217 217 217 217 217 217 217 217 217 217 217 217 217 216 216 216 216 216 216 216 216 217 216 216 216 216 216 216 216 216 216 216 216 216 216 216 0 0 0 0 0 0 0 0 0 0 0 0 0 0 0 0 0 0 0 0 0 0 0 0 0 0 0 0 0 0 0 0 0 0 0 0 0 0 0 0 0 0 0 0 0 0 0 
0 0 0 0 0 0 0 0 0 0 0 0 0 0 0 0 0 0 0 0 0 0 0 0 0 0 0 0 0 0 0 0 0 0 0 0 0 0 0 0 0 0 0 0 0 0 0 0 0 0 0 0 0 0 0 0 0 0 0 0 0 0 0 0 0 0 0 0 0 0 0 0 0 0 182 182 0 0 0 0 183 184 185 184 184 184 185 186 186 186 187 187 187 187 188 188 188 189 189 189 189 189 189 189 190 190 190 191 191 191 191 191 191 191 191 191 191 191 191 191 191 191 191 192 191 191 191 192 193 192 192 193 193 192 193 193 194 194 194 194 194 194 194 195 194 195 195 194 194 194 195 195 195 194 194 195 195 195 196 196 196 196 197 197 197 197 198 198 198 198 198 198 198 198 198 198 198 198 198 198 198 198 198 198 198 199 199 199 199 200 199 200 199 200 200 200 200 200 200 201 201 201 202 202 202 202 203 202 203 203 202 202 202 203 202 202 202 202 202 202 202 202 202 203 203 204 203 203 204 204 204 204 204 204 204 204 205 205 205 205 205 205 205 205 205 206 206 205 205 206 206 206 206 206 206 206 206 206 206 206 206 206 206 206 206 206 207 207 207 207 207 207 207 207 207 207 208 208 208 208 208 208 208 208 208 208 208 208 209 209 209 209 211 211 211 211 211 211 212 211 212 212 212 212 212 212 212 212 212 212 212 212 212 212 212 213 213 213 213 213 213 213 213 213 213 213 213 213 214 214 214 214 214 214 214 214 214 215 215 215 216 216 216 216 216 216 216 216 216 216 216 216 217 216 216 216 216 216 216 216 216 216 216 216 216 216 216 217 216 216 216 217 217 217 217 217 217 217 217 216 216 216 216 217 217 217 216 216 216 216 216 216 216 216 216 216 216 216 216 216 217 217 217 216 216 216 217 217 217 217 217 217 217 217 217 217 217 217 216 216 217 217 217 217 217 217 217 217 217 217 217 217 217 217 216 216 216 216 216 216 217 217 216 216 216 216 216 216 216 216 216 216 216 216 216 216 0 0 0 0 0 0 0 0 0 0 0 0 0 0 0 0 0 0 0 0 0 0 0 0 0 0 0 0 0 0 0 0 0 0 0 0 0 0 0 0 0 0 0 0 0 0 0 
0 0 0 0 0 0 0 0 0 0 0 0 0 0 0 0 0 0 0 0 0 0 0 0 0 0 0 0 0 0 0 0 0 0 0 0 0 0 0 0 0 0 0 0 0 0 0 0 0 0 0 0 0 0 0 0 0 0 0 0 0 0 0 0 0 0 0 0 0 0 0 0 0 0 0 0 0 0 0 183 184 184 184 184 184 185 186 187 187 187 187 188 187 187 188 188 188 188 188 189 189 189 189 189 190 190 190 191 191 191 191 191 191 191 190 190 191 191 191 191 191 191 191 191 191 191 192 192 192 192 192 193 193 192 192 193 193 194 194 194 195 195 195 195 195 195 195 195 195 195 194 194 194 194 194 195 195 195 196 196 196 197 197 197 197 197 197 198 198 198 198 198 198 198 198 198 198 198 198 198 198 198 198 198 198 198 199 199 199 200 199 199 199 199 200 200 200 200 200 201 201 201 202 202 202 203 203 203 203 202 202 201 202 202 202 202 202 202 202 202 202 202 202 202 203 204 204 204 204 204 204 204 204 204 204 204 204 204 205 205 205 205 205 205 205 205 205 205 205 206 206 206 206 206 206 206 206 206 206 206 206 206 206 206 206 206 207 207 207 207 207 207 207 207 207 207 207 207 208 208 208 208 208 208 208 208 208 209 209 209 209 209 211 211 211 211 211 212 212 212 212 212 212 212 212 212 212 212 212 212 212 212 212 212 212 212 213 213 213 213 213 213 213 213 213 213 213 213 213 214 214 214 214 214 214 214 214 215 215 216 216 216 216 216 216 216 216 216 216 216 216 216 216 216 217 217 216 215 216 216 216 216 216 216 216 216 216 216 216 216 216 216 217 217 217 217 217 217 217 216 216 216 216 217 217 216 216 216 216 216 216 216 216 216 216 216 216 216 217 217 217 217 217 217 217 216 216 217 217 217 217 217 217 217 217 217 217 217 217 217 216 217 217 217 217 217 217 217 217 217 217 217 217 217 216 216 216 216 216 216 216 216 216 216 216 216 216 216 216 216 216 216 216 216 216 216 0 0 0 0 0 0 0 0 0 0 0 0 0 0 0 0 0 0 0 0 0 0 0 0 0 0 0 0 0 0 0 0 0 0 0 0 0 0 0 0 0 0 0 0 0 0 0 
0 0 0 0 0 0 0 0 0 0 0 0 0 0 0 0 0 0 0 0 0 0 0 0 0 0 0 0 0 0 0 0 0 0 0 0 0 0 0 0 0 0 0 0 0 0 0 0 0 0 0 0 0 0 0 0 0 0 0 0 0 0 0 0 0 0 0 0 0 0 0 0 0 0 0 0 0 0 183 183 183 184 184 184 185 184 185 186 187 187 187 188 188 187 188 187 188 188 188 189 189 189 189 189 189 189 189 190 190 190 191 191 191 191 191 191 191 190 190 190 191 191 191 191 191 191 192 192 193 193 193 193 193 193 193 193 193 194 194 194 195 195 195 195 195 195 195 195 195 195 195 195 195 195 194 195 195 196 196 196 197 197 197 197 197 197 197 198 197 198 198 198 198 198 198 198 198 198 198 198 198 198 198 198 198 198 199 199 199 199 199 199 199 199 199 200 200 200 201 201 201 201 201 201 202 202 202 202 203 202 201 201 201 201 202 202 203 203 203 202 202 203 203 202 203 204 204 204 204 204 204 204 204 204 204 204 204 204 204 204 205 205 205 205 205 205 205 205 205 206 206 206 206 206 206 206 206 206 206 206 206 206 206 206 206 206 207 207 207 207 207 207 207 207 207 207 207 207 207 208 208 208 208 208 208 208 208 208 209 209 209 209 211 211 211 211 212 212 212 212 212 212 212 212 212 212 212 212 212 212 212 212 212 212 212 212 213 213 212 212 213 213 213 213 213 213 213 213 213 213 214 214 214 214 214 214 215 215 215 216 216 216 216 216 216 217 217 217 217 217 217 217 216 216 216 216 216 216 216 216 216 216 216 216 216 216 216 216 216 216 216 216 216 217 217 217 217 216 216 216 216 216 216 216 216 216 216 216 216 216 216 217 216 216 216 215 216 216 216 217 217 217 217 217 217 217 216 216 217 217 217 217 217 217 217 217 217 217 217 217 216 216 217 217 217 217 217 217 217 217 217 217 217 216 216 216 216 216 216 216 216 216 216 216 216 216 216 216 216 216 216 216 216 216 216 216 0 0 0 0 0 0 0 0 0 0 0 0 0 0 0 0 0 0 0 0 0 0 0 0 0 0 0 0 0 0 0 0 0 0 0 0 0 0 0 0 0 0 0 0 0 0 0 
0 0 0 0 0 0 0 0 0 0 0 0 0 0 0 0 0 0 0 0 0 0 0 0 0 0 0 0 0 0 0 0 0 0 0 0 0 0 0 0 0 0 0 0 0 0 0 0 0 0 0 0 0 0 0 0 0 0 0 0 0 0 0 0 0 0 0 0 0 0 0 0 0 0 0 0 0 0 0 0 0 183 184 184 185 185 185 185 185 186 186 187 187 188 188 188 188 188 189 189 189 189 189 188 188 189 188 189 189 190 190 191 191 190 191 191 191 192 191 191 191 191 191 191 191 191 192 193 193 193 193 193 193 193 193 193 193 193 194 195 195 195 195 195 195 195 195 195 195 195 196 196 195 195 195 195 195 196 196 196 197 197 197 197 197 197 197 197 197 197 198 198 198 197 198 198 198 198 198 198 198 199 199 198 198 198 199 199 199 199 199 199 199 200 200 200 200 201 201 201 201 201 201 201 201 201 202 202 203 202 202 202 202 202 202 202 203 203 202 202 202 203 203 203 203 203 204 204 204 204 204 204 204 204 204 204 204 204 204 204 204 205 205 205 205 205 205 205 206 206 206 206 206 205 206 206 206 206 206 206 206 206 206 206 206 207 207 207 207 207 207 207 207 207 207 208 208 207 207 207 208 208 208 208 208 208 208 208 208 208 208 209 211 211 211 211 211 211 212 212 212 212 212 212 212 212 212 212 212 212 212 212 212 212 212 212 213 213 212 213 213 213 213 213 213 213 213 213 213 213 213 214 213 213 213 214 214 214 215 215 215 215 216 216 216 217 217 217 217 217 217 217 216 216 216 216 216 217 217 216 216 217 217 217 217 217 217 216 216 216 216 216 216 216 216 216 216 216 216 216 216 216 216 216 216 217 216 216 216 216 216 216 217 216 216 216 216 216 216 216 217 217 217 217 217 217 217 216 217 217 217 217 217 217 217 217 217 217 217 216 216 216 217 217 217 217 217 217 217 217 217 217 216 216 216 216 216 216 216 216 216 216 216 216 216 216 216 216 216 216 216 216 216 216 216 0 0 0 0 0 0 0 0 0 0 0 0 0 0 0 0 0 0 0 0 0 0 0 0 0 0 0 0 0 0 0 0 0 0 0 0 0 0 0 0 0 0 0 0 0 0 0 0 
0 0 0 0 0 0 0 0 0 0 0 0 0 0 0 0 0 0 0 0 0 0 0 0 0 0 0 0 0 0 0 0 0 0 0 0 0 0 0 0 0 0 0 0 0 0 0 0 0 0 0 0 0 0 0 0 0 0 0 0 0 0 0 0 0 0 0 0 0 0 0 0 0 0 0 0 0 0 0 0 0 183 183 184 184 185 185 184 184 185 186 186 186 186 188 188 188 188 188 189 189 189 189 189 188 188 188 189 190 190 190 190 190 191 190 191 191 191 191 191 191 192 191 192 192 192 192 192 192 192 193 192 192 193 193 193 194 194 194 194 195 195 195 195 194 195 195 195 195 195 196 196 196 196 196 196 196 196 196 196 197 197 197 197 197 197 197 197 197 197 197 197 197 197 197 198 198 198 198 198 198 199 199 199 199 199 199 199 199 199 199 199 199 200 200 200 201 201 201 201 201 201 201 201 201 201 201 202 202 202 202 202 203 203 203 203 203 203 203 203 203 203 203 203 203 203 204 204 203 203 204 204 204 204 204 204 204 204 204 204 204 204 205 205 205 205 205 205 205 205 206 206 206 206 205 206 206 206 206 206 206 206 206 206 206 207 207 207 207 207 207 207 207 207 207 207 207 207 207 208 208 208 208 208 208 208 208 208 208 208 208 209 211 211 211 211 211 211 212 212 212 212 212 212 212 212 212 212 212 212 212 212 212 212 212 212 212 213 212 213 213 213 213 213 213 213 213 213 213 213 213 213 213 213 213 213 213 213 213 213 214 214 214 215 215 216 216 216 216 216 216 216 216 216 216 216 216 217 217 217 217 217 217 217 217 217 217 217 217 217 217 216 216 215 215 215 216 216 216 216 216 216 216 216 216 217 216 216 216 216 216 216 216 216 216 216 216 216 216 216 216 216 217 217 217 217 217 216 216 217 217 217 217 217 217 217 217 216 216 216 216 216 216 216 216 217 217 217 217 217 217 217 217 216 216 216 216 216 216 216 216 216 216 216 216 216 216 216 216 216 216 216 216 216 216 0 0 0 0 0 0 0 0 0 0 0 0 0 0 0 0 0 0 0 0 0 0 0 0 0 0 0 0 0 0 0 0 0 0 0 0 0 0 0 0 0 0 0 0 0 0 0 0 
0 0 0 0 0 0 0 0 0 0 0 0 0 0 0 0 0 0 0 0 0 0 0 0 0 0 0 0 0 0 0 0 0 0 0 0 0 0 0 0 0 0 0 0 0 0 0 0 0 0 0 0 0 0 0 0 0 0 0 0 0 0 0 0 0 0 0 0 0 0 0 0 0 0 0 0 0 0 0 0 0 0 183 183 184 184 184 184 185 185 186 186 184 185 186 186 186 187 188 188 188 188 188 188 188 188 189 189 189 190 190 190 190 191 191 191 191 191 191 191 191 191 192 192 191 192 191 191 192 192 192 192 192 193 193 194 194 194 194 194 194 195 195 194 194 194 194 194 195 195 195 196 196 195 196 196 196 196 196 196 196 196 196 197 197 197 197 197 197 197 197 197 197 197 197 197 197 198 198 198 198 198 198 199 199 199 199 199 199 199 199 200 200 200 200 200 201 201 201 201 201 201 201 201 201 201 202 202 201 202 202 202 202 202 202 203 202 202 202 203 203 203 203 203 203 203 203 203 203 203 203 203 204 204 204 204 204 204 204 204 204 204 204 205 205 205 205 205 205 205 205 205 206 206 206 206 206 206 206 206 206 206 206 206 206 206 207 207 207 207 207 207 207 207 207 207 207 207 207 208 208 208 207 208 208 208 208 208 208 208 208 208 211 211 211 211 211 211 211 211 211 211 212 212 212 212 212 212 212 212 212 212 212 212 212 212 212 212 213 213 213 213 212 212 213 213 213 213 213 213 213 213 213 214 214 214 214 213 213 213 214 214 214 215 215 215 215 215 215 215 216 217 217 216 216 216 217 217 217 217 217 217 218 218 218 218 218 217 217 217 217 217 216 215 215 215 216 216 216 216 216 216 216 216 216 216 216 216 217 217 216 216 216 216 216 216 216 216 216 216 216 216 216 216 216 217 217 216 216 217 217 217 217 217 217 217 217 217 216 216 216 216 216 216 216 216 216 217 217 217 217 217 217 216 216 216 216 216 216 216 216 216 216 215 215 216 216 216 216 216 216 216 216 216 216 216 0 0 0 0 0 0 0 0 0 0 0 0 0 0 0 0 0 0 0 0 0 0 0 0 0 0 0 0 0 0 0 0 0 0 0 0 0 0 0 0 0 0 0 0 0 0 0 
0 0 0 0 0 0 0 0 0 0 0 0 0 0 0 0 0 0 0 0 0 0 0 0 0 0 0 0 0 0 0 0 0 0 0 0 0 0 0 0 0 0 0 0 0 0 0 0 0 0 0 0 0 0 0 0 0 0 0 0 0 0 0 0 0 0 0 0 0 0 0 0 0 0 0 0 0 0 0 0 0 0 0 183 183 184 184 185 185 185 186 185 184 185 185 185 185 186 186 186 187 188 188 188 188 188 188 188 189 189 189 190 190 190 191 191 191 191 190 190 191 191 191 191 192 192 191 191 191 192 192 192 192 192 193 194 193 193 193 193 194 194 194 194 194 194 194 194 195 195 195 195 196 195 196 196 196 196 196 196 196 196 196 196 197 197 197 197 197 198 198 198 198 197 197 197 198 198 198 198 198 198 198 199 199 199 199 199 199 199 199 200 200 200 200 200 200 200 201 201 201 201 201 201 201 201 202 202 201 201 202 202 202 202 202 202 202 202 202 202 203 202 202 202 203 203 203 203 203 203 203 203 203 203 203 204 204 204 204 204 204 204 205 204 205 205 205 205 205 205 205 205 205 206 206 206 206 206 206 206 206 206 206 206 206 206 206 207 207 207 207 207 207 207 207 207 207 207 207 207 208 208 207 207 208 208 208 208 208 208 208 209 211 211 211 211 211 211 211 211 211 211 211 212 212 212 212 212 212 212 212 212 212 212 212 212 212 212 213 213 213 213 213 213 212 212 213 213 213 213 214 213 213 213 214 214 215 214 213 213 214 214 214 214 215 215 215 215 215 215 216 216 217 216 216 216 216 216 216 217 218 218 217 217 217 218 218 217 218 218 217 217 216 215 215 215 215 216 216 216 216 216 216 216 216 216 216 216 216 217 217 216 216 215 215 216 216 216 216 216 216 216 216 217 217 216 216 217 216 217 217 217 217 217 217 217 217 217 217 216 216 216 216 216 216 216 217 217 217 217 217 217 217 216 216 216 216 216 216 216 216 216 216 216 215 216 216 216 215 216 216 216 216 216 216 216 0 0 0 0 0 0 0 0 0 0 0 0 0 0 0 0 0 0 0 0 0 0 0 0 0 0 0 0 0 0 0 0 0 0 0 0 0 0 0 0 0 0 0 0 0 0 0 
0 0 0 0 0 0 0 0 0 0 0 0 0 0 0 0 0 0 0 0 0 0 0 0 0 0 0 0 0 0 0 0 0 0 0 0 0 0 0 0 0 0 0 0 0 0 0 0 0 0 0 0 0 0 0 0 0 0 0 0 0 0 0 0 0 0 0 0 0 0 0 0 0 0 0 0 0 0 0 0 0 0 0 0 182 183 183 184 184 185 185 185 184 184 184 185 185 185 185 186 186 187 188 188 188 187 187 188 188 188 189 190 190 190 190 190 191 191 191 190 190 190 191 191 191 191 192 191 191 192 192 192 192 192 193 193 193 192 193 194 194 194 193 193 194 194 194 194 194 195 195 195 195 195 195 196 196 195 196 196 196 196 196 196 196 196 197 197 197 197 198 198 198 198 197 197 197 198 198 198 198 198 198 198 198 199 199 199 199 199 200 200 200 200 200 200 201 200 200 201 200 201 201 201 201 201 201 202 201 201 201 202 202 202 202 202 202 202 202 202 202 202 202 203 203 203 203 203 203 203 203 203 203 204 204 204 204 204 204 204 204 204 204 204 204 205 205 205 205 205 205 205 205 205 206 206 206 206 206 206 206 206 206 206 206 207 206 207 206 207 207 207 207 207 207 207 207 208 208 208 208 208 208 207 208 208 208 208 208 208 208 208 211 211 211 211 211 211 211 211 211 211 211 212 212 212 212 212 212 212 212 212 212 212 212 212 213 213 213 213 213 213 213 213 213 213 213 213 213 213 214 213 213 213 214 214 214 214 214 215 215 215 215 214 215 214 215 215 215 215 215 216 216 216 215 216 216 216 217 217 217 218 217 217 217 217 218 218 218 218 218 218 217 216 215 215 215 216 216 216 216 217 216 216 216 216 216 216 216 216 217 216 216 216 216 216 216 217 216 216 216 216 216 216 216 216 216 216 216 217 217 217 217 217 217 217 217 217 217 216 216 216 216 216 216 216 216 217 217 217 217 217 216 216 216 216 216 216 216 216 216 216 216 215 215 215 215 216 215 215 216 216 216 216 216 216 0 0 0 0 0 0 0 0 0 0 0 0 0 0 0 0 0 0 0 0 0 0 0 0 0 0 0 0 0 0 0 0 0 0 0 0 0 0 0 0 0 0 0 0 0 0 0 
0 0 0 0 0 0 0 0 0 0 0 0 0 0 0 0 0 0 0 0 0 0 0 0 0 0 0 0 0 0 0 0 0 0 0 0 0 0 0 0 0 0 0 0 0 0 0 0 0 0 0 0 0 0 0 0 0 0 0 0 0 0 0 0 0 0 0 0 0 0 0 0 0 0 0 0 0 0 0 0 0 0 0 0 0 0 0 0 0 184 185 184 0 0 184 185 184 185 186 186 187 187 188 188 188 188 188 187 188 189 189 190 189 190 190 190 190 190 191 191 191 191 191 191 191 191 192 192 191 191 192 192 192 192 193 193 193 193 193 193 193 194 193 193 193 194 194 194 194 194 195 195 195 195 195 196 196 195 195 196 196 196 196 196 196 196 196 196 197 197 197 197 197 198 198 198 198 197 197 198 198 198 198 198 198 199 199 199 199 199 199 200 200 200 200 200 200 200 200 200 200 200 200 201 201 201 201 201 201 201 201 201 202 202 202 202 202 202 202 202 202 202 202 203 203 203 203 203 203 203 203 203 203 204 204 204 204 204 204 204 204 204 204 204 204 204 205 205 205 205 205 205 205 205 205 206 206 206 206 206 206 206 206 206 206 206 207 207 206 207 207 207 207 207 207 207 207 207 207 207 207 207 207 207 208 207 207 208 208 208 208 208 210 210 210 210 211 211 211 211 211 211 211 212 212 212 212 212 212 212 212 212 212 212 212 212 213 213 213 213 213 213 213 213 213 213 213 213 213 213 214 214 214 214 214 214 213 213 214 214 214 215 215 215 215 215 215 215 215 215 215 215 215 215 216 216 216 216 216 217 217 217 217 217 217 217 217 218 218 218 218 218 217 217 216 215 215 216 216 216 216 217 216 216 216 216 216 216 216 216 216 216 217 216 216 216 216 217 216 216 216 216 216 216 216 216 216 216 217 217 217 217 217 217 217 217 217 217 217 216 216 217 217 217 217 217 217 217 217 217 217 216 216 216 216 216 216 216 216 216 216 216 216 215 215 216 215 215 215 215 216 216 216 216 216 216 217 0 0 0 0 0 0 0 0 0 0 0 0 0 0 0 0 0 0 0 0 0 0 0 0 0 0 0 0 0 0 0 0 0 0 0 0 0 0 0 0 0 0 0 0 0 0 
0 0 0 0 0 0 0 0 0 0 0 0 0 0 0 0 0 0 0 0 0 0 0 0 0 0 0 0 0 0 0 0 0 0 0 0 0 0 0 0 0 0 0 0 0 0 0 0 0 0 0 0 0 0 0 0 0 0 0 0 0 0 0 0 0 0 0 0 0 0 0 0 0 0 0 0 0 0 0 0 0 0 0 0 0 0 0 0 0 0 184 184 0 0 184 184 185 185 186 186 186 186 187 188 188 188 187 187 188 189 189 189 189 189 190 190 190 190 190 191 191 191 191 191 191 191 192 192 192 191 192 192 192 192 192 193 193 193 193 193 193 194 193 193 193 194 194 194 194 194 195 195 195 195 195 196 196 196 195 195 195 195 196 196 196 196 196 196 197 197 197 197 197 198 198 198 198 198 197 197 197 198 198 198 198 198 199 199 199 199 199 200 199 200 200 200 200 200 200 200 200 200 200 201 201 201 201 201 201 201 201 201 202 202 201 201 202 202 202 202 202 202 202 203 203 203 203 203 203 203 203 203 203 204 204 204 204 204 204 204 204 204 204 204 204 204 205 205 205 205 205 205 205 205 205 206 206 206 206 206 206 206 206 206 206 206 206 207 207 207 207 207 207 207 207 207 207 207 207 207 207 207 207 207 208 208 207 207 207 207 208 208 210 210 210 210 210 210 211 211 211 211 211 211 211 212 212 212 212 212 212 212 212 212 212 212 212 212 212 213 213 213 213 213 213 213 213 213 214 214 214 214 214 214 214 214 214 214 214 214 214 215 215 215 215 216 216 215 215 216 216 216 216 216 215 216 217 217 217 217 217 217 217 217 217 217 218 218 218 218 218 218 217 217 215 215 215 215 216 216 216 216 216 216 216 216 216 216 216 216 216 216 217 216 216 216 216 216 216 216 216 216 216 216 216 216 216 216 216 217 217 217 217 216 216 217 216 216 216 216 216 217 217 217 217 217 217 217 216 216 216 216 216 216 216 216 216 216 216 216 216 216 215 216 216 216 216 216 216 216 216 216 0 217 217 217 0 0 0 0 0 0 0 0 0 0 0 0 0 0 0 0 0 0 0 0 0 0 0 0 0 0 0 0 0 0 0 0 0 0 0 0 0 0 0 0 0 0 0 0 0 0 0 
0 0 0 0 0 0 0 0 0 0 0 0 0 0 0 0 0 0 0 0 0 0 0 0 0 0 0 0 0 0 0 0 0 0 0 0 0 0 0 0 0 0 0 0 0 0 0 0 0 0 0 0 0 0 0 0 0 0 0 0 0 0 0 0 0 0 0 0 0 0 0 0 0 0 0 0 0 0 0 0 0 0 0 0 0 0 0 0 0 0 184 184 0 0 184 184 184 185 186 185 185 186 187 188 188 188 188 187 188 188 189 189 189 189 189 190 190 190 190 190 191 191 191 191 191 191 191 191 192 192 192 192 192 192 192 193 193 193 193 193 193 194 194 194 194 194 194 194 194 194 194 195 195 195 195 195 196 196 195 195 195 195 196 196 196 196 196 196 196 196 197 197 197 197 198 198 198 198 198 197 197 197 198 198 198 198 198 198 199 199 199 199 199 199 199 200 200 200 200 200 200 200 200 201 201 201 201 201 201 201 201 201 201 202 201 201 202 202 202 202 202 202 202 203 203 203 203 203 203 203 203 203 203 203 204 204 204 204 204 204 204 204 204 204 204 204 204 204 205 205 205 205 205 205 205 205 205 206 206 206 205 206 206 206 206 206 206 207 206 206 206 206 207 207 207 207 207 207 207 207 208 207 207 207 208 208 208 207 207 207 207 208 210 210 210 210 210 211 211 211 211 211 211 211 211 212 212 212 212 212 212 212 212 212 212 212 212 212 212 212 212 212 212 213 212 213 213 214 213 213 213 214 214 214 214 214 214 215 214 215 215 215 215 215 215 215 215 216 216 216 216 216 216 216 216 216 216 217 217 217 217 217 217 217 217 217 218 218 218 218 218 217 217 217 216 215 215 215 216 216 216 216 216 216 216 216 216 216 216 216 216 216 216 216 216 217 216 216 216 216 216 216 216 216 216 216 216 216 216 217 217 217 217 217 216 216 216 216 216 216 216 216 216 216 217 217 217 217 217 216 216 216 216 216 216 216 216 216 216 216 216 216 216 216 216 216 216 216 216 0 0 0 0 0 0 0 0 0 0 0 0 0 0 0 0 0 0 0 0 0 0 0 0 0 0 0 0 0 0 0 0 0 0 0 0 0 0 0 0 0 0 0 0 0 0 0 0 0 0 0 0 0 0 
0 0 0 0 0 0 0 0 0 0 0 0 0 0 0 0 0 0 0 0 0 0 0 0 0 0 0 0 0 0 0 0 0 0 0 0 0 0 0 0 0 0 0 0 0 0 0 0 0 0 0 0 0 0 0 0 0 0 0 0 0 0 0 0 0 0 0 0 0 0 0 0 0 0 0 0 0 0 0 0 0 0 0 0 0 0 0 0 0 0 0 0 0 0 0 0 0 185 185 185 186 186 187 186 187 188 188 187 187 188 188 189 189 189 189 189 189 190 190 190 190 190 190 190 191 191 191 191 191 191 192 192 192 192 192 192 193 192 193 193 193 193 194 193 193 194 194 194 194 194 194 195 195 195 195 195 195 195 195 195 195 196 196 196 196 196 196 196 196 196 197 197 197 197 198 198 198 198 198 198 198 198 198 198 198 198 198 198 198 199 199 199 199 199 200 199 199 200 200 200 200 200 200 200 200 201 201 201 201 201 201 201 201 201 201 201 201 202 202 202 202 202 202 203 203 203 203 203 203 203 203 203 203 203 204 204 204 204 204 204 204 204 204 204 204 204 205 205 205 204 205 205 205 205 205 205 205 205 205 205 205 205 206 206 206 206 206 206 206 206 207 207 207 207 207 207 207 207 207 207 207 207 207 207 207 208 208 208 208 207 207 208 210 210 210 211 211 211 211 211 211 211 211 211 211 211 211 211 211 212 212 212 212 212 212 212 213 213 213 213 212 212 213 213 213 213 213 213 213 213 213 214 213 214 214 214 214 214 215 215 215 216 216 216 215 215 215 216 216 216 216 216 217 217 217 216 216 217 217 217 217 217 217 217 217 217 217 217 218 218 218 217 217 217 216 215 215 215 216 216 216 216 216 217 217 217 217 217 216 216 216 216 216 216 216 217 217 216 216 216 216 216 216 216 216 216 216 216 217 217 217 217 217 217 216 216 216 216 216 216 216 216 216 216 217 217 217 217 216 216 216 216 216 216 216 216 217 217 216 216 216 216 216 216 216 216 0 0 0 0 0 0 0 0 0 0 0 0 0 0 0 0 0 0 0 0 0 0 0 0 0 0 0 0 0 0 0 0 0 0 0 0 0 0 0 0 0 0 0 0 0 0 0 0 0 0 0 0 0 0 0 0 0 
0 0 0 0 0 0 0 0 0 0 0 0 0 0 0 0 0 0 0 0 0 0 0 0 0 0 0 0 0 0 0 0 0 0 0 0 0 0 0 0 0 0 0 0 0 0 0 0 0 0 0 0 0 0 0 0 0 0 0 0 0 0 0 0 0 0 0 0 0 0 0 0 0 0 0 0 0 0 0 0 0 0 0 0 0 0 0 0 0 0 0 0 0 0 0 0 184 184 184 184 185 186 186 186 187 188 188 187 187 188 189 189 189 189 189 189 189 189 190 190 190 190 190 190 190 191 191 191 191 191 191 191 192 192 192 192 192 192 192 193 193 194 194 193 194 194 194 194 194 194 194 194 195 194 195 195 195 195 195 195 195 195 196 196 196 196 196 196 196 196 196 197 197 197 197 198 198 198 198 198 198 198 197 198 198 198 198 198 198 199 199 199 199 199 199 199 199 200 200 200 200 200 200 200 200 200 201 201 201 201 201 201 201 201 201 201 201 201 202 202 202 202 202 202 202 202 203 203 203 203 203 203 203 203 203 203 204 204 204 204 204 204 204 204 204 204 205 205 205 205 205 205 205 205 205 205 205 205 205 205 205 205 206 206 206 206 206 206 206 206 207 206 207 206 207 207 207 207 207 207 207 207 207 207 207 208 208 208 208 207 207 208 210 210 210 211 211 211 211 211 211 211 211 211 211 211 211 211 212 212 212 212 212 212 212 212 212 212 213 213 213 213 213 213 213 213 213 213 213 214 213 213 213 213 214 214 214 215 215 215 215 216 216 216 216 216 216 216 216 215 215 215 216 217 217 217 217 217 217 217 217 217 217 217 217 217 217 217 218 218 217 218 217 217 216 215 215 215 215 216 216 216 216 216 216 217 217 217 217 216 216 216 216 216 216 217 217 217 216 216 216 216 216 216 216 216 216 216 217 217 216 216 216 216 216 216 216 216 216 216 216 216 216 216 216 217 216 216 216 216 216 216 217 217 217 217 217 217 217 217 216 216 216 216 216 216 216 0 0 0 0 0 0 0 0 0 0 0 0 0 0 0 0 0 0 0 0 0 0 0 0 0 0 0 0 0 0 0 0 0 0 0 0 0 0 0 0 0 0 0 0 0 0 0 0 0 0 0 0 0 0 0 0 
0 0 0 0 0 0 0 0 0 0 0 0 0 0 0 0 0 0 0 0 0 0 0 0 0 0 0 0 0 0 0 0 0 0 0 0 0 0 0 0 0 0 0 0 0 0 0 0 0 0 0 0 0 0 0 0 0 0 0 0 0 0 0 0 0 0 0 0 0 0 0 0 0 0 0 0 0 0 0 0 0 0 0 0 0 0 0 0 0 0 0 0 0 0 0 0 184 185 185 185 185 185 185 186 187 188 187 186 187 188 188 189 189 189 189 189 189 189 189 190 190 190 190 190 190 190 191 191 191 191 191 191 192 192 192 192 192 192 192 193 193 194 193 193 193 194 194 194 194 194 194 194 194 194 194 195 195 195 195 195 195 195 195 196 196 196 196 196 196 196 196 196 197 197 197 197 198 198 198 198 198 197 197 197 198 198 198 199 199 199 199 199 199 199 199 199 199 199 199 200 200 200 200 200 200 200 200 200 200 200 200 200 200 201 201 201 201 201 202 202 202 202 202 202 202 202 202 202 203 203 203 203 203 203 203 203 203 203 204 204 204 204 204 204 204 204 204 204 205 205 205 205 205 205 205 205 205 205 205 205 205 205 206 206 206 206 206 206 206 207 206 206 207 206 207 207 207 207 207 207 207 207 207 207 207 208 208 208 207 207 207 208 210 210 210 211 211 211 211 211 211 211 211 211 211 211 211 211 211 211 212 212 212 212 212 212 212 212 212 212 212 213 213 213 213 213 213 213 213 214 214 213 213 214 214 214 214 214 214 215 215 215 215 215 215 216 216 216 216 216 216 216 216 216 217 217 217 217 217 217 217 217 217 217 217 217 217 217 217 217 217 217 217 217 216 216 215 215 215 216 216 216 216 216 217 216 216 217 217 217 216 216 216 216 216 216 217 217 217 216 216 216 216 216 216 216 216 216 216 216 216 216 216 216 216 216 216 216 216 216 216 216 216 216 216 216 216 216 216 216 216 217 217 217 217 217 217 217 217 217 217 217 216 216 216 216 216 0 0 0 0 0 0 0 0 0 0 0 0 0 0 0 0 0 0 0 0 0 0 0 0 0 0 0 0 0 0 0 0 0 0 0 0 0 0 0 0 0 0 0 0 0 0 0 0 0 0 0 0 0 0 0 0 
0 0 0 0 0 0 0 0 0 0 0 0 0 0 0 0 0 0 0 0 0 0 0 0 0 0 0 0 0 0 0 0 0 0 0 0 0 0 0 0 0 0 0 0 0 0 0 0 0 0 0 0 0 0 0 0 0 0 0 0 0 0 0 0 0 0 0 0 0 0 0 0 0 0 0 0 0 0 0 0 0 0 0 0 0 0 0 0 0 0 0 0 0 0 0 0 0 184 185 186 186 185 185 185 186 187 187 186 187 188 187 188 188 189 189 189 190 189 189 190 190 190 190 190 190 190 190 191 191 191 191 191 191 192 192 192 192 193 193 193 193 193 193 193 193 194 194 194 194 193 194 194 194 194 194 194 194 194 195 195 195 195 195 195 195 196 196 196 196 196 196 196 196 197 197 197 197 198 198 198 198 198 197 197 197 198 198 198 198 198 199 199 199 199 199 199 199 199 199 200 200 200 200 200 200 200 200 200 200 200 200 200 200 201 201 201 201 201 202 202 202 202 202 202 202 202 202 203 203 203 203 203 203 203 203 203 203 203 203 203 204 204 204 204 204 204 204 204 204 204 205 205 205 205 205 205 205 205 205 205 205 206 206 206 206 206 206 206 206 207 207 207 207 207 207 207 207 207 207 207 207 207 207 207 207 208 208 207 207 207 207 208 210 210 210 211 211 211 211 211 211 211 211 211 211 211 211 211 211 211 212 212 212 212 212 212 212 212 212 212 213 213 212 213 213 213 214 213 213 214 214 214 213 214 214 214 214 214 215 215 215 215 215 216 216 216 216 216 216 216 216 216 217 216 216 217 217 217 217 217 217 217 217 217 217 217 217 217 217 217 217 217 216 216 216 215 215 215 215 215 216 216 216 216 217 216 216 216 217 217 217 216 216 216 216 216 216 217 217 217 217 216 216 216 216 217 216 216 216 216 216 216 216 216 216 216 216 217 217 216 216 216 216 216 216 216 216 216 217 217 217 217 217 217 217 217 217 217 217 217 217 217 216 216 216 216 0 0 0 0 0 0 0 0 0 0 0 0 0 0 0 0 0 0 0 0 0 0 0 0 0 0 0 0 0 0 0 0 0 0 0 0 0 0 0 0 0 0 0 0 0 0 0 0 0 0 0 0 0 0 0 0 0 
0 0 0 0 0 0 0 0 0 0 0 0 0 0 0 0 0 0 0 0 0 0 0 0 0 0 0 0 0 0 0 0 0 0 0 0 0 0 0 0 0 0 0 0 0 0 0 0 0 0 176 177 0 0 0 0 0 0 0 0 0 0 0 0 0 0 0 0 0 0 0 0 0 0 0 0 0 0 0 0 0 0 0 0 0 0 0 0 0 0 0 0 0 0 0 0 183 184 185 185 185 185 185 185 185 186 186 186 187 187 187 188 188 189 189 189 189 190 190 190 190 189 189 190 190 190 190 190 190 191 191 191 191 191 192 192 192 192 193 193 193 193 193 193 193 193 193 194 194 194 194 194 194 194 194 194 194 194 194 195 195 195 195 195 195 195 196 196 196 196 196 196 196 197 197 197 197 197 198 198 198 198 198 197 197 197 198 198 198 198 198 199 199 199 199 199 199 199 199 199 200 200 200 200 200 200 201 201 200 200 200 200 201 201 201 201 201 201 201 202 202 202 202 202 202 202 202 202 203 203 203 203 203 203 203 203 203 203 203 203 203 204 204 204 204 204 204 204 204 204 205 205 205 205 205 205 205 205 205 206 205 206 206 206 206 206 207 207 207 207 207 207 207 207 207 207 207 207 207 207 207 207 207 207 207 207 208 207 207 207 207 208 210 210 210 210 211 211 211 211 211 211 211 211 211 211 211 211 211 211 211 212 212 212 212 212 212 212 212 212 212 212 212 213 213 213 213 213 213 214 214 214 214 214 214 214 214 214 214 214 214 215 215 215 216 216 216 216 217 216 216 216 217 217 217 217 217 217 216 216 217 217 217 217 217 217 217 217 217 217 217 216 216 216 216 216 216 215 215 215 215 216 216 216 216 216 216 216 216 217 217 217 217 217 216 216 216 217 217 217 217 217 216 216 217 217 216 216 216 217 217 216 216 216 216 216 216 217 217 216 216 216 216 216 216 216 216 217 217 217 217 217 217 217 217 0 0 0 0 0 0 0 0 0 0 0 0 0 0 0 0 0 0 0 0 0 0 0 0 0 0 0 0 0 0 0 0 0 0 0 0 0 0 0 0 0 0 0 0 0 0 0 0 0 0 0 0 0 0 0 0 0 0 0 0 0 0 0 0 0 0 0 0 
0 0 0 0 0 0 0 0 0 0 0 0 0 0 0 0 0 0 0 0 0 0 0 0 0 0 0 0 0 0 0 0 0 0 0 0 0 0 0 0 0 0 0 0 0 0 0 0 0 0 176 179 178 0 0 0 0 0 0 0 0 0 0 0 0 0 0 0 0 0 0 0 0 0 0 0 0 0 0 0 0 0 0 0 0 0 0 0 0 0 0 0 0 183 183 183 184 185 185 185 186 186 186 185 185 186 186 186 186 187 187 188 188 189 189 189 189 189 189 189 189 189 189 189 190 190 191 191 190 190 190 191 191 191 192 192 192 192 192 192 193 193 193 193 193 193 193 193 194 194 194 194 194 194 194 194 194 194 194 194 194 195 195 195 195 195 195 196 196 196 196 196 196 197 197 197 197 197 198 197 198 198 198 198 197 198 198 198 198 198 198 198 199 198 198 198 199 199 199 199 199 199 199 200 200 200 200 201 201 201 201 201 201 201 201 201 201 201 201 201 202 202 202 202 202 202 202 202 203 203 203 203 203 203 203 203 203 203 203 203 203 204 204 204 204 204 204 204 204 204 204 204 205 205 205 205 205 205 205 205 205 206 206 206 206 206 206 206 207 207 207 207 207 207 207 207 207 207 207 207 207 207 207 207 207 207 207 207 207 207 207 207 210 210 210 210 211 211 211 211 211 211 211 211 211 211 211 211 211 211 211 212 212 212 212 212 212 212 212 212 212 212 212 213 213 213 213 213 213 214 214 214 214 214 214 214 214 214 215 215 215 215 215 215 215 215 215 216 216 216 216 216 216 216 217 217 217 216 217 217 217 217 217 217 217 217 217 217 217 217 217 217 217 217 217 216 215 215 215 215 215 216 216 216 216 216 216 216 216 217 217 217 217 217 216 216 216 216 216 217 217 217 217 217 217 217 217 217 216 217 217 216 216 216 216 216 216 217 217 216 216 216 216 216 216 216 216 217 217 217 217 0 0 0 0 0 0 0 0 0 0 0 0 0 0 0 0 0 0 0 0 0 0 0 0 0 0 0 0 0 0 0 0 0 0 0 0 0 0 0 0 0 0 0 0 0 0 0 0 0 0 0 0 0 0 0 0 0 0 0 0 0 0 0 0 0 0 0 0 0 0 0 0 
0 0 0 0 0 0 0 0 0 0 0 0 0 0 0 0 0 0 0 0 0 0 0 0 0 0 0 0 0 0 0 0 0 0 0 0 0 0 0 0 0 0 0 0 0 0 0 0 0 0 176 178 180 178 177 177 177 177 177 0 0 0 0 0 0 0 0 0 0 0 0 0 0 0 0 0 0 0 0 0 0 0 0 0 0 0 0 0 0 0 183 184 183 184 184 184 184 185 185 185 185 185 186 186 185 186 186 186 186 186 187 187 188 189 189 189 189 189 189 189 189 190 190 190 190 190 191 191 191 190 190 190 191 191 191 192 192 192 192 192 192 193 192 193 193 193 193 193 193 194 194 194 194 194 194 194 195 195 195 194 194 194 195 195 195 195 195 195 196 196 196 196 196 196 197 197 197 197 197 197 197 198 198 198 198 198 198 198 198 198 198 198 198 198 198 199 199 199 199 199 199 199 199 199 200 200 201 201 201 201 201 201 201 201 201 201 201 201 201 201 201 202 202 202 202 202 202 202 202 203 202 202 203 203 203 203 203 203 203 203 203 204 204 204 204 204 204 204 204 204 204 204 205 205 205 205 205 205 205 205 205 206 206 206 206 206 206 206 207 206 206 206 206 207 207 207 207 207 207 207 207 207 207 207 207 207 207 207 207 207 207 207 210 210 210 210 210 211 211 211 211 211 211 211 211 211 211 211 211 211 211 212 212 212 212 212 212 212 212 212 212 212 212 212 212 213 213 213 214 214 214 214 214 214 214 214 214 214 215 215 215 216 216 216 216 216 216 216 216 216 216 216 216 217 217 217 217 217 216 217 217 217 217 217 217 217 217 217 217 217 217 218 218 217 217 216 215 215 215 215 215 216 216 216 216 216 216 216 216 217 217 217 217 217 217 216 216 216 216 216 217 217 217 217 217 217 217 217 217 217 217 217 216 216 216 216 216 216 217 216 216 216 216 216 216 216 217 217 217 217 217 0 0 0 0 0 0 0 0 0 0 0 0 0 0 0 0 0 0 0 0 0 0 0 0 0 0 0 0 0 0 0 0 0 0 0 0 0 0 0 0 0 0 0 0 0 0 0 0 0 0 0 0 0 0 0 0 0 0 0 0 0 0 0 0 0 0 0 0 0 0 0 0 
0 0 0 0 0 0 0 0 0 0 0 0 0 0 0 0 0 0 0 0 0 0 0 0 0 0 0 0 0 0 0 0 0 0 0 0 0 0 0 0 0 0 0 0 0 0 0 0 0 0 176 178 180 180 179 178 179 180 180 178 177 0 0 0 0 0 0 0 0 0 0 0 0 0 0 0 0 0 0 0 0 0 0 0 0 0 0 0 0 0 183 184 184 184 184 184 185 185 186 186 185 185 185 185 185 186 187 186 186 186 186 187 188 188 189 189 189 189 189 190 190 190 190 190 190 190 191 190 190 190 190 190 190 191 191 191 191 192 192 192 192 192 192 192 192 193 193 193 193 193 194 194 194 194 194 194 194 194 195 195 195 194 194 195 195 195 195 195 195 196 196 196 196 196 196 196 196 197 197 197 197 197 198 198 198 198 198 198 198 198 198 199 198 199 199 199 199 199 199 199 199 199 199 200 200 200 200 201 200 200 201 201 201 201 201 201 201 201 201 201 201 201 202 202 202 202 202 202 202 202 202 202 202 203 203 203 203 203 203 203 203 204 204 204 204 204 204 204 204 204 204 204 204 205 205 205 205 205 205 205 206 206 205 206 206 206 206 206 207 206 206 206 206 207 206 206 207 207 207 207 207 207 207 207 207 207 207 207 207 207 207 207 210 210 210 210 210 211 211 211 211 211 211 211 211 211 211 211 211 211 211 211 212 212 212 212 211 212 212 212 212 212 213 213 213 213 213 214 214 213 214 214 214 214 214 214 214 215 215 215 215 215 215 216 216 216 216 216 216 216 216 216 216 217 217 217 217 217 217 217 217 217 217 217 217 217 217 217 217 217 217 217 217 217 216 216 215 215 215 215 216 216 216 216 216 216 216 217 216 217 217 217 217 216 216 217 216 216 216 216 216 216 217 217 217 217 217 217 217 217 216 217 216 216 216 216 216 216 217 217 216 216 216 216 216 216 216 217 217 217 217 0 0 0 0 0 0 0 0 0 0 0 0 0 0 0 0 0 0 0 0 0 0 0 0 0 0 0 0 0 0 0 0 0 0 0 0 0 0 0 0 0 0 0 0 0 0 0 0 0 0 0 0 0 0 0 0 0 0 0 0 0 0 0 0 0 0 0 0 0 0 0 0 
0 0 0 0 0 0 0 0 0 0 0 0 0 0 0 0 0 0 0 0 0 0 0 0 0 0 0 0 0 0 0 0 0 0 0 0 0 0 0 0 0 0 0 0 0 0 0 0 0 0 0 176 178 179 179 179 179 180 181 180 179 178 178 178 178 0 0 0 0 0 0 0 0 0 0 0 0 0 0 0 0 0 0 0 0 0 0 0 183 183 183 184 183 184 184 184 185 185 185 186 186 186 185 185 186 186 186 187 187 187 186 186 187 187 188 189 189 189 189 189 190 190 190 190 190 190 190 190 191 191 190 191 191 191 191 191 191 192 192 192 192 192 192 192 192 192 193 193 193 193 193 193 194 194 194 194 194 194 194 195 195 195 194 194 195 195 195 195 196 196 196 196 196 196 196 196 196 196 197 197 197 197 197 197 197 198 198 198 198 198 198 198 198 198 198 199 199 200 199 199 199 200 200 200 200 200 200 200 200 200 200 200 200 200 201 201 201 201 201 201 201 201 201 202 202 202 202 202 202 202 202 202 202 202 203 203 203 203 203 203 203 203 203 203 204 204 204 204 204 204 204 204 204 204 204 205 205 205 205 205 205 206 206 206 206 206 206 206 206 206 206 206 206 206 206 206 206 206 206 206 207 207 207 207 207 207 207 207 207 207 207 207 210 210 210 210 210 210 211 211 211 211 211 211 211 211 211 211 211 211 211 211 212 212 212 211 212 212 212 212 212 212 212 212 213 213 214 213 213 213 214 214 214 214 213 214 214 214 214 215 215 215 215 216 216 216 216 216 216 216 217 217 217 217 217 217 217 217 217 217 217 217 217 217 217 217 217 217 217 217 217 217 217 216 216 216 216 215 215 215 216 216 216 216 216 216 216 217 216 216 217 217 217 216 216 216 216 216 216 216 216 217 217 217 217 217 217 217 216 216 216 216 216 216 216 216 216 216 216 217 217 216 217 217 217 217 216 217 217 217 217 0 0 0 0 0 0 0 0 0 0 0 0 0 0 0 0 0 0 0 0 0 0 0 0 0 0 0 0 0 0 0 0 0 0 0 0 0 0 0 0 0 0 0 0 0 0 0 0 0 0 0 0 0 0 0 0 0 0 0 0 0 0 0 0 0 0 0 0 0 0 0 0 
0 0 0 0 0 0 0 0 0 0 0 0 0 0 0 0 0 0 0 0 0 0 0 0 0 0 0 0 0 0 0 0 0 0 0 0 0 0 0 0 0 0 0 0 0 0 0 0 0 0 0 0 177 178 178 179 179 180 181 181 180 180 180 180 179 178 0 0 0 0 0 0 0 0 0 0 0 0 0 0 0 0 0 0 0 0 182 183 183 183 183 184 183 184 184 184 184 184 185 185 185 185 185 185 186 186 186 187 187 186 187 187 187 188 188 188 188 189 189 189 189 189 190 190 190 190 190 190 190 190 191 191 191 191 191 191 191 191 191 192 192 192 192 192 192 192 192 192 193 193 193 193 193 193 194 194 194 194 194 194 194 194 195 194 194 195 195 196 196 196 196 196 196 196 196 196 196 196 197 197 197 197 197 197 197 197 198 198 198 198 198 198 198 198 198 198 199 199 200 199 200 200 200 200 200 200 200 200 200 200 200 200 200 200 200 200 201 201 201 201 201 201 201 202 202 202 202 202 202 202 202 202 202 202 203 203 203 203 203 203 203 203 203 203 204 204 204 204 204 204 204 204 204 204 204 205 205 205 205 205 205 206 206 206 206 206 206 206 206 206 206 206 206 206 206 206 207 206 206 206 206 206 207 207 207 207 207 207 207 207 207 207 210 210 210 210 210 210 210 211 211 211 211 211 211 211 211 211 211 211 211 211 211 211 211 212 212 212 212 212 212 212 212 212 212 213 213 213 213 214 214 213 214 213 213 214 214 214 214 215 215 215 215 215 215 216 216 216 216 216 216 217 217 217 217 217 217 217 217 217 217 217 217 217 217 217 217 217 217 216 216 216 216 216 216 216 215 215 215 216 216 216 216 216 216 216 216 217 216 216 216 216 217 217 217 217 216 216 216 217 217 217 217 217 217 217 217 217 216 216 216 216 216 217 217 217 216 216 216 216 217 217 217 217 216 216 217 217 217 217 217 217 0 0 0 0 0 0 0 0 0 0 0 0 0 0 0 0 0 0 0 0 0 0 0 0 0 0 0 0 0 0 0 0 0 0 0 0 0 0 0 0 0 0 0 0 0 0 0 0 0 0 0 0 0 0 0 0 0 0 0 0 0 0 0 0 0 0 0 0 0 0 0 
0 0 0 0 0 0 0 0 0 0 0 0 0 0 0 0 0 0 0 0 0 0 0 0 0 0 0 0 0 0 0 0 0 0 0 0 0 0 0 0 0 0 0 0 0 0 0 0 0 0 0 0 0 178 178 179 179 180 180 181 181 180 180 180 179 179 178 0 0 0 179 179 0 0 0 0 0 0 0 0 0 0 0 0 0 0 182 183 183 183 183 183 183 184 184 184 184 184 185 185 185 185 185 185 186 187 187 187 187 187 187 188 188 188 188 188 189 189 189 188 188 188 189 189 189 189 189 190 190 190 190 191 191 191 191 191 191 191 191 191 192 192 192 192 192 192 192 192 193 193 193 193 193 193 194 194 194 194 194 194 193 193 194 194 194 195 195 195 196 196 196 196 196 196 196 196 196 196 196 197 197 197 197 197 197 198 198 198 198 198 198 198 198 198 198 198 198 199 199 199 199 199 200 200 200 200 200 200 200 200 200 200 200 200 200 200 200 201 201 201 201 201 201 201 202 202 202 202 202 202 202 202 202 202 202 203 203 203 203 203 203 203 203 203 203 203 204 204 204 204 204 204 204 204 204 204 205 205 205 205 205 205 205 206 206 206 206 206 206 206 205 206 206 206 206 206 206 206 206 206 206 207 207 207 207 207 207 207 207 207 207 207 210 210 210 210 210 210 210 210 211 211 211 211 211 211 211 211 211 211 211 211 211 211 212 212 212 212 212 212 212 212 212 212 213 213 213 213 213 213 213 213 213 213 213 214 214 214 214 215 215 215 216 216 216 216 216 216 216 216 216 216 216 217 217 217 217 217 216 216 216 217 217 217 217 217 217 217 217 217 217 216 216 216 216 215 215 215 216 216 216 216 216 216 216 216 216 216 216 216 216 216 216 216 217 217 217 217 216 217 217 217 217 217 217 217 217 216 216 216 216 217 217 216 217 217 217 217 217 217 217 217 216 216 216 216 216 216 217 217 217 0 0 0 0 0 0 0 0 0 0 0 0 0 0 0 0 0 0 0 0 0 0 0 0 0 0 0 0 0 0 0 0 0 0 0 0 0 0 0 0 0 0 0 0 0 0 0 0 0 0 0 0 0 0 0 0 0 0 0 0 0 0 0 0 0 0 0 0 0 0 0 0 
0 0 0 0 0 0 0 0 0 0 0 0 0 0 0 0 0 0 0 0 0 0 0 0 0 0 0 0 0 0 0 0 0 0 0 0 0 0 0 0 0 0 0 0 0 0 0 0 0 0 0 0 177 178 179 179 180 180 180 181 181 180 180 179 179 180 180 181 180 180 181 180 180 180 180 180 180 181 180 180 180 181 181 181 182 182 183 183 183 184 183 183 183 183 183 184 184 184 185 185 185 185 185 185 186 186 186 186 187 187 187 187 188 188 188 189 189 189 189 189 188 188 188 189 189 189 189 189 190 190 190 190 191 191 192 191 192 192 191 191 191 192 192 192 192 192 192 192 193 193 192 193 193 193 194 194 194 194 194 194 194 194 193 193 194 194 195 195 195 195 196 195 196 196 196 196 196 196 196 197 197 197 197 197 197 197 198 198 198 198 198 198 198 198 198 198 198 198 199 199 199 199 199 200 201 200 200 200 200 200 200 200 200 200 200 200 200 200 201 201 201 201 201 201 202 202 202 202 202 202 202 202 202 202 202 202 203 203 203 203 203 203 204 203 203 203 203 203 204 204 204 204 204 204 204 204 204 204 204 205 205 205 205 206 206 206 206 206 206 206 206 206 206 206 206 206 206 206 206 206 206 207 207 207 207 207 207 207 207 207 207 207 210 210 210 210 210 210 210 210 210 210 211 211 211 211 211 211 211 211 211 211 211 211 211 211 212 212 212 212 212 212 212 212 213 213 213 212 213 213 213 213 213 213 213 214 214 214 215 215 215 215 215 216 216 216 216 216 216 216 216 216 216 216 217 217 217 216 216 216 216 216 217 217 216 216 216 217 217 216 216 216 215 216 216 215 215 216 216 216 216 216 216 216 216 216 216 216 216 216 216 216 216 217 217 217 217 217 217 217 217 216 216 217 217 217 217 217 216 216 217 217 216 216 216 216 217 217 217 217 217 217 216 216 216 217 217 217 217 217 217 0 0 0 0 0 0 0 0 0 0 0 0 0 0 0 0 0 0 0 0 0 0 0 0 0 0 0 0 0 0 0 0 0 0 0 0 0 0 0 0 0 0 0 0 0 0 0 0 0 0 0 0 0 0 0 0 0 0 0 0 0 0 0 0 0 0 0 0 0 0 0 0 
0 0 0 0 0 0 0 0 0 0 0 0 0 0 0 0 0 0 0 0 0 0 0 0 0 0 0 0 0 0 0 0 0 0 0 0 0 0 0 0 0 0 0 0 0 0 0 0 0 0 0 0 0 0 178 180 180 180 180 180 180 180 179 179 179 180 180 181 182 182 182 182 182 181 181 181 182 182 181 181 181 181 181 182 182 183 183 183 183 184 184 184 183 183 183 184 184 184 185 185 185 185 185 185 185 186 186 186 186 186 187 187 188 188 188 189 189 189 189 189 189 189 189 189 189 189 189 190 190 190 190 190 190 191 191 191 192 192 191 191 191 192 192 192 192 192 192 192 192 192 192 193 193 193 194 193 194 194 194 194 195 194 194 194 194 194 194 194 195 195 196 195 196 196 196 196 196 196 196 197 197 197 197 197 197 197 198 198 198 198 198 198 198 198 198 198 198 199 199 199 199 199 199 200 200 200 200 200 200 200 200 200 200 200 200 200 200 200 201 201 201 201 201 201 202 202 202 202 202 202 202 202 202 202 202 202 203 203 203 203 203 203 204 203 203 203 203 203 204 204 204 204 204 204 204 204 204 204 204 205 205 205 205 205 205 206 206 206 206 206 206 206 206 206 206 206 206 206 206 206 207 207 207 207 207 207 207 207 207 207 207 207 210 210 210 210 210 210 210 210 210 210 211 211 211 211 211 211 211 211 211 211 211 211 211 211 212 212 212 212 212 212 212 213 212 212 212 213 213 213 213 213 213 213 213 213 213 214 214 215 215 215 215 215 216 216 216 216 216 216 216 216 216 216 217 217 216 216 216 216 216 216 216 216 216 216 216 216 217 217 216 216 216 215 215 215 215 216 216 216 216 216 216 216 216 216 216 216 216 216 216 216 216 217 217 217 217 217 217 216 216 216 217 217 217 217 217 217 216 216 217 217 217 217 217 217 217 217 217 216 217 217 216 216 216 217 217 217 217 217 217 0 0 0 0 0 0 0 0 0 0 0 0 0 0 0 0 0 0 0 0 0 0 0 0 0 0 0 0 0 0 0 0 0 0 0 0 0 0 0 0 0 0 0 0 0 0 0 0 0 0 0 0 0 0 0 0 0 0 0 0 0 0 0 0 0 0 0 0 0 0 0 0 
0 0 0 0 0 0 0 0 0 0 0 0 0 0 0 0 0 0 0 0 0 0 0 0 0 0 0 0 0 0 0 0 0 0 0 0 0 0 0 0 0 0 0 0 0 0 0 0 0 0 0 0 0 0 0 179 179 179 180 180 180 179 179 179 179 179 179 181 182 182 182 182 182 182 183 183 183 183 183 183 182 182 182 182 182 183 183 182 183 183 184 184 183 183 183 183 184 184 184 184 185 185 185 185 185 186 186 186 186 186 187 187 187 188 188 189 189 189 189 189 188 189 189 189 189 189 189 189 190 190 190 190 191 191 191 191 191 191 191 191 191 191 191 191 192 192 192 192 192 192 192 193 193 193 193 193 194 194 194 194 194 194 195 194 194 194 194 194 194 195 195 196 195 196 196 196 196 196 196 196 196 197 197 197 197 197 197 198 198 198 198 198 198 198 198 198 199 199 199 199 199 199 199 199 199 200 200 200 200 200 200 201 201 200 200 200 200 200 201 201 201 201 201 201 201 202 202 202 202 202 202 202 202 202 202 202 202 203 203 203 203 203 204 203 204 203 203 203 204 204 204 205 204 205 205 205 204 204 204 204 205 205 205 205 205 205 205 206 205 206 206 206 206 206 206 206 206 206 206 206 206 206 207 207 207 207 207 207 207 207 207 208 210 209 210 210 210 210 210 210 210 210 210 211 211 211 211 211 211 211 211 211 211 211 211 211 212 212 212 212 212 212 212 212 212 212 213 213 213 214 213 214 213 213 214 214 214 214 215 215 215 215 215 215 215 215 216 216 216 216 216 216 216 216 216 216 216 215 215 216 216 216 216 216 215 215 215 216 216 216 216 216 215 215 215 215 215 216 216 216 216 216 216 216 216 216 216 216 216 216 216 216 216 217 217 216 217 217 217 216 216 216 216 216 217 217 217 216 216 216 216 216 216 217 217 217 217 217 216 216 217 216 216 216 217 217 217 217 217 217 217 0 0 0 0 0 0 0 0 0 0 0 0 0 0 0 0 0 0 0 0 0 0 0 0 0 0 0 0 0 0 0 0 0 0 0 0 0 0 0 0 0 0 0 0 0 0 0 0 0 0 0 0 0 0 0 0 0 0 0 0 0 0 0 0 0 0 0 0 0 0 0 0 
0 0 0 0 0 0 0 0 0 0 0 0 0 0 0 0 0 0 0 0 0 0 0 0 0 0 0 0 0 0 0 0 0 0 0 0 0 0 0 0 0 0 0 0 0 0 0 0 0 0 0 0 0 0 0 0 179 179 180 181 181 180 179 180 179 179 180 181 182 182 183 183 183 183 183 183 183 183 183 183 183 183 183 183 183 183 182 182 183 183 184 184 183 183 183 184 184 184 184 185 185 185 185 185 185 185 186 186 186 186 186 186 187 187 188 188 189 189 188 188 188 188 189 189 189 189 189 189 189 190 190 190 190 191 191 191 190 191 191 191 191 191 191 192 192 192 192 192 192 192 192 193 193 193 193 193 194 193 193 193 194 194 194 194 194 194 194 194 194 195 195 195 195 195 196 196 196 196 196 196 196 196 197 197 197 197 197 198 198 198 198 198 198 198 198 198 199 199 199 199 199 199 199 199 199 200 200 200 200 200 200 201 201 200 200 200 200 200 201 201 201 201 201 201 201 201 202 202 202 202 202 202 202 202 202 202 202 202 203 203 203 203 203 203 203 203 203 203 203 204 204 204 204 205 205 205 205 204 204 204 205 205 205 205 205 205 205 205 205 206 206 206 206 206 206 206 206 206 206 206 206 206 206 207 207 207 207 207 207 207 207 207 209 209 210 210 210 210 210 210 210 210 210 211 211 211 211 211 211 211 211 211 211 211 211 212 212 212 212 212 212 212 212 212 212 212 212 213 213 213 214 214 214 214 214 214 214 214 214 214 215 215 215 215 215 215 216 216 216 216 216 216 216 216 216 215 215 215 216 216 217 217 216 216 216 215 215 216 216 216 216 216 216 215 215 215 215 216 216 216 216 216 216 216 216 216 216 216 216 216 216 216 216 216 216 216 216 216 216 216 216 216 216 216 216 216 216 217 216 216 217 217 217 217 217 217 216 216 216 216 217 216 217 217 217 217 217 217 217 0 0 0 0 0 0 0 0 0 0 0 0 0 0 0 0 0 0 0 0 0 0 0 0 0 0 0 0 0 0 0 0 0 0 0 0 0 0 0 0 0 0 0 0 0 0 0 0 0 0 0 0 0 0 0 0 0 0 0 0 0 0 0 0 0 0 0 0 0 0 0 0 0 0 
0 0 0 0 0 0 0 0 0 0 0 0 0 0 0 0 0 0 0 0 0 0 0 0 0 0 0 0 0 0 0 0 0 0 0 0 0 0 0 0 0 0 0 0 0 0 0 0 0 0 0 0 0 0 0 0 0 180 181 182 182 181 180 181 180 180 181 181 182 183 183 183 183 183 184 184 183 183 184 184 184 183 183 183 182 182 183 183 183 183 184 183 182 183 184 184 184 184 184 184 184 185 185 185 185 185 186 186 186 186 186 187 187 188 188 188 189 189 189 188 188 188 188 188 189 189 189 189 189 189 190 190 190 190 190 191 191 191 191 191 191 191 191 191 192 192 192 192 192 192 192 193 193 193 192 193 193 193 193 194 194 194 194 194 194 194 194 194 194 194 195 195 195 195 195 196 196 196 196 196 196 197 197 197 197 197 197 197 197 197 197 198 198 198 198 198 198 198 198 198 199 199 199 199 199 199 199 200 200 200 200 200 200 200 200 200 200 200 201 201 201 201 201 201 201 202 202 202 202 202 201 202 202 202 202 202 202 202 203 203 203 203 203 203 203 203 203 203 203 203 204 204 204 205 205 205 204 204 204 205 205 205 205 205 205 205 205 205 206 206 206 206 206 206 206 206 206 206 206 206 206 206 206 206 206 206 207 207 207 207 207 207 209 210 210 210 210 210 210 210 210 210 210 211 211 211 211 211 211 211 211 211 211 211 211 211 212 212 212 212 212 212 212 212 212 212 212 213 213 213 213 213 214 213 213 214 214 214 214 214 214 215 215 215 215 215 216 216 216 216 216 216 216 215 215 215 216 216 216 216 216 216 216 216 215 215 215 215 216 215 215 215 215 215 215 215 215 216 216 216 216 216 216 216 216 216 216 216 216 216 216 216 216 216 216 216 216 216 216 216 217 216 216 216 216 216 216 216 216 216 216 216 216 216 217 216 216 216 216 217 216 216 217 217 217 217 217 217 217 0 0 0 0 0 0 0 0 0 0 0 0 0 0 0 0 0 0 0 0 0 0 0 0 0 0 0 0 0 0 0 0 0 0 0 0 0 0 0 0 0 0 0 0 0 0 0 0 0 0 0 0 0 0 0 0 0 0 0 0 0 0 0 0 0 0 0 0 0 0 0 0 0 0 
0 0 0 0 0 0 0 0 0 0 0 0 0 0 0 0 0 0 0 0 0 0 0 0 0 0 0 0 0 0 0 0 0 0 0 0 0 0 0 0 0 0 0 0 0 0 0 0 0 0 0 0 0 0 0 0 0 0 182 181 181 181 181 181 181 181 181 181 182 182 183 183 183 183 184 184 184 184 184 184 184 184 183 183 183 184 184 185 184 184 184 184 183 183 183 184 184 184 184 184 184 185 186 186 186 186 186 187 187 186 187 187 187 188 188 188 188 188 189 189 189 188 188 189 189 189 189 189 189 190 190 190 190 190 190 191 191 191 191 191 191 191 191 191 192 192 192 192 192 192 192 193 193 193 192 192 192 192 192 194 194 193 193 194 195 194 193 193 193 194 194 195 195 195 195 195 196 196 196 196 196 196 197 197 197 197 197 197 197 197 197 198 198 198 198 198 198 198 198 199 199 199 199 199 199 199 199 199 199 200 200 200 200 200 200 200 200 201 201 201 201 201 201 201 201 201 201 201 202 201 201 201 201 202 202 202 202 202 202 202 203 203 203 203 203 203 204 204 203 203 203 204 204 205 205 205 204 204 204 204 204 205 205 205 205 205 205 205 205 206 206 206 206 206 206 206 206 206 206 206 206 206 206 206 206 207 207 207 207 207 207 207 209 210 210 210 210 210 210 209 209 210 210 211 211 211 211 211 211 211 211 211 211 211 212 212 212 212 212 212 212 212 212 212 212 212 212 212 213 213 213 213 213 213 214 214 214 214 214 214 214 215 215 215 215 215 216 216 216 216 216 216 216 215 214 215 216 216 216 216 216 215 216 216 216 215 216 216 215 216 215 215 215 215 215 215 215 216 216 216 216 216 216 216 216 216 216 216 216 216 216 216 216 217 217 217 216 216 216 216 216 216 216 216 216 216 216 216 216 216 216 216 216 216 216 216 216 217 217 217 216 216 216 217 217 217 217 217 217 0 0 0 0 0 0 0 0 0 0 0 0 0 0 0 0 0 0 0 0 0 0 0 0 0 0 0 0 0 0 0 0 0 0 0 0 0 0 0 0 0 0 0 0 0 0 0 0 0 0 0 0 0 0 0 0 0 0 0 0 0 0 0 0 0 0 0 0 0 0 0 0 0 0 
0 0 0 0 0 0 0 0 0 0 0 0 0 0 0 0 0 0 0 0 0 0 0 0 0 0 0 0 0 0 0 0 0 0 0 0 0 0 0 0 0 0 0 0 0 0 0 0 0 0 0 0 0 0 0 0 0 0 181 181 181 181 182 182 182 181 181 181 182 182 182 183 183 184 184 184 184 184 185 184 184 184 184 184 184 185 185 185 185 185 185 185 184 183 183 184 185 185 185 186 186 186 186 187 187 187 187 187 187 187 187 187 187 187 187 188 188 188 188 189 189 189 189 189 189 189 189 189 190 190 190 190 189 190 190 190 191 191 191 191 191 191 191 191 191 191 192 192 192 192 192 193 193 193 193 193 192 192 192 193 193 193 193 193 193 193 193 194 194 194 194 194 194 195 195 195 195 196 196 196 196 196 196 197 197 197 197 197 197 197 197 198 198 198 198 198 198 198 198 199 199 199 199 199 199 199 199 199 199 200 200 200 200 200 200 200 200 201 201 201 201 201 201 201 201 201 201 201 201 201 201 201 201 202 202 202 202 202 202 203 202 203 203 203 203 203 203 204 204 204 204 203 204 204 205 205 204 204 204 204 204 204 205 205 205 205 205 205 205 205 206 206 206 206 206 206 206 206 206 206 206 207 207 207 207 207 207 207 207 207 207 207 209 209 209 210 210 210 209 209 209 210 210 211 211 211 211 211 211 211 211 211 211 211 211 212 212 212 212 212 212 212 212 212 212 212 212 213 213 213 213 214 213 213 213 214 214 214 214 214 214 214 215 215 215 215 216 216 216 216 216 216 216 215 214 215 215 215 216 215 215 215 215 215 215 216 215 216 215 215 215 215 215 215 215 215 215 216 216 216 216 216 216 216 216 216 216 216 216 216 216 216 216 217 217 217 216 216 216 217 216 216 216 216 216 216 216 216 216 216 216 216 216 216 216 216 216 217 217 217 216 216 216 217 217 217 217 217 217 0 0 0 0 0 0 0 0 0 0 0 0 0 0 0 0 0 0 0 0 0 0 0 0 0 0 0 0 0 0 0 0 0 0 0 0 0 0 0 0 0 0 0 0 0 0 0 0 0 0 0 0 0 0 0 0 0 0 0 0 0 0 0 0 0 0 0 0 0 0 0 0 0 0 
0 0 0 0 0 0 0 0 0 0 0 0 0 0 0 0 0 0 0 0 0 0 0 0 0 0 0 0 0 0 0 0 0 0 0 0 0 0 0 0 0 0 0 0 0 0 0 0 0 0 0 0 0 0 0 0 0 0 0 181 181 181 181 181 181 182 182 182 181 182 182 182 183 184 184 184 184 184 184 184 184 185 185 184 184 185 185 185 185 185 185 185 185 184 184 185 185 186 186 186 186 187 187 187 187 187 187 187 187 187 187 187 187 187 187 187 188 188 188 188 189 189 189 189 189 189 189 189 189 190 190 190 190 190 190 190 190 191 191 191 191 191 191 191 192 192 192 192 192 193 193 193 192 192 192 192 192 192 192 192 192 193 193 193 192 193 194 195 195 194 194 194 194 194 195 195 195 195 195 196 196 196 196 196 197 197 197 197 197 197 197 198 198 198 198 198 198 198 198 198 198 198 199 199 199 199 199 199 199 199 200 200 200 200 200 200 200 201 201 201 201 201 201 201 201 201 201 201 201 201 201 201 201 201 202 202 202 202 202 202 202 203 203 203 203 203 204 204 204 204 204 204 204 204 204 205 205 204 204 204 204 204 204 205 205 205 205 205 205 205 205 206 205 205 206 206 206 206 206 206 206 206 206 207 207 207 207 207 207 207 207 207 209 209 209 210 210 210 209 209 209 210 210 211 211 211 211 211 211 211 211 211 211 211 211 212 212 212 212 212 212 212 212 212 212 212 212 212 213 213 213 213 213 213 213 214 214 214 213 213 213 214 214 215 215 215 215 216 216 216 216 216 216 216 215 215 214 215 216 215 215 215 215 215 215 215 215 215 215 215 215 215 215 215 215 215 216 216 216 216 216 216 216 216 216 216 216 216 216 216 216 216 216 216 217 217 217 217 217 217 216 216 216 216 216 216 216 216 216 216 216 216 216 216 216 216 216 216 216 216 216 216 217 217 217 217 217 217 217 0 0 0 0 0 0 0 0 0 0 0 0 0 0 0 0 0 0 0 0 0 0 0 0 0 0 0 0 0 0 0 0 0 0 0 0 0 0 0 0 0 0 0 0 0 0 0 0 0 0 0 0 0 0 0 0 0 0 0 0 0 0 0 0 0 0 0 0 0 0 0 0 0 0 
0 0 0 0 0 0 0 0 0 0 0 0 0 0 0 0 0 0 0 0 0 0 0 0 0 0 0 0 0 0 0 0 0 0 0 0 0 0 0 0 0 0 0 0 0 0 0 0 0 0 0 0 0 0 0 0 0 0 0 0 181 181 181 181 181 181 182 181 182 182 182 182 182 183 183 184 184 184 184 184 184 185 185 185 185 185 185 186 186 186 186 186 185 185 185 185 185 186 186 186 186 187 186 187 187 187 187 187 187 187 187 187 187 187 187 187 188 188 188 188 188 188 189 189 189 189 189 189 189 189 189 190 190 190 190 190 190 190 191 191 191 191 191 191 191 191 192 192 192 192 193 193 193 193 193 192 192 193 193 193 193 194 194 194 193 193 194 194 194 194 194 194 194 195 195 195 195 195 195 195 196 196 196 196 196 197 197 197 197 197 197 198 198 198 198 198 198 198 198 198 198 198 199 199 199 199 199 199 199 199 200 200 200 200 200 200 200 200 201 201 201 201 201 201 201 201 201 200 201 201 201 201 201 201 202 202 202 202 202 202 202 202 203 203 203 203 203 204 204 204 204 204 204 204 204 204 204 204 204 204 204 204 204 205 205 205 205 205 205 205 205 205 206 206 206 206 206 206 206 206 206 206 206 206 206 206 206 207 206 206 207 207 209 209 210 210 210 209 209 209 209 210 210 210 211 211 211 211 211 211 211 211 211 211 211 212 212 212 212 212 212 212 212 212 212 212 212 212 212 212 212 213 213 213 213 213 214 214 213 214 214 214 214 215 215 215 215 215 215 216 216 216 216 216 216 215 215 214 215 215 215 215 215 215 215 215 215 215 215 215 215 215 215 215 215 215 216 216 216 216 216 216 216 216 216 216 216 216 217 216 216 216 216 216 216 217 217 217 217 216 216 216 216 216 216 216 216 216 216 216 216 216 216 216 217 217 216 216 216 216 216 216 217 217 217 217 217 217 217 0 0 0 0 0 0 0 0 0 0 0 0 0 0 0 0 0 0 0 0 0 0 0 0 0 0 0 0 0 0 0 0 0 0 0 0 0 0 0 0 0 0 0 0 0 0 0 0 0 0 0 0 0 0 0 0 0 0 0 0 0 0 0 0 0 0 0 0 0 0 0 0 0 0 
0 0 0 0 0 0 0 0 0 0 0 0 0 0 0 0 0 0 0 0 0 0 0 0 0 0 0 0 0 0 0 0 0 0 0 0 0 0 0 0 0 0 0 0 0 0 0 0 0 0 0 0 0 0 0 0 0 0 0 0 0 181 180 181 181 181 181 181 181 182 182 182 182 183 183 184 184 184 185 184 184 184 185 185 185 185 185 185 185 185 185 186 185 186 186 185 185 185 186 186 186 186 186 186 186 187 187 187 188 188 187 187 187 187 187 187 187 188 188 188 188 188 188 188 189 189 189 189 189 189 189 189 189 190 190 190 190 190 191 191 191 191 191 191 191 191 191 191 192 192 192 192 192 192 192 192 192 193 193 193 193 194 194 194 193 193 193 194 194 194 195 195 195 195 195 195 195 195 195 195 196 196 196 196 196 196 197 197 197 197 197 198 198 198 198 198 198 198 198 198 198 198 199 199 199 199 199 199 199 199 200 200 200 200 200 200 200 200 201 201 201 201 201 201 201 201 201 201 200 200 201 201 201 201 201 202 202 202 202 202 202 202 202 203 203 203 203 204 204 204 204 204 204 204 204 204 204 205 204 205 205 204 204 204 205 205 205 205 205 205 205 205 205 205 206 206 206 206 206 206 206 206 206 206 206 206 206 207 207 206 207 207 209 209 210 210 210 210 209 209 209 210 210 210 211 211 211 211 211 211 211 211 211 211 211 212 212 212 212 212 212 212 212 212 212 212 212 212 212 212 212 212 213 213 213 214 214 213 213 213 214 214 214 215 215 215 215 215 215 215 215 216 216 216 216 215 215 215 214 214 215 215 214 214 215 215 215 215 215 215 215 215 215 215 215 215 215 215 216 216 216 216 216 216 216 216 216 216 217 217 216 216 216 216 216 217 217 217 217 217 216 216 216 216 217 216 216 216 216 216 216 216 217 217 216 216 216 216 216 216 216 216 217 217 217 217 217 217 217 0 0 0 0 0 0 0 0 0 0 0 0 0 0 0 0 0 0 0 0 0 0 0 0 0 0 0 0 0 0 0 0 0 0 0 0 0 0 0 0 0 0 0 0 0 0 0 0 0 0 0 0 0 0 0 0 0 0 0 0 0 0 0 0 0 0 0 0 0 0 0 0 0 0 
0 0 0 0 0 0 0 0 0 0 0 0 0 0 0 0 0 0 0 0 0 0 0 0 0 0 0 0 0 0 0 0 0 0 0 0 0 0 0 0 0 0 0 0 0 0 0 0 0 0 0 0 0 0 0 0 0 0 0 0 0 0 180 180 181 181 181 181 181 182 182 182 182 183 183 184 184 184 184 184 184 184 184 185 185 185 185 185 185 185 185 185 185 185 185 185 185 186 186 186 186 185 186 186 186 186 187 187 187 187 187 188 188 188 187 188 188 187 188 188 188 188 188 188 188 189 189 189 189 189 189 190 190 190 190 190 190 190 190 191 191 191 191 191 191 191 191 191 191 192 192 192 192 191 191 192 192 192 192 193 193 193 193 193 194 193 193 194 194 194 194 195 195 195 195 195 195 195 195 195 196 196 196 196 196 196 196 197 197 197 197 197 197 198 198 198 198 198 198 198 198 198 198 199 199 199 199 199 199 199 199 200 200 200 200 200 200 200 200 201 201 201 201 201 201 201 201 201 201 200 201 201 201 201 201 201 202 201 202 202 202 202 203 203 203 203 204 204 204 204 204 204 204 204 204 204 204 205 205 205 204 205 205 205 205 205 205 205 205 205 205 205 205 205 206 206 206 206 206 206 206 206 206 206 206 206 206 207 206 206 207 207 209 210 210 209 209 209 209 209 209 210 210 210 211 211 211 211 211 211 211 211 211 211 211 211 212 212 212 212 212 212 212 212 212 212 212 212 212 213 212 212 213 213 213 213 214 213 214 214 214 214 214 215 215 215 214 215 215 215 216 216 216 216 216 216 216 215 215 215 215 215 215 214 214 215 215 215 215 215 215 215 215 215 215 215 216 216 216 216 216 216 216 216 216 216 216 216 217 216 216 216 216 216 216 217 217 217 217 217 216 216 216 216 216 216 216 216 216 216 216 217 216 216 216 216 216 216 216 216 216 216 217 217 217 217 217 217 0 0 0 0 0 0 0 0 0 0 0 0 0 0 0 0 0 0 0 0 0 0 0 0 0 0 0 0 0 0 0 0 0 0 0 0 0 0 0 0 0 0 0 0 0 0 0 0 0 0 0 0 0 0 0 0 0 0 0 0 0 0 0 0 0 0 0 0 0 0 0 0 0 0 0 
0 0 0 0 0 0 0 0 0 0 0 0 0 0 0 0 0 0 0 0 0 0 0 0 0 0 0 0 0 0 0 0 0 0 0 0 0 0 0 0 0 0 0 0 0 0 0 0 0 0 0 0 0 0 0 0 0 0 0 0 0 0 0 181 182 182 182 182 182 182 182 182 182 182 183 184 184 184 184 184 184 184 184 184 184 184 184 184 184 185 185 185 185 185 185 185 185 185 185 185 185 185 185 185 186 186 186 187 187 187 187 187 187 188 188 188 188 187 187 187 187 188 188 188 188 188 189 189 189 189 189 190 190 190 190 190 190 190 190 191 191 191 191 191 191 191 191 191 191 191 191 192 191 191 192 192 192 192 192 192 192 192 193 193 194 194 194 194 194 194 194 194 195 195 195 195 195 195 195 195 195 195 196 196 196 196 196 196 197 197 197 197 197 197 198 198 198 198 198 198 198 198 199 199 199 199 199 199 199 199 199 199 200 200 200 200 200 200 200 200 201 201 201 201 202 201 201 201 200 200 200 201 201 201 201 201 201 201 201 202 202 202 203 203 203 203 203 203 203 204 204 204 204 204 204 204 204 204 205 205 205 205 205 205 205 205 205 205 205 205 205 205 205 205 206 206 206 206 206 206 206 206 206 206 206 206 206 206 206 207 206 207 209 210 210 209 209 209 209 209 209 209 210 210 210 211 211 211 211 211 211 211 211 211 211 211 211 212 212 212 212 212 212 212 212 212 212 212 212 212 212 212 212 212 213 213 213 213 214 214 214 214 214 214 215 215 214 215 215 215 215 215 215 216 216 216 216 216 215 215 215 215 215 214 214 215 215 215 215 215 215 215 215 215 216 215 216 216 216 216 216 216 216 216 216 216 216 216 216 216 216 216 216 217 217 217 217 217 216 216 216 216 216 216 216 216 216 216 216 216 216 216 216 216 216 216 216 216 216 216 216 216 217 217 217 217 217 217 0 0 0 0 0 0 0 0 0 0 0 0 0 0 0 0 0 0 0 0 0 0 0 0 0 0 0 0 0 0 0 0 0 0 0 0 0 0 0 0 0 0 0 0 0 0 0 0 0 0 0 0 0 0 0 0 0 0 0 0 0 0 0 0 0 0 0 0 0 0 0 0 0 0 0 
0 0 0 0 0 0 0 0 0 0 0 0 0 0 0 0 0 0 0 0 0 0 0 0 0 0 0 0 0 0 0 0 0 0 0 0 0 0 0 0 0 0 0 0 0 0 0 0 0 0 0 0 0 0 0 0 0 0 0 0 0 0 0 0 181 181 181 181 182 182 181 182 182 182 182 183 184 184 184 184 184 184 184 184 184 184 184 184 184 185 185 185 184 185 185 185 185 186 186 186 186 185 185 185 186 186 186 186 186 186 187 187 187 187 188 187 188 187 187 187 187 187 187 187 187 188 188 188 188 188 189 189 190 190 190 190 190 190 190 190 191 191 191 191 191 191 191 191 191 192 192 191 191 192 192 192 192 192 192 192 192 192 192 193 193 193 193 194 194 194 194 194 194 195 195 196 195 195 195 195 195 195 195 196 196 196 196 196 196 197 197 197 197 197 197 198 198 198 198 198 198 198 199 199 199 199 199 199 199 199 199 199 200 200 200 200 200 200 200 200 201 201 201 201 201 201 201 201 201 200 200 200 201 201 201 201 201 201 201 201 202 202 203 203 203 203 203 203 203 203 204 204 204 204 204 204 204 204 205 205 205 205 205 205 205 205 205 205 205 205 205 205 205 205 205 206 206 206 206 206 206 206 206 206 206 206 206 206 206 206 207 207 209 210 210 209 209 209 209 209 209 209 210 210 210 211 211 211 211 211 211 211 211 211 211 211 211 212 212 212 212 212 212 212 212 212 212 212 212 212 212 212 212 212 212 213 213 213 213 213 213 213 214 214 214 214 214 214 215 215 215 215 215 215 215 215 216 215 215 215 215 215 215 215 214 215 215 215 215 215 215 215 215 216 216 215 216 216 216 216 216 216 216 216 216 216 216 217 216 216 216 216 217 217 217 217 217 217 216 216 216 217 216 216 216 216 216 216 216 216 216 216 216 216 216 216 216 216 216 216 216 217 216 217 217 217 217 217 0 0 0 0 0 0 0 0 0 0 0 0 0 0 0 0 0 0 0 0 0 0 0 0 0 0 0 0 0 0 0 0 0 0 0 0 0 0 0 0 0 0 0 0 0 0 0 0 0 0 0 0 0 0 0 0 0 0 0 0 0 0 0 0 0 0 0 0 0 0 0 0 0 0 0 
0 0 0 0 0 0 0 0 0 0 0 0 0 0 0 0 0 0 0 0 0 0 0 0 0 0 0 0 0 0 0 0 0 0 0 0 0 0 0 0 0 0 0 0 0 0 0 0 0 0 0 0 0 0 0 0 0 0 0 0 0 0 0 0 0 181 181 181 181 181 181 182 182 183 183 183 184 184 184 183 184 184 184 185 184 184 184 184 184 184 185 185 185 185 185 185 185 185 186 186 186 185 185 185 186 186 186 186 186 187 186 187 186 186 187 187 187 188 187 187 188 188 188 188 187 187 188 188 188 188 188 189 189 190 190 190 190 190 190 190 191 191 190 191 191 191 191 191 191 191 192 192 192 192 192 192 193 192 192 192 192 192 193 193 193 193 194 194 194 194 194 194 194 194 195 195 195 195 195 195 195 195 195 195 196 196 196 196 196 196 197 197 197 197 197 197 198 198 198 198 198 198 198 199 199 199 199 199 199 199 199 199 199 200 200 200 200 200 200 200 200 200 201 202 201 201 201 201 201 200 200 200 201 201 201 201 201 201 201 201 201 202 202 203 203 203 203 203 203 203 204 204 204 204 204 204 204 205 205 205 205 205 205 205 205 205 205 205 205 205 205 205 205 205 205 205 206 206 206 206 206 206 206 206 206 206 206 206 207 207 207 207 210 210 209 209 209 209 209 209 209 209 210 210 210 211 211 211 211 211 211 211 211 211 211 211 211 212 212 212 212 212 212 212 212 212 212 213 212 212 212 212 213 213 213 213 213 213 213 213 213 213 214 214 214 214 214 214 214 214 215 215 215 215 215 215 215 215 215 215 215 215 215 215 215 215 215 215 215 215 215 215 215 216 216 215 216 216 216 216 216 216 216 216 216 216 216 217 217 216 216 217 217 217 217 217 217 217 217 217 217 217 216 216 216 216 216 216 216 216 216 216 217 217 216 216 216 216 216 216 216 216 217 216 217 217 217 0 0 0 0 0 0 0 0 0 0 0 0 0 0 0 0 0 0 0 0 0 0 0 0 0 0 0 0 0 0 0 0 0 0 0 0 0 0 0 0 0 0 0 0 0 0 0 0 0 0 0 0 0 0 0 0 0 0 0 0 0 0 0 0 0 0 0 0 0 0 0 0 0 0 0 0 
0 0 0 0 0 0 0 0 0 0 0 0 0 0 0 0 0 0 0 0 0 0 0 0 0 0 0 0 0 0 0 0 0 0 0 0 0 0 0 0 0 0 0 0 0 0 0 0 0 0 0 0 0 0 0 0 0 0 0 0 0 0 0 0 0 0 181 182 182 181 181 182 182 182 182 183 183 184 184 184 184 183 183 184 184 184 184 184 184 184 185 185 185 185 185 185 186 186 186 186 186 186 185 185 185 186 186 186 187 187 187 186 187 187 187 187 188 188 188 188 188 188 188 188 187 187 188 188 188 188 188 188 189 190 190 190 190 190 190 190 190 191 190 190 191 191 191 191 191 191 192 192 192 192 192 192 193 193 192 192 192 192 193 193 193 193 193 193 193 194 194 194 194 194 194 194 195 196 195 195 195 196 196 195 195 196 196 196 196 196 197 197 197 197 197 197 197 198 198 198 198 198 198 199 199 199 199 199 199 199 199 199 199 200 200 200 200 200 200 200 200 200 201 201 201 201 201 201 201 200 200 200 201 201 201 201 201 201 201 201 201 202 202 202 203 203 202 203 203 203 203 203 204 204 204 204 205 205 205 205 205 205 205 205 205 205 205 205 205 205 205 205 205 205 205 205 205 205 206 206 206 206 206 206 206 206 206 206 207 207 207 207 210 210 209 209 209 209 209 209 209 209 210 210 210 210 211 211 211 211 211 211 211 211 211 211 211 212 212 212 212 212 212 212 212 212 212 213 213 212 212 212 213 213 213 213 214 214 213 213 213 214 214 214 214 214 214 214 214 214 214 214 215 215 215 215 215 215 215 215 215 215 215 215 215 215 215 215 215 215 216 216 216 216 216 215 215 216 216 216 216 216 216 216 216 216 216 216 217 216 216 217 217 217 217 217 217 217 217 216 216 216 216 217 217 217 216 216 216 216 216 216 217 217 216 216 216 216 216 216 216 216 217 217 217 217 217 0 0 0 0 0 0 0 0 0 0 0 0 0 0 0 0 0 0 0 0 0 0 0 0 0 0 0 0 0 0 0 0 0 0 0 0 0 0 0 0 0 0 0 0 0 0 0 0 0 0 0 0 0 0 0 0 0 0 0 0 0 0 0 0 0 0 0 0 0 0 0 0 0 0 0 0 
0 0 0 0 0 0 0 0 0 0 0 0 0 0 0 0 0 0 0 0 0 0 0 0 0 0 0 0 0 0 0 0 0 0 0 0 0 0 0 0 0 0 0 0 0 0 0 0 0 0 0 0 0 0 0 0 0 0 0 0 0 0 0 0 0 0 0 181 181 181 181 182 182 182 183 183 183 183 183 183 183 183 183 183 183 183 183 184 184 184 185 185 184 184 185 185 185 185 186 186 186 186 186 186 186 186 186 186 186 186 186 186 187 187 188 188 188 188 188 188 188 188 188 188 188 188 188 188 189 189 188 188 188 189 190 190 190 190 190 191 191 191 190 190 191 191 191 191 191 191 192 192 192 192 192 192 192 193 193 192 192 192 192 193 193 193 193 193 193 193 194 194 194 194 194 194 195 195 196 196 196 196 196 195 195 195 195 196 196 196 196 197 197 197 197 197 197 197 198 198 198 198 198 198 199 199 199 199 199 199 199 199 199 199 199 200 200 200 200 200 200 200 200 201 201 201 201 201 200 200 200 200 200 201 201 201 201 201 201 201 201 201 202 203 203 203 203 203 203 204 204 204 204 204 204 204 205 205 205 205 205 205 205 205 204 205 205 205 205 205 205 205 205 205 205 205 205 205 205 205 206 206 206 206 206 206 206 206 207 207 207 207 210 210 209 209 209 209 209 209 209 209 210 210 210 210 211 211 211 211 211 211 211 211 211 211 211 212 212 212 212 212 212 212 212 212 212 212 213 213 213 213 213 213 213 213 214 214 214 214 213 214 214 214 214 214 214 214 214 214 214 214 214 214 215 215 215 215 215 215 215 215 215 215 215 215 215 215 215 215 216 216 216 216 215 215 215 215 216 216 216 216 216 216 216 216 216 216 216 216 216 216 217 217 217 217 217 216 216 217 216 217 217 217 216 216 216 216 216 216 216 216 216 216 217 216 216 216 216 216 217 216 217 217 217 217 0 0 0 0 0 0 0 0 0 0 0 0 0 0 0 0 0 0 0 0 0 0 0 0 0 0 0 0 0 0 0 0 0 0 0 0 0 0 0 0 0 0 0 0 0 0 0 0 0 0 0 0 0 0 0 0 0 0 0 0 0 0 0 0 0 0 0 0 0 0 0 0 0 0 0 0 0 
0 0 0 0 0 0 0 0 0 0 0 0 0 0 0 0 0 0 0 0 0 0 0 0 0 0 0 0 0 0 0 0 0 0 0 0 0 0 0 0 0 0 0 0 0 0 0 0 0 0 0 0 0 0 0 0 0 0 0 0 0 0 0 0 0 0 0 181 181 181 181 181 181 182 182 182 182 182 183 182 182 183 183 182 183 184 184 184 185 185 185 185 184 184 184 185 185 185 186 186 186 186 186 186 186 186 186 186 186 186 186 187 187 187 187 187 188 188 188 188 189 188 189 189 188 189 189 188 188 188 188 188 188 188 189 189 190 190 190 190 191 191 190 190 191 191 191 191 191 191 191 192 192 192 192 192 192 192 193 193 192 192 192 192 193 193 193 193 193 193 193 194 194 194 194 194 194 194 195 195 196 196 196 196 196 196 195 196 196 196 196 197 197 197 197 197 197 197 197 198 198 198 198 198 198 199 199 199 199 199 199 199 199 199 199 200 200 200 200 200 200 200 200 201 201 201 201 201 201 201 200 200 200 200 200 201 201 201 201 201 201 201 202 202 203 203 202 203 203 203 203 203 204 204 204 204 204 205 205 204 205 205 205 205 205 204 204 205 205 205 205 205 205 205 205 205 205 205 206 206 206 206 206 206 206 206 206 206 207 207 207 207 209 209 209 209 209 209 209 209 209 209 210 210 210 210 210 211 211 211 211 211 211 211 211 211 211 211 212 212 212 212 212 212 212 212 212 212 213 213 213 213 213 213 213 213 213 214 214 214 214 214 214 214 214 214 214 214 214 214 214 214 214 214 214 214 215 215 215 215 215 215 215 215 215 215 215 215 215 215 216 216 216 215 215 216 216 216 216 216 216 216 216 216 216 216 216 216 216 216 216 216 216 216 216 216 216 216 216 217 217 217 217 216 216 216 216 216 216 216 216 216 216 216 216 216 216 216 216 216 216 217 217 217 217 0 0 0 0 0 0 0 0 0 0 0 0 0 0 0 0 0 0 0 0 0 0 0 0 0 0 0 0 0 0 0 0 0 0 0 0 0 0 0 0 0 0 0 0 0 0 0 0 0 0 0 0 0 0 0 0 0 0 0 0 0 0 0 0 0 0 0 0 0 0 0 0 0 0 0 0 0 0 
0 0 0 0 0 0 0 0 0 0 0 0 0 0 0 0 0 0 0 0 0 0 0 0 0 0 0 0 0 0 0 0 0 0 0 0 0 0 0 0 0 0 0 0 0 0 0 0 0 0 0 0 0 0 0 0 0 0 0 0 0 0 0 0 0 0 0 0 181 181 180 180 181 181 180 181 182 182 182 183 182 182 182 182 182 183 184 185 185 185 185 185 184 184 184 185 185 185 185 186 186 186 186 186 186 186 186 187 187 186 186 187 187 187 187 187 188 188 188 188 188 189 189 189 189 189 189 189 189 189 189 189 188 188 188 189 189 190 190 190 190 190 190 190 190 190 190 191 191 191 191 192 191 192 192 192 192 192 192 193 193 193 192 192 193 193 193 193 193 193 193 194 194 194 194 194 194 194 194 195 195 196 196 196 196 196 196 196 196 196 196 196 197 197 197 197 197 197 197 197 198 198 198 198 198 198 199 199 199 199 199 199 199 199 199 199 200 200 200 200 200 200 200 200 201 201 201 202 201 201 200 200 200 200 200 200 201 201 201 201 201 201 202 202 203 202 202 203 203 203 203 203 204 204 204 204 204 204 204 204 204 204 204 204 204 204 204 205 205 205 205 205 205 205 205 205 206 206 206 206 206 206 206 206 206 206 206 206 206 207 207 208 210 210 209 209 209 209 209 209 209 209 210 210 210 210 210 211 211 211 211 211 211 211 211 211 211 211 212 212 212 212 212 212 212 212 212 212 212 213 213 213 213 213 213 213 213 213 214 214 214 214 214 214 214 214 214 214 214 214 214 214 214 214 214 214 214 214 214 215 215 215 215 215 215 214 215 215 215 215 215 215 216 215 215 215 216 216 216 215 216 216 216 216 216 217 216 216 216 216 216 216 216 216 216 216 216 216 216 216 217 216 216 216 216 216 216 216 216 216 216 216 216 216 216 216 216 216 216 216 216 217 217 217 217 0 0 0 0 0 0 0 0 0 0 0 0 0 0 0 0 0 0 0 0 0 0 0 0 0 0 0 0 0 0 0 0 0 0 0 0 0 0 0 0 0 0 0 0 0 0 0 0 0 0 0 0 0 0 0 0 0 0 0 0 0 0 0 0 0 0 0 0 0 0 0 0 0 0 0 0 0 0 
0 0 0 0 0 0 0 0 0 0 0 0 0 0 0 0 0 0 0 0 0 0 0 0 0 0 0 0 0 0 0 0 0 0 0 0 0 0 0 0 0 0 0 0 0 0 0 0 0 0 0 0 0 0 0 0 0 0 0 0 0 0 0 0 0 0 0 0 0 181 181 181 181 181 180 180 181 182 182 182 182 182 182 182 182 183 184 184 184 184 185 185 185 185 185 185 185 185 185 185 186 186 186 186 186 186 186 186 186 186 186 187 187 187 187 187 188 188 188 188 188 188 189 189 189 189 189 189 189 189 189 189 189 188 188 188 189 189 189 190 190 191 190 190 190 190 190 191 191 191 191 191 191 191 192 192 192 192 192 192 193 193 192 192 193 192 192 192 193 193 193 194 194 194 194 194 194 194 194 194 195 195 196 196 196 196 196 196 196 196 196 196 196 197 197 197 197 197 197 197 198 198 198 198 198 198 198 199 199 199 199 199 199 199 199 199 199 200 200 200 200 200 200 200 201 201 201 201 201 201 201 200 201 201 201 201 201 201 201 201 202 201 202 202 202 202 202 203 203 203 203 203 204 204 204 204 203 203 204 204 204 204 205 205 204 204 204 204 204 205 205 205 205 205 205 206 206 206 206 206 206 206 206 206 206 206 206 207 207 207 207 207 210 209 209 209 209 209 209 209 209 209 210 210 210 210 210 211 211 211 211 211 211 211 211 211 211 211 211 211 211 211 212 212 212 212 212 212 212 212 213 212 213 213 213 213 213 213 213 214 214 214 214 214 214 214 214 214 214 214 214 214 214 214 214 214 214 214 214 215 215 215 214 214 214 214 214 215 214 214 215 215 215 215 215 215 215 215 215 215 216 216 216 216 216 216 216 216 216 216 216 216 216 216 216 216 216 216 216 216 216 216 216 216 216 216 216 216 216 216 216 216 216 216 216 216 216 216 216 216 216 216 217 217 217 0 0 0 0 0 0 0 0 0 0 0 0 0 0 0 0 0 0 0 0 0 0 0 0 0 0 0 0 0 0 0 0 0 0 0 0 0 0 0 0 0 0 0 0 0 0 0 0 0 0 0 0 0 0 0 0 0 0 0 0 0 0 0 0 0 0 0 0 0 0 0 0 0 0 0 0 0 0 
0 0 0 0 0 0 0 0 0 0 0 0 0 0 0 0 0 0 0 0 0 0 0 0 0 0 0 0 0 0 0 0 0 0 0 0 0 0 0 0 0 0 0 0 0 0 0 0 0 0 0 0 0 0 0 0 0 0 0 0 0 0 0 0 0 0 0 0 0 0 0 181 0 182 180 180 181 182 182 182 182 182 182 182 182 182 183 183 183 184 184 185 185 185 185 185 185 185 185 185 185 185 185 185 186 186 186 186 187 187 187 187 187 187 187 187 187 188 188 188 188 188 188 188 189 189 189 189 189 189 189 189 189 189 188 189 189 189 190 190 190 190 190 190 190 190 190 190 191 191 191 191 191 191 191 192 192 192 192 192 192 193 193 193 193 193 193 192 193 193 193 193 194 194 194 194 194 194 194 194 195 195 195 196 196 196 196 196 196 196 196 196 196 196 197 197 197 197 197 197 197 198 198 198 198 198 198 198 199 199 199 199 199 199 199 199 199 199 200 200 200 200 200 200 201 200 200 201 201 201 201 201 201 201 200 200 200 201 201 201 202 202 202 202 202 202 203 203 203 203 203 203 203 204 204 204 204 204 204 204 205 205 205 205 205 204 204 204 204 205 205 205 205 205 205 206 206 206 206 206 206 206 206 206 206 206 207 207 207 207 207 207 210 209 209 209 209 209 209 209 209 210 210 210 210 210 210 210 211 211 211 211 211 211 211 211 211 211 211 211 211 212 212 212 212 212 212 212 212 212 213 212 212 213 213 213 213 213 213 213 213 214 214 214 214 214 214 214 215 214 214 214 213 213 213 214 214 214 214 214 214 214 214 214 214 214 214 215 214 214 214 215 215 215 215 215 215 215 215 215 216 216 216 216 216 216 216 216 216 216 216 216 216 216 216 216 216 217 216 216 216 216 216 217 217 216 216 216 216 216 216 216 216 216 216 216 216 216 216 216 217 216 217 217 217 217 0 0 0 0 0 0 0 0 0 0 0 0 0 0 0 0 0 0 0 0 0 0 0 0 0 0 0 0 0 0 0 0 0 0 0 0 0 0 0 0 0 0 0 0 0 0 0 0 0 0 0 0 0 0 0 0 0 0 0 0 0 0 0 0 0 0 0 0 0 0 0 0 0 0 0 0 0 
0 0 0 0 0 0 0 0 0 0 0 0 0 0 0 0 0 0 0 0 0 0 0 0 0 0 0 0 0 0 0 0 0 0 0 0 0 0 0 0 0 0 0 0 0 0 0 0 0 0 0 0 0 0 0 0 0 0 0 0 0 0 0 0 0 0 0 0 0 0 0 0 0 0 181 180 180 182 182 181 182 181 182 182 183 183 183 183 183 183 184 185 185 185 185 185 185 185 185 185 185 185 185 185 185 185 186 186 186 186 187 187 187 187 187 187 187 188 188 188 188 189 188 188 189 189 189 189 189 189 189 189 189 190 190 190 189 190 190 191 190 190 190 190 190 190 190 190 190 191 191 191 191 191 191 191 192 192 192 192 192 192 193 193 193 193 193 193 193 193 193 193 193 194 194 194 194 194 195 195 195 195 195 195 196 196 196 196 196 196 196 196 196 196 196 197 197 197 197 197 197 197 198 198 198 198 198 198 198 199 199 199 199 199 199 199 199 199 199 199 199 200 200 200 200 201 200 201 201 201 201 201 201 201 200 200 200 201 201 201 201 202 202 202 202 202 203 203 203 203 203 203 203 204 204 204 204 204 204 205 204 205 205 204 204 204 204 204 204 205 205 205 205 205 205 205 205 205 206 206 206 206 206 206 206 207 207 207 207 207 207 207 209 209 209 209 209 209 209 209 209 209 210 210 210 210 210 210 211 211 211 211 211 211 211 211 211 211 211 211 211 212 212 212 212 212 212 212 212 212 212 212 213 213 213 213 213 213 213 213 213 213 213 214 214 214 214 214 215 215 215 215 214 214 214 214 214 214 214 214 215 214 214 214 214 214 214 215 215 216 215 214 215 215 215 216 215 215 215 215 215 216 216 216 216 216 216 216 216 216 216 216 216 216 216 216 217 217 217 217 217 216 217 216 216 216 216 216 216 216 216 216 216 216 216 217 216 216 216 216 216 216 216 216 216 217 0 0 0 0 0 0 0 0 0 0 0 0 0 0 0 0 0 0 0 0 0 0 0 0 0 0 0 0 0 0 0 0 0 0 0 0 0 0 0 0 0 0 0 0 0 0 0 0 0 0 0 0 0 0 0 0 0 0 0 0 0 0 0 0 0 0 0 0 0 0 0 0 0 0 0 0 0 
0 0 0 0 0 0 0 0 0 0 0 0 0 0 0 0 0 0 0 0 0 0 0 0 0 0 0 0 0 0 0 0 0 0 0 0 0 0 0 0 0 0 0 0 0 0 0 0 0 0 0 0 0 0 0 0 0 0 0 0 0 0 0 0 0 0 0 0 0 0 0 0 0 0 181 181 180 181 182 181 181 182 182 182 183 183 183 184 184 184 184 185 184 185 185 186 186 185 185 185 185 185 185 185 185 185 186 186 186 186 186 187 187 187 188 188 188 188 188 188 188 188 189 189 188 189 189 189 189 188 189 189 189 189 189 190 190 190 190 190 190 190 190 190 190 190 190 190 190 191 191 191 191 191 191 191 192 192 192 192 192 192 192 193 193 193 193 193 193 192 193 193 193 193 194 194 194 194 195 195 195 195 195 195 195 196 196 196 197 197 196 196 196 196 197 197 197 197 197 197 197 197 197 198 198 198 198 198 198 199 199 199 199 199 199 199 199 199 199 199 199 200 200 200 200 200 200 200 201 201 201 201 201 201 201 200 200 201 201 201 201 202 202 202 202 202 202 203 203 203 203 203 203 204 204 204 204 204 204 204 204 204 204 205 205 205 204 204 205 205 205 205 205 205 205 205 205 205 206 206 206 206 206 206 206 206 206 206 207 207 207 207 209 209 209 209 209 209 209 209 209 209 210 210 210 210 210 210 210 211 211 211 211 211 211 211 211 211 211 212 212 212 212 212 212 212 212 212 212 212 212 212 213 213 213 213 213 213 214 214 214 213 213 213 213 214 214 214 214 215 215 215 215 215 214 214 214 214 214 214 215 215 215 215 215 216 217 217 217 218 216 215 215 215 216 216 216 215 216 216 216 216 216 216 216 216 216 216 216 216 216 216 216 216 217 217 217 217 217 216 216 216 216 216 216 216 216 216 217 217 216 216 216 216 216 216 217 217 216 216 216 216 216 217 217 217 217 0 0 0 0 0 0 0 0 0 0 0 0 0 0 0 0 0 0 0 0 0 0 0 0 0 0 0 0 0 0 0 0 0 0 0 0 0 0 0 0 0 0 0 0 0 0 0 0 0 0 0 0 0 0 0 0 0 0 0 0 0 0 0 0 0 0 0 0 0 0 0 0 0 0 0 0 
0 0 0 0 0 0 0 0 0 0 0 0 0 0 0 0 0 0 0 0 0 0 0 0 0 0 0 0 0 0 0 0 0 0 0 0 0 0 0 0 0 0 0 0 0 0 0 0 0 0 0 0 0 0 0 0 0 0 0 0 0 0 0 0 0 0 0 0 0 0 0 0 0 0 0 0 0 180 181 181 181 182 182 182 182 183 183 184 185 185 185 185 185 185 185 185 186 186 186 186 186 185 185 185 185 186 186 186 186 186 186 186 187 187 187 187 188 187 188 188 188 188 188 189 189 188 188 189 189 189 189 189 188 188 189 189 189 189 189 190 190 190 190 190 191 190 190 190 191 191 191 191 191 191 191 191 192 192 192 192 192 192 192 192 193 193 193 193 193 193 192 193 193 193 194 194 194 194 195 195 195 195 195 195 195 195 196 196 197 196 196 196 196 196 196 197 197 197 197 197 197 197 197 198 198 198 198 198 198 198 199 199 199 199 199 199 199 199 199 200 200 200 200 200 200 200 200 200 200 200 201 201 201 201 201 201 201 201 201 201 201 202 202 202 202 202 202 202 202 203 203 203 203 203 204 204 204 204 204 204 203 203 204 204 204 205 205 205 205 205 205 205 205 205 205 205 206 206 206 206 206 206 206 206 206 206 206 206 206 206 206 206 209 209 209 209 209 209 209 209 209 209 210 210 210 210 210 210 210 211 211 211 211 211 211 211 211 211 211 212 212 212 212 212 212 212 212 212 212 212 212 212 213 213 213 213 213 213 213 213 214 214 214 214 214 214 214 214 214 215 215 215 215 215 215 215 215 215 214 214 215 215 215 215 217 217 217 217 217 217 217 216 216 215 215 216 216 216 216 216 216 216 216 216 216 216 216 216 216 216 216 216 216 217 217 217 216 216 216 216 216 216 216 216 216 216 216 216 217 217 217 216 216 216 216 216 217 216 216 216 216 217 217 217 217 217 217 217 0 0 0 0 0 0 0 0 0 0 0 0 0 0 0 0 0 0 0 0 0 0 0 0 0 0 0 0 0 0 0 0 0 0 0 0 0 0 0 0 0 0 0 0 0 0 0 0 0 0 0 0 0 0 0 0 0 0 0 0 0 0 0 0 0 0 0 0 0 0 0 0 0 0 0 
0 0 0 0 0 0 0 0 0 0 0 0 0 0 0 0 0 0 0 0 0 0 0 0 0 0 0 0 0 0 0 0 0 0 0 0 0 0 0 0 0 0 0 0 0 0 0 0 0 0 0 0 0 0 0 0 0 0 0 0 0 0 0 0 0 0 0 0 0 0 0 0 0 0 0 0 0 0 181 181 182 182 182 182 183 183 183 185 185 185 185 185 185 185 185 185 186 186 186 186 186 186 186 186 186 186 186 186 186 186 186 186 186 187 187 187 187 188 188 187 188 188 188 188 188 188 188 188 189 189 189 189 188 188 189 190 189 189 189 189 189 189 189 190 190 190 191 191 191 191 190 190 190 191 191 191 192 192 192 192 192 192 192 192 192 192 193 193 193 193 193 193 193 193 194 194 194 194 194 194 195 195 195 195 195 195 195 196 196 196 196 196 196 196 196 196 197 197 197 197 197 197 197 198 198 198 198 198 198 198 198 199 199 199 199 199 199 199 199 200 200 200 200 200 200 200 200 200 200 200 201 201 201 201 201 201 201 201 201 201 201 201 202 202 202 202 202 202 202 203 203 203 203 203 203 203 204 204 204 204 204 204 204 204 204 204 204 204 205 205 205 205 205 205 205 205 205 205 205 206 206 206 206 206 206 206 206 206 206 206 206 206 209 209 209 209 209 209 209 209 209 209 209 210 210 210 210 210 210 211 211 211 211 211 211 211 211 211 211 211 212 212 212 212 212 212 212 212 212 212 212 213 213 212 212 213 213 213 213 213 213 214 214 214 214 214 214 214 214 214 215 215 215 215 215 215 215 215 215 215 215 215 215 215 216 216 216 216 216 216 216 217 217 216 215 216 216 217 217 216 216 216 216 216 216 216 216 216 217 217 216 216 216 216 216 217 216 216 216 217 216 216 216 216 216 216 216 216 216 217 217 217 216 216 216 217 217 216 216 216 217 217 217 217 217 217 216 217 217 0 0 0 0 0 0 0 0 0 0 0 0 0 0 0 0 0 0 0 0 0 0 0 0 0 0 0 0 0 0 0 0 0 0 0 0 0 0 0 0 0 0 0 0 0 0 0 0 0 0 0 0 0 0 0 0 0 0 0 0 0 0 0 0 0 0 0 0 0 0 0 0 0 0 
0 0 0 0 0 0 0 0 0 0 0 0 0 0 0 0 0 0 0 0 0 0 0 0 0 0 0 0 0 0 0 0 0 0 0 0 0 0 0 0 0 0 0 0 0 0 0 0 0 0 0 0 0 0 0 0 0 0 0 0 0 0 0 0 0 0 0 0 0 0 0 0 0 0 0 0 0 0 181 181 182 182 183 183 183 183 184 184 184 185 185 185 185 185 185 185 185 185 186 186 186 186 186 186 186 186 186 186 186 186 186 186 186 186 187 187 187 188 187 187 188 188 188 188 188 188 188 188 188 189 189 189 189 188 189 190 190 190 189 189 188 189 188 189 189 189 190 190 190 190 190 190 190 190 191 191 191 192 192 192 192 193 193 192 192 193 193 193 193 193 193 193 193 193 193 194 194 194 194 195 195 195 195 195 195 195 195 196 196 196 196 196 196 197 196 196 197 197 197 197 197 197 197 197 197 198 198 198 198 198 198 198 199 199 199 199 199 199 199 199 200 200 200 200 200 200 200 200 200 200 201 201 201 201 201 201 201 201 201 201 201 202 202 202 202 202 202 202 202 202 202 203 203 203 203 204 204 204 204 204 204 204 204 204 204 204 204 204 204 205 205 205 205 205 205 205 205 205 205 205 206 206 206 206 206 206 206 206 206 206 206 206 208 208 209 209 209 209 209 209 209 209 209 210 210 210 210 210 210 210 211 211 211 211 211 211 211 211 211 211 211 212 212 212 212 212 212 212 212 212 212 212 212 213 213 213 213 213 213 213 213 214 214 213 213 213 213 214 214 214 214 215 215 215 214 215 215 215 215 215 215 215 216 215 216 216 216 216 216 216 216 217 217 216 216 216 216 216 217 216 216 216 216 216 216 216 216 216 216 217 217 216 216 216 216 216 216 216 216 217 216 216 216 216 216 216 216 217 216 217 217 217 217 216 217 216 216 216 216 216 216 216 217 217 217 217 217 217 217 217 0 0 0 0 0 0 0 0 0 0 0 0 0 0 0 0 0 0 0 0 0 0 0 0 0 0 0 0 0 0 0 0 0 0 0 0 0 0 0 0 0 0 0 0 0 0 0 0 0 0 0 0 0 0 0 0 0 0 0 0 0 0 0 0 0 0 0 0 0 0 0 0 0 
0 0 0 0 0 0 0 0 0 0 0 0 0 0 0 0 0 0 0 0 0 0 0 0 0 0 0 0 0 0 0 0 0 0 0 0 0 0 0 0 0 0 0 0 0 0 0 0 0 0 0 0 0 0 0 0 0 0 0 0 0 0 0 0 0 0 0 0 0 0 0 0 0 0 0 0 0 0 0 181 181 181 182 182 182 183 183 183 183 184 184 185 184 185 185 185 185 185 185 186 186 186 186 186 187 186 186 186 186 186 186 186 186 186 186 186 187 187 188 188 188 188 188 188 188 188 188 188 188 188 188 188 188 188 188 189 189 189 189 189 189 189 189 189 188 189 189 189 189 189 190 190 190 190 190 190 191 191 192 192 192 192 192 192 192 192 193 193 193 193 193 193 192 193 193 193 194 194 194 195 194 195 195 195 195 195 195 195 196 196 196 196 196 196 196 196 196 196 196 196 197 197 197 197 197 197 197 198 198 198 198 198 198 198 199 199 199 199 199 199 199 199 199 200 200 200 200 200 200 200 200 200 201 201 201 201 201 201 201 201 201 201 202 202 202 202 202 202 202 202 202 203 203 203 203 204 204 203 204 204 204 204 204 204 204 204 204 204 204 204 204 204 205 205 205 205 205 205 205 205 205 205 206 206 206 206 205 206 206 206 206 206 209 209 209 209 209 210 210 210 210 210 210 210 210 210 211 211 211 211 211 211 211 211 211 211 211 211 211 211 212 212 212 212 212 212 212 212 213 213 213 213 213 213 213 213 213 214 214 214 214 214 213 213 214 214 214 214 215 215 215 215 215 215 215 215 215 215 215 216 216 216 216 216 216 216 216 217 217 217 217 217 217 217 217 216 216 216 217 217 217 217 217 217 217 217 216 216 217 217 217 216 216 216 217 217 216 216 216 218 217 217 216 216 217 217 217 217 217 217 218 217 217 217 217 217 217 216 216 216 217 217 217 217 218 217 217 217 218 218 0 0 0 0 0 0 0 0 0 0 0 0 0 0 0 0 0 0 0 0 0 0 0 0 0 0 0 0 0 0 0 0 0 0 0 0 0 0 0 0 0 0 0 0 0 0 0 0 0 0 0 0 0 0 0 0 0 0 0 0 0 0 0 0 0 0 0 0 0 0 0 0 0 
0 0 0 0 0 0 0 0 0 0 0 0 0 0 0 0 0 0 0 0 0 0 0 0 0 0 0 0 0 0 0 0 0 0 0 0 0 0 0 0 0 0 0 0 0 0 0 0 0 0 0 0 0 0 0 0 0 0 0 0 0 0 0 0 0 0 0 0 0 0 0 0 0 0 0 0 0 0 0 0 181 181 181 181 182 182 183 183 183 184 185 185 184 184 185 184 185 185 185 186 186 186 186 186 187 187 187 187 187 187 187 187 187 187 186 186 186 187 187 188 188 188 188 188 188 188 188 188 188 188 189 189 189 188 189 189 189 189 190 190 190 190 189 189 189 189 189 189 189 190 191 190 190 190 190 190 191 191 191 191 192 192 192 193 193 193 193 193 193 193 193 192 192 193 193 193 193 194 194 194 194 195 195 195 195 195 195 195 195 196 196 196 196 196 196 196 196 196 197 197 197 197 197 197 197 197 198 198 198 198 198 198 198 198 198 199 199 199 199 199 199 199 199 200 200 200 200 200 200 200 200 200 201 201 200 200 201 201 201 201 201 201 201 201 201 202 202 202 202 202 202 202 203 203 203 203 204 203 204 204 204 204 204 204 204 203 203 204 204 204 204 205 205 205 205 205 205 205 205 205 205 205 205 205 205 205 205 206 206 206 206 206 209 209 209 209 209 209 210 210 210 210 210 210 210 210 210 211 211 211 211 211 211 211 211 211 211 211 211 212 212 212 212 212 212 212 212 212 212 213 213 213 213 213 213 213 213 213 213 213 213 213 213 213 213 214 214 214 215 215 215 215 214 214 214 215 215 215 215 216 216 216 216 216 216 216 216 216 216 217 217 217 217 216 217 216 216 216 216 217 217 217 217 217 217 217 216 216 217 216 216 216 216 217 217 217 216 216 216 217 218 217 217 217 216 216 217 217 217 217 217 217 217 217 217 217 217 216 216 217 217 217 217 217 218 218 217 217 218 218 0 0 0 0 0 0 0 0 0 0 0 0 0 0 0 0 0 0 0 0 0 0 0 0 0 0 0 0 0 0 0 0 0 0 0 0 0 0 0 0 0 0 0 0 0 0 0 0 0 0 0 0 0 0 0 0 0 0 0 0 0 0 0 0 0 0 0 0 0 0 0 0 0 
0 0 0 0 0 0 0 0 0 0 0 0 0 0 0 0 0 0 0 0 0 0 0 0 0 0 0 0 0 0 0 0 0 0 0 0 0 0 0 0 0 0 0 0 0 0 0 0 0 0 0 0 0 0 0 0 0 0 0 0 0 0 0 0 0 0 0 0 0 0 0 0 0 0 0 0 0 0 0 0 0 181 181 181 182 182 182 183 183 184 184 185 184 184 184 184 185 185 185 186 186 186 186 186 186 187 187 187 187 187 187 187 187 187 187 186 187 187 187 188 188 188 188 188 188 188 188 188 188 188 188 189 189 188 188 188 189 189 189 190 190 190 190 190 190 189 190 189 189 190 190 190 190 190 190 190 190 191 191 191 191 192 192 192 192 193 193 193 193 193 193 193 193 193 193 193 193 194 194 194 194 194 194 195 195 195 195 195 195 195 196 196 196 196 196 196 196 196 197 197 197 197 197 197 197 197 198 198 198 198 198 198 198 198 198 199 199 199 199 199 199 199 199 200 200 200 200 200 200 200 200 200 200 200 200 200 201 201 201 201 201 201 201 201 202 202 202 202 202 202 202 202 203 203 203 203 203 203 203 203 204 204 203 204 204 204 204 204 204 204 204 204 205 205 205 205 205 205 205 205 205 205 205 205 205 205 206 206 206 206 206 206 209 209 209 209 209 209 210 210 210 210 210 210 210 210 210 211 211 211 211 211 211 211 211 211 211 211 211 212 212 212 212 212 212 212 212 213 213 213 213 213 213 213 213 213 213 213 213 213 213 214 214 214 214 214 214 214 215 215 215 215 215 214 214 215 215 215 215 215 216 215 216 216 216 216 216 216 216 216 216 216 216 216 217 217 216 216 216 216 217 217 217 217 217 217 217 217 216 216 217 216 216 217 217 216 216 216 216 217 218 218 218 217 217 217 216 217 217 217 217 217 217 217 217 217 217 216 217 217 217 217 217 217 217 217 217 217 218 0 0 0 0 0 0 0 0 0 0 0 0 0 0 0 0 0 0 0 0 0 0 0 0 0 0 0 0 0 0 0 0 0 0 0 0 0 0 0 0 0 0 0 0 0 0 0 0 0 0 0 0 0 0 0 0 0 0 0 0 0 0 0 0 0 0 0 0 0 0 0 0 0 0 
0 0 0 0 0 0 0 0 0 0 0 0 0 0 0 0 0 0 0 0 0 0 0 0 0 0 0 0 0 0 0 0 0 0 0 0 0 0 0 0 0 0 0 0 0 0 0 0 0 0 0 0 0 0 0 0 0 0 0 0 0 0 0 0 0 0 0 0 0 0 0 0 0 0 0 0 0 0 0 0 0 0 0 182 182 182 182 183 183 184 184 184 184 184 184 184 184 185 185 185 185 186 186 186 186 187 187 187 187 187 187 187 187 187 187 187 187 187 187 187 188 188 188 188 188 188 187 187 188 188 188 189 189 189 189 188 188 189 190 190 190 190 190 190 190 189 189 189 190 190 190 190 190 190 190 190 190 191 191 191 191 191 192 192 192 192 192 192 192 193 193 193 193 193 193 193 193 193 193 194 194 194 194 194 195 195 195 195 195 195 196 196 197 197 197 197 196 196 196 197 197 197 197 197 197 197 197 198 198 198 198 198 198 198 198 198 198 198 199 199 199 199 199 199 200 200 200 200 200 200 200 200 200 200 200 200 201 201 201 201 201 201 201 201 202 202 202 202 202 202 202 202 203 203 203 202 203 202 203 203 204 203 203 203 204 204 204 204 204 204 204 204 204 204 204 205 205 205 205 205 205 205 205 205 205 206 206 206 206 206 206 206 209 209 209 209 209 209 209 209 210 210 210 210 210 210 210 211 211 211 211 211 211 211 211 211 211 211 211 212 212 212 212 212 212 212 212 213 213 213 213 213 213 213 213 213 213 213 213 213 213 213 213 214 215 215 215 214 214 215 215 215 214 214 214 214 215 215 215 215 215 216 216 216 216 216 216 216 216 216 216 216 216 216 217 217 217 216 216 216 216 216 217 217 217 217 217 217 217 217 217 217 216 217 217 217 216 216 216 217 218 218 218 218 218 217 217 217 217 217 217 217 217 217 217 217 217 217 217 217 217 217 217 217 217 217 217 217 218 218 0 0 0 0 0 0 0 0 0 0 0 0 0 0 0 0 0 0 0 0 0 0 0 0 0 0 0 0 0 0 0 0 0 0 0 0 0 0 0 0 0 0 0 0 0 0 0 0 0 0 0 0 0 0 0 0 0 0 0 0 0 0 0 0 0 0 0 0 0 0 0 0 0 
0 0 0 0 0 0 0 0 0 0 0 0 0 0 0 0 0 0 0 0 0 0 0 0 0 0 0 0 0 0 0 0 0 0 0 0 0 0 0 0 0 0 0 0 0 0 0 0 0 0 0 0 0 0 0 0 0 0 0 0 0 0 0 0 0 0 0 0 0 0 0 0 0 0 0 0 0 0 0 0 0 0 0 0 183 183 182 182 183 183 183 183 183 183 184 184 184 184 185 185 186 186 186 186 186 186 187 187 187 187 187 187 187 187 187 187 187 188 188 187 187 187 187 188 188 188 188 188 188 188 188 188 188 188 188 188 189 189 190 190 190 190 190 190 190 190 190 190 189 190 190 190 190 190 190 190 190 190 191 191 191 191 192 192 192 192 192 192 192 192 192 192 193 193 193 193 193 193 194 194 194 194 194 194 194 195 195 195 195 195 195 196 196 196 196 196 196 196 196 196 197 197 197 197 197 197 197 197 197 198 198 198 198 198 198 198 198 198 199 199 199 199 199 199 199 200 200 200 200 200 200 200 200 200 200 200 201 201 201 201 201 201 201 201 201 201 202 202 202 202 202 203 203 203 202 202 202 203 204 204 204 204 203 203 204 204 204 204 204 204 204 204 204 205 204 204 205 205 205 205 205 206 206 206 206 206 206 206 206 206 206 206 209 209 209 209 209 209 209 210 209 210 210 210 210 210 210 211 211 211 211 211 211 211 211 211 211 211 211 212 212 212 212 213 213 213 213 213 213 213 213 213 213 213 213 213 213 213 213 214 214 214 213 214 215 215 215 215 214 214 215 215 215 214 214 214 215 215 215 215 215 215 215 215 215 215 215 216 216 216 216 216 216 216 217 217 217 217 216 217 217 217 217 217 217 217 217 217 217 217 217 217 217 217 217 216 216 216 216 217 218 218 218 218 217 217 217 217 216 216 216 217 217 217 217 217 217 217 217 217 217 217 217 217 218 217 217 217 217 218 0 0 0 0 0 0 0 0 0 0 0 0 0 0 0 0 0 0 0 0 0 0 0 0 0 0 0 0 0 0 0 0 0 0 0 0 0 0 0 0 0 0 0 0 0 0 0 0 0 0 0 0 0 0 0 0 0 0 0 0 0 0 0 0 0 0 0 0 0 0 0 0 0 
0 0 0 0 0 0 0 0 0 0 0 0 0 0 0 0 0 0 0 0 0 0 0 0 0 0 0 0 0 0 0 0 0 0 0 0 0 0 0 0 0 0 0 0 0 0 0 0 0 0 0 0 0 0 0 0 0 0 0 0 0 0 0 0 0 0 0 0 0 0 0 0 0 0 0 0 0 0 0 0 0 0 0 0 182 182 182 183 182 182 183 183 183 183 184 185 185 185 185 186 186 185 186 186 186 187 187 187 186 186 186 187 187 187 187 187 188 188 188 188 188 188 188 187 188 188 188 188 188 188 188 188 188 188 188 189 189 189 189 189 190 190 190 190 190 189 190 190 190 190 190 190 190 190 190 190 190 190 191 191 191 191 192 192 192 192 192 192 192 192 192 193 193 193 193 193 194 193 194 194 194 194 194 194 194 194 195 195 195 195 196 196 196 196 196 196 196 196 196 196 196 197 197 197 197 197 197 197 197 197 198 198 198 198 198 198 198 198 198 199 199 199 199 199 199 199 199 200 200 200 200 200 200 200 200 200 200 201 201 201 201 201 201 201 201 201 201 201 202 202 202 202 203 203 203 202 202 203 203 203 203 203 203 203 204 204 204 204 204 204 204 204 204 204 204 204 205 205 205 205 205 206 206 206 206 206 206 206 206 206 206 206 209 209 209 209 210 210 210 210 210 210 210 210 210 210 210 210 211 211 211 211 211 211 211 211 211 211 211 212 212 212 212 212 212 213 213 213 213 213 213 213 213 213 213 213 214 214 214 214 214 214 214 214 214 215 215 215 214 214 214 215 215 214 214 215 215 215 215 215 215 215 215 215 215 215 215 215 216 216 216 216 216 216 217 216 216 216 216 216 217 217 217 217 217 217 217 217 217 217 217 217 217 217 217 217 217 216 216 217 218 218 217 217 217 217 217 217 216 216 217 217 217 217 217 217 217 217 217 217 217 217 217 217 217 217 217 217 217 218 219 0 0 0 0 0 0 0 0 0 0 0 0 0 0 0 0 0 0 0 0 0 0 0 0 0 0 0 0 0 0 0 0 0 0 0 0 0 0 0 0 0 0 0 0 0 0 0 0 0 0 0 0 0 0 0 0 0 0 0 0 0 0 0 0 0 0 0 0 0 0 0 0 
0 0 0 0 0 0 0 0 0 0 0 0 0 0 0 0 0 0 0 0 0 0 0 0 0 0 0 0 0 0 0 0 0 0 0 0 0 0 0 0 0 0 0 0 0 0 0 0 0 0 0 0 0 0 0 0 0 0 0 0 0 0 0 0 0 0 0 0 0 0 0 0 0 0 0 0 0 0 0 0 0 0 0 0 182 182 182 182 182 183 183 184 183 183 183 184 184 185 185 186 186 186 186 186 186 186 187 187 186 186 186 186 186 186 187 187 187 187 188 188 188 188 187 187 188 188 188 188 188 188 189 188 188 188 188 188 189 189 190 189 189 189 189 190 190 190 189 189 190 190 190 190 190 190 190 190 190 190 191 191 191 191 191 192 192 192 192 192 192 192 192 193 193 193 193 193 193 194 194 194 194 194 194 194 194 194 195 195 195 195 196 196 196 196 196 196 196 197 197 197 197 197 197 197 197 197 197 197 197 197 197 197 197 198 198 198 198 198 198 198 199 199 199 199 199 199 199 200 200 200 200 200 200 200 200 200 200 201 201 201 201 201 201 201 201 201 201 201 201 202 202 202 202 203 203 202 202 203 203 203 203 203 203 203 204 204 204 204 204 204 204 204 204 204 204 204 205 205 205 205 205 205 206 206 206 206 206 206 206 206 206 206 209 209 209 209 209 209 210 210 210 210 210 210 210 210 210 210 211 211 211 211 211 211 211 211 211 211 211 211 212 212 212 212 212 213 213 213 213 213 213 213 213 213 213 214 214 214 215 215 214 214 214 213 214 215 215 214 214 214 214 215 214 214 214 215 215 215 215 215 215 215 215 215 215 215 215 215 216 216 216 216 216 216 217 216 217 216 216 216 216 217 217 217 217 218 218 218 218 217 217 217 217 217 217 217 217 217 217 218 218 218 217 217 217 217 217 216 216 217 217 217 217 217 217 217 217 217 217 217 217 217 217 217 217 218 218 218 218 218 219 0 0 0 0 0 0 0 0 0 0 0 0 0 0 0 0 0 0 0 0 0 0 0 0 0 0 0 0 0 0 0 0 0 0 0 0 0 0 0 0 0 0 0 0 0 0 0 0 0 0 0 0 0 0 0 0 0 0 0 0 0 0 0 0 0 0 0 0 0 0 0 0 
0 0 0 0 0 0 0 0 0 0 0 0 0 0 0 0 0 0 0 0 0 0 0 0 0 0 0 0 0 0 0 0 0 0 0 0 0 0 0 0 0 0 0 0 0 0 0 0 0 0 0 0 0 0 0 0 0 0 0 0 0 0 0 0 0 0 0 0 0 0 0 0 0 0 0 0 0 0 0 0 0 0 0 0 183 183 183 183 183 182 183 183 183 184 184 184 184 185 185 185 186 185 186 186 186 186 186 187 187 187 186 186 186 186 186 187 187 187 188 188 188 188 188 188 188 188 188 188 188 189 188 188 188 188 188 189 189 189 189 189 190 190 189 189 189 189 190 190 189 190 190 190 190 190 190 190 190 190 190 191 191 191 191 191 191 192 192 192 192 192 192 193 193 193 193 193 193 193 194 194 194 194 194 194 194 195 195 194 195 195 195 196 196 196 195 196 196 196 196 196 196 196 197 197 197 197 197 197 197 197 197 197 197 197 197 197 198 198 198 198 199 199 199 199 199 199 199 199 199 200 200 200 200 200 200 200 200 200 200 201 201 201 201 201 201 201 201 201 201 202 202 202 202 202 203 202 202 202 203 202 203 203 203 203 204 204 204 204 204 204 204 204 204 204 204 204 205 205 205 205 205 205 205 206 206 206 206 206 206 206 206 206 209 209 209 209 209 209 209 210 210 210 210 210 210 210 210 210 210 211 211 211 211 211 211 211 211 211 211 211 211 211 212 212 212 212 213 213 213 213 213 213 213 213 213 214 214 214 215 214 214 214 214 213 214 215 215 215 215 214 214 214 214 214 215 215 215 215 215 215 215 215 215 215 215 215 215 215 216 216 216 216 216 216 216 216 217 216 216 216 217 217 216 217 217 217 217 218 218 218 217 217 217 217 217 217 217 217 217 217 218 218 217 217 216 216 216 216 217 217 217 217 217 217 217 217 217 217 217 217 217 217 217 217 217 217 218 218 218 218 218 218 0 0 0 0 0 0 0 0 0 0 0 0 0 0 0 0 0 0 0 0 0 0 0 0 0 0 0 0 0 0 0 0 0 0 0 0 0 0 0 0 0 0 0 0 0 0 0 0 0 0 0 0 0 0 0 0 0 0 0 0 0 0 0 0 0 0 0 0 0 0 0 
0 0 0 0 0 0 0 0 0 0 0 0 0 0 0 0 0 0 0 0 0 0 0 0 0 0 0 0 0 0 0 0 0 0 0 0 0 0 0 0 0 0 0 0 0 0 0 0 0 0 0 0 0 0 0 0 0 0 0 0 0 0 0 0 0 0 0 0 0 0 0 0 0 0 0 0 0 0 0 0 0 0 0 0 0 183 183 183 183 183 183 183 183 184 184 184 185 184 185 185 185 185 185 186 186 186 186 186 187 187 187 187 186 186 186 186 187 187 187 187 187 187 188 188 188 188 188 188 188 188 188 188 188 188 188 189 189 189 189 189 189 190 189 189 189 190 190 190 190 190 190 190 190 190 190 190 190 190 190 191 191 191 192 192 192 192 192 192 192 192 192 192 192 193 193 193 193 194 194 194 194 195 194 194 194 195 195 195 195 195 196 196 196 196 196 195 195 195 195 195 196 196 196 196 197 197 197 197 197 197 197 197 197 197 197 198 198 198 198 198 198 198 199 199 199 199 199 199 199 199 200 200 200 200 200 200 200 200 200 201 201 201 201 201 201 201 201 201 201 201 201 202 201 202 202 203 202 202 202 202 203 203 203 203 204 204 204 203 204 204 204 204 204 204 204 204 204 205 205 205 205 205 205 205 206 206 206 206 206 206 206 206 209 209 209 209 209 209 209 209 209 210 210 210 210 210 210 210 210 210 210 210 211 211 211 211 211 211 211 211 211 212 212 212 212 212 212 213 213 213 213 213 213 213 213 213 214 214 214 214 214 214 214 214 214 214 215 215 215 214 215 214 214 214 214 215 215 215 215 215 215 215 215 215 215 215 215 216 216 216 216 216 216 216 216 216 217 217 216 216 216 217 216 217 217 217 217 217 217 217 217 217 216 217 217 217 217 217 217 217 217 218 217 217 217 217 216 216 217 217 217 217 217 217 217 217 217 217 217 217 217 217 217 217 217 217 217 217 217 217 217 218 218 0 0 0 0 0 0 0 0 0 0 0 0 0 0 0 0 0 0 0 0 0 0 0 0 0 0 0 0 0 0 0 0 0 0 0 0 0 0 0 0 0 0 0 0 0 0 0 0 0 0 0 0 0 0 0 0 0 0 0 0 0 0 0 0 0 0 0 0 0 0 
0 0 0 0 0 0 0 0 0 0 0 0 0 0 0 0 0 0 0 0 0 0 0 0 0 0 0 0 0 0 0 0 0 0 0 0 0 0 0 0 0 0 0 0 0 0 0 0 0 0 0 0 0 0 0 0 0 0 0 0 0 0 0 0 0 0 0 0 0 0 0 0 0 0 0 0 0 0 0 0 0 0 0 0 0 183 183 183 183 183 183 183 183 184 184 185 185 185 185 185 185 185 185 185 186 186 186 186 186 186 187 187 187 187 186 187 187 187 187 187 187 187 187 188 188 188 188 188 188 188 188 188 188 187 188 188 189 189 190 190 190 190 189 189 189 189 190 189 190 190 190 190 190 190 189 189 189 190 190 190 191 191 191 192 192 192 192 192 192 192 193 192 193 193 193 193 194 194 194 194 194 194 195 195 195 195 195 194 195 195 195 196 196 196 195 195 196 196 196 196 196 196 196 196 196 196 196 197 197 197 197 197 197 197 197 198 198 198 198 198 198 198 198 198 199 199 199 199 199 199 199 199 200 200 200 200 200 200 200 200 201 201 201 201 201 201 201 201 201 201 201 201 202 202 202 202 202 203 203 202 202 202 203 203 203 204 203 203 203 204 204 204 204 204 204 204 204 204 205 205 205 205 205 205 205 206 206 206 206 206 206 206 209 209 209 209 209 209 209 209 209 209 210 210 210 210 210 210 210 210 210 210 210 211 211 211 211 211 211 211 211 212 212 212 213 213 213 213 213 213 213 213 213 213 213 213 214 214 214 214 214 214 214 214 214 214 215 214 214 214 215 215 214 214 214 214 215 215 215 215 215 215 215 215 215 215 215 216 216 216 216 216 216 216 216 216 216 217 216 216 216 217 216 216 216 216 217 217 217 217 217 216 216 216 216 217 217 217 217 217 217 217 217 217 217 217 217 217 217 217 217 217 217 217 217 217 217 217 217 217 217 217 217 217 218 217 217 217 217 218 218 218 218 218 218 0 0 0 0 0 0 0 0 0 0 0 0 0 0 0 0 0 0 0 0 0 0 0 0 0 0 0 0 0 0 0 0 0 0 0 0 0 0 0 0 0 0 0 0 0 0 0 0 0 0 0 0 0 0 0 0 0 0 0 0 0 0 0 0 0 0 0 0 
0 0 0 0 0 0 0 0 0 0 0 0 0 0 0 0 0 0 0 0 0 0 0 0 0 0 0 0 0 0 0 0 0 0 0 0 0 0 0 0 0 0 0 0 0 0 0 0 0 0 0 0 0 0 0 0 0 0 0 0 0 0 0 0 0 0 0 0 0 0 0 0 0 0 0 0 0 0 0 0 0 0 0 0 0 0 183 183 183 183 183 183 183 183 184 184 184 185 185 185 186 185 185 185 185 186 186 186 186 187 187 187 187 187 186 187 187 186 187 187 187 187 187 187 188 188 188 188 188 188 188 187 187 188 188 189 188 189 190 190 189 189 189 189 190 190 189 189 189 189 189 189 189 189 189 189 190 190 190 191 190 191 191 192 192 192 192 192 192 193 193 192 192 192 192 193 193 193 194 194 194 194 194 195 195 195 194 195 195 195 195 195 195 195 195 196 196 197 197 196 196 196 196 196 196 196 196 197 197 196 196 196 197 197 197 198 198 198 198 198 198 199 199 199 198 199 199 200 199 199 199 199 199 200 200 200 200 200 200 200 200 201 201 201 201 201 201 201 201 202 201 201 201 201 202 202 202 203 203 203 202 202 203 203 203 203 203 203 203 204 204 204 204 204 204 204 204 204 205 205 205 205 205 205 205 205 206 206 206 206 206 206 209 209 209 209 209 209 209 210 210 210 210 210 210 210 210 210 210 210 210 210 210 211 211 211 211 211 211 211 211 211 212 212 213 212 212 212 213 213 213 213 213 213 213 213 213 214 213 213 214 214 214 214 214 214 215 214 214 215 215 215 214 214 214 214 214 215 215 215 215 215 215 215 215 215 215 215 215 216 216 216 216 216 216 216 216 216 217 216 216 216 216 216 217 217 217 217 218 218 217 217 216 216 216 217 217 217 217 217 217 217 217 217 217 217 217 217 217 217 217 217 217 217 217 217 217 217 217 217 217 217 217 217 217 217 217 217 217 217 217 217 217 217 218 218 0 0 0 0 0 0 0 0 0 0 0 0 0 0 0 0 0 0 0 0 0 0 0 0 0 0 0 0 0 0 0 0 0 0 0 0 0 0 0 0 0 0 0 0 0 0 0 0 0 0 0 0 0 0 0 0 0 0 0 0 0 0 0 0 0 0 0 
0 0 0 0 0 0 0 0 0 0 0 0 0 0 0 0 0 0 0 0 0 0 0 0 0 0 0 0 0 0 0 0 0 0 0 0 0 0 0 0 0 0 0 0 0 0 0 0 0 0 0 0 0 0 0 0 0 0 0 0 0 0 0 0 0 0 0 0 0 0 0 0 0 0 0 0 0 0 0 0 0 0 0 0 0 182 182 182 183 184 183 183 182 183 183 183 184 185 186 186 186 186 186 186 186 186 186 186 186 187 187 187 187 187 187 187 187 187 187 187 187 187 187 187 187 188 188 188 188 188 188 187 188 189 189 189 189 189 189 189 189 189 189 190 190 189 189 189 189 189 189 189 190 190 190 189 189 189 190 191 191 191 191 192 192 192 192 192 193 193 193 193 193 193 193 193 193 193 194 194 194 194 194 195 195 195 195 195 195 195 195 195 195 196 195 195 196 196 197 196 196 196 196 196 196 196 196 196 196 196 196 197 197 197 197 197 198 199 198 198 198 199 199 199 198 198 199 199 199 199 199 199 199 199 200 200 200 200 200 200 200 200 201 201 201 201 201 201 201 201 202 202 202 201 201 202 203 203 202 202 203 202 203 203 203 203 203 203 203 203 204 204 204 204 204 204 204 204 204 205 205 205 205 205 205 205 206 206 206 206 206 206 209 209 209 209 210 210 210 210 210 210 210 210 210 210 210 210 210 210 210 210 210 210 211 211 211 211 211 211 211 211 212 212 212 212 212 212 213 213 213 213 213 213 213 213 213 214 214 213 214 214 214 214 214 214 214 214 214 214 214 214 214 214 214 214 214 215 215 215 215 215 215 215 215 215 215 215 215 215 215 216 216 216 216 216 216 216 217 217 216 216 217 217 217 217 217 217 218 217 217 216 217 217 217 217 217 217 217 217 217 217 217 217 217 217 217 217 217 217 217 217 217 217 217 217 217 217 217 217 217 217 217 217 217 217 217 217 217 217 217 217 217 217 218 218 218 218 218 218 0 0 0 0 0 0 0 0 0 0 0 0 0 0 0 0 0 0 0 0 0 0 0 0 0 0 0 0 0 0 0 0 0 0 0 0 0 0 0 0 0 0 0 0 0 0 0 0 0 0 0 0 0 0 0 0 0 0 0 0 0 0 0 
0 0 0 0 0 0 0 0 0 0 0 0 0 0 0 0 0 0 0 0 0 0 0 0 0 0 0 0 0 0 0 0 0 0 0 0 0 0 0 0 0 0 0 0 0 0 0 0 0 0 0 0 0 0 0 0 0 0 0 0 0 0 0 0 0 0 0 0 0 0 0 0 0 0 0 0 0 0 0 0 0 0 0 0 181 182 181 182 183 183 184 183 182 183 183 183 183 184 185 185 184 185 186 186 186 186 186 186 187 187 187 187 187 188 188 188 187 187 187 187 187 187 187 187 187 187 187 187 187 187 188 187 188 189 189 189 189 189 190 189 189 189 189 189 189 189 189 190 190 190 189 189 190 191 191 190 189 189 190 190 190 191 191 191 192 192 192 192 192 192 193 193 193 193 193 193 194 194 194 194 194 194 194 195 195 195 195 196 196 196 195 196 196 196 195 196 196 196 197 197 197 196 196 196 196 196 196 196 195 196 197 196 197 197 197 197 198 198 198 198 198 198 199 199 199 199 199 199 200 200 200 200 199 199 199 200 200 200 200 200 200 200 201 201 201 201 201 201 201 201 202 202 202 202 201 202 202 202 202 202 203 202 203 203 203 203 203 203 203 203 204 204 204 204 204 204 204 204 204 205 205 205 205 205 205 205 205 206 206 206 206 206 209 209 209 209 210 210 210 210 210 210 210 210 210 210 210 209 210 210 211 210 210 210 210 210 210 211 211 211 211 211 212 212 212 212 212 212 213 213 213 213 213 213 213 213 214 214 214 214 214 214 214 214 214 214 214 214 215 215 215 214 215 215 214 214 214 214 215 215 215 215 215 215 215 215 215 215 215 215 215 215 215 215 215 216 216 216 216 217 216 216 217 217 217 217 217 217 217 217 217 217 217 217 217 217 217 217 217 217 217 217 217 217 217 217 217 217 217 217 217 217 217 216 217 217 217 217 217 217 217 217 217 217 218 218 218 217 217 217 217 217 217 217 217 217 217 218 218 218 0 0 0 0 0 0 0 0 0 0 0 0 0 0 0 0 0 0 0 0 0 0 0 0 0 0 0 0 0 0 0 0 0 0 0 0 0 0 0 0 0 0 0 0 0 0 0 0 0 0 0 0 0 0 0 0 0 0 0 0 0 0 0 
0 0 0 0 0 0 0 0 0 0 0 0 0 0 0 0 0 0 0 0 0 0 0 0 0 0 0 0 0 0 0 0 0 0 0 0 0 0 0 0 0 0 0 0 0 0 0 0 0 0 0 0 0 0 0 0 0 0 0 0 0 0 0 0 0 0 0 0 0 0 0 0 0 0 0 0 0 0 0 0 0 180 0 0 181 181 181 182 183 183 183 184 183 183 184 184 184 184 185 185 185 184 184 185 185 185 186 186 186 187 187 187 187 187 187 188 188 187 187 188 188 188 188 188 187 188 188 188 188 188 188 188 188 188 189 189 189 189 190 190 190 190 190 189 189 189 189 189 189 189 189 189 190 190 190 189 190 190 190 190 190 190 191 191 191 191 192 192 192 192 192 193 193 193 193 193 194 194 194 194 194 194 194 194 195 195 195 195 196 196 196 196 196 196 195 196 197 196 196 197 198 197 196 196 196 195 196 195 195 197 197 197 197 197 197 198 198 198 199 199 199 199 199 199 199 199 199 199 199 200 200 201 200 200 199 199 200 200 200 200 200 200 201 201 201 201 201 201 201 201 201 202 202 202 202 201 201 202 202 202 203 202 203 203 202 203 203 203 203 203 203 204 204 204 204 204 204 204 204 205 205 205 205 205 205 205 205 206 206 206 206 206 209 209 209 209 209 209 209 210 210 210 210 210 210 210 210 210 210 211 211 211 211 211 211 211 211 211 211 211 211 211 212 212 212 212 212 212 212 213 213 213 213 213 213 213 214 214 214 214 214 214 214 214 214 214 214 214 214 214 215 215 215 215 215 215 214 214 214 214 214 214 215 215 215 215 215 215 214 215 215 215 215 215 215 215 215 215 216 216 216 216 216 216 216 217 217 217 217 217 217 217 217 217 217 217 217 217 217 217 217 217 217 217 217 217 217 217 217 217 217 217 216 216 217 217 217 217 217 217 217 218 217 217 217 217 218 218 218 218 217 217 217 217 217 217 217 217 218 218 219 0 0 0 0 0 0 0 0 0 0 0 0 0 0 0 0 0 0 0 0 0 0 0 0 0 0 0 0 0 0 0 0 0 0 0 0 0 0 0 0 0 0 0 0 0 0 0 0 0 0 0 0 0 0 0 0 0 0 0 0 0 0 
0 0 0 0 0 0 0 0 0 0 0 0 0 0 0 0 0 0 0 0 0 0 0 0 0 0 0 0 0 0 0 0 0 0 0 0 0 0 0 0 0 0 0 0 0 0 0 0 0 0 0 0 0 0 0 0 0 0 0 0 0 0 0 0 0 0 0 0 0 0 0 0 0 0 0 0 0 0 0 0 0 180 180 180 180 181 181 182 181 182 182 183 183 183 183 183 183 184 184 185 185 185 184 184 184 185 185 186 186 186 187 187 187 187 187 187 187 186 187 187 187 188 188 188 188 188 188 189 189 189 189 188 188 188 189 189 189 188 189 189 190 190 190 190 190 190 189 189 189 189 189 189 189 189 189 189 189 190 190 190 190 190 190 191 191 191 191 192 192 193 192 192 193 193 193 194 193 193 193 194 194 195 195 195 195 195 195 195 195 196 196 195 195 195 195 196 197 197 197 197 197 197 196 196 196 196 195 195 196 197 197 197 198 198 198 198 198 198 198 198 199 199 199 198 198 199 199 199 200 200 200 200 200 200 200 199 199 200 200 200 200 200 201 201 201 201 201 201 201 201 201 201 201 201 202 202 202 202 202 202 202 202 202 202 202 203 203 203 203 203 203 204 204 204 204 204 204 204 204 205 205 205 205 205 205 205 205 205 206 206 206 206 209 209 209 209 209 209 209 209 209 209 210 210 210 210 210 210 210 211 211 211 211 211 211 211 211 211 211 211 211 211 211 212 212 212 212 212 212 213 213 213 213 213 213 213 213 214 214 214 214 214 214 214 214 214 214 214 214 214 214 215 215 215 215 215 215 214 214 215 215 215 215 215 215 215 215 216 215 215 215 215 215 215 215 215 215 215 215 216 216 216 216 216 216 216 217 217 216 216 217 217 217 217 217 217 217 217 217 217 217 217 217 217 217 217 217 217 217 217 217 217 217 216 216 217 217 217 217 217 217 217 217 217 217 217 217 217 218 218 218 218 218 218 217 217 217 217 217 218 0 0 0 0 0 0 0 0 0 0 0 0 0 0 0 0 0 0 0 0 0 0 0 0 0 0 0 0 0 0 0 0 0 0 0 0 0 0 0 0 0 0 0 0 0 0 0 0 0 0 0 0 0 0 0 0 0 0 0 0 0 0 0 
0 0 0 0 0 0 0 0 0 0 0 0 0 0 0 0 0 0 0 0 0 0 0 0 0 0 0 0 0 0 0 0 0 0 0 0 0 0 0 0 0 0 0 0 0 0 0 0 0 0 0 0 0 0 0 0 0 0 0 0 0 0 0 0 0 0 0 0 0 0 0 0 0 0 0 0 0 0 0 0 0 179 180 181 181 180 180 181 181 180 181 182 182 182 182 182 183 183 184 184 184 185 185 185 184 185 185 185 186 186 186 187 187 187 187 187 187 186 186 187 187 187 187 187 187 187 188 188 188 188 188 188 187 188 189 189 189 189 189 189 189 189 189 190 190 190 189 189 190 190 190 189 189 189 189 189 190 190 190 190 190 190 190 191 191 191 192 192 192 192 192 192 192 193 193 193 193 193 194 194 194 194 194 195 195 195 196 196 196 196 196 196 195 195 195 195 196 197 197 197 196 196 196 196 196 196 196 195 195 196 196 197 197 198 199 199 199 199 198 198 198 199 199 198 199 199 199 199 199 199 200 200 200 200 200 200 200 200 200 200 200 200 200 200 200 201 201 201 201 201 201 201 201 201 202 202 202 202 202 202 202 202 202 202 203 203 203 203 203 203 204 204 204 204 204 204 204 204 205 205 205 205 205 205 205 205 205 205 206 206 206 206 209 209 209 209 209 209 209 209 209 209 210 210 210 210 210 210 210 211 211 211 211 211 212 212 211 211 211 211 211 211 211 212 212 212 212 212 212 213 213 213 213 213 213 213 213 213 214 214 214 214 214 214 214 214 214 214 214 214 214 214 215 215 215 215 214 214 214 215 216 215 215 215 214 215 215 216 216 216 215 215 215 215 215 215 215 215 216 216 217 217 217 217 216 216 216 216 216 217 217 217 217 217 216 216 217 217 217 217 217 217 217 217 217 217 217 217 217 217 217 217 217 216 216 217 217 217 217 217 217 217 218 218 218 217 217 217 217 218 218 218 218 218 218 217 217 217 217 217 0 0 0 0 0 0 0 0 0 0 0 0 0 0 0 0 0 0 0 0 0 0 0 0 0 0 0 0 0 0 0 0 0 0 0 0 0 0 0 0 0 0 0 0 0 0 0 0 0 0 0 0 0 0 0 0 0 0 0 0 0 0 0 
0 0 0 0 0 0 0 0 0 0 0 0 0 0 0 0 0 0 0 0 0 0 0 0 0 0 0 0 0 0 0 0 0 0 0 0 0 0 0 0 0 0 0 0 0 0 0 0 0 0 0 0 0 0 0 0 0 0 0 0 0 0 0 0 0 0 0 0 0 0 0 0 0 0 0 0 0 0 0 0 0 0 180 180 181 181 181 181 182 182 181 181 180 181 181 182 183 183 184 184 184 185 184 184 184 184 185 185 186 186 186 187 187 187 187 188 187 187 187 187 188 188 188 187 187 187 187 187 187 187 187 188 187 188 189 189 189 189 189 189 189 189 189 189 190 189 189 189 189 190 189 189 189 189 189 190 190 190 190 190 190 190 190 190 190 191 191 191 192 192 191 192 192 193 193 193 193 193 194 194 194 194 194 194 194 195 195 196 196 196 196 195 195 195 195 195 195 196 197 197 197 196 196 196 196 196 195 195 195 196 197 197 197 197 198 199 199 198 197 198 198 198 198 198 198 198 199 199 200 200 200 200 200 200 200 200 200 200 200 200 200 200 200 200 201 200 201 201 201 201 201 201 201 201 202 202 202 202 202 202 202 202 202 202 202 203 203 203 203 203 204 204 204 204 204 204 204 204 205 205 205 205 205 205 205 205 205 205 205 205 205 206 209 209 209 209 209 209 209 209 209 210 210 210 210 210 210 210 210 211 211 211 211 211 211 212 211 211 211 211 211 211 211 211 212 212 212 212 212 213 213 213 213 213 213 213 213 213 214 214 214 214 214 214 214 214 214 214 214 215 214 214 214 215 215 215 215 214 214 215 216 216 215 215 215 215 215 215 216 216 216 216 217 216 216 216 216 217 217 217 217 217 217 217 216 216 216 216 216 217 217 217 218 217 217 216 216 216 217 217 217 217 217 217 217 217 217 217 217 217 217 217 217 216 216 217 217 217 217 217 217 217 218 218 218 218 217 218 218 218 218 218 218 219 218 218 218 217 218 218 218 0 0 0 0 0 0 0 0 0 0 0 0 0 0 0 0 0 0 0 0 0 0 0 0 0 0 0 0 0 0 0 0 0 0 0 0 0 0 0 0 0 0 0 0 0 0 0 0 0 0 0 0 0 0 0 0 0 0 0 0 0 0 
0 0 0 0 0 0 0 0 0 0 0 0 0 0 0 0 0 0 0 0 0 0 0 0 0 0 0 0 0 0 0 0 0 0 0 0 0 0 0 0 0 0 0 0 0 0 0 0 0 0 0 0 0 177 0 0 0 0 0 0 0 0 0 0 0 177 177 0 0 0 0 0 0 0 0 0 0 0 0 0 0 179 180 180 181 181 181 182 182 182 182 181 181 181 181 181 182 183 184 184 184 184 184 184 184 184 185 185 186 186 186 186 187 187 187 188 187 187 187 187 188 188 188 187 188 188 188 188 188 188 188 189 189 188 188 188 189 189 190 190 190 190 189 189 191 191 190 190 189 190 190 189 189 190 190 190 190 191 191 190 190 190 191 191 191 191 190 191 191 191 192 192 192 193 193 193 193 194 194 194 193 194 194 195 195 195 195 196 196 196 195 195 195 196 196 196 195 196 196 197 196 196 196 196 195 196 196 196 195 196 197 197 197 197 199 199 199 199 198 198 198 198 198 198 199 198 198 199 199 199 199 200 200 200 200 200 199 199 199 200 200 200 200 200 200 201 200 201 201 201 201 201 201 202 201 201 202 202 202 202 202 202 202 202 202 202 203 203 203 203 203 204 204 204 204 204 204 204 205 205 205 205 205 205 205 205 205 205 205 205 205 205 208 208 208 209 209 209 209 209 210 210 210 210 210 210 210 210 210 210 211 211 211 211 211 211 211 211 211 211 211 211 211 212 212 212 212 212 212 213 213 213 213 213 213 213 213 213 213 214 214 214 214 214 214 214 214 214 214 215 215 215 215 215 215 215 215 215 215 215 215 216 215 215 216 216 216 216 216 217 217 217 217 217 217 217 217 218 217 217 217 217 217 217 217 216 216 216 217 217 217 217 218 217 217 217 217 217 217 217 217 217 217 217 217 217 217 217 217 217 217 217 217 217 217 217 217 217 217 217 217 217 217 218 218 218 218 217 218 218 218 218 219 219 219 219 219 218 218 219 218 0 0 0 0 0 0 0 0 0 0 0 0 0 0 0 0 0 0 0 0 0 0 0 0 0 0 0 0 0 0 0 0 0 0 0 0 0 0 0 0 0 0 0 0 0 0 0 0 0 0 0 0 0 0 0 0 0 0 0 0 0 0 
0 0 0 0 0 0 0 0 0 0 0 0 0 0 0 0 0 0 0 0 0 0 0 0 0 0 0 0 0 0 0 0 0 0 0 0 0 0 0 0 0 0 0 0 0 0 0 0 0 0 0 0 0 0 0 178 0 178 0 0 0 0 0 178 178 177 177 177 0 0 0 0 0 0 0 0 0 0 0 0 0 0 179 180 180 181 181 181 182 182 183 182 182 182 182 182 181 182 183 183 184 184 184 184 184 185 185 185 185 186 186 186 186 186 187 187 187 187 187 187 187 188 188 188 188 188 189 188 189 189 189 189 189 189 189 188 189 190 190 190 190 190 189 189 190 190 191 190 190 190 190 190 190 190 190 190 190 190 190 190 190 191 191 190 191 191 191 191 191 191 191 192 192 193 193 193 193 194 193 193 193 194 194 194 194 195 196 196 196 196 196 196 197 197 197 197 196 196 197 197 196 196 197 196 196 195 195 196 196 195 195 196 197 198 199 198 198 198 199 199 199 199 199 199 198 198 198 198 199 199 199 200 200 200 200 200 200 200 200 200 200 200 200 200 200 200 200 201 200 200 201 202 202 202 201 201 201 202 202 202 202 202 202 202 202 202 203 203 203 203 203 204 204 204 204 204 204 204 204 205 205 205 205 205 205 205 205 205 205 205 205 205 208 208 209 209 209 209 209 209 210 210 210 210 210 210 210 210 210 210 211 211 211 211 211 211 211 211 211 211 211 212 211 212 212 212 212 212 212 212 213 213 213 213 213 213 213 213 213 214 214 214 214 214 214 214 214 214 214 215 215 215 215 215 216 216 216 215 215 215 215 216 216 216 217 217 216 216 216 217 217 217 217 218 218 218 218 218 218 218 217 217 217 217 217 217 216 216 217 217 217 217 217 217 216 216 216 216 217 217 217 217 217 217 217 217 217 217 217 217 217 217 217 217 217 217 217 217 217 217 217 217 218 218 218 218 218 218 218 218 218 218 218 218 218 219 219 219 219 219 219 0 0 0 0 0 0 0 0 0 0 0 0 0 0 0 0 0 0 0 0 0 0 0 0 0 0 0 0 0 0 0 0 0 0 0 0 0 0 0 0 0 0 0 0 0 0 0 0 0 0 0 0 0 0 0 0 0 0 0 0 0 0 
0 0 0 0 0 0 0 0 0 0 0 0 0 0 0 0 0 0 0 0 0 0 0 0 0 0 0 0 0 0 0 0 0 0 0 0 0 0 0 0 0 0 0 0 0 0 0 0 0 0 0 0 177 177 177 178 178 178 179 179 179 179 179 178 177 177 177 177 177 177 0 0 0 0 0 0 0 0 0 0 0 0 0 179 179 180 180 180 181 182 182 183 182 183 183 182 182 182 182 182 184 184 183 184 184 184 185 185 185 185 185 186 186 186 186 187 188 188 187 187 187 187 187 188 188 188 188 188 188 189 189 189 189 189 189 189 188 189 190 190 191 191 190 189 189 189 190 190 190 191 190 190 189 189 190 190 189 189 190 190 191 190 190 191 191 192 192 191 191 191 192 192 192 193 193 193 193 193 193 194 194 194 194 194 194 195 196 195 196 197 197 197 197 197 197 197 197 197 197 197 196 197 197 196 196 196 196 196 196 196 196 196 196 197 198 198 198 197 198 198 198 199 199 198 198 198 199 199 199 199 199 200 200 200 200 201 200 201 200 200 200 200 200 200 200 200 201 200 200 201 201 201 202 202 201 201 201 202 202 202 202 203 203 203 203 203 203 203 203 203 203 203 204 204 204 204 204 204 204 204 205 205 205 205 205 205 205 205 205 205 206 206 208 209 209 209 209 209 209 209 209 210 210 210 210 210 210 210 210 210 210 211 211 211 211 211 211 211 211 211 211 212 211 212 212 212 212 212 212 212 212 213 213 213 213 213 214 214 214 214 214 214 214 214 214 214 214 214 214 214 215 215 215 215 215 215 216 216 215 215 215 216 217 217 217 217 217 217 217 216 216 216 217 217 217 218 218 218 218 218 218 217 217 217 218 217 217 217 217 217 217 217 217 217 217 217 216 216 217 217 217 217 217 217 217 217 217 217 217 217 217 217 217 217 217 217 217 217 217 217 217 218 218 218 218 218 218 218 218 218 218 218 218 218 219 219 219 218 218 219 219 0 0 0 0 0 0 0 0 0 0 0 0 0 0 0 0 0 0 0 0 0 0 0 0 0 0 0 0 0 0 0 0 0 0 0 0 0 0 0 0 0 0 0 0 0 0 0 0 0 0 0 0 0 0 0 0 0 0 0 0 0 0 
0 0 0 0 0 0 0 0 0 0 0 0 0 0 0 0 0 0 0 0 0 0 0 0 0 0 0 0 0 0 0 0 0 0 0 0 0 0 0 0 0 0 0 0 0 0 0 0 0 0 0 0 177 177 177 178 178 178 178 178 177 178 177 177 177 177 178 178 178 0 0 0 0 179 179 180 0 0 0 0 0 0 180 180 180 180 180 181 181 181 181 182 182 183 183 183 183 183 182 183 182 183 183 184 184 184 185 185 185 185 185 186 186 186 186 187 187 188 188 188 188 187 187 188 188 188 188 188 188 188 188 188 188 188 188 189 189 189 189 190 190 190 190 190 190 190 189 190 190 190 191 190 190 190 190 189 189 190 190 191 191 191 191 191 191 191 191 191 191 191 191 192 192 193 193 192 193 193 194 194 194 194 194 194 195 195 196 195 196 196 197 197 198 198 198 198 198 198 198 197 197 197 197 196 196 196 196 196 196 196 196 196 195 196 196 197 197 197 197 197 198 199 199 199 199 198 199 199 199 199 199 200 200 200 201 201 201 201 201 200 200 200 200 200 200 201 201 200 200 200 201 201 201 201 201 201 201 202 202 202 203 203 203 203 202 202 202 203 203 203 203 203 203 203 204 204 204 204 204 204 204 205 205 205 205 205 205 205 205 205 206 206 208 209 209 209 209 209 209 209 209 210 210 210 210 210 210 210 210 210 211 211 211 211 211 211 211 211 211 211 211 211 211 212 212 212 212 212 212 212 212 212 213 213 213 213 213 214 214 214 214 214 214 214 214 214 214 214 214 214 214 215 215 215 215 215 215 215 215 215 215 215 216 216 216 216 217 217 217 216 216 216 216 217 217 217 217 217 217 217 217 218 218 218 218 217 217 217 217 217 217 217 217 217 217 216 216 216 216 217 217 217 217 217 217 217 217 217 217 217 217 217 217 217 217 217 217 217 217 217 217 217 217 217 218 218 218 219 219 219 218 218 218 218 218 218 218 219 218 218 219 0 0 0 0 0 0 0 0 0 0 0 0 0 0 0 0 0 0 0 0 0 0 0 0 0 0 0 0 0 0 0 0 0 0 0 0 0 0 0 0 0 0 0 0 0 0 0 0 0 0 0 0 0 0 0 0 0 0 0 0 0 0 
0 0 0 0 0 0 0 0 0 0 0 0 0 0 0 0 0 0 0 0 0 0 0 0 0 0 0 0 0 0 0 0 0 0 0 0 0 0 0 0 0 0 0 0 0 0 0 0 0 0 0 0 178 177 177 177 178 179 178 178 177 177 177 178 178 178 179 178 178 178 0 178 178 178 179 179 180 180 181 181 182 181 180 180 180 179 180 180 181 181 181 182 181 183 183 183 183 183 183 183 183 183 184 185 184 184 184 184 185 185 185 186 186 186 186 187 187 188 188 188 188 188 188 188 188 188 188 188 188 188 188 188 188 189 189 189 189 189 189 190 190 190 190 191 191 191 190 190 190 190 191 190 189 190 189 189 190 190 191 191 190 191 191 191 191 191 191 192 192 191 191 191 192 192 192 192 193 193 193 193 194 194 194 194 195 196 196 195 196 196 196 197 197 197 197 197 197 197 198 198 197 198 197 196 196 195 195 196 196 196 196 196 196 195 196 196 197 197 197 197 198 199 199 199 198 198 199 199 199 199 199 199 199 200 200 200 201 201 201 201 201 201 201 201 201 201 201 201 200 201 201 201 201 201 201 201 201 201 202 202 202 202 202 202 202 202 203 203 203 203 203 203 203 203 204 204 204 204 204 204 204 204 205 205 205 205 205 205 205 205 206 206 208 208 209 209 209 209 209 209 209 209 210 210 210 210 210 210 210 210 210 211 211 211 211 211 211 211 211 211 211 211 211 212 212 212 212 212 213 213 212 212 213 213 213 213 213 214 214 214 214 214 213 214 214 214 214 214 214 214 214 215 215 215 215 215 215 215 215 215 215 215 216 216 216 216 216 216 217 217 217 216 216 217 217 217 217 218 217 217 217 217 218 218 218 218 217 217 217 217 217 218 217 217 217 217 217 216 216 217 217 217 217 217 217 217 217 217 217 217 217 217 217 217 217 217 217 217 217 217 217 217 217 217 218 218 218 218 218 218 219 219 218 218 218 218 218 219 219 219 220 0 0 0 0 0 0 0 0 0 0 0 0 0 0 0 0 0 0 0 0 0 0 0 0 0 0 0 0 0 0 0 0 0 0 0 0 0 0 0 0 0 0 0 0 0 0 0 0 0 0 0 0 0 0 0 0 0 0 0 0 0 0 
0 0 0 0 0 0 0 0 0 0 0 0 0 0 0 0 0 0 0 0 0 0 0 0 0 0 0 0 0 0 0 0 0 0 0 0 0 0 0 0 0 0 0 0 0 0 0 0 0 0 0 0 178 177 177 178 178 179 178 177 177 177 178 178 178 178 179 179 178 178 178 0 0 178 179 179 179 179 180 180 181 181 180 180 180 180 180 180 181 181 181 181 181 182 183 182 183 183 183 183 183 184 184 184 184 184 184 185 185 185 186 186 186 186 186 186 186 187 187 187 188 188 188 188 188 189 189 189 188 188 189 189 189 190 190 190 189 189 189 189 190 190 190 190 190 190 190 189 189 190 190 190 190 189 189 190 190 191 191 190 190 191 191 192 192 192 192 192 192 192 192 192 191 192 192 192 193 193 194 193 193 194 194 194 195 196 196 195 195 196 196 196 196 196 196 196 196 196 197 198 198 198 198 197 196 196 196 196 196 196 196 196 197 196 195 195 196 196 197 198 198 198 198 198 198 199 199 199 199 199 200 200 200 200 200 200 200 201 201 202 202 202 202 202 202 202 202 202 201 201 201 201 201 201 201 201 201 201 201 202 202 202 202 202 202 203 203 203 203 203 203 203 203 204 204 204 204 204 204 204 204 204 204 205 205 205 205 205 205 205 205 205 208 208 209 209 209 209 209 209 209 209 209 210 210 210 210 210 210 210 211 211 211 211 211 211 211 211 211 211 211 211 211 212 212 212 212 212 213 213 212 213 213 213 213 213 213 214 214 214 214 214 214 214 214 214 214 214 214 214 214 214 215 215 215 215 215 215 215 215 215 215 215 216 216 216 216 216 216 217 217 216 217 217 217 217 217 217 218 218 217 217 217 217 218 218 218 217 217 217 217 217 217 218 218 217 217 217 216 216 217 217 217 217 217 217 217 217 217 217 217 217 217 217 217 217 217 217 217 217 217 217 217 217 217 218 218 218 218 218 218 218 219 218 218 219 219 219 219 219 219 0 0 0 0 0 0 0 0 0 0 0 0 0 0 0 0 0 0 0 0 0 0 0 0 0 0 0 0 0 0 0 0 0 0 0 0 0 0 0 0 0 0 0 0 0 0 0 0 0 0 0 0 0 0 0 0 0 0 0 0 0 0 
0 0 0 0 0 0 0 0 0 0 0 0 0 0 0 0 0 0 0 0 0 0 0 0 0 0 0 0 0 0 0 0 0 0 0 0 0 0 0 0 0 0 0 0 0 0 0 0 0 0 0 0 178 177 178 178 178 179 178 179 178 178 178 179 180 179 179 179 178 178 0 0 0 178 179 179 179 179 179 180 180 180 180 180 180 180 180 180 180 181 181 181 181 182 182 182 182 182 183 183 184 184 184 184 184 184 184 184 185 185 185 186 186 187 186 186 186 186 187 187 187 187 188 188 188 188 188 189 189 189 189 189 189 189 190 190 190 189 189 190 190 190 190 190 190 190 190 189 189 189 190 190 189 189 190 190 191 191 191 190 190 191 191 191 191 191 191 191 191 192 192 192 191 192 193 193 193 193 194 194 194 194 195 195 195 195 196 195 195 196 196 196 196 197 196 196 196 196 196 197 197 198 198 197 197 197 197 197 196 196 196 197 196 196 196 195 196 196 197 198 198 198 198 198 198 199 199 199 199 199 200 200 200 200 201 201 201 201 201 201 202 202 202 202 202 203 203 202 202 202 202 202 202 202 202 202 201 201 202 202 202 202 202 202 202 203 203 202 203 203 203 203 203 203 203 204 204 204 204 204 204 204 205 205 205 205 205 205 205 205 205 205 208 208 209 209 209 209 209 209 209 209 209 210 210 210 210 210 210 210 210 211 211 211 211 211 211 211 211 211 211 211 211 212 212 212 212 213 213 212 213 213 213 213 213 213 213 213 214 214 214 214 214 214 214 214 214 214 214 214 214 214 215 215 215 215 215 215 215 215 215 215 215 216 216 216 216 216 216 217 217 216 217 217 217 217 217 217 217 217 217 217 217 217 217 218 218 218 217 218 218 217 217 217 218 218 217 217 217 217 217 217 217 217 217 217 216 217 217 217 217 217 217 217 217 217 217 217 217 217 217 217 217 217 218 218 217 217 217 217 218 218 218 219 219 219 219 218 218 219 219 0 0 0 0 0 0 0 0 0 0 0 0 0 0 0 0 0 0 0 0 0 0 0 0 0 0 0 0 0 0 0 0 0 0 0 0 0 0 0 0 0 0 0 0 0 0 0 0 0 0 0 0 0 0 0 0 0 0 0 0 0 0 
0 0 0 0 0 0 0 0 0 0 0 0 0 0 0 0 0 0 0 0 0 0 0 0 0 0 0 0 0 0 0 0 0 0 0 0 0 0 0 0 0 0 0 0 0 0 0 0 0 0 0 0 178 177 178 178 179 179 179 179 179 179 179 179 180 179 179 179 178 178 178 0 0 178 179 179 179 180 180 180 180 180 180 180 180 180 180 180 180 181 181 181 182 182 182 182 182 182 183 183 184 184 184 184 185 184 184 184 184 185 185 186 186 186 187 186 186 187 187 187 187 187 187 187 188 188 188 188 189 189 189 189 189 189 189 189 189 189 190 190 191 191 191 191 191 191 191 190 189 189 189 189 189 190 190 190 191 191 191 191 191 191 191 191 191 192 192 191 191 192 192 192 191 191 192 193 193 194 194 194 194 194 195 195 195 195 195 195 195 195 195 196 197 197 196 196 196 196 195 196 196 196 197 197 197 198 198 197 197 197 197 197 197 196 196 196 196 197 197 198 198 198 198 199 199 199 199 200 200 200 200 200 200 200 201 201 201 201 201 202 202 202 202 202 202 202 202 202 202 203 203 203 202 202 202 201 201 201 202 202 202 202 202 203 202 202 202 202 202 203 203 203 203 203 203 204 204 204 204 204 204 204 204 205 205 205 205 205 205 205 205 205 208 208 208 209 209 209 209 209 209 209 209 209 210 210 210 210 210 210 210 211 211 211 211 211 211 211 211 211 211 211 211 212 212 212 212 212 213 212 213 213 213 213 213 213 213 213 213 214 214 214 214 214 214 214 214 214 214 214 214 214 214 215 215 215 215 215 215 215 215 215 216 216 216 216 216 216 216 216 217 216 217 217 217 217 217 217 217 217 217 217 217 218 218 218 218 218 218 217 217 218 218 218 218 218 218 217 217 217 217 216 216 216 216 216 216 216 216 216 216 217 217 217 217 217 216 217 217 217 217 217 218 218 218 217 217 218 218 218 218 218 218 218 218 218 219 218 218 219 219 220 0 0 0 0 0 0 0 0 0 0 0 0 0 0 0 0 0 0 0 0 0 0 0 0 0 0 0 0 0 0 0 0 0 0 0 0 0 0 0 0 0 0 0 0 0 0 0 0 0 0 0 0 0 0 0 0 0 0 0 0 0 
0 0 0 0 0 0 0 0 0 0 0 0 0 0 0 0 0 0 0 0 0 0 0 0 0 0 0 0 0 0 0 0 0 0 0 0 0 0 0 0 0 0 0 0 0 0 0 0 0 0 0 0 178 178 178 179 179 179 178 178 178 178 178 179 180 179 179 178 178 178 178 179 179 179 179 180 179 180 180 181 181 180 180 180 180 180 180 180 180 180 180 181 181 183 182 182 182 182 182 183 183 183 184 185 185 185 184 184 184 185 186 186 186 186 186 186 187 187 187 187 187 187 187 188 188 188 188 188 188 189 189 189 189 189 189 189 189 189 189 189 189 190 190 190 190 190 190 189 189 189 190 190 189 190 190 191 191 191 191 192 191 192 191 191 190 191 192 191 191 191 191 191 191 192 191 192 192 193 193 194 194 195 195 195 195 195 196 195 195 194 195 196 196 196 196 196 196 196 196 195 195 196 196 196 196 197 198 198 198 198 197 196 196 196 195 195 196 196 196 197 198 199 199 199 199 200 200 200 200 200 200 201 201 201 201 201 202 202 201 201 202 202 202 203 202 202 202 202 203 202 203 203 202 202 202 202 202 202 202 202 202 202 202 203 203 202 203 203 203 203 203 203 203 203 203 204 204 204 204 204 204 204 205 205 205 205 205 205 205 205 205 205 208 208 208 209 209 209 209 209 209 209 209 209 210 210 210 210 210 210 210 210 211 211 211 211 211 211 211 211 211 211 211 211 212 212 212 212 213 212 213 213 213 213 213 213 213 213 213 213 214 214 214 214 214 214 214 214 214 214 214 214 214 215 215 215 215 215 215 215 215 215 215 215 216 216 216 216 216 216 216 216 217 217 217 217 217 217 217 217 217 217 217 218 217 217 217 217 217 217 217 217 217 217 217 217 217 217 217 217 217 217 216 216 216 216 217 217 217 217 216 217 217 217 217 217 217 217 217 217 217 217 217 217 217 217 218 218 218 217 218 218 218 218 218 218 218 218 218 218 219 219 0 0 0 0 0 0 0 0 0 0 0 0 0 0 0 0 0 0 0 0 0 0 0 0 0 0 0 0 0 0 0 0 0 0 0 0 0 0 0 0 0 0 0 0 0 0 0 0 0 0 0 0 0 0 0 0 0 0 0 0 0 
0 0 0 0 0 0 0 0 0 0 0 0 0 0 0 0 0 0 0 0 0 0 0 0 0 0 0 0 0 0 0 0 0 0 0 0 0 0 0 0 0 0 0 0 0 0 0 0 0 0 0 178 178 178 178 178 178 179 178 178 178 178 178 178 179 179 179 178 178 177 179 180 180 179 179 180 180 180 180 180 181 181 181 180 181 180 180 180 180 180 180 180 181 181 181 181 181 182 182 182 183 183 183 184 184 184 184 185 185 184 185 185 186 186 186 186 187 186 187 187 188 188 188 188 188 188 188 189 189 188 189 189 189 190 190 190 189 189 189 190 190 190 190 189 190 190 189 189 189 190 190 190 190 190 191 191 191 191 191 191 190 190 190 190 190 190 191 191 191 191 191 192 192 192 192 192 192 192 193 194 195 195 195 195 195 195 196 195 195 194 194 195 195 196 196 196 195 195 196 196 195 196 196 196 196 197 197 197 197 198 197 196 196 196 195 195 196 197 197 197 197 198 199 200 200 199 199 200 200 200 200 200 201 201 202 202 202 201 201 201 201 201 202 202 202 202 202 202 202 202 202 203 203 203 203 203 203 203 202 202 202 202 202 203 203 203 203 203 203 203 203 203 203 203 203 203 204 204 204 204 204 204 204 204 204 204 205 205 205 205 205 205 208 208 208 209 209 209 209 209 209 209 209 209 210 210 210 210 210 210 210 210 210 211 211 211 211 211 211 211 211 211 211 211 212 212 212 212 213 213 213 213 213 213 213 213 213 213 213 213 213 214 214 214 214 214 214 214 214 214 214 214 214 215 215 215 215 215 215 215 215 215 215 215 215 215 216 216 216 216 216 216 217 217 216 216 216 216 217 217 217 217 217 217 217 217 217 217 217 217 217 216 217 217 217 217 217 217 217 217 216 216 216 217 216 216 217 217 217 217 216 216 217 217 217 217 216 217 217 217 217 217 217 218 218 217 217 217 217 217 217 217 217 217 218 218 218 218 218 218 218 219 0 0 0 0 0 0 0 0 0 0 0 0 0 0 0 0 0 0 0 0 0 0 0 0 0 0 0 0 0 0 0 0 0 0 0 0 0 0 0 0 0 0 0 0 0 0 0 0 0 0 0 0 0 0 0 0 0 0 0 0 0 
0 0 0 0 0 0 0 0 0 0 0 0 0 0 0 0 0 0 0 0 0 0 0 0 0 0 0 0 0 0 0 0 0 0 0 0 0 0 0 0 0 0 0 0 0 0 0 0 0 0 178 179 178 178 178 178 178 179 179 179 179 178 177 178 178 178 178 177 177 178 179 180 180 179 179 180 181 181 181 181 181 182 181 181 181 181 181 181 180 180 180 180 180 180 181 182 183 183 183 183 183 183 183 183 183 183 184 184 184 185 185 185 185 186 186 186 186 186 186 187 187 187 188 188 188 188 188 188 188 188 189 189 189 189 190 190 190 190 190 191 191 191 190 190 190 190 189 189 189 190 190 190 190 190 191 191 191 190 190 191 191 190 190 190 191 191 191 191 191 191 191 192 192 193 192 192 192 192 193 194 194 194 194 194 194 195 195 195 195 195 195 194 194 195 196 195 195 194 195 194 194 195 196 195 195 196 197 197 197 197 198 197 197 196 195 195 196 197 197 198 198 199 199 200 199 199 199 200 200 200 199 200 200 201 201 202 202 201 201 201 201 201 201 202 202 202 202 202 202 202 202 203 203 203 203 203 202 203 203 203 203 203 203 203 203 203 203 203 203 203 203 203 203 203 203 203 204 204 204 204 204 204 204 204 204 204 205 205 205 205 205 205 208 208 208 209 209 209 209 209 209 209 209 209 209 210 210 210 210 210 210 210 211 211 211 211 211 211 211 211 211 211 212 212 212 212 212 212 212 213 213 213 212 212 213 213 213 213 213 213 213 213 213 214 214 214 214 214 214 214 214 214 215 214 215 215 215 215 215 215 215 215 215 215 215 215 215 216 216 216 216 216 216 217 216 217 217 217 217 217 217 217 217 217 217 217 217 217 217 217 217 217 217 217 217 217 217 217 217 217 216 216 217 217 216 216 217 217 217 217 217 216 216 217 217 217 216 216 217 217 217 217 217 217 217 217 217 217 218 217 218 218 218 218 218 218 218 218 218 218 218 219 219 0 0 0 0 0 0 0 0 0 0 0 0 0 0 0 0 0 0 0 0 0 0 0 0 0 0 0 0 0 0 0 0 0 0 0 0 0 0 0 0 0 0 0 0 0 0 0 0 0 0 0 0 0 0 0 0 0 0 0 0 
0 0 0 0 0 0 0 0 0 0 0 0 0 0 0 0 0 0 0 0 0 0 0 0 0 0 0 0 0 0 0 0 0 0 0 0 0 0 0 0 0 0 0 0 0 0 0 0 0 178 178 178 178 179 178 177 177 178 178 178 178 178 178 177 177 177 177 177 178 178 179 179 179 179 179 180 180 181 181 182 182 182 182 182 182 182 182 181 181 180 181 181 180 180 181 182 182 182 183 183 184 183 183 183 183 183 183 184 184 184 185 185 185 185 186 186 186 186 186 186 186 187 187 187 187 187 187 187 187 188 188 188 189 189 189 189 190 190 190 191 191 191 191 191 191 190 189 189 189 190 190 190 190 190 191 190 190 190 190 190 190 190 190 191 191 191 192 191 191 191 191 192 193 193 193 193 193 193 194 194 194 194 194 194 194 195 195 196 196 195 195 195 195 194 194 194 194 195 196 195 195 194 194 195 195 196 197 197 197 197 197 197 197 197 196 195 196 196 197 198 198 199 199 199 199 198 198 199 199 199 199 199 200 200 201 201 201 201 201 201 201 201 201 201 201 201 202 201 202 203 203 203 203 203 202 202 202 203 203 203 203 203 203 203 203 203 203 203 203 203 203 203 203 204 204 203 204 204 204 204 204 204 204 205 205 205 205 205 205 205 205 205 208 208 208 209 209 209 209 209 209 209 209 209 210 210 210 210 210 210 210 211 211 211 211 211 211 211 211 211 211 211 212 212 212 212 212 212 212 213 213 212 212 212 213 213 213 213 213 213 213 213 213 214 214 214 214 214 214 214 214 214 214 215 215 215 215 215 215 215 215 215 215 215 215 216 216 216 216 216 216 216 216 216 216 216 217 217 217 217 217 217 217 217 217 217 217 217 217 217 217 217 217 217 217 217 217 217 217 217 216 216 217 217 217 217 217 217 217 217 217 217 217 216 217 217 217 216 216 216 217 217 217 217 218 217 217 218 218 218 218 218 218 219 218 219 218 218 218 218 219 218 219 0 0 0 0 0 0 0 0 0 0 0 0 0 0 0 0 0 0 0 0 0 0 0 0 0 0 0 0 0 0 0 0 0 0 0 0 0 0 0 0 0 0 0 0 0 0 0 0 0 0 0 0 0 0 0 0 0 0 0 0 
0 0 0 0 0 0 0 0 0 0 0 0 0 0 0 0 0 0 0 0 0 0 0 0 0 0 0 0 0 0 0 0 0 0 0 0 0 0 0 0 0 0 0 0 0 0 0 0 0 177 177 177 178 179 178 178 177 178 178 178 177 178 177 177 177 177 178 178 179 179 179 179 178 179 179 179 179 180 181 181 181 181 181 182 182 183 183 182 182 181 181 181 180 180 180 181 181 181 182 183 184 183 184 184 184 184 184 184 184 185 185 185 185 185 186 186 186 186 186 186 186 187 187 187 187 187 187 188 188 188 188 188 189 189 189 190 190 190 190 190 191 191 191 191 191 190 190 189 189 189 189 189 190 190 191 191 191 191 191 190 190 190 191 190 191 192 191 191 191 191 191 192 192 192 193 193 194 194 194 194 193 194 194 194 194 194 195 195 195 195 195 195 194 194 194 195 195 195 196 196 196 195 195 195 195 196 196 196 197 197 196 196 196 196 196 195 196 197 197 197 197 198 198 198 198 198 198 199 199 199 199 199 199 200 200 200 201 201 201 201 201 201 201 201 201 201 201 201 201 202 202 203 203 202 202 202 202 202 203 203 203 203 203 203 203 203 203 203 203 203 203 203 203 203 203 204 204 204 204 204 204 204 204 204 205 205 205 205 205 205 205 205 208 208 208 209 209 208 208 209 209 209 209 209 209 210 210 210 210 210 210 210 210 211 211 211 211 211 211 211 211 211 212 212 212 212 212 212 212 213 213 213 212 212 213 213 213 213 213 213 214 214 213 213 214 214 214 214 214 214 214 214 214 215 215 215 215 215 215 215 215 215 215 215 216 216 216 216 216 216 216 217 216 217 216 216 216 216 216 217 216 217 217 217 217 217 217 216 217 217 217 217 217 217 217 217 217 217 217 216 216 216 217 217 217 217 217 217 217 217 217 217 217 217 217 217 217 217 217 216 216 216 217 217 218 218 217 217 217 217 218 218 218 218 219 219 219 218 218 218 218 218 218 219 0 0 0 0 0 0 0 0 0 0 0 0 0 0 0 0 0 0 0 0 0 0 0 0 0 0 0 0 0 0 0 0 0 0 0 0 0 0 0 0 0 0 0 0 0 0 0 0 0 0 0 0 0 0 0 0 0 0 0 
0 0 0 0 0 0 0 0 0 0 0 0 0 0 0 0 0 0 0 0 0 0 0 0 0 0 0 0 0 0 0 0 0 0 0 0 0 0 0 0 0 0 0 0 0 0 0 0 0 177 177 177 177 178 178 178 177 177 178 178 178 177 177 177 178 178 179 180 180 180 180 179 178 179 180 179 179 180 181 180 180 181 181 181 182 182 183 183 182 181 181 181 180 181 180 180 180 181 181 181 182 183 184 184 184 184 185 185 185 185 185 186 186 186 186 186 186 186 187 187 186 187 187 188 188 187 187 187 188 188 188 188 189 189 189 189 190 190 190 190 190 191 190 190 190 190 191 190 190 190 190 190 190 190 191 191 191 191 190 190 190 191 191 191 191 191 191 191 191 192 191 191 192 192 193 193 194 194 194 194 194 194 194 194 194 194 194 194 194 194 194 194 194 195 195 195 195 196 196 196 196 195 195 195 194 195 195 196 196 197 197 196 196 196 196 195 196 196 196 196 197 197 198 198 198 198 198 198 198 199 199 200 200 200 200 201 201 202 201 201 201 201 201 201 201 202 201 201 201 201 201 202 202 202 202 203 202 202 202 203 203 203 203 203 203 203 203 203 203 203 203 203 203 203 204 204 204 204 204 204 204 204 204 204 205 205 205 205 205 205 205 205 208 208 208 208 208 208 208 209 209 209 209 209 210 209 210 210 210 210 210 210 210 210 211 211 211 211 211 211 211 211 211 212 212 212 212 212 212 213 212 212 212 212 213 213 213 213 213 213 214 214 213 213 213 214 214 214 214 214 214 214 214 214 215 215 215 215 215 215 215 215 215 216 216 216 216 216 216 216 216 216 216 216 216 216 216 216 216 216 216 216 216 217 217 217 217 217 217 217 217 217 217 216 217 217 216 217 216 216 217 217 217 217 217 217 217 217 218 217 217 217 217 217 217 217 217 217 217 216 216 216 217 217 217 217 217 217 217 218 218 218 218 218 219 218 218 218 218 218 218 218 219 219 220 0 0 0 0 0 0 0 0 0 0 0 0 0 0 0 0 0 0 0 0 0 0 0 0 0 0 0 0 0 0 0 0 0 0 0 0 0 0 0 0 0 0 0 0 0 0 0 0 0 0 0 0 0 0 0 0 0 0 
0 0 0 0 0 0 0 0 0 0 0 0 0 0 0 0 0 0 0 0 0 0 0 0 0 0 0 0 0 0 0 0 0 0 0 0 0 0 0 0 0 0 0 0 0 0 0 0 0 178 177 177 177 177 177 178 178 177 177 178 177 178 178 178 179 179 180 180 180 180 181 179 180 181 180 180 180 179 180 180 181 181 182 182 182 182 183 183 183 182 182 181 181 181 181 181 181 181 180 181 182 183 183 184 184 184 185 186 185 185 186 186 186 186 186 186 187 187 187 187 187 187 187 188 188 188 187 188 187 188 188 188 188 189 189 189 190 190 190 190 190 191 190 190 190 190 191 191 191 190 190 190 190 190 190 191 191 190 191 190 190 191 191 192 192 191 191 191 192 192 191 192 192 192 192 193 193 194 194 195 195 195 195 195 195 194 194 194 194 194 194 194 195 195 195 196 196 196 197 197 195 195 195 195 195 195 195 196 196 197 197 197 196 196 195 195 196 196 197 197 197 198 198 198 198 198 198 198 198 199 199 199 200 200 201 201 201 202 202 202 202 202 201 201 202 202 202 202 202 201 201 201 202 202 202 203 202 202 202 203 203 203 202 202 203 203 202 203 203 203 203 203 203 203 203 204 204 204 204 204 204 204 204 204 204 205 205 205 205 205 205 205 208 208 208 208 208 208 208 209 209 209 209 209 209 209 209 210 210 210 210 210 210 210 210 211 211 211 211 211 211 211 211 211 212 212 212 212 212 212 212 212 212 212 213 213 213 213 213 214 214 213 213 214 214 214 214 214 214 214 215 215 215 215 215 215 215 215 215 215 215 215 216 216 216 215 215 215 215 216 216 216 216 216 216 216 215 216 216 216 216 216 216 216 217 217 217 217 217 217 217 217 216 216 216 216 216 216 216 216 217 217 217 217 217 217 217 218 218 218 218 217 217 217 217 218 217 218 217 217 216 216 217 217 217 217 217 217 217 217 218 218 218 218 218 218 218 218 218 219 218 218 218 219 219 0 0 0 0 0 0 0 0 0 0 0 0 0 0 0 0 0 0 0 0 0 0 0 0 0 0 0 0 0 0 0 0 0 0 0 0 0 0 0 0 0 0 0 0 0 0 0 0 0 0 0 0 0 0 0 0 0 0 
0 0 0 0 0 0 0 0 0 0 0 0 0 0 0 0 0 0 0 0 0 0 0 0 0 0 0 0 0 0 0 0 0 0 0 0 0 0 0 0 0 0 0 0 0 0 0 0 0 179 178 178 177 177 177 177 177 177 177 177 178 178 178 178 178 179 180 180 180 179 179 179 179 181 181 181 181 181 179 180 181 182 181 182 182 183 183 184 183 183 183 182 182 181 181 182 182 181 181 180 181 182 183 183 183 183 184 184 185 184 185 185 186 186 186 186 186 187 187 187 187 187 187 188 188 188 188 188 188 187 188 188 189 189 189 190 190 190 190 190 190 190 190 190 190 190 191 191 191 191 190 189 189 190 190 190 190 190 190 190 190 191 191 191 192 191 191 192 192 192 191 192 192 193 193 193 194 194 194 195 195 194 195 195 194 194 194 194 194 194 194 194 195 195 195 196 197 197 198 197 196 196 196 195 195 195 195 196 196 197 197 196 196 195 195 195 196 196 197 197 198 198 198 198 197 197 198 198 199 199 199 199 200 201 201 202 202 203 203 203 202 201 201 201 202 202 202 201 201 201 201 201 201 201 202 202 202 202 202 202 203 203 202 202 202 203 203 202 203 203 203 203 203 203 203 203 204 204 204 204 204 204 204 204 204 205 205 205 205 205 205 205 208 208 208 208 208 208 208 209 209 209 209 209 209 209 209 209 210 210 210 210 210 210 210 211 211 211 211 211 211 211 211 211 212 212 212 212 212 212 212 212 212 213 213 213 213 213 213 213 213 214 213 214 214 214 214 214 214 214 214 215 215 215 215 215 215 215 215 215 215 215 215 216 216 215 215 216 216 216 216 216 216 215 216 216 215 215 216 216 216 216 216 217 217 217 217 217 217 217 216 216 216 216 216 217 217 217 217 217 217 217 217 217 218 218 218 218 218 218 218 218 218 218 218 218 218 218 217 217 216 217 216 217 217 217 217 217 217 217 217 218 218 218 217 218 218 218 218 218 218 218 218 219 219 220 0 0 0 0 0 0 0 0 0 0 0 0 0 0 0 0 0 0 0 0 0 0 0 0 0 0 0 0 0 0 0 0 0 0 0 0 0 0 0 0 0 0 0 0 0 0 0 0 0 0 0 0 0 0 0 0 0 
0 0 0 0 0 0 0 0 0 0 0 0 0 0 0 0 0 0 0 0 0 0 0 0 0 0 0 0 0 0 0 0 0 0 0 0 0 0 0 0 0 0 0 0 0 0 0 0 0 0 0 179 178 178 177 177 177 177 177 177 178 178 178 178 178 179 180 180 180 180 179 180 180 180 181 181 182 182 180 180 181 181 181 181 182 182 183 183 183 183 183 183 182 182 182 181 182 182 181 181 181 181 181 182 182 182 183 183 184 184 184 184 185 185 186 186 187 187 187 187 187 187 187 187 188 188 188 188 188 188 187 188 189 189 189 189 190 190 190 190 190 190 190 190 190 191 190 191 191 191 190 190 190 189 190 190 190 190 191 190 190 190 191 191 192 192 192 192 192 191 191 191 192 193 193 194 194 194 194 194 194 194 194 194 194 194 194 194 195 195 195 195 195 195 196 196 197 197 198 197 197 196 196 196 195 195 195 195 195 196 196 196 196 195 195 195 195 196 196 197 197 197 197 197 197 197 198 198 199 199 200 200 200 200 201 202 202 203 203 203 202 202 201 202 202 202 202 202 201 201 201 202 201 201 202 202 202 203 202 202 202 203 203 202 202 202 203 203 203 203 203 203 203 203 204 204 204 204 204 204 204 204 204 204 204 205 205 205 205 205 205 205 208 208 208 208 208 208 209 208 209 209 209 209 209 209 209 210 210 210 210 210 210 210 210 211 211 211 211 211 211 211 211 211 212 212 212 212 212 212 212 212 213 213 213 213 213 213 213 213 213 214 214 214 214 214 214 214 214 214 214 215 215 215 215 215 215 215 215 215 215 215 216 216 215 215 215 216 216 216 216 216 215 215 215 215 215 216 216 216 216 216 216 216 216 216 216 216 217 217 217 216 216 216 217 217 217 217 217 217 217 217 218 218 218 218 218 218 218 218 218 218 218 218 218 218 218 218 218 217 216 217 217 216 216 216 216 217 217 217 217 217 217 217 218 218 218 218 218 218 218 218 218 218 219 220 0 0 0 0 0 0 0 0 0 0 0 0 0 0 0 0 0 0 0 0 0 0 0 0 0 0 0 0 0 0 0 0 0 0 0 0 0 0 0 0 0 0 0 0 0 0 0 0 0 0 0 0 0 0 0 0 0 
0 0 0 0 0 0 0 0 0 0 0 0 0 0 0 0 0 0 0 0 0 0 0 0 0 0 0 0 0 0 0 0 0 0 0 0 0 0 0 0 0 0 0 0 0 0 0 0 0 0 0 0 0 179 178 177 178 178 177 177 178 178 178 178 179 180 180 180 180 180 180 180 180 180 180 181 181 182 181 181 181 182 182 182 182 182 183 183 182 182 182 182 182 183 182 181 181 181 181 181 181 182 182 182 182 183 183 184 183 184 184 184 184 184 185 185 186 186 186 187 187 187 187 188 188 188 188 188 188 188 187 188 188 189 189 189 190 190 190 190 191 191 190 190 190 191 190 191 191 191 190 189 189 189 190 190 190 191 191 190 190 190 190 191 192 192 191 191 191 191 192 191 192 192 193 194 194 194 194 194 193 193 194 195 195 194 194 195 195 196 196 196 196 195 196 196 197 197 197 197 196 196 195 195 195 195 195 196 195 195 195 196 196 195 195 195 196 196 196 196 196 196 196 197 197 198 198 199 199 200 200 200 201 201 201 201 202 202 202 202 202 202 202 202 202 202 203 203 202 202 202 202 202 201 201 201 202 202 202 202 202 202 203 203 202 202 202 202 203 203 203 203 203 203 204 204 204 204 204 204 204 204 204 204 204 205 205 205 205 205 205 205 207 208 208 208 208 208 208 208 209 209 209 209 209 209 209 210 210 210 210 210 210 210 210 210 211 211 211 211 211 211 211 212 212 212 212 212 212 212 212 212 213 213 213 213 213 213 213 214 214 214 214 214 214 214 214 214 214 214 214 214 215 215 215 215 215 215 215 215 215 216 216 215 215 215 216 216 216 216 215 215 215 215 215 215 215 216 216 216 216 216 217 217 217 217 217 217 217 217 217 217 217 216 216 216 216 216 216 217 217 217 218 217 217 217 217 217 218 218 218 218 218 218 218 218 218 218 218 217 217 217 217 216 217 217 216 216 216 217 217 217 217 218 218 217 217 217 218 218 218 218 218 218 219 219 219 220 0 221 221 0 0 0 0 0 0 0 0 0 0 0 0 0 0 0 0 0 0 0 0 0 0 0 0 0 0 0 0 0 0 0 0 0 0 0 0 0 0 0 0 0 0 0 0 0 0 0 0 0 0 0 0 
0 0 0 0 0 0 0 0 0 0 0 0 0 0 0 0 0 0 0 0 0 0 0 0 0 0 0 0 0 0 0 0 0 0 0 0 0 0 0 0 0 0 0 0 0 0 0 0 0 0 0 0 0 0 0 179 178 178 177 177 178 178 178 179 179 180 180 180 180 180 180 180 180 181 181 181 182 182 182 182 181 181 182 183 183 183 183 182 182 181 182 182 182 183 182 181 181 181 181 181 182 183 183 183 184 184 184 184 184 184 184 184 185 185 185 185 186 186 187 187 187 187 187 187 188 188 188 188 188 188 188 188 188 189 189 189 189 190 190 190 190 191 190 191 191 191 190 191 191 191 191 190 189 190 190 190 190 191 190 190 190 190 190 191 192 192 191 191 191 191 192 193 193 192 193 195 195 194 193 193 194 193 194 195 194 193 194 194 195 196 196 196 196 196 196 197 197 197 197 197 197 196 195 195 195 195 196 196 196 195 195 195 195 195 196 195 196 196 196 196 196 196 196 196 197 197 198 198 199 199 199 200 200 200 201 201 202 203 202 202 203 202 202 202 202 202 203 203 203 202 202 201 201 201 202 202 202 201 202 202 202 202 203 203 202 202 202 202 202 203 203 203 203 203 203 203 203 204 204 204 204 204 204 204 204 205 205 205 205 205 204 205 207 208 208 208 208 208 208 208 209 209 209 209 209 209 209 210 211 211 210 210 211 211 211 210 211 211 211 211 211 211 211 212 212 212 212 212 212 212 212 212 213 213 213 213 213 213 213 214 214 214 214 214 214 214 214 214 214 214 214 214 215 215 215 215 215 215 215 215 215 215 215 215 215 216 216 215 215 215 215 215 215 215 216 216 216 216 216 216 216 216 216 217 217 217 217 217 217 216 216 216 216 216 216 216 216 216 216 217 217 217 217 217 217 217 217 217 218 218 218 218 218 218 218 218 218 218 218 218 218 217 217 217 217 217 217 217 216 216 217 217 217 217 217 217 218 218 218 218 219 219 218 218 218 219 219 220 220 219 219 219 0 0 0 0 0 0 0 0 0 0 0 0 0 0 0 0 0 0 0 0 0 0 0 0 0 0 0 0 0 0 0 0 0 0 0 0 0 0 0 0 0 0 0 0 0 0 0 0 0 0 0 
0 0 0 0 0 0 0 0 0 0 0 0 0 0 0 0 0 0 0 0 0 0 0 0 0 0 0 0 0 0 0 0 0 0 0 0 0 0 0 0 0 0 0 0 0 0 0 0 0 0 0 0 0 0 0 0 0 179 179 179 179 179 178 179 179 179 179 179 179 179 180 180 180 181 182 182 182 183 182 182 182 181 182 182 182 183 183 182 182 182 182 181 181 182 182 182 181 181 181 181 182 182 183 183 184 185 184 184 185 185 185 185 186 186 185 185 185 186 186 187 187 187 187 187 187 188 188 188 188 188 189 189 188 188 189 189 189 190 190 190 190 190 190 190 191 191 191 191 191 191 191 191 190 191 191 191 191 191 191 191 190 190 190 191 192 191 191 191 191 191 192 192 193 192 193 195 195 194 194 194 194 194 194 195 195 194 193 194 195 195 195 196 196 197 197 197 196 196 197 197 197 196 195 195 196 196 196 195 195 195 195 195 196 196 196 196 196 197 197 197 197 196 196 197 197 197 198 199 199 200 199 200 200 200 200 201 201 202 201 201 202 202 202 202 202 202 202 203 203 202 202 201 202 202 202 202 202 202 202 202 202 203 202 202 203 203 202 202 202 203 203 203 203 203 203 204 204 203 203 204 204 204 204 204 204 205 205 204 204 204 204 205 207 208 207 208 208 208 208 208 209 209 209 209 209 209 210 210 210 211 211 211 211 210 210 211 211 211 211 211 211 211 211 212 212 212 212 212 212 212 212 212 212 213 213 213 213 213 213 213 213 214 213 214 214 214 214 214 214 214 214 214 215 215 215 215 215 215 215 215 215 215 215 215 216 216 216 215 216 216 216 216 216 216 217 217 216 216 216 216 216 216 216 216 216 216 216 216 216 216 216 216 216 216 216 216 216 216 217 217 217 217 217 217 217 217 217 218 218 218 218 218 218 218 218 218 218 218 218 218 218 218 218 217 218 217 218 217 217 217 216 217 217 217 217 217 217 218 218 218 218 218 218 218 218 218 218 218 218 218 218 219 220 0 0 0 0 0 0 0 0 0 0 0 0 0 0 0 0 0 0 0 0 0 0 0 0 0 0 0 0 0 0 0 0 0 0 0 0 0 0 0 0 0 0 0 0 0 0 0 0 0 0 
0 0 0 0 0 0 0 0 0 0 0 0 0 0 0 0 0 0 0 0 0 0 0 0 0 0 0 0 0 0 0 0 0 0 0 0 0 0 0 0 0 0 0 0 0 0 0 0 0 0 0 0 0 0 0 0 0 0 0 0 0 0 180 179 179 179 179 179 180 180 180 180 181 181 182 182 182 183 183 183 182 182 182 182 182 183 183 182 182 183 182 181 181 182 182 182 182 181 181 182 182 182 182 183 183 184 184 184 185 186 185 185 186 186 186 186 186 186 187 187 187 187 187 187 187 188 188 188 188 189 189 188 189 188 189 189 189 190 190 190 190 190 190 190 191 191 192 191 192 192 192 191 192 192 191 191 191 191 191 191 190 190 190 191 191 191 191 191 192 191 192 193 193 193 194 194 194 194 195 195 195 194 194 195 194 194 193 194 194 194 195 195 196 197 196 196 196 197 197 197 198 196 195 196 196 196 196 195 196 196 196 196 196 196 196 196 196 197 197 196 196 196 196 197 197 198 199 199 199 199 199 199 199 199 199 200 201 201 201 201 201 202 202 202 202 202 203 203 203 203 203 203 202 201 201 201 202 202 202 202 202 202 203 202 202 202 203 203 202 202 203 203 203 203 203 203 203 203 203 203 204 204 204 204 204 204 204 204 204 204 204 204 207 208 208 208 208 208 209 208 209 209 209 210 209 209 209 209 210 210 211 212 211 211 211 210 211 211 211 211 211 211 212 212 212 211 212 212 212 212 212 212 212 213 213 213 213 213 213 213 213 213 213 213 213 213 214 214 214 214 214 214 214 215 215 215 215 215 215 215 215 215 215 215 215 215 215 216 216 216 216 216 216 217 217 217 217 217 217 216 216 216 216 216 216 216 216 216 216 216 216 216 216 216 216 216 216 217 217 217 217 217 217 217 217 217 217 217 218 218 218 218 218 218 218 218 218 218 218 218 218 218 218 218 218 218 218 218 217 217 217 216 217 217 217 218 218 218 217 217 218 218 218 218 218 218 218 218 218 218 218 219 220 0 0 0 0 0 0 0 0 0 0 0 0 0 0 0 0 0 0 0 0 0 0 0 0 0 0 0 0 0 0 0 0 0 0 0 0 0 0 0 0 0 0 0 0 0 0 0 0 0 0 
0 0 0 0 0 0 0 0 0 0 0 0 0 0 0 0 0 0 0 0 0 0 0 0 0 0 0 0 0 0 0 0 0 0 0 0 0 0 0 0 0 0 0 0 0 0 0 0 0 0 0 0 0 0 0 0 0 0 0 0 0 0 0 180 180 180 179 179 179 180 181 181 181 182 182 182 183 183 183 183 183 183 183 183 183 183 183 183 183 183 182 182 181 181 181 181 181 181 182 182 182 182 182 182 183 183 184 185 185 185 185 185 186 186 186 186 186 187 187 187 187 187 187 187 187 188 188 188 189 189 189 189 188 188 189 189 189 190 190 190 190 190 190 190 191 191 191 191 191 192 192 192 192 192 191 190 191 191 191 190 190 191 191 191 191 191 191 192 192 191 192 193 193 194 195 195 195 194 195 195 195 195 195 195 194 194 194 194 195 195 195 195 196 196 196 196 197 197 197 197 197 196 196 196 196 196 195 196 196 197 196 196 196 196 196 196 196 196 196 196 196 196 197 197 197 198 198 198 199 199 198 199 199 199 199 200 200 200 201 200 201 202 202 202 202 202 203 203 203 203 203 202 202 202 201 201 202 202 202 202 202 202 203 202 202 202 203 203 203 203 203 203 203 203 203 203 203 203 203 203 204 204 204 204 204 204 204 204 204 204 204 204 207 207 208 208 208 208 208 209 208 209 210 210 210 209 209 209 209 210 211 211 211 211 211 211 211 211 211 211 211 211 212 212 211 211 211 211 212 212 212 212 212 213 213 213 213 213 213 212 213 213 213 213 213 213 214 214 214 214 214 214 214 215 215 215 215 215 215 215 215 215 215 215 215 215 215 215 215 216 216 216 216 216 216 216 217 217 217 217 217 216 216 216 216 216 216 216 216 216 216 216 216 217 216 216 217 217 217 217 217 217 217 217 217 217 217 217 217 217 218 218 218 218 218 218 218 218 218 218 218 218 218 218 218 218 218 218 217 217 217 217 217 217 218 217 217 217 217 217 218 219 218 218 217 218 218 218 218 218 219 219 219 219 220 221 0 0 221 222 0 0 0 0 0 0 0 0 0 0 0 0 0 0 0 0 0 0 0 0 0 0 0 0 0 0 0 0 0 0 0 0 0 0 0 0 0 0 0 0 0 0 0 
0 0 0 0 0 0 0 0 0 0 0 0 0 0 0 0 0 0 0 0 0 0 0 0 0 0 0 0 0 0 0 0 0 0 0 0 0 0 0 0 0 0 0 0 0 0 0 0 0 0 0 0 0 0 0 0 0 0 0 0 0 0 0 0 181 181 180 180 180 181 181 181 181 182 182 182 183 183 183 183 183 183 183 183 184 184 184 184 184 183 183 182 181 181 181 181 181 181 182 182 182 182 183 183 184 184 184 185 185 184 184 185 185 186 186 187 187 187 187 187 187 187 187 187 187 187 188 188 188 188 189 189 189 188 189 189 190 190 190 190 191 191 191 191 191 191 191 191 191 191 191 192 192 192 191 191 190 191 191 190 191 191 192 192 192 191 191 192 192 191 192 192 193 194 195 195 195 195 195 195 195 195 195 195 195 195 194 194 194 194 194 195 195 196 196 197 197 197 197 197 197 197 197 196 196 196 196 196 196 196 196 196 196 196 196 196 197 197 196 196 196 196 196 197 198 198 198 198 199 199 199 198 198 199 200 201 201 200 200 200 201 201 202 202 202 202 203 203 203 203 203 202 202 201 201 202 202 202 202 202 202 202 203 203 203 202 202 202 203 203 203 203 203 203 203 203 203 203 203 204 204 204 204 204 204 204 204 204 204 204 204 204 207 208 208 208 208 208 208 209 209 209 209 210 209 209 209 209 209 210 210 211 212 212 212 212 212 211 211 211 211 211 211 211 211 212 212 211 212 212 212 212 213 213 213 212 212 212 212 213 213 213 213 213 213 213 213 213 214 214 214 214 214 214 215 215 215 215 215 215 215 215 216 215 215 215 216 216 216 216 217 216 216 217 217 217 217 217 217 217 217 217 216 216 216 216 216 216 216 216 216 217 217 217 216 216 216 217 217 217 217 217 217 217 217 217 217 217 217 217 217 218 218 218 218 218 218 218 218 218 218 218 218 218 218 218 218 218 217 217 217 217 216 217 217 217 217 218 218 218 218 219 218 218 217 218 218 218 218 218 219 218 218 219 219 220 220 220 220 220 221 0 0 0 0 0 0 0 0 0 0 0 0 0 0 0 0 0 0 0 0 0 0 0 0 0 0 0 0 0 0 0 0 0 0 0 0 0 0 0 0 0 0 
0 0 0 0 0 0 0 0 0 0 0 0 0 0 0 0 0 0 0 0 0 0 0 0 0 0 0 0 0 0 0 0 0 0 0 0 0 0 0 0 0 0 0 0 0 0 0 0 0 0 0 0 0 0 0 0 0 0 0 0 0 0 0 0 0 181 0 0 181 181 181 181 182 182 182 182 183 183 183 183 183 183 183 183 184 184 184 184 184 184 183 183 182 181 181 181 181 181 181 182 183 183 183 183 183 183 184 185 184 184 184 184 185 186 187 187 187 188 188 187 188 188 187 187 187 187 188 188 188 188 188 189 189 189 189 189 189 190 190 190 191 191 191 191 191 191 191 191 191 191 191 192 192 192 192 191 190 190 191 191 191 192 192 192 192 191 191 192 193 192 192 192 193 194 194 194 195 195 195 195 195 194 194 194 194 194 194 195 194 194 195 196 196 196 196 197 197 197 197 197 197 197 197 196 196 196 196 196 196 196 196 196 196 196 196 197 197 197 197 197 196 196 197 197 197 197 197 198 199 199 198 198 199 200 200 201 201 200 201 201 201 201 201 201 202 202 202 202 203 203 203 203 202 202 202 202 202 202 202 202 202 202 202 203 203 202 203 202 202 203 203 203 203 203 203 203 203 204 204 204 203 203 204 204 204 204 204 204 204 204 205 204 207 208 208 208 208 208 208 209 209 208 209 210 210 210 209 209 210 210 210 211 212 212 212 211 211 211 211 211 211 211 211 211 211 212 212 212 212 212 212 213 213 212 212 212 213 212 213 213 213 213 213 213 213 213 213 213 214 214 214 214 214 214 214 215 215 215 215 215 215 215 215 215 215 216 216 216 216 216 217 217 217 217 217 217 217 217 217 217 217 217 217 216 216 216 216 216 217 217 217 217 216 216 216 216 216 216 216 216 217 217 217 217 217 217 217 217 217 217 217 218 218 218 218 218 218 218 218 218 218 218 218 218 218 218 218 218 218 217 217 217 217 216 217 216 217 217 217 218 218 218 218 217 217 218 218 218 218 218 218 218 218 219 219 219 219 219 219 220 220 221 0 0 0 0 0 0 0 0 0 0 0 0 0 0 0 0 0 0 0 0 0 0 0 0 0 0 0 0 0 0 0 0 0 0 0 0 0 0 0 0 0 
0 0 0 0 0 0 0 0 0 0 0 0 0 0 0 0 0 0 0 0 0 0 0 0 0 0 0 0 0 0 0 0 0 0 0 0 0 0 0 0 0 0 0 0 0 0 0 0 0 0 0 0 0 0 0 0 0 0 0 0 0 0 0 0 0 0 0 0 0 182 182 182 182 182 182 183 183 183 183 183 183 183 183 183 183 184 184 184 183 183 183 183 182 182 182 181 181 181 181 181 182 182 182 182 182 183 184 184 184 184 184 184 185 186 187 187 187 188 188 188 188 188 188 188 188 188 188 188 188 188 188 188 188 189 189 189 189 189 190 190 190 190 190 190 190 191 191 191 191 191 191 192 192 192 191 191 191 191 191 191 191 191 191 192 192 191 191 192 193 192 192 192 193 194 194 194 194 195 194 194 194 194 194 195 195 194 195 195 194 194 195 196 196 196 196 196 196 196 196 197 197 196 196 196 195 196 196 196 196 196 196 196 196 196 196 196 196 196 196 196 196 196 196 196 196 196 197 197 197 198 198 199 199 200 200 200 201 200 201 201 201 201 201 201 201 202 202 202 203 203 203 202 201 201 201 201 201 202 202 202 202 202 202 203 203 203 203 203 203 202 203 203 203 203 203 203 203 203 203 204 203 204 204 204 204 204 204 205 205 205 205 205 207 208 208 208 208 208 209 209 209 209 210 210 211 211 210 210 210 210 211 212 212 212 212 211 212 211 212 212 212 211 211 211 212 212 212 212 212 212 212 212 212 212 212 213 213 213 213 213 214 214 213 213 213 213 213 214 214 214 214 214 214 214 214 215 215 215 215 215 215 215 215 215 215 216 216 216 216 216 217 217 217 217 217 217 217 217 217 217 217 217 217 217 217 216 216 216 217 217 216 216 216 216 216 216 216 216 216 216 216 216 216 217 217 217 217 217 217 218 218 218 218 218 218 218 218 218 218 218 218 218 218 218 218 218 218 217 217 218 217 217 217 217 217 216 216 216 217 217 217 217 217 217 217 218 218 218 219 219 219 218 218 218 219 219 219 219 220 221 221 222 0 0 0 0 0 0 0 0 0 0 0 0 0 0 0 0 0 0 0 0 0 0 0 0 0 0 0 0 0 0 0 0 0 0 0 0 0 0 0 0 0 
0 0 0 0 0 0 0 0 0 0 0 0 0 0 0 0 0 0 0 0 0 0 0 0 0 0 0 0 0 0 0 0 0 0 0 0 0 0 0 0 0 0 0 0 0 0 0 0 0 0 0 0 0 0 0 0 0 0 0 0 0 0 0 0 0 0 0 0 0 0 0 182 182 182 183 183 183 183 183 183 183 183 183 183 183 184 184 184 183 183 183 182 182 182 182 182 181 181 181 181 181 182 182 182 182 183 184 184 184 184 184 184 185 185 187 187 187 187 187 188 188 188 188 188 188 188 188 188 188 188 188 188 189 189 189 189 189 190 190 190 190 190 190 190 190 190 191 191 191 191 192 192 192 192 192 191 191 191 191 190 191 191 192 192 192 191 191 192 193 193 192 192 193 193 194 193 194 194 194 194 194 194 195 196 195 195 196 195 194 195 195 196 196 196 196 196 196 196 196 197 197 197 196 195 195 195 195 196 196 197 197 196 196 196 196 195 196 196 196 196 196 196 196 196 197 197 197 198 198 198 198 198 198 199 199 199 199 200 200 201 201 202 201 202 202 202 202 202 203 203 203 203 202 202 201 202 202 202 202 202 202 202 202 202 203 203 203 203 203 203 203 202 202 202 203 203 203 203 203 203 203 203 204 204 204 204 204 204 205 205 205 204 207 207 208 208 208 209 209 209 209 210 210 210 210 211 211 211 211 211 211 212 212 212 213 213 212 211 212 213 212 212 212 212 212 212 212 212 211 212 212 212 212 213 213 213 213 214 214 214 214 213 213 214 213 214 214 214 214 214 214 214 214 214 214 215 215 215 215 215 215 215 216 216 216 216 216 216 216 216 216 217 217 217 217 217 217 217 217 217 217 217 217 217 217 217 216 216 216 216 216 216 216 216 216 216 216 216 216 216 216 216 216 216 216 217 217 217 217 218 218 218 218 217 218 218 218 217 217 218 218 218 218 218 218 217 217 217 217 217 217 217 217 217 217 217 217 217 216 216 216 217 217 218 218 217 218 218 218 218 218 219 219 219 219 219 219 220 221 221 221 221 222 0 0 0 0 0 0 0 0 0 0 0 0 0 0 0 0 0 0 0 0 0 0 0 0 0 0 0 0 0 0 0 0 0 0 0 0 0 0 0 0 
0 0 0 0 0 0 0 0 0 0 0 0 0 0 0 0 0 0 0 0 0 0 0 0 0 0 0 0 0 0 0 0 0 0 0 0 0 0 0 0 0 0 0 0 0 0 0 0 0 0 0 0 0 0 0 0 0 0 0 0 0 0 0 0 0 0 0 0 0 0 0 0 0 0 0 0 183 183 183 183 183 183 183 183 183 184 184 183 183 182 182 182 181 182 183 183 182 181 181 181 181 181 181 182 183 183 183 184 183 183 184 185 185 186 187 187 187 187 187 188 188 188 188 188 188 188 188 188 188 188 188 188 188 188 189 189 190 190 190 190 190 191 190 190 191 191 191 191 191 191 191 192 192 192 192 191 191 191 190 191 191 191 192 192 192 191 191 192 192 193 192 192 193 193 194 194 193 194 194 194 195 194 195 195 194 195 195 195 195 194 195 196 196 196 196 197 197 196 196 196 197 196 196 195 195 195 195 196 196 196 196 197 196 196 195 195 195 195 195 196 196 196 197 197 197 198 197 199 199 198 198 198 198 198 199 199 199 200 200 201 201 202 202 202 202 202 203 202 202 203 203 203 203 202 201 201 201 201 201 202 202 202 202 202 202 202 202 203 203 203 203 203 202 202 203 203 203 203 203 204 203 203 203 203 204 204 204 205 205 205 205 205 207 208 208 209 209 209 209 209 209 210 210 210 210 211 210 210 211 211 212 211 211 211 212 213 213 212 213 213 212 212 212 212 212 212 212 212 211 212 212 212 213 212 213 213 214 214 214 214 214 214 214 214 214 214 214 214 214 214 214 214 214 214 214 214 215 215 215 215 215 215 215 216 216 216 216 216 216 216 216 216 216 216 216 216 217 217 217 217 217 217 217 217 217 217 217 217 217 217 217 217 217 216 216 216 216 216 216 216 216 216 216 216 216 216 216 217 217 217 218 218 218 217 217 217 217 217 217 218 218 218 218 218 218 218 218 217 217 217 217 217 216 217 218 218 217 217 217 217 217 217 217 217 218 218 218 218 218 219 218 218 219 219 219 219 219 221 221 220 220 220 221 222 222 222 221 221 221 221 222 0 0 0 0 0 0 0 0 0 0 0 0 0 0 0 0 0 0 0 0 0 0 0 0 0 0 0 0 0 0 0 0 
0 0 0 0 0 0 0 0 0 0 0 0 0 0 0 0 0 0 0 0 0 0 0 0 0 0 0 0 0 0 0 0 0 0 0 0 0 0 0 0 0 0 0 0 0 0 0 0 0 0 0 0 0 0 0 0 0 0 0 0 0 0 0 0 0 0 0 0 0 0 0 0 0 0 0 0 183 183 183 183 183 183 183 183 183 183 183 183 183 182 181 181 181 181 182 182 182 181 181 182 182 182 182 182 182 183 183 183 183 184 185 186 186 187 187 187 187 186 187 188 188 188 188 188 188 188 189 189 189 189 188 188 188 188 189 189 190 190 190 190 191 191 190 190 191 191 191 191 191 192 192 191 192 192 192 192 192 191 190 190 191 191 191 192 192 191 192 192 192 193 193 193 193 194 194 194 194 194 194 195 194 195 195 195 194 195 196 196 195 195 195 195 195 196 196 196 197 196 196 196 196 196 196 196 195 195 195 195 195 196 196 196 196 196 196 196 195 195 195 196 196 196 196 197 197 198 199 199 199 198 198 198 198 199 199 200 199 199 200 201 201 202 202 202 202 203 203 202 202 202 203 203 203 202 202 201 202 202 202 202 203 202 202 202 202 202 202 202 203 203 203 203 202 202 203 203 203 204 203 203 203 203 203 203 204 204 204 205 205 205 205 205 208 208 209 209 209 209 209 209 209 210 209 210 210 210 210 210 211 211 211 211 211 211 212 212 212 213 213 213 212 212 212 212 212 212 212 212 212 211 212 212 213 213 213 214 214 214 214 214 214 214 214 214 214 214 214 214 214 214 214 214 214 214 214 215 215 215 215 215 215 215 215 215 216 216 216 216 216 216 216 216 216 216 216 216 217 217 216 217 217 217 217 217 217 217 217 216 216 217 217 217 217 217 216 217 217 217 216 216 216 216 217 216 216 216 216 216 217 217 217 217 217 217 217 217 217 217 217 217 217 217 218 218 218 218 218 217 218 218 217 217 217 216 217 218 217 217 218 218 218 217 217 217 217 218 218 218 218 218 219 218 218 219 219 219 220 220 220 220 219 219 219 220 221 221 221 220 220 220 220 221 221 0 0 0 0 0 0 0 0 0 0 0 0 0 0 0 0 0 0 0 0 0 0 0 0 0 0 0 0 0 0 
0 0 0 0 0 0 0 0 0 0 0 0 0 0 0 0 0 0 0 0 0 0 0 0 0 0 0 0 0 0 0 0 0 0 0 0 0 0 0 0 0 0 0 0 0 0 0 0 0 0 0 0 0 0 0 0 0 0 0 0 0 0 0 0 0 0 0 0 0 0 0 0 0 0 0 0 183 183 183 183 183 183 183 183 183 183 183 183 183 182 182 181 181 181 181 181 181 181 181 182 183 183 183 183 182 182 183 183 183 184 185 185 186 186 186 187 187 186 187 188 188 188 188 188 189 189 189 189 189 189 189 188 189 189 189 189 189 190 190 190 190 190 190 190 191 191 191 191 191 191 191 192 192 192 192 192 192 191 191 190 191 191 192 192 191 191 192 192 192 193 193 193 193 194 194 194 194 194 194 194 194 195 195 195 194 195 196 195 195 195 196 195 196 196 196 196 196 196 196 195 195 195 195 195 195 195 195 195 195 196 196 196 196 196 196 196 196 196 195 196 196 196 196 197 197 198 199 199 198 198 198 199 199 200 200 200 200 200 200 200 200 201 202 202 202 202 202 202 202 203 203 203 203 202 202 201 202 202 202 202 202 202 202 202 203 203 202 202 202 203 203 203 203 203 203 203 203 203 203 203 203 203 203 203 204 204 204 204 205 205 206 206 208 208 209 209 209 209 209 209 209 210 210 209 210 209 210 211 211 211 211 211 211 211 211 211 211 211 212 212 212 212 213 213 213 213 212 212 212 212 212 212 213 213 213 213 213 213 214 214 214 214 214 213 213 214 214 214 214 214 214 214 214 214 214 215 215 215 215 215 215 215 215 215 216 216 216 216 216 216 216 216 216 216 216 216 216 216 216 216 216 217 217 217 216 217 216 216 216 216 216 217 217 217 217 217 217 217 216 216 216 217 216 216 216 216 216 217 217 217 217 217 217 217 217 217 217 217 217 217 217 217 217 217 217 218 218 217 217 218 218 217 217 216 216 217 218 217 218 218 218 218 217 217 217 217 217 217 218 218 219 219 219 219 220 221 220 220 219 218 218 218 219 219 220 220 220 220 219 219 219 220 220 221 0 0 0 0 0 0 0 0 0 0 0 0 0 0 0 0 0 0 0 0 0 0 0 0 0 0 0 0 0 
0 0 0 0 0 0 0 0 0 0 0 0 0 0 0 0 0 0 0 0 0 0 0 0 0 0 0 0 0 0 0 0 0 0 0 0 0 0 0 0 0 0 0 0 0 0 0 0 0 0 0 0 0 0 0 0 0 0 0 0 0 0 0 0 0 0 0 0 0 0 0 0 0 0 0 0 0 183 183 183 183 183 183 183 183 183 183 183 182 181 181 181 181 181 181 181 181 181 181 182 182 183 183 183 183 183 183 183 183 183 184 184 185 185 186 187 187 186 187 188 188 187 188 188 188 188 188 188 188 188 189 189 189 190 189 189 189 190 190 190 190 190 190 190 191 191 191 191 191 191 191 191 191 191 192 192 192 191 190 190 191 191 192 192 191 192 191 192 192 192 194 194 194 194 194 194 194 194 194 194 195 195 195 195 194 195 195 195 195 195 195 196 196 196 196 196 196 196 195 195 195 195 195 195 195 195 195 195 195 195 196 196 196 196 196 196 196 196 196 196 196 196 196 197 197 198 199 199 198 198 198 199 199 200 201 201 200 200 201 200 200 201 202 203 203 202 202 202 202 203 203 203 203 202 202 202 201 202 202 202 202 202 203 202 203 203 203 202 202 202 202 203 203 203 203 203 203 203 203 203 203 204 203 203 203 204 204 205 205 205 205 206 208 208 209 209 209 209 209 209 209 209 210 209 210 209 210 210 210 211 211 210 210 211 211 211 211 211 212 212 211 212 212 212 212 213 213 213 213 213 212 212 213 213 213 213 213 213 213 213 213 214 214 214 213 213 213 213 213 213 214 214 214 214 214 215 215 215 215 215 215 215 215 215 216 216 216 216 216 216 216 216 216 216 216 216 216 216 216 216 216 216 216 216 216 216 216 216 216 216 217 217 217 217 217 217 217 217 217 217 217 218 217 217 216 217 217 217 216 217 217 217 217 217 217 217 217 217 217 217 217 218 217 217 217 217 217 218 218 218 218 218 217 216 216 217 218 218 217 218 218 218 217 217 217 217 217 217 218 218 219 220 220 220 220 220 220 220 219 218 218 218 218 218 220 219 219 220 220 219 219 219 220 221 222 0 0 0 0 0 0 0 0 0 0 0 0 0 0 0 0 0 0 0 0 0 0 0 0 0 0 0 0 
0 0 0 0 0 0 0 0 0 0 0 0 0 0 0 0 0 0 0 0 0 0 0 0 0 0 0 0 0 0 0 0 0 0 0 0 0 0 0 0 0 0 0 0 0 0 0 0 0 0 0 0 0 0 0 0 0 0 0 0 0 0 0 0 0 0 0 0 0 0 0 0 0 0 0 0 0 183 183 183 183 183 184 184 183 183 182 181 181 181 181 182 182 182 181 181 181 181 181 181 182 182 183 182 183 184 184 184 184 184 184 185 185 185 186 186 187 186 187 187 187 187 187 188 188 189 189 188 188 188 189 189 189 190 190 189 189 189 190 190 190 190 190 190 190 191 191 191 191 191 191 191 191 192 192 192 192 192 191 191 191 191 192 192 192 192 192 192 193 193 194 194 194 194 195 194 194 194 194 194 195 195 195 195 194 194 195 195 195 195 195 196 196 196 197 196 196 196 195 195 194 195 195 195 196 196 196 195 195 195 195 195 195 195 195 196 196 196 196 195 196 196 196 197 197 197 198 199 199 199 199 199 200 200 201 201 202 201 201 201 201 201 202 202 203 203 202 202 202 203 203 203 202 202 202 202 202 202 202 202 202 202 203 202 203 203 202 202 203 203 202 202 203 203 203 203 203 204 203 203 203 203 203 203 203 204 204 205 205 205 205 205 208 208 208 209 209 209 209 209 208 209 209 209 209 209 209 210 210 210 210 210 210 211 211 211 211 212 211 212 212 211 212 212 212 212 212 212 212 213 213 213 212 213 213 213 213 213 213 213 213 213 213 213 213 213 213 213 214 214 214 214 214 214 214 215 215 215 215 215 215 215 215 215 215 216 216 216 216 216 216 216 217 216 216 216 216 216 216 216 216 216 216 216 216 216 216 216 216 216 217 216 217 217 217 217 217 217 217 217 218 218 218 218 218 218 218 217 217 216 216 216 216 217 217 218 217 218 218 218 218 218 217 217 217 217 217 217 218 218 218 218 218 217 216 216 217 217 217 217 217 218 218 217 217 217 217 217 217 218 218 219 220 220 220 219 219 220 220 220 219 218 218 219 219 218 219 219 219 219 219 219 220 220 220 221 0 0 0 0 0 0 0 0 0 0 0 0 0 0 0 0 0 0 0 0 0 0 0 0 0 0 0 
0 0 0 0 0 0 0 0 0 0 0 0 0 0 0 0 0 0 0 0 0 0 0 0 0 0 0 0 0 0 0 0 0 0 0 0 0 0 0 0 0 0 0 0 0 0 0 0 0 0 0 0 0 0 0 0 0 0 0 0 0 0 0 0 0 0 0 0 0 0 0 0 0 0 0 0 0 0 183 183 183 184 184 184 183 182 181 181 181 181 182 183 182 182 182 182 181 181 181 181 181 182 182 182 182 183 183 184 185 185 185 186 186 185 185 186 186 186 186 186 186 187 187 188 188 188 188 188 188 189 189 189 189 189 189 189 189 190 190 190 190 190 190 190 190 190 191 191 191 191 191 191 192 192 192 192 192 192 191 191 191 192 192 192 192 192 193 193 193 194 194 194 194 195 195 195 194 195 194 194 195 195 194 194 195 195 195 195 195 195 195 196 196 196 196 196 196 195 195 195 195 194 195 195 196 196 196 195 195 195 195 195 195 196 196 196 196 196 196 195 196 196 196 196 196 197 198 198 199 199 199 199 200 201 201 202 202 202 202 202 201 201 202 202 203 203 203 203 202 203 203 202 201 201 201 202 202 202 202 202 202 202 203 203 203 202 202 202 203 202 202 202 202 202 202 202 203 203 203 203 203 203 203 203 203 203 204 204 204 204 205 205 208 208 208 208 209 209 209 209 209 209 209 209 209 209 209 210 210 210 210 210 211 211 211 211 211 211 211 211 211 211 211 212 212 212 212 212 212 212 212 212 212 213 213 213 213 213 213 213 213 213 213 213 213 213 213 214 214 214 214 214 214 214 214 215 215 215 215 215 215 215 215 216 216 216 216 216 216 216 216 216 216 216 216 216 216 216 216 216 216 216 217 217 216 216 216 216 216 216 216 216 216 216 216 216 216 216 217 217 217 217 216 216 217 217 217 218 218 217 217 217 217 217 218 219 218 218 218 218 218 218 217 217 217 217 217 217 217 218 218 218 218 217 216 216 216 217 217 217 217 217 218 218 217 217 217 218 218 218 218 219 219 219 219 219 218 219 220 219 219 219 218 218 218 218 219 219 218 218 219 219 219 219 219 220 221 0 0 0 0 0 0 0 0 0 0 0 0 0 0 0 0 0 0 0 0 0 0 0 0 0 0 
0 0 0 0 0 0 0 0 0 0 0 0 0 0 0 0 0 0 0 0 0 0 0 0 0 0 0 0 0 0 0 0 0 0 0 0 0 0 0 0 0 0 0 0 0 0 0 0 0 0 0 0 0 0 0 0 0 0 0 0 0 0 0 0 0 0 0 0 0 0 0 0 0 0 0 0 0 0 0 183 183 183 184 184 183 182 181 182 182 182 183 183 182 183 183 182 181 181 181 181 181 181 182 183 183 183 183 183 184 184 185 185 186 186 185 185 185 187 187 187 187 187 187 188 188 188 188 188 189 189 189 189 189 189 189 189 190 190 190 190 190 190 190 190 191 191 191 191 191 191 191 191 192 192 192 192 192 192 191 191 191 192 192 191 192 192 193 193 193 194 194 194 194 194 195 195 195 195 194 195 195 194 194 195 195 195 195 195 195 195 195 195 196 196 196 196 195 195 195 194 194 195 195 195 196 196 196 196 195 195 195 195 195 196 196 196 195 195 195 195 196 196 197 196 197 197 198 199 199 199 200 200 200 201 201 202 202 202 202 202 202 202 202 203 203 203 203 202 202 202 202 201 201 201 201 201 201 201 201 202 202 202 202 203 203 202 202 202 203 202 202 202 203 203 203 203 203 203 203 203 203 203 203 203 203 203 203 204 204 204 205 205 208 208 208 208 208 208 209 209 209 208 209 209 209 209 209 210 210 210 210 210 210 210 211 210 211 211 211 211 211 211 211 211 212 212 212 212 212 212 212 212 212 213 213 213 213 213 213 213 213 213 213 213 213 214 214 214 214 214 214 214 214 214 214 214 215 215 215 215 215 215 216 216 216 216 216 216 216 216 216 216 216 216 216 216 216 216 216 216 216 216 217 217 216 216 216 216 217 217 216 215 215 215 215 215 214 214 215 215 216 216 215 215 215 216 217 217 218 218 218 218 218 218 218 218 218 219 218 218 218 218 218 217 217 217 217 217 217 217 217 218 218 217 216 217 216 216 217 217 217 218 217 218 218 218 218 217 217 218 219 219 218 218 219 219 218 219 219 218 218 218 218 218 218 218 218 218 218 219 219 220 220 219 219 220 221 222 222 0 0 0 0 0 0 0 0 0 0 0 0 0 0 0 0 0 0 0 0 0 0 0 0 
0 0 0 0 0 0 0 0 0 0 0 0 0 0 0 0 0 0 0 0 0 0 0 0 0 0 0 0 0 0 0 0 0 0 0 0 0 0 0 0 0 0 0 0 0 0 0 0 0 0 0 0 0 0 0 0 0 0 0 0 0 0 0 0 0 0 0 0 0 0 0 0 0 0 0 0 0 0 0 0 183 183 183 183 183 183 182 182 181 182 182 182 182 183 182 182 181 182 181 181 181 181 181 182 183 183 183 183 183 184 184 184 185 186 186 186 186 186 187 187 187 187 187 187 188 188 188 188 188 188 189 189 189 189 189 189 189 189 189 190 190 190 190 190 190 190 190 191 191 191 191 191 192 192 192 192 193 192 192 191 191 192 192 192 192 193 193 193 193 194 194 193 194 194 194 195 195 195 195 195 195 195 195 195 196 195 195 196 196 196 196 196 196 196 196 195 195 195 195 195 194 195 195 195 195 195 195 195 195 195 196 195 195 195 195 195 195 195 195 195 196 196 196 197 197 197 197 198 198 199 200 201 201 201 202 202 202 202 202 203 202 202 203 203 203 203 202 202 202 201 202 202 201 201 202 202 201 202 202 202 202 203 202 203 202 202 202 202 202 202 202 202 202 203 203 203 203 203 203 203 203 203 203 203 204 204 204 203 204 204 204 205 205 205 205 206 206 206 206 206 206 206 206 206 207 207 207 207 207 207 208 208 208 208 208 208 208 208 208 208 209 209 209 209 209 209 209 209 210 210 210 210 210 210 210 211 211 211 211 211 211 211 213 213 214 214 214 214 214 214 214 214 214 214 214 214 215 215 215 215 215 215 216 216 216 216 216 216 216 216 216 216 216 216 216 216 216 216 216 216 216 216 216 216 216 216 217 217 216 215 215 216 216 216 215 215 215 215 216 216 215 215 215 216 216 216 217 217 217 217 218 219 219 219 219 219 219 219 219 219 219 219 218 218 217 217 217 218 218 218 218 218 219 218 218 218 217 217 217 218 218 218 218 218 219 218 218 218 218 218 219 219 219 218 218 218 219 219 219 219 218 219 219 220 220 220 219 219 219 220 221 221 221 222 221 222 222 222 222 222 222 0 0 0 0 0 0 0 0 0 0 0 0 0 0 0 0 0 0 0 0 0 0 
0 0 0 0 0 0 0 0 0 0 0 0 0 0 0 0 0 0 0 0 0 0 0 0 0 0 0 0 0 0 0 0 0 0 0 0 0 0 0 0 0 0 0 0 0 0 0 0 0 0 0 0 0 0 0 0 0 0 0 0 0 0 0 0 0 0 0 0 0 0 0 0 0 0 0 0 0 0 0 0 0 0 0 183 183 183 182 182 182 182 182 182 183 182 181 181 182 182 181 181 182 182 182 181 182 183 183 184 184 185 185 185 185 186 187 186 185 185 186 187 187 188 188 188 188 188 188 188 188 188 189 189 189 189 189 189 189 189 190 190 190 190 190 190 190 190 191 191 191 191 191 191 191 191 192 192 192 192 192 192 192 192 193 193 193 193 193 193 193 193 193 193 193 193 193 194 195 195 195 195 195 195 195 196 196 195 196 196 196 196 196 196 195 195 195 195 196 195 195 194 194 195 195 195 195 195 195 195 195 196 196 195 195 195 195 195 195 195 195 195 196 196 196 197 197 198 198 198 198 198 199 201 201 201 201 202 202 202 202 203 203 203 203 202 202 202 202 202 202 202 202 201 201 202 202 202 202 202 202 202 202 202 202 201 201 201 201 201 202 202 202 203 202 203 203 203 203 203 202 203 203 203 204 204 204 204 203 203 204 204 204 205 205 205 206 206 206 206 206 206 206 206 206 206 207 207 207 207 207 207 208 208 208 208 208 208 208 208 208 208 208 208 209 209 209 209 209 209 210 210 210 210 210 210 210 210 210 211 211 211 211 211 213 213 214 214 214 214 214 214 214 214 214 214 214 214 214 215 215 215 215 215 216 216 216 216 216 216 216 216 216 216 216 216 216 216 216 216 216 216 216 216 216 216 216 216 216 216 216 216 217 217 217 216 216 215 215 216 217 217 217 216 215 216 216 215 216 217 217 217 217 217 218 218 218 218 218 218 219 219 219 218 218 217 217 217 217 218 218 218 218 218 218 218 218 218 218 217 217 217 217 218 218 218 218 218 217 218 218 218 219 219 219 219 219 219 218 219 218 218 218 219 219 219 220 221 220 220 220 221 221 222 222 222 222 222 222 221 221 221 222 0 0 0 0 0 0 0 0 0 0 0 0 0 0 0 0 0 0 0 0 0 0 
0 0 0 0 0 0 0 0 0 0 0 0 0 0 0 0 0 0 0 0 0 0 0 0 0 0 0 0 0 0 0 0 0 0 0 0 0 0 0 0 0 0 0 0 0 0 0 0 0 0 0 0 0 0 0 0 0 0 0 0 0 0 0 0 0 0 0 0 0 0 0 0 0 0 0 0 0 0 0 0 0 0 0 0 0 0 183 182 182 182 182 182 182 182 182 181 182 182 181 182 182 183 182 181 181 181 182 183 183 184 184 185 185 186 186 186 186 186 185 186 186 187 187 188 188 188 188 188 188 189 189 189 189 189 189 189 189 189 189 190 190 190 190 190 190 190 191 191 191 191 191 191 191 191 192 192 192 192 192 192 192 192 192 193 193 193 193 193 193 193 193 192 193 193 193 193 194 195 195 195 195 195 196 196 196 195 196 196 197 197 196 195 195 195 195 195 196 195 195 195 195 195 195 195 195 195 195 195 195 196 195 195 195 195 195 195 195 195 195 195 196 196 196 197 197 197 197 197 197 198 199 200 201 201 202 202 202 202 202 203 203 203 203 202 201 202 202 202 202 202 201 201 201 202 203 202 202 202 202 202 202 202 202 201 202 202 202 202 202 202 202 202 203 203 203 203 202 202 203 202 203 203 204 204 204 204 203 204 204 204 204 204 205 205 206 206 206 206 206 206 206 206 206 206 207 207 207 207 207 207 208 208 208 208 208 208 208 208 208 208 208 208 209 209 209 209 209 209 210 210 210 210 210 210 210 210 210 210 211 211 211 211 213 213 213 214 214 214 214 214 214 214 214 214 214 214 214 215 215 215 215 215 215 216 216 216 216 216 216 216 216 216 216 216 216 216 216 216 216 216 216 216 216 216 216 216 216 216 216 216 217 217 217 217 216 216 216 215 216 216 216 216 216 216 216 215 215 216 216 217 216 217 217 218 217 217 217 217 218 218 218 218 218 218 217 217 217 218 218 218 218 218 217 218 218 218 218 217 217 217 217 217 217 218 218 218 217 218 218 218 218 218 218 218 219 219 219 218 218 218 219 219 219 219 220 221 221 221 221 221 222 221 221 221 222 221 221 220 221 222 223 222 0 0 0 0 0 0 0 0 0 0 0 0 0 0 0 0 0 0 0 0 0 
0 0 0 0 0 0 0 0 0 0 0 0 0 0 0 0 0 0 0 0 0 0 0 0 0 0 0 0 0 0 0 0 0 0 0 0 0 0 0 0 0 0 0 0 0 0 0 0 0 0 0 0 0 0 0 0 0 0 0 0 0 0 0 0 0 0 0 0 0 0 0 0 0 0 0 0 0 0 0 0 0 0 0 0 0 0 0 183 182 182 182 182 182 182 181 181 182 182 182 183 183 182 182 182 182 182 181 182 183 183 183 184 186 186 187 187 187 187 186 186 186 187 187 188 188 188 188 188 189 189 189 189 189 189 189 189 189 190 190 190 190 190 190 190 190 190 190 191 191 191 191 191 191 191 191 192 192 192 192 192 192 192 192 192 193 193 193 193 193 193 192 192 193 192 193 193 194 194 195 195 195 195 196 196 196 196 196 196 197 196 196 195 194 194 194 195 196 195 196 195 195 195 194 194 194 194 194 194 195 195 195 195 195 195 195 195 195 196 196 196 196 196 197 197 197 197 197 197 197 198 199 199 200 201 201 202 202 202 202 202 203 203 202 202 201 201 201 201 201 201 201 201 202 203 203 203 202 202 202 202 202 202 202 202 202 203 202 202 202 201 202 202 202 203 203 203 202 202 203 202 203 203 204 204 203 203 203 203 204 204 204 204 205 205 205 206 206 206 206 206 206 206 206 206 207 207 207 207 207 207 207 207 208 208 208 208 208 208 208 208 208 208 209 209 209 209 209 209 209 210 210 210 210 210 210 210 210 210 210 211 211 211 213 213 213 213 214 214 214 214 214 214 214 214 214 214 214 215 215 215 215 215 215 215 215 216 216 216 216 216 216 216 216 216 216 216 216 216 216 216 216 216 216 216 216 216 216 215 216 216 216 216 217 217 217 217 216 216 216 216 216 216 216 215 215 215 215 215 216 216 217 217 217 217 217 217 218 218 218 218 218 218 218 218 218 218 218 217 218 217 217 217 217 217 217 218 218 218 218 218 217 217 216 217 217 218 217 217 218 218 218 218 218 218 218 218 218 218 218 219 219 219 219 220 220 220 220 220 221 221 221 221 221 220 221 220 220 221 222 222 223 222 222 0 0 0 0 0 0 0 0 0 0 0 0 0 0 0 0 0 0 0 0 
0 0 0 0 0 0 0 0 0 0 0 0 0 0 0 0 0 0 0 0 0 0 0 0 0 0 0 0 0 0 0 0 0 0 0 0 0 0 0 0 0 0 0 0 0 0 0 0 0 0 0 0 0 0 0 0 0 0 0 0 0 0 0 0 0 0 0 0 0 0 0 0 0 0 0 0 0 0 0 0 0 0 0 0 0 0 183 184 183 182 182 182 182 181 182 182 182 182 183 183 183 182 183 183 183 183 182 181 182 183 183 184 186 187 187 187 187 187 187 187 187 187 187 188 188 188 188 188 188 188 188 188 189 189 189 189 190 189 189 189 189 190 190 190 190 190 190 191 191 191 191 191 191 191 191 191 192 192 192 192 192 192 192 192 192 193 193 193 193 193 192 192 192 192 193 193 193 193 194 195 195 195 196 196 196 196 196 196 197 196 196 195 194 194 194 195 195 195 195 195 194 194 194 194 194 194 194 194 194 195 195 195 195 195 195 195 195 196 196 196 197 196 196 196 196 197 197 197 197 198 199 200 200 200 201 201 202 202 202 202 203 203 203 203 202 202 201 201 202 202 202 202 202 202 202 202 202 201 202 202 202 202 203 203 203 203 202 202 201 201 202 203 202 203 203 203 203 203 203 203 203 204 204 204 204 204 203 204 204 204 204 205 205 205 205 205 206 206 206 206 206 206 206 206 206 207 207 207 207 207 207 207 207 208 208 208 208 208 208 208 208 208 209 209 209 209 209 209 209 210 210 210 210 210 210 210 210 210 210 211 211 210 213 213 213 213 213 214 214 214 214 214 214 214 214 214 215 215 215 215 215 215 215 215 215 215 215 216 216 216 216 216 216 216 216 216 216 216 216 216 216 216 215 215 215 215 215 215 215 216 216 216 216 216 217 217 217 217 216 216 217 217 216 216 216 215 215 215 215 216 216 217 217 216 217 218 218 218 217 218 218 218 218 218 218 218 218 217 217 217 217 217 217 217 217 218 218 218 218 218 218 217 217 216 217 217 217 217 218 218 217 217 217 217 217 217 218 219 219 219 219 220 220 220 220 219 219 220 220 221 221 221 220 220 220 220 221 221 222 222 222 221 221 0 0 0 0 0 0 0 0 0 0 0 0 0 0 0 0 0 0 0 0 
0 0 0 0 0 0 0 0 0 0 0 0 0 0 0 0 0 0 0 0 0 0 0 0 0 0 0 0 0 0 0 0 0 0 0 0 0 0 0 0 0 0 0 0 0 0 0 0 0 0 0 0 0 0 0 0 0 0 0 0 0 0 0 0 0 0 0 0 0 0 0 0 0 0 0 0 0 0 0 0 0 0 0 0 0 183 184 183 183 183 182 182 182 181 182 182 183 183 183 183 183 183 183 183 183 183 183 182 182 184 184 184 185 186 187 187 187 187 187 187 188 188 188 188 188 188 187 188 188 188 188 189 189 189 189 189 189 189 189 189 190 190 190 190 190 190 190 190 190 191 191 191 191 191 191 191 191 191 191 191 192 192 192 192 192 193 193 193 193 193 192 192 192 193 193 194 193 193 194 194 195 195 196 196 196 196 196 196 196 195 195 194 194 194 194 194 195 195 195 195 194 194 194 194 194 194 194 194 194 195 195 195 195 195 195 195 195 195 196 196 196 196 196 197 197 197 197 198 198 198 199 200 200 200 200 201 201 202 202 202 203 203 203 202 202 202 201 201 202 202 202 202 202 202 202 202 202 202 201 201 201 202 202 202 202 203 203 202 202 202 202 203 202 202 203 203 203 203 203 203 204 204 204 204 204 204 204 204 204 204 205 205 205 205 205 206 206 206 206 206 206 206 206 206 206 207 207 207 207 207 207 207 207 208 208 208 208 208 208 208 208 208 208 209 209 209 209 209 209 209 210 210 210 210 210 210 210 210 210 210 210 210 213 213 213 213 213 213 214 214 214 214 214 214 214 214 215 215 215 215 215 215 215 215 215 215 215 215 216 216 216 216 216 216 216 216 216 216 216 215 215 216 216 216 216 215 215 215 215 215 216 216 216 216 216 216 216 217 217 217 217 217 217 216 216 216 216 216 215 216 216 216 216 217 217 217 217 217 217 217 218 218 218 218 218 217 217 217 217 217 217 217 217 217 217 218 218 218 217 218 218 218 217 217 217 217 217 217 218 217 217 216 217 217 218 217 217 218 218 218 218 219 220 220 220 219 219 220 220 221 221 221 221 220 220 220 220 221 222 221 221 220 220 0 0 0 0 0 0 0 0 0 0 0 0 0 0 0 0 0 0 0 0 
0 0 0 0 0 0 0 0 0 0 0 0 0 0 0 0 0 0 0 0 0 0 0 0 0 0 0 0 0 0 0 0 0 0 0 0 0 0 0 0 0 0 0 0 0 0 0 0 0 0 0 0 0 0 0 0 0 0 0 0 0 0 0 0 0 0 0 0 0 0 0 0 0 0 0 0 0 0 0 0 0 0 0 0 0 183 183 183 183 183 183 183 182 182 183 183 183 183 183 183 183 183 184 184 183 183 183 182 182 183 184 184 185 186 186 187 187 187 188 188 188 188 188 188 187 187 187 187 188 188 188 188 189 189 189 189 189 189 189 189 190 190 190 190 190 190 190 190 191 191 191 191 191 191 191 191 191 191 192 191 192 192 192 192 192 192 193 193 193 193 192 192 192 193 193 194 194 193 193 193 194 195 195 195 196 196 195 196 195 195 195 194 194 194 194 194 194 195 195 195 195 195 194 194 194 194 195 195 195 195 195 195 195 195 195 195 195 195 195 195 196 196 196 197 197 198 198 197 197 198 199 199 199 200 200 201 201 201 202 203 203 202 202 202 202 201 201 201 202 201 201 201 202 202 202 201 201 202 202 202 202 202 202 202 202 202 203 203 202 202 202 203 203 202 203 203 204 204 204 204 204 204 205 204 204 204 204 204 204 204 205 205 205 205 205 205 205 206 206 206 206 206 206 206 206 206 207 207 207 207 207 207 207 207 208 208 208 208 208 208 208 208 208 208 209 209 209 209 209 209 209 210 210 210 210 210 210 210 210 211 211 211 213 213 213 213 213 213 213 214 214 214 214 214 214 214 214 214 214 215 215 215 215 215 215 215 215 215 215 216 216 216 216 216 216 216 216 216 215 215 215 215 216 216 216 216 216 216 215 215 216 216 216 217 217 216 216 217 217 217 217 217 217 217 217 217 216 216 216 216 216 216 216 216 216 217 216 217 217 217 217 217 217 217 218 217 217 217 217 217 217 217 217 217 217 217 217 217 217 217 218 218 217 217 217 217 217 217 217 217 216 217 217 218 219 218 218 217 217 218 218 219 219 219 219 218 218 219 220 221 221 221 221 220 220 220 221 221 221 221 220 220 220 220 0 0 0 0 0 0 0 0 0 0 0 0 0 0 0 0 0 0 0 
0 0 0 0 0 0 0 0 0 0 0 0 0 0 0 0 0 0 0 0 0 0 0 0 0 0 0 0 0 0 0 0 0 0 0 0 0 0 0 0 0 0 0 0 0 0 0 0 0 0 0 0 0 0 0 0 0 0 0 0 0 0 0 0 0 0 0 0 0 0 0 0 0 0 0 0 0 0 0 0 0 0 0 0 0 0 183 183 184 184 183 183 183 183 183 183 183 183 182 183 184 184 184 184 183 183 182 182 183 184 184 185 185 185 186 186 187 187 187 188 188 188 188 188 187 187 187 187 188 188 189 189 189 189 189 189 189 189 189 189 189 190 190 190 190 190 191 191 191 191 191 191 191 191 191 191 191 191 191 192 192 192 192 192 192 193 193 193 193 192 192 191 192 192 193 193 193 193 193 194 194 195 195 195 195 195 195 194 194 194 194 194 194 194 194 194 194 195 195 195 195 195 194 194 194 194 194 195 195 195 195 195 195 195 195 195 195 196 196 195 196 196 196 197 197 197 197 197 197 197 198 199 199 200 200 200 201 201 202 203 203 203 202 202 201 201 201 200 201 201 201 201 202 202 202 201 201 201 202 202 202 202 202 202 202 202 202 202 203 203 203 203 203 203 203 203 204 204 204 203 204 203 204 204 203 204 204 204 205 205 205 205 205 205 205 205 205 206 206 206 206 206 206 206 206 206 206 207 207 207 207 207 207 207 208 208 208 208 208 208 208 208 208 208 208 208 209 209 209 209 209 209 209 210 210 210 210 210 210 210 211 211 213 213 213 213 213 213 214 214 214 214 214 214 214 214 214 214 214 214 215 215 215 215 215 215 215 215 215 215 216 216 216 215 216 216 216 215 216 215 215 215 215 216 216 217 216 216 216 215 215 215 216 216 217 217 217 217 217 217 217 217 217 217 217 217 217 216 216 216 216 216 216 216 216 216 216 216 216 216 216 217 217 217 217 217 216 217 217 216 217 217 217 217 217 217 217 217 217 217 217 218 217 217 217 217 217 217 217 216 217 217 218 218 218 219 218 218 217 218 218 218 218 218 219 218 218 219 219 220 221 221 220 220 219 220 220 221 221 221 220 220 219 220 220 220 0 0 0 0 0 0 0 0 0 0 0 0 0 0 0 0 0 
0 0 0 0 0 0 0 0 0 0 0 0 0 0 0 0 0 0 0 0 0 0 0 0 0 0 0 0 0 0 0 0 0 0 0 0 0 0 0 0 0 0 0 0 0 0 0 0 0 0 0 0 0 0 0 0 0 0 0 0 0 0 0 0 0 0 0 0 0 0 0 0 0 0 0 0 0 0 0 0 0 0 0 0 0 0 0 183 183 183 183 183 183 183 183 183 183 183 183 183 183 183 183 183 183 183 182 182 184 184 184 184 184 185 185 185 186 187 187 188 188 188 188 188 188 188 188 188 188 188 189 189 189 189 189 189 190 190 190 190 189 189 190 190 190 190 190 191 191 191 191 191 191 191 191 191 191 191 192 192 192 192 192 192 193 193 193 193 193 193 192 192 192 192 192 192 192 192 193 193 193 194 194 195 194 194 194 194 193 193 194 194 194 194 194 194 194 195 195 195 195 195 195 194 194 194 194 194 194 194 195 195 194 194 195 195 196 196 196 195 195 196 196 196 196 196 196 197 197 197 198 198 199 199 199 200 201 201 201 201 202 203 202 201 201 200 200 201 201 200 201 202 201 201 201 202 201 201 201 201 202 202 202 202 202 202 202 202 202 203 203 203 203 203 203 204 204 204 204 204 203 203 203 204 203 203 204 204 205 205 205 205 205 205 205 205 205 206 206 206 206 206 206 206 206 206 206 206 207 207 207 207 207 207 207 208 208 208 208 208 208 208 208 208 208 208 209 209 209 209 209 209 209 209 209 210 210 210 210 210 210 210 213 213 213 213 213 214 214 214 214 214 214 214 214 214 214 214 214 214 214 215 215 215 215 215 215 215 215 215 215 215 215 215 216 215 215 216 216 216 215 214 215 215 215 216 216 217 216 216 216 215 215 216 216 217 217 217 217 216 217 217 217 217 216 216 216 216 216 216 216 216 216 216 216 216 216 216 216 216 216 216 216 216 216 216 216 217 216 216 216 217 217 217 217 216 217 217 217 217 217 217 217 217 217 217 217 217 217 217 217 217 217 217 218 218 218 217 217 217 218 218 218 218 218 218 218 218 219 219 220 220 220 220 219 219 220 220 221 221 220 220 219 219 220 220 0 0 0 0 0 0 0 0 0 0 0 0 0 0 0 0 0 
0 0 0 0 0 0 0 0 0 0 0 0 0 0 0 0 0 0 0 0 0 0 0 0 0 0 0 0 0 0 0 0 0 0 0 0 0 0 0 0 0 0 0 0 0 0 0 0 0 0 0 0 0 0 0 0 0 0 0 0 0 0 0 0 0 0 0 0 0 0 0 0 0 0 0 0 0 0 0 0 0 0 0 0 0 0 0 184 184 184 184 184 183 183 183 183 183 184 184 183 182 182 182 182 183 183 182 182 183 184 184 184 185 185 184 185 186 186 187 187 187 188 188 188 188 188 188 188 188 189 189 189 189 189 189 189 189 189 190 189 189 189 189 190 190 190 190 191 191 191 191 191 191 191 191 191 191 192 192 192 192 192 192 192 193 193 193 193 193 193 192 192 192 192 192 193 193 193 193 193 193 194 194 194 194 193 193 193 193 193 194 194 193 194 194 194 194 195 195 194 194 194 194 194 194 194 194 194 194 194 194 194 194 195 195 195 196 196 195 195 195 195 196 196 196 196 196 197 197 197 197 198 198 199 200 200 200 200 200 201 202 201 202 201 201 201 201 201 201 201 201 201 201 201 201 201 201 201 201 201 201 201 201 201 201 201 201 202 202 202 203 202 203 203 203 204 204 204 204 204 203 203 203 203 204 204 204 204 204 204 205 205 205 205 205 205 205 205 206 206 206 206 206 206 206 206 206 206 207 207 207 207 207 207 207 207 208 208 208 208 208 208 208 208 208 208 208 208 209 209 209 209 209 209 209 209 210 210 210 210 210 210 213 213 213 213 213 213 214 214 214 214 214 214 214 214 214 214 214 214 214 215 215 215 215 215 215 215 215 215 215 215 215 215 215 216 216 216 216 216 215 215 214 215 215 215 216 216 216 216 216 216 216 215 216 216 216 217 216 216 216 216 216 217 217 216 216 216 217 217 216 216 216 216 216 216 216 216 216 216 216 216 216 216 216 216 217 216 217 216 216 217 217 217 217 217 217 217 217 217 217 217 217 217 217 217 216 217 217 217 217 217 217 218 218 218 218 217 217 217 217 218 218 218 218 217 218 218 219 219 219 219 220 220 220 219 220 220 221 221 221 220 219 219 220 220 220 0 0 0 0 0 0 0 0 0 0 0 0 0 0 0 0 
0 0 0 0 0 0 0 0 0 0 0 0 0 0 0 0 0 0 0 0 0 0 0 0 0 0 0 0 0 0 0 0 0 0 0 0 0 0 0 0 0 0 0 0 0 0 0 0 0 0 0 0 0 0 0 0 0 0 0 0 0 0 0 0 0 0 0 0 0 0 0 0 0 0 0 0 0 0 0 0 0 0 0 0 0 0 0 0 184 0 0 184 184 184 183 184 183 183 183 182 182 182 182 182 183 183 183 183 183 183 184 184 184 185 185 185 186 186 187 187 187 187 188 188 188 188 188 188 188 189 189 189 189 189 189 190 190 189 190 189 190 190 189 190 190 190 190 191 191 191 191 191 191 191 191 191 191 192 192 192 192 192 192 192 193 193 193 193 193 193 193 192 192 191 192 192 193 193 193 193 193 194 194 193 193 193 193 193 193 193 193 193 193 193 194 194 194 195 195 195 194 194 194 194 194 195 195 195 194 194 194 194 194 195 195 195 196 196 195 195 195 195 196 196 196 196 196 197 197 197 197 198 198 199 199 198 199 199 200 200 200 200 200 201 201 201 201 201 201 200 201 201 201 202 201 201 201 202 202 201 201 202 201 201 202 202 202 202 202 202 202 203 203 203 203 204 204 204 204 204 204 204 203 203 203 204 204 204 204 204 204 205 205 205 205 205 205 205 205 206 206 206 206 206 206 206 206 206 206 207 207 207 207 207 207 207 207 208 208 208 208 208 208 208 209 208 208 208 208 209 209 209 209 209 209 209 210 210 210 210 210 210 213 213 213 213 213 213 213 214 214 214 214 214 214 214 214 214 214 214 214 215 215 215 215 214 215 215 215 215 215 215 215 216 215 216 216 216 216 216 215 215 214 215 215 215 215 216 216 216 216 217 216 216 216 216 216 216 216 216 217 217 216 216 216 216 217 217 217 217 216 216 216 215 215 216 216 216 216 216 216 216 216 216 216 216 216 216 216 216 216 216 217 217 217 217 216 217 217 217 217 217 217 217 217 216 217 217 217 217 217 218 218 218 218 218 218 217 218 217 217 217 217 218 217 218 218 219 218 218 218 218 219 220 220 219 220 220 221 220 221 220 219 219 219 220 221 220 0 0 0 0 0 0 0 0 0 0 0 0 0 0 0 
0 0 0 0 0 0 0 0 0 0 0 0 0 0 0 0 0 0 0 0 0 0 0 0 0 0 0 0 0 0 0 0 0 0 0 0 0 0 0 0 0 0 0 0 0 0 0 0 0 0 0 0 0 0 0 0 0 0 0 0 0 0 0 0 0 0 0 0 0 0 0 0 0 0 0 0 0 0 0 0 0 0 0 0 0 0 0 0 0 0 0 0 0 184 184 184 184 184 183 182 182 182 182 183 183 183 183 183 183 183 183 184 184 184 185 185 186 185 186 186 186 187 188 188 188 188 187 188 188 189 189 189 189 189 189 189 189 189 190 189 190 190 190 190 190 190 190 191 191 191 191 191 191 191 191 191 191 192 192 192 192 192 192 192 192 193 193 193 193 193 193 193 192 192 192 192 192 192 192 193 193 194 193 194 193 193 193 193 193 193 193 193 193 193 194 194 194 194 194 195 194 194 194 194 194 194 194 194 195 194 194 194 194 195 195 196 196 195 195 195 195 195 195 196 196 196 197 197 197 197 197 198 198 198 198 198 199 199 200 200 200 200 200 200 200 201 201 201 201 201 201 201 201 202 202 201 201 202 202 201 201 202 202 201 202 203 203 202 202 202 202 202 202 202 203 203 203 203 203 203 204 204 204 204 204 203 203 204 204 204 204 204 205 205 205 205 205 205 206 205 205 206 206 206 206 206 206 206 206 207 207 207 207 207 207 207 207 207 208 208 208 208 208 208 208 208 208 208 208 209 209 209 209 209 209 209 209 210 210 210 210 210 213 213 213 213 213 213 213 213 214 214 214 214 214 214 214 214 214 214 214 214 215 214 214 214 214 214 215 215 215 216 215 215 216 216 216 216 216 216 216 216 215 215 215 215 215 215 215 215 215 216 217 216 216 216 216 216 216 216 216 216 216 216 216 216 216 217 216 216 216 215 215 215 215 215 216 216 216 216 216 216 216 216 216 215 216 216 216 216 216 216 216 216 216 216 216 216 216 217 217 217 217 217 216 216 217 217 217 217 217 217 217 218 218 218 218 218 218 218 218 218 217 217 218 218 218 218 217 218 217 218 219 220 220 219 219 220 220 220 220 220 219 219 220 220 220 220 0 0 0 0 0 0 0 0 0 0 0 0 0 0 0 
0 0 0 0 0 0 0 0 0 0 0 0 0 0 0 0 0 0 0 0 0 0 0 0 0 0 0 0 0 0 0 0 0 0 0 0 0 0 0 0 0 0 0 0 0 0 0 0 0 0 0 0 0 0 0 0 0 0 0 0 0 0 0 0 0 0 0 0 0 0 0 0 0 0 0 0 0 0 0 0 0 0 0 0 0 0 0 0 0 0 0 0 0 0 0 0 184 184 183 182 182 183 182 183 183 183 183 183 183 183 184 183 184 184 184 184 185 186 186 186 186 187 188 188 188 188 187 188 188 188 189 189 189 189 189 189 189 189 189 190 190 190 190 190 190 190 190 190 190 191 191 191 191 191 191 191 191 191 192 192 192 192 192 192 192 193 193 193 193 193 193 193 192 192 192 192 192 192 192 193 193 193 194 194 193 193 193 194 193 193 193 193 193 194 194 194 194 194 194 194 195 195 194 194 194 194 194 194 194 195 194 194 194 195 195 195 195 195 195 196 196 196 195 196 196 196 196 196 196 197 197 197 197 198 198 198 198 199 199 200 199 199 200 200 200 200 201 201 201 201 201 200 200 201 201 201 201 202 202 201 201 202 202 202 203 202 202 202 202 202 202 202 202 202 203 202 202 202 203 203 203 203 204 204 204 203 203 204 204 204 204 204 204 205 205 205 205 205 205 205 205 205 205 206 206 206 206 206 206 206 207 207 207 207 207 207 207 207 207 207 207 208 208 208 208 208 208 208 208 208 208 208 208 209 209 209 209 209 210 210 210 210 213 213 213 213 213 213 213 213 213 214 214 214 214 214 214 214 214 214 214 214 214 214 214 214 215 215 215 215 216 216 216 216 216 216 216 216 216 216 216 215 215 215 215 215 215 215 216 215 215 216 217 216 216 216 216 216 216 216 216 216 216 216 216 216 216 216 216 217 217 216 215 215 215 215 215 216 216 216 216 216 216 216 215 215 216 216 216 216 216 216 216 216 216 216 216 216 216 216 216 216 217 217 216 216 217 217 217 217 217 217 217 218 218 218 218 218 218 219 218 218 218 217 217 217 217 217 217 218 218 219 219 220 220 219 219 219 219 220 220 220 219 219 219 219 219 220 221 221 0 0 0 0 0 0 0 0 0 0 0 0 0 
0 0 0 0 0 0 0 0 0 0 0 0 0 0 0 0 0 0 0 0 0 0 0 0 0 0 0 0 0 0 0 0 0 0 0 0 0 0 0 0 0 0 0 0 0 0 0 0 0 0 0 0 0 0 0 0 0 0 0 0 0 0 0 0 0 0 0 0 0 0 0 0 0 0 0 0 0 0 0 0 0 0 0 0 0 0 0 0 0 0 0 0 0 0 0 0 0 184 183 182 183 183 183 183 183 183 183 183 183 183 183 183 183 183 184 184 185 185 186 187 187 187 187 188 187 187 188 188 188 188 189 189 189 189 189 189 189 189 190 190 190 190 190 190 190 190 190 190 190 190 190 191 191 191 192 192 191 191 192 192 192 192 192 192 192 193 193 193 193 193 193 193 192 192 192 192 192 192 192 193 193 193 193 193 194 194 194 194 193 193 193 193 193 193 193 193 193 194 194 194 194 195 194 194 194 194 194 194 194 194 194 194 194 194 195 195 195 195 195 196 196 196 196 196 196 195 196 196 197 197 197 198 198 198 198 199 199 199 199 199 199 199 199 199 200 200 201 201 201 201 201 200 200 201 201 201 201 202 202 202 202 202 202 202 202 202 202 202 202 202 203 202 201 201 202 202 202 203 203 203 203 203 203 204 203 203 204 204 204 204 204 204 204 205 205 205 205 205 205 205 206 205 205 205 205 206 206 206 206 206 206 206 207 207 207 207 207 207 207 207 207 208 208 208 208 208 208 208 208 208 208 208 208 209 209 209 209 209 209 209 210 210 213 213 213 213 213 213 213 213 214 214 214 214 214 214 214 214 214 214 214 214 214 214 215 215 215 215 215 215 215 216 216 216 216 216 216 216 216 215 215 215 215 215 215 215 215 215 215 215 215 215 216 217 217 216 216 216 216 216 216 216 216 216 216 216 216 216 216 217 217 216 215 215 215 215 215 216 216 216 216 215 215 216 216 216 216 216 216 216 216 216 216 216 216 216 216 216 216 216 216 216 216 216 216 217 216 216 216 217 217 217 217 217 218 217 218 218 218 218 218 219 219 218 218 217 217 217 217 218 218 218 218 219 220 220 219 219 219 219 220 219 219 219 219 220 220 220 220 221 221 221 0 0 0 0 0 0 0 0 0 0 0 
0 0 0 0 0 0 0 0 0 0 0 0 0 0 0 0 0 0 0 0 0 0 0 0 0 0 0 0 0 0 0 0 0 0 0 0 0 0 0 0 0 0 0 0 0 0 0 0 0 0 0 0 0 0 0 0 0 0 0 0 0 0 0 0 0 0 0 0 0 0 0 0 0 0 0 0 0 0 0 0 0 0 0 0 0 0 0 0 0 0 0 0 0 0 0 0 0 0 183 183 183 183 183 182 183 183 183 183 183 184 185 185 184 183 184 184 185 185 186 187 187 186 186 187 187 188 188 188 188 189 189 188 188 189 189 189 190 190 190 190 190 190 189 190 190 190 190 190 190 190 190 191 191 191 191 191 191 191 192 192 192 192 192 192 192 193 193 193 193 193 193 193 193 192 192 192 192 192 192 193 193 193 193 194 194 194 194 194 194 194 193 193 193 193 193 194 194 193 194 194 194 194 195 195 195 194 194 194 194 194 195 194 194 195 195 195 196 196 196 196 197 196 196 196 195 195 196 196 197 198 198 198 198 198 199 199 199 199 199 199 199 198 199 200 200 200 200 201 201 201 200 200 200 201 201 201 201 202 202 202 202 202 202 202 202 203 203 202 202 203 203 202 202 201 201 202 201 202 202 203 203 202 203 203 203 204 204 204 204 204 204 205 205 205 205 205 205 205 205 205 206 206 205 205 205 206 206 206 206 206 206 206 207 207 207 207 207 207 207 207 207 207 207 208 208 208 208 208 208 208 208 209 209 209 209 209 209 209 209 209 209 210 212 212 213 213 213 213 213 213 213 213 213 214 214 214 214 214 214 214 214 214 214 214 215 214 215 215 215 215 215 215 215 216 216 215 215 215 215 215 215 215 215 215 215 215 215 215 215 215 215 215 216 216 217 218 217 217 216 216 216 216 216 216 216 216 216 216 216 216 217 217 217 216 216 215 215 215 216 216 216 215 215 216 216 216 216 216 216 216 216 216 216 217 217 217 217 217 216 217 216 216 215 216 216 216 217 216 216 217 217 217 217 218 218 217 217 217 217 217 218 218 219 219 219 219 218 217 217 217 217 217 218 218 219 220 220 219 219 219 220 219 219 219 220 220 220 220 220 220 221 221 220 0 0 0 0 0 0 0 0 0 0 
0 0 0 0 0 0 0 0 0 0 0 0 0 0 0 0 0 0 0 0 0 0 0 0 0 0 0 0 0 0 0 0 0 0 0 0 0 0 0 0 0 0 0 0 0 0 0 0 0 0 0 0 0 0 0 0 0 0 0 0 0 0 0 0 0 0 0 0 0 0 0 0 0 0 0 0 0 0 0 0 0 0 0 0 0 0 0 0 0 0 0 0 0 0 0 0 0 0 184 184 183 183 183 182 182 183 182 183 184 185 185 184 183 183 184 185 185 186 186 187 186 186 186 186 187 188 188 188 189 189 189 188 188 189 189 190 190 190 190 190 190 190 190 190 190 190 190 190 190 190 190 191 191 191 191 191 191 192 192 192 192 192 192 192 192 192 192 192 192 193 193 193 193 192 192 192 192 192 192 192 192 193 193 194 194 194 194 194 194 194 194 194 193 193 193 194 194 194 194 193 194 194 194 195 195 195 194 194 194 195 195 194 194 195 195 196 196 196 196 196 196 196 196 196 196 195 195 196 196 197 197 197 197 198 198 198 198 198 199 199 198 198 199 199 199 200 200 200 201 201 201 200 200 200 201 201 201 202 202 202 202 202 202 202 201 202 202 202 202 203 203 203 202 202 202 203 202 201 201 202 202 202 203 203 203 204 204 204 204 204 204 204 205 205 205 205 205 205 205 205 206 206 206 205 205 205 205 206 206 206 206 206 206 207 207 207 207 207 208 208 207 207 208 208 208 208 209 208 208 208 208 208 209 209 208 209 209 209 209 209 209 209 212 212 212 213 213 213 213 213 213 213 213 213 214 214 214 214 214 214 214 214 214 214 214 214 214 214 214 215 214 215 215 215 215 215 215 215 215 215 215 215 215 215 215 215 216 216 215 215 215 215 216 216 216 217 218 218 217 216 216 216 216 216 216 216 216 216 216 216 217 218 217 216 215 215 215 215 215 216 216 216 216 216 216 216 216 216 216 216 216 216 217 217 217 217 218 218 217 217 217 216 216 216 216 216 216 217 216 217 217 217 217 217 217 218 218 218 217 217 217 218 218 218 218 219 219 219 218 217 217 217 217 217 218 219 220 219 218 219 220 219 219 220 220 220 220 219 220 220 221 221 220 220 220 220 220 220 220 0 0 0 0 
0 0 0 0 0 0 0 0 0 0 0 0 0 0 0 0 0 0 0 0 0 0 0 0 0 0 0 0 0 0 0 0 0 0 0 0 0 0 0 0 0 0 0 0 0 0 0 0 0 0 0 0 0 0 0 0 0 0 0 0 0 0 0 0 0 0 0 0 0 0 0 0 0 0 0 0 0 0 0 0 0 0 0 0 0 0 0 0 0 0 0 0 0 0 0 0 0 0 184 183 183 184 183 183 183 183 183 183 183 184 184 183 183 183 184 185 185 185 185 186 185 186 186 186 186 187 187 188 189 189 189 189 189 190 190 190 190 190 190 190 190 190 190 190 190 190 190 190 191 191 191 191 190 191 191 191 191 192 192 192 192 192 192 192 192 192 192 192 192 193 193 193 193 193 193 193 192 192 191 191 192 193 193 194 193 193 193 193 193 194 194 194 194 194 194 194 194 194 194 194 194 194 194 194 194 194 194 194 194 194 194 195 195 195 195 195 196 196 196 196 195 195 195 196 196 195 195 195 196 197 196 197 197 198 198 198 198 198 198 198 198 199 199 200 200 200 201 201 201 201 201 200 200 200 201 201 202 202 202 203 203 203 203 202 202 202 201 202 203 203 203 202 202 202 202 203 203 202 202 202 202 202 203 203 203 204 204 204 204 204 204 204 204 204 204 205 205 205 205 205 205 206 206 205 205 205 206 206 206 206 206 206 206 206 207 207 206 207 207 208 208 207 208 208 208 209 209 208 208 208 208 208 208 209 209 209 209 209 209 209 209 209 212 212 212 212 212 213 213 213 213 213 213 213 213 214 214 214 214 214 214 214 214 214 214 214 214 214 214 214 214 215 215 215 215 215 215 215 215 215 215 216 216 215 215 216 216 216 216 216 216 216 216 216 216 216 216 216 217 217 217 217 216 216 216 216 216 216 216 216 217 218 217 216 215 215 215 215 215 216 216 216 216 216 216 216 216 216 216 217 217 217 217 217 217 217 218 218 218 218 218 217 217 217 216 216 216 217 217 216 217 217 217 217 217 218 218 218 218 217 218 218 218 217 218 218 218 219 219 218 218 218 217 218 218 219 219 219 219 218 219 219 219 219 220 220 220 219 220 220 220 220 219 219 220 220 220 220 220 220 220 0 0 
0 0 0 0 0 0 0 0 0 0 0 0 0 0 0 0 0 0 0 0 0 0 0 0 0 0 0 0 0 0 0 0 0 0 0 0 0 0 0 0 0 0 0 0 0 0 0 0 0 0 0 0 0 0 0 0 0 0 0 0 0 0 0 0 0 0 0 0 0 0 0 0 0 0 0 0 0 0 0 0 0 0 0 0 0 0 0 0 0 0 0 0 0 0 0 0 0 0 0 0 184 184 184 184 184 183 183 183 183 183 183 183 183 183 183 184 184 184 185 185 185 185 186 186 187 187 187 187 188 188 189 189 190 190 190 189 190 190 190 190 190 190 190 190 190 191 191 191 191 191 191 191 191 191 191 191 191 191 192 192 192 192 192 193 192 192 192 193 193 193 193 193 193 193 193 193 193 192 192 192 192 191 192 193 193 193 193 193 193 193 194 194 193 193 193 194 194 194 194 194 194 194 194 195 194 194 194 194 194 194 194 195 195 195 195 196 196 196 196 196 196 196 196 196 195 195 195 195 195 196 196 196 197 197 198 198 198 198 198 198 198 199 200 200 201 200 200 201 201 201 201 200 200 201 201 201 202 202 203 202 202 202 203 203 202 202 201 202 203 203 203 202 203 202 202 203 203 203 203 202 202 202 202 202 203 203 203 204 204 204 204 204 204 205 205 205 205 205 205 205 205 205 205 205 205 205 205 206 206 206 206 206 206 206 207 207 207 206 207 207 208 208 208 208 208 209 208 208 208 208 208 208 208 209 209 209 209 209 209 209 209 209 212 212 212 212 212 212 213 213 213 213 213 213 213 213 214 214 214 214 214 214 214 214 214 214 214 214 214 214 215 215 215 215 215 215 215 215 215 215 215 215 215 215 215 215 215 215 216 216 216 216 216 216 216 216 216 216 216 216 218 218 218 217 216 216 216 215 215 216 217 218 218 217 216 215 215 215 215 215 216 216 216 216 216 216 216 216 216 216 217 217 218 218 218 218 218 217 218 218 218 218 217 218 218 217 217 217 217 216 217 217 217 217 217 217 218 218 218 218 219 218 218 218 218 218 218 218 218 218 218 218 217 218 218 219 219 219 219 219 218 219 219 219 220 220 220 219 220 220 220 220 219 219 219 220 219 220 220 221 221 221 221 
0 0 0 0 0 0 0 0 0 0 0 0 0 0 0 0 0 0 0 0 0 0 0 0 0 0 0 0 0 0 0 0 0 0 0 0 0 0 0 0 0 0 0 0 0 0 0 0 0 0 0 0 0 0 0 0 0 0 0 0 0 0 0 0 0 0 0 0 0 0 0 0 0 0 0 0 0 0 0 0 0 0 0 0 0 0 0 0 0 0 0 0 0 0 0 0 0 0 0 0 0 0 0 0 184 184 183 183 183 183 183 183 183 183 184 185 185 185 186 186 186 187 187 187 186 187 187 188 188 188 189 189 190 189 189 189 190 190 190 190 190 190 190 190 190 190 191 191 191 191 191 191 191 191 191 191 191 191 192 192 192 192 192 192 192 192 193 193 193 193 193 193 193 193 193 193 193 193 193 193 192 192 191 191 192 193 193 193 192 193 193 193 193 193 193 193 194 194 194 194 194 194 194 194 194 194 194 194 194 195 195 195 195 195 196 196 196 195 195 195 195 195 195 195 195 196 196 196 195 195 196 197 197 197 198 198 197 198 198 199 199 199 199 199 200 199 200 200 200 201 201 201 201 200 201 202 202 202 202 202 201 202 203 203 202 202 202 202 203 203 203 202 202 202 202 203 203 203 203 203 203 202 202 203 203 202 203 203 203 204 204 204 204 205 205 205 205 205 205 205 205 205 205 205 205 205 205 205 206 206 206 206 206 206 207 207 207 206 207 207 207 207 208 208 209 208 208 208 208 208 208 208 208 208 209 209 209 209 210 209 209 209 211 212 212 212 212 212 213 213 213 213 213 213 213 213 213 213 214 214 214 214 214 214 214 214 214 214 214 214 215 215 215 215 215 215 215 215 215 215 215 215 215 215 215 215 215 215 215 215 215 215 216 215 216 215 216 216 216 216 217 218 219 219 218 217 217 216 216 216 217 218 219 218 216 215 215 215 215 216 216 216 217 217 217 217 217 217 217 217 217 217 217 217 218 218 218 217 217 217 217 217 217 217 217 218 218 217 217 217 216 217 217 217 217 217 217 217 218 218 219 218 218 218 218 218 218 218 218 217 217 218 218 217 217 218 218 219 219 219 219 218 219 219 220 220 219 219 220 220 220 219 219 218 219 219 219 220 220 220 220 221 0 
0 0 0 0 0 0 0 0 0 0 0 0 0 0 0 0 0 0 0 0 0 0 0 0 0 0 0 0 0 0 0 0 0 0 0 0 0 0 0 0 0 0 0 0 0 0 0 0 0 0 0 0 0 0 0 0 0 0 0 0 0 0 0 0 0 0 0 0 0 0 0 0 0 0 0 0 0 0 0 0 0 0 0 0 0 0 0 0 0 0 0 0 0 0 0 0 0 0 0 0 0 0 0 0 185 185 184 0 0 184 184 184 184 184 184 184 184 185 185 186 185 186 186 186 186 186 187 187 187 188 189 189 190 190 190 190 189 190 190 190 190 190 190 190 190 190 191 191 191 191 191 191 191 191 191 191 191 191 192 192 192 192 192 192 192 192 192 192 193 193 193 192 193 193 193 193 194 193 193 193 193 193 192 191 191 191 192 192 192 192 192 192 193 193 193 193 193 194 194 194 194 194 194 194 194 194 194 194 194 195 195 195 195 195 196 196 196 195 195 195 195 195 195 195 196 196 196 196 195 195 196 196 196 197 197 198 197 198 199 199 199 198 199 199 199 200 200 200 200 201 201 201 200 201 201 201 201 201 201 201 201 201 202 202 202 202 202 201 202 203 203 203 202 202 202 202 203 203 203 203 203 203 202 203 203 203 203 203 203 203 203 204 204 204 204 204 205 205 205 205 205 205 205 205 205 205 205 205 206 206 206 207 207 206 207 207 206 206 206 207 207 207 208 208 209 208 208 208 208 208 209 208 208 208 209 209 210 210 210 210 209 209 211 212 212 212 212 212 213 213 213 213 213 213 213 213 213 213 214 214 214 214 214 214 214 214 214 214 214 214 215 214 214 215 215 215 215 215 215 215 215 215 215 215 216 215 215 215 215 215 215 215 215 215 215 215 215 216 216 216 216 217 218 219 219 219 219 218 217 216 218 219 219 218 217 217 216 215 215 215 216 216 216 217 217 217 217 217 217 217 217 217 217 217 217 217 217 217 217 217 217 217 217 217 217 217 217 217 217 217 217 217 217 217 217 217 217 217 217 217 218 218 218 218 219 219 219 219 219 218 217 217 217 217 217 217 217 218 218 219 218 219 220 220 219 219 219 219 219 220 220 220 218 218 218 218 219 219 219 220 220 0 0 
0 0 0 0 0 0 0 0 0 0 0 0 0 0 0 0 0 0 0 0 0 0 0 0 0 0 0 0 0 0 0 0 0 0 0 0 0 0 0 0 0 0 0 0 0 0 0 0 0 0 0 0 0 0 0 0 0 0 0 0 0 0 0 0 0 0 0 0 0 0 0 0 0 0 0 0 0 0 0 0 0 0 0 0 0 0 0 0 0 0 0 0 0 0 0 0 0 0 0 0 0 0 0 0 0 0 0 0 0 0 0 184 185 0 0 184 184 184 184 184 185 185 185 186 186 187 188 188 188 188 189 189 189 190 190 189 189 190 190 190 190 190 190 190 190 190 191 191 191 191 191 191 191 190 191 191 191 191 191 192 192 192 192 192 192 192 192 193 192 192 193 193 193 193 193 193 193 193 194 194 193 193 193 192 192 191 191 191 192 191 191 192 192 192 193 193 193 193 194 194 194 194 194 194 194 194 194 194 194 194 195 195 195 195 195 195 196 196 196 195 195 195 196 195 196 197 197 196 195 195 195 196 196 197 197 197 197 198 198 198 198 198 199 199 200 200 200 200 201 201 201 201 201 201 201 201 201 201 201 202 202 202 201 201 201 201 201 201 202 203 203 203 202 202 202 202 203 203 203 203 203 203 202 203 203 203 203 203 203 203 203 203 204 204 204 204 204 204 204 205 205 205 205 205 205 205 205 205 205 206 206 207 207 207 207 207 206 206 207 207 207 207 208 208 208 208 209 209 208 208 209 209 208 208 208 209 210 210 210 209 209 210 212 212 212 212 212 212 213 213 213 213 213 213 213 213 213 214 214 214 214 214 214 214 214 214 214 214 214 214 214 214 214 215 215 215 215 215 215 215 215 215 215 215 215 215 215 215 215 215 215 215 215 215 215 215 216 215 216 216 216 216 216 218 219 219 219 219 219 218 219 219 219 219 218 218 217 216 215 215 215 216 216 217 218 218 218 218 218 218 218 218 218 217 217 217 217 217 217 217 217 217 217 217 217 217 217 217 217 217 217 217 217 217 217 217 217 217 217 217 217 217 217 218 218 218 219 219 219 219 218 217 217 217 217 217 217 217 217 218 218 218 219 219 219 218 219 219 220 220 220 220 219 218 219 219 219 219 219 220 220 0 0 
0 0 0 0 0 0 0 0 0 0 0 0 0 0 0 0 0 0 0 0 0 0 0 0 0 0 0 0 0 0 0 0 0 0 0 0 0 0 0 0 0 0 0 0 0 0 0 0 0 0 0 0 0 0 0 0 0 0 0 0 0 0 0 0 0 0 0 0 0 0 0 0 0 0 0 0 0 0 0 0 0 0 0 0 0 0 0 0 0 0 0 0 0 0 0 0 0 0 0 0 0 0 0 0 0 0 0 0 0 0 0 0 0 0 0 0 184 185 185 185 185 185 186 187 187 187 188 188 187 188 189 189 189 189 189 189 190 190 190 190 190 190 190 190 190 190 191 191 191 191 191 191 191 191 191 191 191 191 192 192 192 192 192 192 192 192 192 192 192 193 193 193 193 193 193 193 193 193 193 194 193 194 194 194 193 192 192 192 193 193 193 192 191 192 192 192 193 193 194 194 194 194 194 194 194 194 194 194 194 194 194 195 195 195 196 196 196 196 196 195 196 196 195 195 196 196 196 195 195 195 196 196 196 197 197 197 197 198 198 198 198 198 199 200 200 199 200 200 201 201 201 201 202 202 201 201 202 201 202 202 202 201 201 201 202 202 202 201 202 202 202 203 203 202 202 202 203 204 204 203 203 203 203 203 203 203 203 203 203 203 203 203 203 204 204 204 204 204 204 204 204 204 204 204 205 205 205 206 206 206 206 206 207 206 206 206 206 206 207 207 207 208 208 207 208 208 208 209 209 209 209 209 208 208 208 209 210 210 209 210 210 210 212 212 212 212 212 212 213 213 213 213 213 213 213 213 213 214 214 214 214 214 214 214 214 214 214 214 214 214 214 214 214 214 214 215 215 215 215 215 216 215 215 216 216 216 215 215 215 215 215 216 215 215 215 215 216 216 216 216 216 216 216 216 218 219 219 219 219 219 219 219 219 219 219 219 218 217 216 215 215 215 216 216 216 217 218 218 218 218 218 218 217 217 217 217 217 217 217 217 217 217 217 217 217 217 217 217 217 217 217 217 217 217 217 217 217 217 217 217 217 217 217 217 217 218 218 218 219 219 219 218 218 218 218 217 217 217 217 217 217 217 218 218 218 218 219 219 219 219 219 219 218 218 219 218 219 219 219 219 219 220 0 
0 0 0 0 0 0 0 0 0 0 0 0 0 0 0 0 0 0 0 0 0 0 0 0 0 0 0 0 0 0 0 0 0 0 0 0 0 0 0 0 0 0 0 0 0 0 0 0 0 0 0 0 0 0 0 0 0 0 0 0 0 0 0 0 0 0 0 0 0 0 0 0 0 0 0 0 0 0 0 0 0 0 0 0 0 0 0 0 0 0 0 0 0 0 0 0 0 0 0 0 0 0 0 0 0 0 0 0 0 0 0 0 0 0 0 0 184 185 186 186 186 186 186 187 187 188 188 188 187 188 188 189 189 189 189 189 190 190 190 190 190 190 190 190 190 190 191 191 191 191 191 191 191 191 191 191 191 191 192 192 192 192 192 192 192 192 192 192 192 192 193 193 192 192 192 193 193 193 193 193 193 194 194 194 194 193 193 193 193 193 193 193 192 192 192 192 193 193 193 193 193 194 194 193 193 194 194 194 194 194 195 194 195 195 195 196 196 196 196 196 196 196 196 196 196 196 196 196 195 196 196 196 196 196 196 197 198 198 198 197 198 198 199 199 199 199 200 200 200 201 201 201 202 202 202 201 201 201 202 202 202 202 202 202 203 202 202 201 201 202 202 203 203 203 203 202 203 204 204 203 203 203 203 203 203 203 203 203 203 203 203 203 203 203 203 204 204 204 204 204 204 204 204 204 204 205 205 206 206 206 206 206 207 206 207 206 206 206 207 207 207 207 207 207 207 208 208 209 209 209 209 209 209 209 209 209 210 210 210 210 210 210 212 212 212 212 212 212 212 213 213 213 213 213 213 213 213 213 213 213 214 214 214 214 214 214 214 214 214 214 214 214 214 214 214 214 215 215 215 215 215 215 215 216 216 216 216 216 215 215 215 215 215 215 215 215 215 216 216 216 216 216 216 216 216 218 219 219 219 219 219 219 219 219 219 218 218 217 217 216 215 215 216 216 216 216 217 217 217 218 218 217 217 217 217 217 217 217 217 217 217 217 217 217 217 217 217 217 217 217 217 217 217 217 217 217 217 217 217 217 217 217 217 217 217 218 218 218 218 218 219 219 219 219 218 219 219 219 219 218 218 218 217 217 218 218 218 218 219 219 219 219 218 218 218 218 219 218 218 219 219 0 0 
0 0 0 0 0 0 0 0 0 0 0 0 0 0 0 0 0 0 0 0 0 0 0 0 0 0 0 0 0 0 0 0 0 0 0 0 0 0 0 0 0 0 0 0 0 0 0 0 0 0 0 0 0 0 0 0 0 0 0 0 0 0 0 0 0 0 0 0 0 0 0 0 0 0 0 0 0 0 0 0 0 0 0 0 0 0 0 0 0 0 0 0 0 0 0 0 0 0 0 0 0 0 0 0 0 0 0 0 0 0 0 0 0 0 0 183 184 185 186 186 186 187 187 187 187 188 188 188 187 188 188 189 189 189 189 189 190 190 190 190 190 190 190 190 190 190 190 191 191 191 191 191 191 191 191 191 191 191 192 192 192 192 192 192 191 191 191 191 192 192 192 192 192 192 193 193 193 193 193 193 193 193 194 194 194 194 194 193 193 193 192 192 192 192 192 192 192 192 193 193 193 193 193 193 194 194 194 194 194 194 195 195 195 195 195 195 196 196 196 196 197 197 196 196 196 197 196 196 196 196 196 196 196 196 196 197 197 197 198 197 197 198 198 199 198 199 199 200 200 201 200 200 201 202 202 202 201 202 202 202 202 203 203 203 203 203 202 202 201 202 202 203 204 204 203 203 203 204 204 204 203 203 203 203 203 203 203 203 203 203 203 203 203 203 203 203 203 204 204 204 204 204 205 205 204 205 205 205 206 206 206 206 207 207 207 207 206 206 207 207 207 207 207 207 207 207 207 208 209 209 208 209 209 209 209 209 210 210 210 210 209 209 211 211 212 212 212 212 212 213 213 213 213 213 213 213 213 213 213 213 213 214 214 214 214 214 214 214 214 214 214 214 214 214 214 214 215 214 215 215 215 215 215 215 215 216 216 216 215 216 215 215 216 215 215 215 215 215 216 216 216 216 216 216 216 218 218 219 219 219 219 219 219 219 218 218 218 217 217 217 216 216 216 216 216 216 216 217 217 217 217 217 217 217 217 217 217 217 217 217 217 217 216 217 217 217 217 217 217 217 217 217 217 217 217 217 217 217 217 217 217 217 217 217 217 218 218 218 218 218 218 218 218 218 219 218 218 219 219 219 219 219 218 217 217 218 218 218 218 218 219 219 218 219 219 218 218 218 219 219 219 0 0 
0 0 0 0 0 0 0 0 0 0 0 0 0 0 0 0 0 0 0 0 0 0 0 0 0 0 0 0 0 0 0 0 0 0 0 0 0 0 0 0 0 0 0 0 0 0 0 0 0 0 0 0 0 0 0 0 0 0 0 0 0 0 0 0 0 0 0 0 0 0 0 0 0 0 0 0 0 0 0 0 0 0 0 0 0 0 0 0 0 0 0 0 0 0 0 0 0 0 0 0 0 0 0 0 0 0 0 0 0 0 0 0 0 0 0 0 185 185 185 185 185 186 187 187 187 188 188 188 187 187 188 189 189 189 189 189 189 190 190 190 190 190 190 190 190 190 190 191 191 191 191 191 191 191 191 191 191 191 192 192 192 192 192 192 192 191 191 191 192 192 192 192 192 192 193 193 193 193 193 193 193 193 193 194 194 194 193 192 192 192 192 192 192 192 192 192 192 193 193 193 193 193 193 193 193 194 194 194 194 194 194 195 195 195 196 196 196 196 197 197 197 197 196 196 197 197 196 196 196 196 197 196 196 196 196 196 196 197 197 197 198 198 198 198 198 199 199 200 200 200 200 201 201 202 203 203 203 203 203 203 202 202 202 203 203 203 202 202 202 202 202 203 204 204 204 203 203 203 203 203 204 203 203 203 202 203 203 203 203 203 203 203 203 203 203 204 203 203 204 204 204 204 205 205 205 205 205 205 205 206 206 206 206 207 207 206 206 206 206 207 207 207 207 208 208 208 208 208 209 209 208 208 208 208 209 209 209 209 209 209 209 209 212 212 212 212 212 212 212 212 212 212 213 213 213 213 213 213 213 213 213 213 214 214 214 214 214 214 214 214 214 214 214 214 214 214 214 214 214 215 215 215 215 215 215 215 216 216 216 216 216 216 216 215 215 215 215 215 215 216 216 216 216 216 216 216 217 218 218 218 218 219 219 219 219 219 218 217 217 216 216 216 216 216 216 217 217 217 217 217 217 217 217 217 217 218 217 217 217 217 217 217 216 216 216 217 217 217 217 217 217 217 217 217 217 217 217 217 217 217 217 217 217 217 217 217 217 218 218 218 218 218 218 218 218 218 218 218 218 218 219 219 219 218 218 217 218 218 219 219 219 219 218 218 219 219 219 219 218 219 219 0 0 
0 0 0 0 0 0 0 0 0 0 0 0 0 0 0 0 0 0 0 0 0 0 0 0 0 0 0 0 0 0 0 0 0 0 0 0 0 0 0 0 0 0 0 0 0 0 0 0 0 0 0 0 0 0 0 0 0 0 0 0 0 0 0 0 0 0 0 0 0 0 0 0 0 0 0 0 0 0 0 0 0 0 0 0 0 0 0 0 0 0 0 0 0 0 0 0 0 0 0 0 0 0 0 0 0 0 0 0 0 0 0 0 0 0 0 0 0 0 184 185 185 186 187 187 188 188 188 188 188 187 188 188 189 189 189 189 190 190 190 190 190 190 190 190 190 190 191 191 191 191 191 191 191 191 191 191 191 192 192 192 192 192 192 192 192 192 191 192 192 192 192 192 192 192 193 193 193 193 193 193 193 193 193 193 193 193 192 192 192 192 192 192 192 193 193 193 193 193 193 193 193 193 193 194 194 194 194 194 194 194 194 195 194 195 195 196 196 196 196 196 197 197 197 197 196 197 197 197 197 197 197 197 196 196 196 196 196 197 197 197 198 198 198 198 199 199 199 199 199 199 200 201 202 202 202 202 202 203 203 203 202 202 202 202 202 203 203 202 203 203 203 204 203 203 204 204 203 203 204 203 203 203 203 203 203 202 202 203 203 203 203 203 203 203 204 204 203 203 204 204 204 204 205 205 205 205 205 205 205 205 206 206 206 206 206 206 206 207 207 206 207 207 207 207 208 208 208 208 208 208 208 208 208 208 208 209 209 209 209 209 209 209 211 212 212 212 212 212 212 212 212 212 213 213 213 213 213 213 213 213 213 213 213 213 213 214 214 214 214 214 214 214 214 214 214 214 214 214 214 214 214 215 215 215 215 215 216 216 216 216 216 216 216 215 216 215 215 215 215 215 216 216 216 216 216 216 216 216 216 217 218 219 219 219 219 219 218 218 217 216 216 216 216 216 216 217 217 217 216 217 217 217 217 217 217 217 217 217 217 217 217 217 217 217 217 216 217 217 217 217 217 217 217 217 217 217 217 217 217 217 217 217 217 217 217 217 217 217 217 217 218 218 218 218 218 218 218 218 218 218 218 218 219 219 218 218 218 218 218 218 219 219 218 218 218 218 218 218 218 219 0 0 0 
0 0 0 0 0 0 0 0 0 0 0 0 0 0 0 0 0 0 0 0 0 0 0 0 0 0 0 0 0 0 0 0 0 0 0 0 0 0 0 0 0 0 0 0 0 0 0 0 0 0 0 0 0 0 0 0 0 0 0 0 0 0 0 0 0 0 0 0 0 0 0 0 0 0 0 0 0 0 0 0 0 0 0 0 0 0 0 0 0 0 0 0 0 0 0 0 0 0 0 0 0 0 0 0 0 0 0 0 0 0 0 0 0 0 0 0 0 0 0 0 0 0 186 187 187 188 188 188 188 187 188 188 188 188 189 189 189 189 190 190 190 190 190 190 190 190 190 190 191 191 191 191 191 191 191 191 191 192 192 192 192 192 192 192 192 192 192 192 192 192 192 192 192 192 192 193 193 193 193 193 193 193 194 194 194 193 193 192 192 192 193 193 192 193 194 193 193 193 193 193 193 193 194 194 194 194 194 194 194 194 194 194 195 195 195 195 195 196 196 196 196 196 197 197 196 197 198 197 198 198 198 197 197 196 196 196 196 196 197 197 198 198 198 198 199 199 199 199 199 200 200 201 202 202 202 201 202 203 204 203 203 203 203 202 202 202 203 204 203 204 204 203 203 203 204 204 204 204 204 204 203 203 203 203 203 203 203 203 203 203 203 203 203 203 204 204 203 203 203 204 205 205 205 205 205 205 205 205 205 205 206 206 206 206 206 206 207 207 207 207 207 207 207 207 207 208 208 208 208 208 208 208 208 208 208 209 209 209 209 209 209 209 211 211 212 212 212 212 212 212 213 213 213 213 213 213 213 213 213 213 213 213 213 213 213 214 214 214 214 214 214 214 214 214 214 214 214 214 214 214 214 214 214 215 215 215 215 215 215 216 216 216 216 216 216 215 215 215 215 215 215 215 216 216 216 215 215 216 215 216 217 218 218 219 219 219 218 218 217 217 217 216 216 216 216 216 217 217 216 217 216 217 217 217 217 217 217 217 217 217 217 217 217 217 217 216 216 217 217 217 217 216 217 217 217 217 217 217 217 217 217 217 217 217 217 217 217 217 217 217 218 218 218 218 218 218 217 217 217 217 217 218 218 218 219 219 218 218 218 218 218 218 218 218 218 218 218 218 218 218 0 0 0 
0 0 0 0 0 0 0 0 0 0 0 0 0 0 0 0 0 0 0 0 0 0 0 0 0 0 0 0 0 0 0 0 0 0 0 0 0 0 0 0 0 0 0 0 0 0 0 0 0 0 0 0 0 0 0 0 0 0 0 0 0 0 0 0 0 0 0 0 0 0 0 0 0 0 0 0 0 0 0 0 0 0 0 0 0 0 0 0 0 0 0 0 0 0 0 0 0 0 0 0 0 0 0 0 0 0 0 0 0 0 0 0 0 0 0 0 0 0 0 0 0 0 186 186 187 0 0 188 188 188 188 188 188 188 189 189 190 0 0 190 190 190 190 190 190 190 190 190 191 191 191 191 191 191 191 191 192 192 192 192 192 192 192 192 192 192 192 192 192 192 192 192 192 192 193 193 193 193 193 193 193 193 194 194 194 194 193 193 192 192 193 193 192 193 193 193 192 193 193 193 193 193 193 193 194 194 194 194 194 194 194 194 195 195 195 196 195 195 196 196 196 196 196 196 196 196 196 196 197 197 197 198 197 197 196 196 196 196 197 197 198 198 198 199 199 199 199 199 200 200 201 200 201 201 201 201 202 203 203 203 204 204 203 203 202 202 202 203 203 203 203 203 203 203 203 204 204 204 204 204 204 203 203 203 203 203 203 203 203 203 203 203 203 203 204 204 204 203 203 204 205 205 205 205 205 205 205 205 205 205 205 206 206 206 206 206 207 207 207 207 207 207 207 207 207 208 208 207 207 208 208 208 208 208 208 209 208 208 209 209 209 209 211 211 212 212 212 212 212 212 212 213 213 213 213 213 213 213 213 213 213 213 213 213 213 213 214 214 214 214 214 214 214 214 214 214 214 214 214 214 214 214 215 215 215 215 215 215 215 215 215 216 216 216 216 215 215 215 215 215 215 216 216 216 216 215 215 215 216 216 216 216 216 217 218 218 218 218 217 217 216 216 216 216 216 217 216 216 216 216 216 217 217 217 217 217 217 218 218 217 218 218 217 217 217 216 216 217 217 217 217 217 216 217 217 217 217 217 217 217 217 217 217 217 217 217 217 217 217 217 218 218 218 218 218 218 218 218 217 217 217 217 217 217 218 218 219 219 219 218 218 218 218 218 218 218 218 218 0 0 0 0 0 
0 0 0 0 0 0 0 0 0 0 0 0 0 0 0 0 0 0 0 0 0 0 0 0 0 0 0 0 0 0 0 0 0 0 0 0 0 0 0 0 0 0 0 0 0 0 0 0 0 0 0 0 0 0 0 0 0 0 0 0 0 0 0 0 0 0 0 0 0 0 0 0 0 0 0 0 0 0 0 0 0 0 0 0 0 0 0 0 0 0 0 0 0 0 0 0 0 0 0 0 0 0 0 0 0 0 0 0 0 0 0 0 0 0 0 0 0 0 0 0 0 0 186 0 0 0 0 0 0 0 187 188 188 188 189 0 0 0 0 190 190 190 190 190 190 190 190 190 191 191 191 191 191 191 191 192 192 192 192 192 192 192 192 192 192 192 192 192 192 192 192 192 192 192 192 192 192 192 193 193 193 193 193 193 194 194 193 193 192 192 193 193 192 192 193 193 192 193 193 193 194 194 194 193 194 194 194 194 194 194 195 194 194 195 195 195 196 196 196 197 197 197 197 196 196 197 197 196 196 196 197 198 197 197 197 197 196 196 197 197 197 197 198 198 198 199 199 200 200 200 200 200 200 200 201 201 202 202 202 203 203 203 203 203 202 202 202 203 203 203 203 203 203 203 203 203 203 203 204 204 204 203 203 203 203 203 204 203 203 203 203 203 203 203 204 204 204 204 203 204 205 205 205 205 205 205 205 205 205 205 205 205 206 206 206 206 206 207 207 207 207 207 207 207 207 207 207 207 207 208 208 208 208 208 208 208 208 208 209 209 209 209 211 212 212 212 212 212 212 212 212 212 212 212 212 213 213 213 212 213 213 213 213 213 213 213 213 214 214 214 214 214 214 214 214 214 214 214 214 214 214 214 214 214 214 215 215 215 215 215 215 215 216 216 216 216 216 216 216 215 216 216 216 216 215 215 215 215 216 216 215 216 216 216 217 218 218 218 217 217 217 216 216 216 216 216 216 216 216 216 217 217 217 217 217 217 217 217 217 217 217 218 217 217 217 217 217 217 217 217 217 217 217 216 216 217 217 217 217 217 217 217 217 217 217 217 217 217 217 218 218 218 218 218 218 218 218 217 217 217 217 217 217 217 217 217 218 219 219 219 218 218 217 218 218 218 218 0 0 0 0 0 0 
0 0 0 0 0 0 0 0 0 0 0 0 0 0 0 0 0 0 0 0 0 0 0 0 0 0 0 0 0 0 0 0 0 0 0 0 0 0 0 0 0 0 0 0 0 0 0 0 0 0 0 0 0 0 0 0 0 0 0 0 0 0 0 0 0 0 0 0 0 0 0 0 0 0 0 0 0 0 0 0 0 0 0 0 0 0 0 0 0 0 0 0 0 0 0 0 0 0 0 0 0 0 0 0 0 0 0 0 0 0 0 0 0 0 0 0 0 0 0 0 0 0 0 0 0 0 0 0 0 0 0 0 0 0 0 0 0 0 0 190 190 190 190 190 190 190 190 190 190 191 191 191 191 191 191 192 192 192 192 192 192 192 192 192 192 192 192 192 192 192 192 192 192 192 192 192 193 192 193 193 193 193 193 193 193 193 193 193 193 193 193 192 192 193 193 192 193 193 193 192 193 194 193 193 193 194 194 195 194 195 195 195 195 195 195 195 196 196 196 196 196 196 196 196 197 197 197 197 196 196 196 197 197 197 197 197 197 197 197 197 197 197 198 198 198 198 199 199 200 200 200 200 200 201 202 202 202 202 202 203 202 203 203 203 202 202 202 203 203 202 203 203 204 204 203 203 203 203 204 204 204 203 203 203 203 203 204 203 204 204 203 203 203 203 204 204 204 204 204 204 204 204 204 204 205 205 205 206 206 206 205 205 206 205 205 206 206 206 206 206 207 207 207 207 207 207 207 207 207 208 208 208 208 208 208 208 208 208 208 209 209 209 211 212 212 212 212 212 212 212 212 212 212 212 212 212 212 212 213 213 213 213 213 213 214 214 213 213 214 214 214 214 214 214 214 214 214 214 214 214 214 214 214 214 214 214 214 215 215 215 215 215 215 215 216 216 216 216 216 216 216 216 216 216 215 215 215 215 216 216 216 216 216 216 216 216 217 217 217 217 217 217 217 216 216 216 216 216 216 216 217 217 217 217 217 217 217 217 217 217 217 217 217 216 216 216 216 217 217 217 217 217 217 217 216 217 217 217 217 217 217 217 217 217 217 217 217 217 217 218 218 218 218 218 218 218 218 217 217 217 217 217 217 217 217 217 217 217 218 218 219 218 217 217 0 0 0 0 0 0 0 0 0 
0 0 0 0 0 0 0 0 0 0 0 0 0 0 0 0 0 0 0 0 0 0 0 0 0 0 0 0 0 0 0 0 0 0 0 0 0 0 0 0 0 0 0 0 0 0 0 0 0 0 0 0 0 0 0 0 0 0 0 0 0 0 0 0 0 0 0 0 0 0 0 0 0 0 0 0 0 0 0 0 0 0 0 0 0 0 0 0 0 0 0 0 0 0 0 0 0 0 0 0 0 0 0 0 0 0 0 0 0 0 0 0 0 0 0 0 0 0 0 0 0 0 0 0 0 0 0 0 0 0 0 0 0 0 0 0 0 0 0 0 190 190 190 190 190 190 190 190 190 190 191 191 191 191 191 191 191 191 192 192 192 192 192 192 192 192 192 192 192 193 192 192 192 192 192 192 193 193 193 193 193 193 193 193 193 193 193 193 193 193 193 192 193 193 193 193 193 193 193 192 193 194 194 194 194 194 194 194 194 194 195 195 195 195 196 196 196 197 197 197 197 197 196 197 197 197 197 197 197 197 196 196 196 197 196 196 196 197 197 197 197 197 198 198 198 198 198 199 199 199 200 201 201 201 202 202 202 202 202 202 203 203 203 203 202 202 202 202 202 202 203 203 203 204 204 203 203 203 204 204 203 203 203 203 202 203 203 203 203 204 203 203 203 203 204 204 204 204 203 204 204 204 204 205 205 205 206 206 206 206 205 206 205 205 205 206 206 206 206 206 207 207 207 207 207 207 207 207 207 208 208 208 208 208 208 208 208 208 208 208 209 209 211 211 212 212 212 212 212 212 212 212 212 212 212 212 212 212 213 213 213 213 213 213 214 214 213 213 213 213 213 214 214 214 214 214 214 214 214 214 214 214 214 214 214 214 215 215 215 215 215 215 215 215 215 216 216 216 216 216 216 215 216 216 215 215 215 215 215 215 216 216 215 215 215 216 216 216 217 217 217 217 217 216 216 216 216 216 216 216 216 216 217 216 217 217 217 217 217 217 217 217 217 217 217 216 216 216 216 217 217 217 217 217 217 216 217 217 217 217 217 217 217 217 217 217 217 217 217 218 218 218 218 218 218 218 218 217 217 217 217 217 217 217 217 217 217 217 217 217 218 219 0 0 0 0 0 0 0 0 0 0 0 
0 0 0 0 0 0 0 0 0 0 0 0 0 0 0 0 0 0 0 0 0 0 0 0 0 0 0 0 0 0 0 0 0 0 0 0 0 0 0 0 0 0 0 0 0 0 0 0 0 0 0 0 0 0 0 0 0 0 0 0 0 0 0 0 0 0 0 0 0 0 0 0 0 0 0 0 0 0 0 0 0 0 0 0 0 0 0 0 0 0 0 0 0 0 0 0 0 0 0 0 0 0 0 0 0 0 0 0 0 0 0 0 0 0 0 0 0 0 0 0 0 0 0 0 0 0 0 0 0 0 0 0 0 0 0 0 0 0 0 0 190 190 190 190 190 190 190 190 191 190 190 191 191 191 191 191 191 191 192 192 192 192 192 192 192 192 192 192 192 192 192 192 193 193 193 193 193 193 193 193 193 193 193 193 193 193 193 193 193 193 192 192 193 193 194 193 193 193 193 192 193 194 194 194 194 194 194 194 195 195 195 195 195 195 196 196 197 197 197 197 198 197 197 197 197 197 196 196 196 196 197 197 197 197 197 197 197 197 197 197 197 197 197 198 198 199 199 199 200 200 201 201 201 201 202 202 202 202 202 202 203 203 203 203 203 202 202 202 203 202 202 202 203 203 203 203 203 203 204 204 204 203 203 203 202 202 203 202 203 203 203 203 204 203 204 204 204 204 204 203 204 204 205 205 205 206 206 206 206 206 206 206 206 206 206 206 206 206 206 206 206 206 206 207 207 207 207 207 207 208 208 208 208 208 208 208 208 208 208 208 208 208 211 211 212 212 212 212 212 212 212 212 212 212 212 212 212 212 212 213 213 213 213 213 213 213 213 213 213 213 213 214 214 214 214 214 214 214 214 214 214 214 214 214 214 214 215 215 215 215 215 215 215 215 215 216 216 216 216 216 216 215 215 216 215 215 215 215 215 215 216 215 216 216 216 216 216 216 216 216 217 217 217 217 217 216 216 216 216 216 216 216 217 216 216 216 217 217 217 217 217 217 217 217 217 217 217 216 216 216 217 217 217 217 216 216 216 217 217 217 217 217 217 217 217 217 217 217 217 217 217 217 218 218 218 218 218 217 217 217 217 217 217 217 217 217 217 217 217 217 217 217 0 0 0 0 0 0 0 0 0 0 0 
0 0 0 0 0 0 0 0 0 0 0 0 0 0 0 0 0 0 0 0 0 0 0 0 0 0 0 0 0 0 0 0 0 0 0 0 0 0 0 0 0 0 0 0 0 0 0 0 0 0 0 0 0 0 0 0 0 0 0 0 0 0 0 0 0 0 0 0 0 0 0 0 0 0 0 0 0 0 0 0 0 0 0 0 0 0 0 0 0 0 0 0 0 0 0 0 0 0 0 0 0 0 0 0 0 0 0 0 0 0 0 0 0 0 0 0 0 0 0 0 0 0 0 0 0 0 0 0 0 0 0 0 0 0 0 0 0 0 0 0 0 190 190 190 190 190 190 190 190 190 190 190 191 191 191 191 191 191 192 192 192 192 192 192 192 192 192 192 192 192 192 193 193 193 193 193 193 193 193 193 193 193 193 193 193 193 193 193 193 192 192 193 193 193 193 193 192 193 193 193 193 193 193 194 194 194 195 195 195 196 196 195 196 196 196 196 196 197 197 197 197 197 197 197 197 197 197 197 197 197 196 196 196 197 197 197 197 197 197 197 197 197 197 198 198 199 200 200 200 200 200 201 201 201 201 202 201 202 202 202 203 203 203 203 203 202 202 203 203 203 203 202 202 203 203 203 203 203 204 204 204 203 203 202 203 203 203 203 202 202 203 203 203 203 204 204 204 204 204 204 203 204 205 205 205 206 206 206 206 206 206 206 206 206 206 207 207 206 207 206 206 206 207 207 207 207 207 207 207 207 207 208 208 208 208 208 208 208 208 208 208 208 211 211 211 211 212 212 212 212 212 212 212 212 212 212 212 212 212 212 213 213 213 213 213 213 213 213 213 214 213 213 213 213 214 214 214 214 214 214 214 214 214 214 214 215 214 214 214 214 215 215 215 215 215 215 216 216 216 216 216 215 215 215 215 215 215 215 215 215 215 216 216 216 216 216 216 215 215 216 216 216 217 217 217 216 216 217 216 216 216 216 216 216 216 216 216 217 218 218 218 218 217 217 217 217 217 217 216 216 216 217 217 217 217 216 216 216 217 217 217 217 217 217 217 217 217 217 217 217 217 217 217 218 218 218 218 218 218 218 218 217 217 217 217 217 217 217 217 217 217 0 0 0 0 0 0 0 0 0 0 0 0 
0 0 0 0 0 0 0 0 0 0 0 0 0 0 0 0 0 0 0 0 0 0 0 0 0 0 0 0 0 0 0 0 0 0 0 0 0 0 0 0 0 0 0 0 0 0 0 0 0 0 0 0 0 0 0 0 0 0 0 0 0 0 0 0 0 0 0 0 0 0 0 0 0 0 0 0 0 0 0 0 0 0 0 0 0 0 0 0 0 0 0 0 0 0 0 0 0 0 0 0 0 0 0 0 0 0 0 0 0 0 0 0 0 0 0 0 0 0 0 0 0 0 0 0 0 0 0 0 0 0 0 0 0 0 0 0 0 0 0 0 0 190 190 190 190 190 190 190 190 190 190 191 191 191 191 191 191 191 191 192 192 192 192 192 192 192 192 192 192 192 192 192 192 193 192 192 193 193 193 193 193 193 193 193 193 193 192 192 192 193 193 193 193 193 193 193 193 193 193 193 193 194 194 194 194 194 194 195 195 195 196 196 196 196 196 196 196 196 197 197 197 197 197 197 197 197 196 197 197 197 197 196 196 196 196 196 197 197 196 197 197 197 197 198 198 199 199 199 199 200 200 201 201 201 201 202 202 201 202 202 202 202 202 203 203 203 203 202 202 202 202 202 202 203 203 203 203 203 204 204 204 203 203 203 203 203 204 203 203 203 203 203 203 204 204 204 204 204 205 204 203 204 204 205 205 205 205 205 205 205 206 206 206 207 206 207 207 207 207 207 206 206 207 207 207 207 207 207 207 207 207 207 208 208 208 208 208 208 208 208 208 208 211 211 211 211 211 212 212 212 212 212 212 212 212 212 212 212 212 212 213 213 213 213 213 213 213 213 214 213 213 213 213 213 214 214 214 214 214 214 214 214 214 214 214 214 214 214 214 214 214 214 215 215 215 215 215 216 216 216 216 215 215 215 215 215 215 215 215 215 215 215 216 216 216 216 215 215 215 216 216 216 216 216 216 217 216 216 216 216 216 216 216 216 216 216 216 216 217 217 217 217 218 217 217 217 217 217 217 216 216 216 217 217 217 216 216 216 217 217 217 217 217 217 217 216 217 217 217 217 217 217 217 217 217 218 217 218 218 217 217 217 217 218 217 217 217 217 217 217 217 0 0 0 0 0 0 0 0 0 0 0 0 
0 0 0 0 0 0 0 0 0 0 0 0 0 0 0 0 0 0 0 0 0 0 0 0 0 0 0 0 0 0 0 0 0 0 0 0 0 0 0 0 0 0 0 0 0 0 0 0 0 0 0 0 0 0 0 0 0 0 0 0 0 0 0 0 0 0 0 0 0 0 0 0 0 0 0 0 0 0 0 0 0 0 0 0 0 0 0 0 0 0 0 0 0 0 0 0 0 0 0 0 0 0 0 0 0 0 0 0 0 0 0 0 0 0 0 0 0 0 0 0 0 0 0 0 0 0 0 0 0 0 0 0 0 0 0 0 0 0 0 0 0 0 0 190 190 190 190 190 190 190 191 191 191 191 191 191 191 191 191 191 192 192 192 192 192 192 192 192 192 192 191 192 192 192 192 192 192 192 193 193 193 193 193 193 193 193 192 193 192 192 193 193 193 193 193 192 192 193 193 192 193 194 195 195 194 194 195 195 195 195 195 196 196 196 196 196 196 196 197 197 197 197 197 197 198 197 197 197 197 196 196 197 197 197 197 196 196 196 196 196 197 197 198 198 199 199 198 199 199 200 200 200 200 201 201 202 201 201 202 202 202 203 203 203 203 203 203 202 202 202 202 202 203 203 203 203 203 203 203 203 204 203 203 203 203 203 204 204 204 203 203 203 203 204 204 204 204 204 204 204 204 204 204 205 205 204 205 205 205 205 205 205 206 206 206 207 207 207 207 207 207 207 207 207 207 207 207 207 207 207 207 207 207 207 207 208 208 208 208 208 208 208 211 211 211 211 211 211 211 212 212 212 212 212 212 212 212 212 212 212 212 213 213 213 213 213 213 213 213 213 213 213 213 213 214 214 214 214 214 214 214 214 214 214 214 214 214 214 214 214 214 214 215 215 215 215 216 216 216 216 216 216 216 216 215 215 215 215 215 215 215 215 215 215 215 215 215 216 216 216 215 216 215 215 216 216 216 216 216 216 216 216 216 216 216 216 216 216 216 217 217 217 217 217 218 217 217 217 217 217 216 216 217 217 217 217 217 216 216 216 217 216 217 217 217 216 216 216 217 217 217 217 217 217 217 217 217 217 217 217 217 217 217 217 218 218 218 217 217 217 0 0 0 0 0 0 0 0 0 0 0 0 0 
0 0 0 0 0 0 0 0 0 0 0 0 0 0 0 0 0 0 0 0 0 0 0 0 0 0 0 0 0 0 0 0 0 0 0 0 0 0 0 0 0 0 0 0 0 0 0 0 0 0 0 0 0 0 0 0 0 0 0 0 0 0 0 0 0 0 0 0 0 0 0 0 0 0 0 0 0 0 0 0 0 0 0 0 0 0 0 0 0 0 0 0 0 0 0 0 0 0 0 0 0 0 0 0 0 0 0 0 0 0 0 0 0 0 0 0 0 0 0 0 0 0 0 0 0 0 0 0 0 0 0 0 0 0 0 0 0 0 0 0 0 0 0 0 191 190 190 190 190 191 191 191 191 191 191 191 191 191 191 192 191 192 192 192 192 192 192 192 191 191 192 192 192 192 192 193 193 192 192 193 193 193 193 193 193 193 193 193 192 192 192 193 193 193 193 192 193 193 193 193 193 193 194 194 194 194 194 194 194 194 195 195 195 195 196 196 197 197 197 196 196 196 196 196 197 197 197 197 197 197 197 196 197 197 196 196 196 196 196 196 196 197 197 197 198 198 198 199 199 199 199 200 200 201 201 201 201 201 202 201 202 202 202 203 203 203 202 202 202 202 202 202 202 203 203 203 203 203 203 203 203 203 203 203 203 203 204 204 204 204 204 203 204 204 204 204 204 204 204 204 204 205 204 204 204 204 204 205 205 205 206 206 205 206 206 206 206 206 207 207 207 207 206 206 206 207 207 207 207 207 207 207 207 207 207 207 208 208 208 208 208 208 210 211 211 211 211 211 211 211 211 211 211 212 212 212 212 212 212 212 212 213 213 213 213 213 213 213 213 213 213 213 213 213 214 214 214 214 214 214 214 214 214 214 214 214 214 214 214 214 214 214 215 215 215 215 216 216 215 216 216 216 216 216 215 215 215 215 215 215 215 215 215 215 215 215 215 216 216 216 215 216 216 216 215 215 216 216 216 216 216 216 216 216 216 216 216 216 216 216 217 217 217 217 217 217 217 217 217 217 217 216 216 217 217 217 217 216 216 216 217 216 217 217 217 217 216 216 216 217 217 217 217 217 217 217 217 217 217 217 217 217 217 217 217 217 217 218 218 218 0 0 0 0 0 0 0 0 0 0 0 0 0 
0 0 0 0 0 0 0 0 0 0 0 0 0 0 0 0 0 0 0 0 0 0 0 0 0 0 0 0 0 0 0 0 0 0 0 0 0 0 0 0 0 0 0 0 0 0 0 0 0 0 0 0 0 0 0 0 0 0 0 0 0 0 0 0 0 0 0 0 0 0 0 0 0 0 0 0 0 0 0 0 0 0 0 0 0 0 0 0 0 0 0 0 0 0 0 0 0 0 0 0 0 0 0 0 0 0 0 0 0 0 0 0 0 0 0 0 0 0 0 0 0 0 0 0 0 0 0 0 0 0 0 0 0 0 0 0 0 0 0 0 0 0 0 0 0 0 0 190 190 191 191 191 191 191 191 191 191 191 191 192 192 192 192 192 192 192 192 192 191 191 192 192 192 192 192 192 193 193 193 192 193 193 193 193 193 193 193 193 193 193 193 193 193 193 193 193 193 193 193 193 193 193 193 194 194 194 194 194 195 195 195 195 195 196 196 196 196 197 197 196 196 196 196 196 196 196 196 197 197 197 197 197 197 197 197 197 197 197 196 196 196 196 197 197 198 198 199 199 198 198 199 199 201 201 200 202 202 201 201 202 201 202 202 203 203 203 203 203 203 202 202 202 202 202 202 203 202 202 203 203 203 203 203 203 204 204 204 204 204 204 204 204 204 204 204 204 203 203 203 203 204 204 205 204 205 205 205 205 205 205 206 206 206 206 206 206 206 207 207 207 207 207 206 207 207 207 207 207 207 207 207 207 207 207 207 207 208 208 208 208 208 208 210 210 210 211 211 211 211 211 211 211 211 212 212 212 212 212 212 212 212 213 213 213 213 213 213 213 213 213 213 213 213 213 214 214 214 214 214 214 214 214 214 214 214 214 214 214 214 214 215 215 215 215 215 215 215 215 215 215 216 216 216 216 216 215 215 215 215 215 215 215 215 215 215 215 215 215 215 215 215 215 215 215 215 215 215 215 215 216 216 216 216 216 216 216 216 216 216 216 217 218 217 217 218 217 217 217 217 217 218 217 216 216 217 217 217 217 216 216 216 216 217 217 217 216 216 216 216 216 217 217 217 217 216 216 216 216 216 217 217 217 217 217 217 217 217 217 0 0 0 0 0 0 0 0 0 0 0 0 0 0 0 
0 0 0 0 0 0 0 0 0 0 0 0 0 0 0 0 0 0 0 0 0 0 0 0 0 0 0 0 0 0 0 0 0 0 0 0 0 0 0 0 0 0 0 0 0 0 0 0 0 0 0 0 0 0 0 0 0 0 0 0 0 0 0 0 0 0 0 0 0 0 0 0 0 0 0 0 0 0 0 0 0 0 0 0 0 0 0 0 0 0 0 0 0 0 0 0 0 0 0 0 0 0 0 0 0 0 0 0 0 0 0 0 0 0 0 0 0 0 0 0 0 0 0 0 0 0 0 0 0 0 0 0 0 0 0 0 0 0 0 0 0 0 0 0 0 0 0 0 191 191 191 191 191 191 191 191 191 191 191 192 192 192 191 192 192 192 192 192 192 192 192 192 192 192 192 192 192 192 192 192 192 193 193 193 193 193 193 193 193 193 193 193 194 194 193 193 193 193 193 193 194 193 194 195 195 194 195 194 195 195 196 196 196 196 196 196 196 197 197 196 196 196 195 196 196 196 196 196 197 197 197 197 197 197 197 197 196 196 196 196 196 196 197 198 198 199 198 198 198 199 199 199 200 200 200 201 201 201 202 202 202 202 203 203 203 203 202 203 203 203 202 202 202 202 202 202 203 203 202 203 203 203 203 203 204 204 204 204 204 204 204 204 204 204 204 203 203 204 204 203 204 204 205 204 205 205 205 205 205 206 206 206 206 206 206 206 207 207 207 207 207 207 207 207 207 207 207 207 207 207 207 207 207 207 207 207 208 208 208 208 208 208 210 210 210 211 211 211 211 211 211 211 211 212 212 212 212 212 212 212 212 212 213 213 213 213 213 213 213 213 213 213 213 213 214 214 214 214 214 214 214 214 214 214 214 214 214 214 214 214 214 214 215 215 215 215 215 215 215 215 215 215 216 216 215 215 215 214 215 215 215 215 215 215 215 215 215 215 215 215 215 215 215 215 215 215 215 215 215 216 217 216 216 216 216 216 216 216 216 216 217 217 217 217 218 217 217 217 217 218 218 217 216 216 216 217 217 217 216 216 216 216 217 217 217 216 216 216 216 216 216 216 216 217 216 216 216 216 216 216 216 217 216 217 217 0 0 0 0 0 0 0 0 0 0 0 0 0 0 0 0 0 0 
0 0 0 0 0 0 0 0 0 0 0 0 0 0 0 0 0 0 0 0 0 0 0 0 0 0 0 0 0 0 0 0 0 0 0 0 0 0 0 0 0 0 0 0 0 0 0 0 0 0 0 0 0 0 0 0 0 0 0 0 0 0 0 0 0 0 0 0 0 0 0 0 0 0 0 0 0 0 0 0 0 0 0 0 0 0 0 0 0 0 0 0 0 0 0 0 0 0 0 0 0 0 0 0 0 0 0 0 0 0 0 0 0 0 0 0 0 0 0 0 0 0 0 0 0 0 0 0 0 0 0 0 0 0 0 0 0 0 0 0 0 0 0 0 0 0 0 0 191 191 191 191 191 191 191 191 191 191 191 191 191 191 192 192 192 192 192 193 192 192 192 192 192 192 192 192 192 192 192 192 192 192 193 192 193 193 193 193 193 193 193 193 193 193 193 193 193 193 193 193 194 194 194 195 195 195 195 195 195 195 196 196 196 195 196 196 196 196 196 196 197 196 196 197 197 196 196 196 196 196 196 197 197 197 197 197 196 196 196 196 196 197 198 198 199 198 198 198 199 200 200 199 199 200 200 200 200 201 201 201 201 202 202 203 203 203 202 202 203 203 202 202 202 202 202 202 202 203 203 203 203 203 204 203 204 204 204 204 204 205 205 204 204 204 204 204 204 204 203 203 204 204 204 204 205 205 205 205 206 206 206 206 206 207 206 206 206 207 207 208 208 208 208 208 208 207 207 207 207 207 207 207 207 207 207 207 208 208 208 208 208 208 210 210 210 211 211 211 211 211 211 211 211 211 211 211 212 212 212 212 212 212 212 212 213 213 213 213 213 213 213 213 213 213 213 213 214 214 214 214 214 214 214 214 214 214 214 214 214 214 214 214 215 215 215 215 215 215 215 215 215 215 215 216 215 215 215 215 214 215 216 215 215 214 214 214 215 215 215 215 215 214 215 215 215 216 215 215 215 215 215 216 216 216 216 216 216 216 216 216 217 217 217 217 218 218 218 218 217 217 218 217 217 216 216 216 216 217 216 216 216 216 216 217 217 217 217 216 216 216 216 216 216 216 216 216 216 215 215 215 216 216 216 216 217 0 0 0 0 0 0 0 0 0 0 0 0 0 0 0 0 0 0 
0 0 0 0 0 0 0 0 0 0 0 0 0 0 0 0 0 0 0 0 0 0 0 0 0 0 0 0 0 0 0 0 0 0 0 0 0 0 0 0 0 0 0 0 0 0 0 0 0 0 0 0 0 0 0 0 0 0 0 0 0 0 0 0 0 0 0 0 0 0 0 0 0 0 0 0 0 0 0 0 0 0 0 0 0 0 0 0 0 0 0 0 0 0 0 0 0 0 0 0 0 0 0 0 0 0 0 0 0 0 0 0 0 0 0 0 0 0 0 0 0 0 0 0 0 0 0 0 0 0 0 0 0 0 0 0 0 0 0 0 0 0 0 0 0 0 0 0 0 191 191 191 191 191 191 191 191 191 191 191 191 192 192 192 191 191 192 192 192 192 191 191 192 192 192 192 192 192 192 192 192 192 192 192 192 193 193 194 194 193 192 192 192 192 193 193 194 194 194 194 194 194 194 195 195 194 195 195 195 195 195 196 195 195 195 196 196 196 195 195 196 196 196 197 196 196 197 196 196 195 196 196 197 197 197 197 197 196 196 197 197 197 198 198 198 198 198 198 199 199 200 200 200 200 200 200 200 200 201 201 202 202 202 202 203 203 203 202 202 203 203 202 202 202 202 202 202 203 203 203 203 203 204 203 203 204 203 204 204 204 204 204 204 204 204 204 204 204 204 203 203 204 204 204 205 205 205 205 205 205 205 206 206 206 206 206 206 207 207 208 208 208 208 208 208 207 207 207 207 207 207 207 207 207 207 207 208 208 208 208 208 208 210 210 210 210 211 211 211 211 211 211 211 211 211 211 211 212 212 212 212 212 212 213 213 213 213 213 213 213 213 213 213 213 213 213 213 214 214 214 214 214 214 214 214 214 214 214 214 214 214 214 215 214 214 214 214 214 215 215 215 215 215 215 215 215 215 215 215 215 215 216 215 215 215 214 215 215 215 214 215 215 215 215 215 216 215 216 216 216 216 215 216 216 216 217 217 217 216 216 216 217 217 218 217 217 217 217 217 217 218 218 217 216 216 215 215 216 216 216 216 216 217 217 217 217 216 216 216 216 216 216 216 216 216 217 216 216 215 215 215 215 216 216 0 0 0 0 0 0 0 0 0 0 0 0 0 0 0 0 0 0 0 
0 0 0 0 0 0 0 0 0 0 0 0 0 0 0 0 0 0 0 0 0 0 0 0 0 0 0 0 0 0 0 0 0 0 0 0 0 0 0 0 0 0 0 0 0 0 0 0 0 0 0 0 0 0 0 0 0 0 0 0 0 0 0 0 0 0 0 0 0 0 0 0 0 0 0 0 0 0 0 0 0 0 0 0 0 0 0 0 0 0 0 0 0 0 0 0 0 0 0 0 0 0 0 0 0 0 0 0 0 0 0 0 0 0 0 0 0 0 0 0 0 0 0 0 0 0 0 0 0 0 0 0 0 0 0 0 0 0 0 0 0 0 0 0 0 0 0 0 0 191 191 191 191 191 192 192 191 191 191 191 192 192 192 192 192 191 191 192 192 192 192 192 192 192 192 192 192 192 192 192 192 192 192 193 192 192 193 193 194 194 193 194 193 192 192 193 193 194 193 193 194 193 194 195 194 194 194 194 195 195 195 195 195 195 195 195 196 195 195 195 195 196 196 197 197 197 197 197 197 196 196 196 196 197 196 196 197 197 196 196 197 197 197 197 198 198 198 198 198 199 199 200 200 200 200 200 200 200 200 201 201 201 202 203 203 203 203 203 202 203 203 202 202 202 202 202 202 202 202 203 203 203 203 203 203 203 203 204 204 204 204 204 205 204 204 204 204 204 203 203 203 204 204 204 204 204 204 205 205 205 205 206 205 206 206 207 207 207 207 207 208 208 208 208 208 208 207 207 207 207 207 207 207 207 207 208 208 208 208 208 208 208 210 210 210 210 210 211 211 211 211 211 211 211 211 211 212 212 212 212 212 212 212 212 212 212 213 213 213 213 213 213 213 213 213 213 213 213 214 214 214 214 214 214 214 214 214 214 214 214 214 214 214 214 214 214 214 214 215 215 215 214 215 214 214 214 215 215 215 214 215 215 215 215 214 214 215 215 214 215 215 215 215 216 216 216 215 215 216 216 216 216 216 216 216 216 216 216 216 216 216 216 217 217 218 217 217 217 217 217 217 217 218 217 216 216 215 215 215 216 217 216 216 217 217 217 216 216 216 216 216 216 216 215 215 216 216 216 216 215 216 216 0 0 0 0 0 0 0 0 0 0 0 0 0 0 0 0 0 0 0 0 0 
0 0 0 0 0 0 0 0 0 0 0 0 0 0 0 0 0 0 0 0 0 0 0 0 0 0 0 0 0 0 0 0 0 0 0 0 0 0 0 0 0 0 0 0 0 0 0 0 0 0 0 0 0 0 0 0 0 0 0 0 0 0 0 0 0 0 0 0 0 0 0 0 0 0 0 0 0 0 0 0 0 0 0 0 0 0 0 0 0 0 0 0 0 0 0 0 0 0 0 0 0 0 0 0 0 0 0 0 0 0 0 0 0 0 0 0 0 0 0 0 0 0 0 0 0 0 0 0 0 0 0 0 0 0 0 0 0 0 0 0 0 0 0 0 0 0 0 0 0 0 0 0 191 192 192 192 191 190 191 192 0 191 191 191 191 191 191 191 192 192 192 192 192 192 192 192 192 192 192 192 192 192 192 193 193 193 193 193 193 194 194 194 194 193 192 192 193 194 193 193 193 193 194 194 194 194 195 195 195 195 195 194 194 194 195 196 195 195 196 196 195 195 196 197 197 197 197 197 197 197 196 196 195 196 197 196 196 197 197 197 196 197 197 197 198 199 199 199 199 198 199 200 200 200 201 200 200 200 201 202 202 202 202 203 202 202 202 202 202 202 203 203 202 202 202 202 202 202 203 203 203 203 203 203 203 203 203 203 204 204 204 204 204 204 204 204 204 203 203 203 204 204 204 204 204 204 204 205 205 205 205 205 206 206 207 207 207 207 207 206 206 207 207 208 208 207 207 207 207 207 207 207 207 207 207 208 208 208 208 208 208 208 210 210 210 210 211 211 211 211 211 211 211 211 211 212 212 212 212 212 212 212 212 212 212 212 213 213 213 213 213 213 213 213 213 213 213 213 213 214 214 214 214 214 214 214 214 214 214 214 214 214 214 214 214 214 214 215 215 215 215 214 214 214 214 214 214 214 214 214 215 215 215 215 214 215 216 215 215 216 215 215 215 216 216 216 216 216 216 217 216 216 216 215 216 216 216 216 216 216 216 216 216 216 217 217 217 217 216 217 217 217 218 218 217 216 216 215 215 216 216 217 216 217 217 217 217 216 216 216 216 217 216 216 216 215 216 216 0 0 0 0 0 0 0 0 0 0 0 0 0 0 0 0 0 0 0 0 0 0 0 0 0 
0 0 0 0 0 0 0 0 0 0 0 0 0 0 0 0 0 0 0 0 0 0 0 0 0 0 0 0 0 0 0 0 0 0 0 0 0 0 0 0 0 0 0 0 0 0 0 0 0 0 0 0 0 0 0 0 0 0 0 0 0 0 0 0 0 0 0 0 0 0 0 0 0 0 0 0 0 0 0 0 0 0 0 0 0 0 0 0 0 0 0 0 0 0 0 0 0 0 0 0 0 0 0 0 0 0 0 0 0 0 0 0 0 0 0 0 0 0 0 0 0 0 0 0 0 0 0 0 0 0 0 0 0 0 0 0 0 0 0 0 0 0 0 0 0 0 0 0 0 0 0 0 0 192 192 191 191 191 0 0 0 191 191 191 191 191 191 191 191 191 192 192 192 192 192 192 192 192 192 192 192 193 193 193 193 192 193 193 193 194 194 194 194 193 192 192 193 193 193 193 193 193 193 193 194 194 194 194 195 195 195 195 194 195 195 195 195 195 196 196 195 195 195 196 196 196 197 197 197 197 197 196 196 196 196 196 196 196 197 197 196 197 197 198 198 198 199 199 199 199 199 199 200 200 201 200 201 200 201 201 202 202 202 203 203 203 202 202 202 202 202 203 202 202 202 202 202 202 203 203 203 203 203 203 203 203 203 203 204 204 204 204 204 204 204 204 204 203 204 204 204 204 204 204 204 204 204 204 204 205 205 206 206 206 206 207 207 207 206 206 206 206 206 207 207 207 207 207 207 207 207 207 207 207 207 208 208 208 208 208 208 208 210 210 210 211 211 211 211 211 211 211 211 211 211 212 212 212 212 212 212 212 212 212 212 212 213 213 213 213 213 213 213 213 213 213 213 213 213 213 213 214 214 214 214 214 214 214 214 214 214 214 214 214 214 214 214 214 214 215 215 214 214 214 214 214 214 214 214 214 214 214 214 214 214 215 215 216 215 215 215 215 216 216 216 216 216 216 217 217 216 216 216 216 216 216 216 216 216 216 216 216 216 216 216 217 217 217 216 216 216 217 218 218 217 217 216 215 215 215 216 216 216 217 217 217 217 217 217 216 217 217 217 217 216 216 0 0 0 0 0 0 0 0 0 0 0 0 0 0 0 0 0 0 0 0 0 0 0 0 0 0 0 
0 0 0 0 0 0 0 0 0 0 0 0 0 0 0 0 0 0 0 0 0 0 0 0 0 0 0 0 0 0 0 0 0 0 0 0 0 0 0 0 0 0 0 0 0 0 0 0 0 0 0 0 0 0 0 0 0 0 0 0 0 0 0 0 0 0 0 0 0 0 0 0 0 0 0 0 0 0 0 0 0 0 0 0 0 0 0 0 0 0 0 0 0 0 0 0 0 0 0 0 0 0 0 0 0 0 0 0 0 0 0 0 0 0 0 0 0 0 0 0 0 0 0 0 0 0 0 0 0 0 0 0 0 0 0 0 0 0 0 0 0 0 0 0 0 0 0 0 0 0 0 0 0 0 0 192 192 192 0 0 0 0 0 191 191 191 191 191 191 191 191 191 192 192 192 192 192 192 192 192 192 192 193 192 192 193 193 193 193 194 194 194 194 193 192 192 192 192 192 192 193 193 193 193 193 193 194 194 195 194 194 194 194 195 195 195 195 195 196 196 195 195 196 196 196 196 196 197 197 196 196 196 196 196 196 196 196 196 196 196 197 197 197 198 198 198 199 199 199 199 199 199 199 200 200 201 201 201 201 201 201 201 202 202 203 202 203 202 203 202 202 203 202 202 202 202 202 202 203 203 203 203 203 203 203 203 203 203 204 204 204 204 204 204 204 204 203 203 204 204 204 204 204 204 204 205 204 204 205 205 205 206 206 206 206 206 207 207 207 206 206 206 206 206 206 207 207 207 207 207 207 207 207 207 207 207 208 208 208 208 208 208 210 210 211 211 211 210 211 211 211 211 211 211 212 212 212 212 212 212 212 212 212 212 212 212 213 213 213 213 213 213 213 213 213 213 213 213 213 213 213 213 214 214 214 214 214 214 214 214 214 214 214 214 214 214 214 214 214 214 214 214 214 214 214 215 215 214 214 214 214 215 214 214 214 214 214 215 215 215 215 215 215 216 216 216 216 216 216 216 217 217 216 216 216 216 215 216 216 216 216 216 216 216 216 216 217 217 217 217 216 216 217 217 217 216 215 216 215 215 216 216 216 216 216 217 217 217 217 217 217 217 217 217 217 216 0 0 0 0 0 0 0 0 0 0 0 0 0 0 0 0 0 0 0 0 0 0 0 0 0 0 0 
0 0 0 0 0 0 0 0 0 0 0 0 0 0 0 0 0 0 0 0 0 0 0 0 0 0 0 0 0 0 0 0 0 0 0 0 0 0 0 0 0 0 0 0 0 0 0 0 0 0 0 0 0 0 0 0 0 0 0 0 0 0 0 0 0 0 0 0 0 0 0 0 0 0 0 0 0 0 0 0 0 0 0 0 0 0 0 0 0 0 0 0 0 0 0 0 0 0 0 0 0 0 0 0 0 0 0 0 0 0 0 0 0 0 0 0 0 0 0 0 0 0 0 0 0 0 0 0 0 0 0 0 0 0 0 0 0 0 0 0 0 0 0 0 0 0 0 0 0 0 0 0 0 0 0 0 0 0 0 0 0 0 0 0 192 191 191 191 191 191 192 192 191 192 192 192 192 192 192 192 192 193 193 192 192 192 193 193 193 194 194 193 193 192 192 192 192 192 192 193 193 194 194 194 194 194 194 194 194 194 194 194 194 195 194 195 195 195 195 196 195 195 195 195 195 196 197 197 197 197 196 196 197 197 197 196 196 196 196 196 197 197 197 197 198 198 198 198 199 199 199 199 199 200 200 201 201 201 201 201 201 201 201 202 202 202 202 202 203 202 202 203 202 202 202 202 202 202 202 203 203 203 203 203 203 203 203 203 204 204 204 204 204 204 204 204 203 204 204 204 204 204 204 204 205 205 205 204 205 205 205 205 206 206 206 207 206 207 207 207 206 206 206 206 206 206 207 207 208 207 207 207 207 207 207 207 207 207 207 208 208 208 210 210 211 210 210 211 211 211 211 211 211 211 211 211 211 212 212 212 212 212 212 212 212 212 212 212 212 212 213 213 213 213 213 213 213 213 213 213 213 213 213 214 214 214 214 214 214 214 214 214 214 214 214 214 214 214 214 214 214 214 214 214 214 214 215 214 214 215 215 215 215 215 215 214 215 214 215 215 215 216 215 215 215 215 216 215 215 216 216 217 217 217 216 216 216 216 215 216 216 216 216 216 216 216 217 217 217 217 217 216 216 216 216 215 215 217 216 216 216 216 215 216 216 217 217 217 217 217 217 217 216 216 217 216 0 0 0 0 0 0 0 0 0 0 0 0 0 0 0 0 0 0 0 0 0 0 0 0 0 0 0 
0 0 0 0 0 0 0 0 0 0 0 0 0 0 0 0 0 0 0 0 0 0 0 0 0 0 0 0 0 0 0 0 0 0 0 0 0 0 0 0 0 0 0 0 0 0 0 0 0 0 0 0 0 0 0 0 0 0 0 0 0 0 0 0 0 0 0 0 0 0 0 0 0 0 0 0 0 0 0 0 0 0 0 0 0 0 0 0 0 0 0 0 0 0 0 0 0 0 0 0 0 0 0 0 0 0 0 0 0 0 0 0 0 0 0 0 0 0 0 0 0 0 0 0 0 0 0 0 0 0 0 0 0 0 0 0 0 0 0 0 0 0 0 0 0 0 0 0 0 0 0 0 0 0 0 0 0 0 0 0 0 0 0 0 0 0 0 0 192 192 192 192 192 192 192 191 192 192 192 192 192 193 193 192 192 193 193 193 193 194 194 193 192 193 194 194 194 192 192 193 193 194 194 193 194 194 194 194 194 194 194 193 194 194 194 195 195 195 195 195 195 195 195 196 196 196 196 196 196 196 196 196 196 197 197 197 197 196 196 197 197 197 197 197 197 197 198 198 199 200 199 199 199 200 200 200 200 201 201 201 201 201 201 202 202 202 202 202 202 202 202 202 202 202 202 202 202 202 202 203 203 203 203 203 203 203 203 203 204 204 204 204 204 204 204 204 204 204 204 204 204 204 204 204 205 205 205 204 205 205 206 206 206 206 207 207 206 207 207 207 206 206 206 206 206 206 206 207 207 207 207 207 207 207 207 207 207 207 208 208 208 208 210 210 211 210 210 211 211 211 211 211 211 211 211 211 211 212 212 212 212 212 212 212 212 212 212 212 212 213 213 213 213 213 213 213 213 213 213 213 213 213 213 213 214 214 213 213 214 214 214 214 214 214 214 214 214 214 214 214 214 214 214 215 215 214 214 215 214 215 214 215 215 215 215 215 215 214 215 215 215 215 215 215 215 215 215 215 215 216 216 217 217 217 217 217 216 216 216 216 217 217 216 216 216 216 216 217 217 217 217 217 216 216 216 215 216 217 217 216 216 216 216 215 216 216 217 217 217 217 217 217 217 216 216 216 0 0 0 0 0 0 0 0 0 0 0 0 0 0 0 0 0 0 0 0 0 0 0 0 0 0 0 
0 0 0 0 0 0 0 0 0 0 0 0 0 0 0 0 0 0 0 0 0 0 0 0 0 0 0 0 0 0 0 0 0 0 0 0 0 0 0 0 0 0 0 0 0 0 0 0 0 0 0 0 0 0 0 0 0 0 0 0 0 0 0 0 0 0 0 0 0 0 0 0 0 0 0 0 0 0 0 0 0 0 0 0 0 0 0 0 0 0 0 0 0 0 0 0 0 0 0 0 0 0 0 0 0 0 0 0 0 0 0 0 0 0 0 0 0 0 0 0 0 0 0 0 0 0 0 0 0 0 0 0 0 0 0 0 0 0 0 0 0 0 0 0 0 0 0 0 0 0 0 0 0 0 0 0 0 0 0 0 0 0 0 0 0 0 0 0 0 192 192 192 192 192 192 192 192 192 192 192 192 193 193 192 192 193 193 193 193 193 194 193 192 193 194 194 194 194 193 194 194 194 194 193 194 194 194 194 195 195 195 194 194 194 194 194 194 194 195 195 195 194 195 195 196 196 196 196 196 196 196 196 196 196 196 197 196 197 196 197 197 196 197 197 197 197 198 198 199 199 199 199 199 199 200 200 200 200 201 201 201 201 201 201 202 202 202 202 201 201 202 203 202 202 202 202 202 202 202 203 203 203 203 203 203 203 203 203 204 204 204 204 204 204 204 204 204 204 204 204 204 205 205 205 205 205 205 205 204 205 205 205 205 206 206 206 206 206 207 207 206 206 206 206 206 206 206 206 207 207 207 207 207 207 207 207 207 207 207 207 208 208 210 210 210 210 210 211 211 211 211 211 211 211 211 211 211 212 212 212 212 212 212 212 212 212 212 212 212 212 212 212 213 213 213 213 213 213 213 213 213 213 213 213 213 213 213 213 213 213 213 213 214 214 214 214 214 214 214 215 214 214 214 215 215 215 214 215 215 215 215 215 215 215 215 214 214 214 214 215 215 215 215 215 215 215 215 216 215 216 216 216 216 217 217 217 217 217 216 216 217 217 216 216 216 216 216 216 216 217 217 217 217 216 216 215 216 216 217 217 216 216 216 216 216 216 217 217 217 217 217 216 216 216 0 0 0 0 0 0 0 0 0 0 0 0 0 0 0 0 0 0 0 0 0 0 0 0 0 0 0 0 0 
0 0 0 0 0 0 0 0 0 0 0 0 0 0 0 0 0 0 0 0 0 0 0 0 0 0 0 0 0 0 0 0 0 0 0 0 0 0 0 0 0 0 0 0 0 0 0 0 0 0 0 0 0 0 0 0 0 0 0 0 0 0 0 0 0 0 0 0 0 0 0 0 0 0 0 0 0 0 0 0 0 0 0 0 0 0 0 0 0 0 0 0 0 0 0 0 0 0 0 0 0 0 0 0 0 0 0 0 0 0 0 0 0 0 0 0 0 0 0 0 0 0 0 0 0 0 0 0 0 0 0 0 0 0 0 0 0 0 0 0 0 0 0 0 0 0 0 0 0 0 0 0 0 0 0 0 0 0 0 0 0 0 0 0 0 0 0 0 0 0 0 0 0 192 192 192 192 192 192 192 192 192 192 193 192 193 193 193 193 193 193 193 192 193 194 194 194 195 194 194 194 194 194 193 194 194 194 194 194 194 195 195 195 194 194 194 194 194 194 195 195 195 194 195 195 196 196 196 196 196 196 196 196 196 196 196 196 196 196 196 196 196 196 197 197 197 198 198 198 198 198 198 199 199 199 199 200 201 201 201 201 201 201 201 201 202 202 202 202 201 202 202 202 202 202 201 202 202 202 202 203 203 203 203 203 203 203 203 203 204 204 204 204 204 204 204 204 204 204 205 205 205 205 205 205 205 205 205 204 205 205 205 206 206 206 206 206 206 206 206 206 206 206 206 206 206 207 206 207 207 207 207 207 207 207 207 207 207 207 208 208 208 210 210 210 210 210 211 211 211 211 211 211 211 211 211 211 211 211 212 212 212 212 212 212 212 212 212 212 212 212 212 212 212 212 212 212 213 213 213 213 213 213 213 213 213 213 213 213 213 213 213 214 214 214 214 214 214 214 215 215 215 215 215 215 214 214 215 215 215 214 215 215 215 215 215 215 214 214 214 215 215 215 215 215 215 215 215 215 216 216 216 216 216 217 217 217 217 216 216 217 217 216 216 216 216 216 216 217 216 216 217 217 217 216 215 215 215 216 216 217 216 216 216 216 217 217 217 217 217 217 217 216 217 216 0 0 0 0 0 0 0 0 0 0 0 0 0 0 0 0 0 0 0 0 0 0 0 0 0 0 0 0 
0 0 0 0 0 0 0 0 0 0 0 0 0 0 0 0 0 0 0 0 0 0 0 0 0 0 0 0 0 0 0 0 0 0 0 0 0 0 0 0 0 0 0 0 0 0 0 0 0 0 0 0 0 0 0 0 0 0 0 0 0 0 0 0 0 0 0 0 0 0 0 0 0 0 0 0 0 0 0 0 0 0 0 0 0 0 0 0 0 0 0 0 0 0 0 0 0 0 0 0 0 0 0 0 0 0 0 0 0 0 0 0 0 0 0 0 0 0 0 0 0 0 0 0 0 0 0 0 0 0 0 0 0 0 0 0 0 0 0 0 0 0 0 0 0 0 0 0 0 0 0 0 0 0 0 0 0 0 0 0 0 0 0 0 0 0 0 0 0 0 0 0 0 0 0 192 192 192 192 192 192 192 192 192 192 192 192 192 193 192 193 193 192 193 194 194 194 195 195 195 194 194 195 194 194 194 194 194 194 194 194 195 195 195 195 195 195 194 194 195 195 195 194 194 195 195 195 196 196 196 195 195 196 196 196 196 196 196 196 196 196 196 197 197 198 198 197 197 198 198 198 198 199 200 199 199 200 200 200 201 201 201 201 200 201 201 202 202 202 201 201 201 202 202 202 202 202 202 202 202 203 203 203 203 203 203 203 203 203 204 204 204 204 204 204 204 204 203 204 204 205 205 205 205 205 205 205 205 204 205 205 205 205 205 205 206 206 206 206 206 205 206 206 206 206 206 207 206 207 207 207 207 207 207 207 207 207 207 208 208 208 208 210 210 210 210 210 210 211 211 211 211 211 211 211 211 211 211 211 211 211 211 212 212 212 212 212 212 212 212 212 212 212 212 212 212 212 213 213 213 213 213 213 213 213 213 213 213 213 213 214 214 214 214 214 214 214 214 214 214 214 215 215 215 214 214 215 215 215 215 215 215 216 216 215 216 215 215 214 214 214 215 216 216 216 215 214 215 215 215 215 215 216 216 216 217 217 217 217 217 218 217 217 217 217 217 216 216 217 217 216 216 216 216 216 216 215 215 215 216 217 217 217 216 216 217 217 217 217 216 216 216 216 216 216 0 0 0 0 0 0 0 0 0 0 0 0 0 0 0 0 0 0 0 0 0 0 0 0 0 0 0 0 
0 0 0 0 0 0 0 0 0 0 0 0 0 0 0 0 0 0 0 0 0 0 0 0 0 0 0 0 0 0 0 0 0 0 0 0 0 0 0 0 0 0 0 0 0 0 0 0 0 0 0 0 0 0 0 0 0 0 0 0 0 0 0 0 0 0 0 0 0 0 0 0 0 0 0 0 0 0 0 0 0 0 0 0 0 0 0 0 0 0 0 0 0 0 0 0 0 0 0 0 0 0 0 0 0 0 0 0 0 0 0 0 0 0 0 0 0 0 0 0 0 0 0 0 0 0 0 0 0 0 0 0 0 0 0 0 0 0 0 0 0 0 0 0 0 0 0 0 0 0 0 0 0 0 0 0 0 0 0 0 0 0 0 0 0 0 0 0 0 0 0 0 0 0 0 0 0 0 192 192 192 192 192 192 192 192 193 193 193 193 194 194 193 193 193 193 194 194 194 195 195 195 194 194 195 195 195 194 194 194 194 195 195 195 194 195 195 195 194 195 195 196 195 194 194 195 195 195 196 196 196 195 195 196 196 197 197 197 196 196 196 196 197 197 198 198 197 198 198 198 198 199 199 199 199 199 200 200 199 200 200 200 200 200 201 201 201 201 202 201 201 201 202 202 202 202 202 202 202 202 203 203 203 203 203 203 203 203 203 203 204 204 204 204 204 204 204 204 204 204 204 205 205 205 205 206 206 205 204 204 205 205 205 205 206 206 206 206 206 205 206 205 206 206 206 206 206 207 206 207 207 207 207 207 207 207 207 208 208 208 208 208 210 210 210 210 210 210 210 210 210 210 211 211 211 211 211 211 211 211 211 212 212 212 212 212 212 212 212 212 212 212 212 212 212 212 212 212 213 213 213 213 213 213 213 213 213 213 213 214 213 213 214 214 214 214 214 214 214 214 214 214 214 215 215 215 215 216 216 216 216 216 216 216 216 216 215 215 215 215 214 215 216 216 216 216 215 215 215 215 215 215 215 215 216 216 216 217 217 217 217 218 218 217 217 217 217 217 217 217 216 217 216 216 217 217 216 216 215 215 216 217 217 217 217 217 217 217 217 217 217 216 216 216 216 0 0 0 0 0 0 0 0 0 0 0 0 0 0 0 0 0 0 0 0 0 0 0 0 0 0 0 0 
0 0 0 0 0 0 0 0 0 0 0 0 0 0 0 0 0 0 0 0 0 0 0 0 0 0 0 0 0 0 0 0 0 0 0 0 0 0 0 0 0 0 0 0 0 0 0 0 0 0 0 0 0 0 0 0 0 0 0 0 0 0 0 0 0 0 0 0 0 0 0 0 0 0 0 0 0 0 0 0 0 0 0 0 0 0 0 0 0 0 0 0 0 0 0 0 0 0 0 0 0 0 0 0 0 0 0 0 0 0 0 0 0 0 0 0 0 0 0 0 0 0 0 0 0 0 0 0 0 0 0 0 0 0 0 0 0 0 0 0 0 0 0 0 0 0 0 0 0 0 0 0 0 0 0 0 0 0 0 0 0 0 0 0 0 0 0 0 0 0 0 0 0 0 0 0 0 0 0 0 0 0 192 191 192 193 193 193 193 193 193 194 193 193 193 194 194 194 194 195 195 195 196 195 195 195 196 195 195 195 195 195 195 194 194 194 194 194 195 194 195 196 195 195 194 194 194 195 195 195 196 196 195 196 196 196 196 197 196 196 196 197 196 197 197 197 197 197 198 198 198 198 199 199 199 199 199 200 199 199 200 200 200 200 200 201 201 201 201 201 201 200 201 202 202 201 201 202 202 202 202 202 203 203 203 203 203 203 203 203 203 203 204 204 204 204 204 204 204 204 205 205 205 205 205 205 205 205 204 204 204 205 205 205 205 206 206 206 205 205 205 205 206 206 206 206 206 207 206 206 206 206 207 207 207 207 207 207 207 207 207 207 208 208 208 209 208 208 208 208 208 208 209 209 209 209 209 209 209 209 210 210 210 210 210 210 210 210 210 210 210 210 210 210 210 210 210 211 211 211 211 211 211 211 211 211 211 211 211 211 211 211 214 214 214 214 214 214 214 214 214 214 214 215 215 215 216 216 217 216 216 216 217 217 217 216 216 216 216 215 215 214 215 215 215 216 216 216 217 216 216 215 215 216 215 215 216 216 216 217 217 218 217 217 217 216 217 216 216 216 217 217 217 216 216 217 217 216 216 215 215 216 217 217 217 217 217 217 217 217 216 216 217 0 0 0 0 0 0 0 0 0 0 0 0 0 0 0 0 0 0 0 0 0 0 0 0 0 0 0 0 0 0 
0 0 0 0 0 0 0 0 0 0 0 0 0 0 0 0 0 0 0 0 0 0 0 0 0 0 0 0 0 0 0 0 0 0 0 0 0 0 0 0 0 0 0 0 0 0 0 0 0 0 0 0 0 0 0 0 0 0 0 0 0 0 0 0 0 0 0 0 0 0 0 0 0 0 0 0 0 0 0 0 0 0 0 0 0 0 0 0 0 0 0 0 0 0 0 0 0 0 0 0 0 0 0 0 0 0 0 0 0 0 0 0 0 0 0 0 0 0 0 0 0 0 0 0 0 0 0 0 0 0 0 0 0 0 0 0 0 0 0 0 0 0 0 0 0 0 0 0 0 0 0 0 0 0 0 0 0 0 0 0 0 0 0 0 0 0 0 0 0 0 0 0 0 0 0 0 0 0 0 0 0 0 0 0 192 192 193 193 193 193 193 194 193 193 193 194 194 195 195 195 195 195 196 196 196 195 196 196 196 196 196 196 195 194 194 194 195 195 196 195 195 195 195 195 194 195 194 194 195 195 195 195 195 195 195 196 196 197 196 196 196 197 197 197 197 197 197 197 198 197 198 198 199 199 199 199 199 200 199 199 199 200 200 200 200 200 201 200 201 201 200 201 202 202 201 201 201 202 202 202 202 202 203 203 203 203 203 203 203 203 203 203 204 204 204 204 204 205 205 205 205 205 205 205 205 205 205 204 204 205 205 205 205 205 205 206 206 206 205 205 205 206 206 206 206 206 206 206 206 206 206 206 206 207 207 207 207 207 207 207 207 207 207 207 208 208 208 208 208 208 208 208 208 209 209 209 209 209 209 209 210 210 210 210 210 210 210 210 210 210 210 210 210 210 210 210 210 211 211 211 211 211 211 211 211 211 211 211 211 211 211 211 214 214 214 214 214 214 215 215 214 214 214 214 215 215 215 216 216 216 216 216 217 217 217 217 217 217 216 216 216 215 215 215 215 216 216 216 217 217 217 216 216 216 216 216 215 215 216 216 217 217 217 217 217 217 217 217 217 216 217 217 217 216 216 217 217 216 216 216 215 216 217 217 217 217 217 217 217 216 217 216 217 0 0 0 0 0 0 0 0 0 0 0 0 0 0 0 0 0 0 0 0 0 0 0 0 0 0 0 0 0 0 
0 0 0 0 0 0 0 0 0 0 0 0 0 0 0 0 0 0 0 0 0 0 0 0 0 0 0 0 0 0 0 0 0 0 0 0 0 0 0 0 0 0 0 0 0 0 0 0 0 0 0 0 0 0 0 0 0 0 0 0 0 0 0 0 0 0 0 0 0 0 0 0 0 0 0 0 0 0 0 0 0 0 0 0 0 0 0 0 0 0 0 0 0 0 0 0 0 0 0 0 0 0 0 0 0 0 0 0 0 0 0 0 0 0 0 0 0 0 0 0 0 0 0 0 0 0 0 0 0 0 0 0 0 0 0 0 0 0 0 0 0 0 0 0 0 0 0 0 0 0 0 0 0 0 0 0 0 0 0 0 0 0 0 0 0 0 0 0 0 0 0 0 0 0 0 0 0 0 0 0 0 0 0 0 192 192 193 193 193 193 193 194 193 193 194 194 194 194 195 195 195 195 196 196 196 196 196 196 197 197 197 196 195 195 195 195 195 195 195 195 195 195 195 195 195 195 195 195 195 195 196 196 195 195 195 195 196 196 197 197 197 197 197 197 197 197 197 197 198 197 198 198 199 198 199 199 199 199 200 199 199 199 199 200 200 200 200 201 201 201 201 201 201 202 202 201 201 201 202 202 202 202 202 203 203 203 203 203 203 203 203 203 204 204 204 204 204 205 205 205 205 205 205 205 205 205 204 204 204 205 205 205 205 205 206 206 205 205 205 205 206 205 206 206 206 206 206 206 206 206 206 206 206 206 206 206 206 206 206 206 207 207 208 208 208 208 208 208 208 208 209 208 208 209 209 209 209 209 209 209 210 210 210 210 210 210 210 210 210 210 210 210 210 210 210 210 210 211 211 211 211 211 211 211 211 211 211 211 211 211 211 211 213 214 214 214 214 214 215 215 215 214 214 214 215 215 215 216 216 216 216 216 217 217 217 216 217 216 216 215 215 214 215 215 215 215 215 215 216 216 217 217 217 217 217 216 216 216 216 216 216 217 217 217 217 218 217 218 217 217 217 218 217 217 217 217 218 217 217 216 216 216 216 217 217 217 217 217 217 217 217 217 0 0 0 0 0 0 0 0 0 0 0 0 0 0 0 0 0 0 0 0 0 0 0 0 0 0 0 0 0 0 0 
0 0 0 0 0 0 0 0 0 0 0 0 0 0 0 0 0 0 0 0 0 0 0 0 0 0 0 0 0 0 0 0 0 0 0 0 0 0 0 0 0 0 0 0 0 0 0 0 0 0 0 0 0 0 0 0 0 0 0 0 0 0 0 0 0 0 0 0 0 0 0 0 0 0 0 0 0 0 0 0 0 0 0 0 0 0 0 0 0 0 0 0 0 0 0 0 0 0 0 0 0 0 0 0 0 0 0 0 0 0 0 0 0 0 0 0 0 0 0 0 0 0 0 0 0 0 0 0 0 0 0 0 0 0 0 0 0 0 0 0 0 0 0 0 0 0 0 0 0 0 0 0 0 0 0 0 0 0 0 0 0 0 0 0 0 0 0 0 0 0 0 0 0 0 0 0 0 0 0 0 0 0 0 0 192 192 193 193 193 194 193 194 194 194 194 194 194 194 195 195 195 196 195 196 196 196 197 196 196 197 197 197 197 197 196 195 195 195 195 195 195 195 196 196 196 196 196 196 196 196 196 196 196 195 195 195 195 196 196 197 196 197 197 197 197 197 197 197 197 198 198 199 199 198 198 198 199 199 199 199 199 199 199 199 200 200 200 200 200 201 201 201 201 201 202 202 201 201 202 202 202 202 202 203 203 203 203 203 203 203 203 203 204 204 204 204 204 204 205 205 205 204 205 205 205 205 205 204 205 205 205 205 205 205 205 205 205 205 205 205 206 206 206 206 206 206 206 206 206 206 206 206 206 206 206 206 206 206 206 206 207 207 208 208 208 208 208 208 208 208 209 208 208 208 209 209 209 209 209 209 209 210 210 209 209 209 210 210 210 210 210 210 210 210 210 210 210 211 211 211 211 211 211 211 211 211 211 211 211 211 210 210 213 214 214 214 214 214 214 214 215 214 214 214 214 214 215 215 216 216 217 217 217 216 216 215 215 215 215 215 215 215 215 215 216 215 216 216 215 216 216 217 217 217 217 217 217 217 217 216 216 217 217 217 217 218 218 217 217 217 218 218 0 0 0 0 0 217 217 216 216 216 216 217 217 217 217 217 217 0 217 217 0 0 0 0 0 0 0 0 0 0 0 0 0 0 0 0 0 0 0 0 0 0 0 0 0 0 0 0 0 0 0 
0 0 0 0 0 0 0 0 0 0 0 0 0 0 0 0 0 0 0 0 0 0 0 0 0 0 0 0 0 0 0 0 0 0 0 0 0 0 0 0 0 0 0 0 0 0 0 0 0 0 0 0 0 0 0 0 0 0 0 0 0 0 0 0 0 0 0 0 0 0 0 0 0 0 0 0 0 0 0 0 0 0 0 0 0 0 0 0 0 0 0 0 0 0 0 0 0 0 0 0 0 0 0 0 0 0 0 0 0 0 0 0 0 0 0 0 0 0 0 0 0 0 0 0 0 0 0 0 0 0 0 0 0 0 0 0 0 0 0 0 0 0 0 0 0 0 0 0 0 0 0 0 0 0 0 0 0 0 0 0 0 0 0 0 0 0 0 0 0 0 0 0 0 0 0 0 0 0 0 0 0 0 0 0 192 192 193 193 193 194 194 194 194 195 195 195 195 195 195 195 195 196 196 196 197 197 197 197 196 197 196 196 197 197 196 196 196 195 195 195 195 195 196 196 196 196 196 196 196 196 196 196 195 196 196 195 195 196 196 197 196 196 197 197 197 197 198 198 197 198 198 198 199 198 198 198 198 199 199 199 199 199 199 199 200 200 200 200 200 201 201 201 200 201 202 202 201 202 202 202 202 202 202 202 203 203 203 203 203 203 203 203 203 204 204 204 204 204 205 205 205 205 204 205 205 205 205 205 205 205 205 205 206 205 205 205 205 205 205 205 205 205 206 205 205 206 206 206 206 206 206 206 206 206 206 206 206 206 206 207 207 207 208 208 208 208 209 208 208 209 208 208 208 208 209 209 209 209 209 209 209 209 209 209 209 209 210 210 210 210 210 210 210 210 210 210 210 210 210 210 210 211 211 211 210 211 211 211 210 210 210 210 213 213 213 213 214 214 213 214 214 215 214 214 215 214 215 215 216 217 217 217 217 216 216 215 215 214 215 216 216 216 215 216 216 216 216 216 216 215 216 217 217 217 217 217 217 217 217 217 217 217 217 217 218 218 0 218 217 217 218 0 0 0 0 0 0 0 0 0 0 0 216 216 217 0 0 0 0 0 0 0 0 0 0 0 0 0 0 0 0 0 0 0 0 0 0 0 0 0 0 0 0 0 0 0 0 0 0 0 0 0 0 
0 0 0 0 0 0 0 0 0 0 0 0 0 0 0 0 0 0 0 0 0 0 0 0 0 0 0 0 0 0 0 0 0 0 0 0 0 0 0 0 0 0 0 0 0 0 0 0 0 0 0 0 0 0 0 0 0 0 0 0 0 0 0 0 0 0 0 0 0 0 0 0 0 0 0 0 0 0 0 0 0 0 0 0 0 0 0 0 0 0 0 0 0 0 0 0 0 0 0 0 0 0 0 0 0 0 0 0 0 0 0 0 0 0 0 0 0 0 0 0 0 0 0 0 0 0 0 0 0 0 0 0 0 0 0 0 0 0 0 0 0 0 0 0 0 0 0 0 0 0 0 0 0 0 0 0 0 0 0 0 0 0 0 0 0 0 0 0 0 0 0 0 0 0 0 0 0 0 0 0 0 0 0 192 193 193 193 193 193 194 194 194 194 195 195 195 195 195 195 195 195 196 196 196 197 197 197 197 196 195 196 196 196 196 196 196 196 195 195 195 195 195 195 196 196 196 196 196 196 196 196 196 196 196 196 196 196 196 196 196 196 196 197 197 197 197 198 198 197 198 198 198 198 198 198 198 199 199 199 199 199 199 199 200 200 201 200 200 200 200 201 201 201 201 202 202 202 202 202 202 202 202 202 202 203 203 203 203 203 203 203 203 203 204 204 204 204 204 204 205 204 204 204 205 205 205 205 205 206 206 206 206 206 206 206 205 205 205 205 205 205 205 205 205 205 205 205 206 206 206 206 206 206 206 206 206 207 207 207 207 206 207 208 208 208 208 208 208 209 209 208 208 208 208 209 209 209 209 209 209 209 209 209 209 209 209 210 210 210 209 209 209 209 209 210 210 210 210 210 210 210 210 210 210 210 211 211 211 211 211 210 211 213 213 213 213 213 213 213 214 214 214 214 214 214 215 215 216 216 216 216 216 217 217 216 215 215 215 216 216 217 216 215 216 216 217 217 217 216 215 215 216 216 216 216 216 216 216 216 217 217 217 217 217 0 0 0 0 0 218 218 0 0 0 0 0 0 0 0 0 0 0 0 216 0 0 0 0 0 0 0 0 0 0 0 0 0 0 0 0 0 0 0 0 0 0 0 0 0 0 0 0 0 0 0 0 0 0 0 0 0 0 0 
0 0 0 0 0 0 0 0 0 0 0 0 0 0 0 0 0 0 0 0 0 0 0 0 0 0 0 0 0 0 0 0 0 0 0 0 0 0 0 0 0 0 0 0 0 0 0 0 0 0 0 0 0 0 0 0 0 0 0 0 0 0 0 0 0 0 0 0 0 0 0 0 0 0 0 0 0 0 0 0 0 0 0 0 0 0 0 0 0 0 0 0 0 0 0 0 0 0 0 0 0 0 0 0 0 0 0 0 0 0 0 0 0 0 0 0 0 0 0 0 0 0 0 0 0 0 0 0 0 0 0 0 0 0 0 0 0 0 0 0 0 0 0 0 0 0 0 0 0 0 0 0 0 0 0 0 0 0 0 0 0 0 0 0 0 0 0 0 0 0 0 0 0 0 0 0 0 0 0 0 0 0 0 193 193 193 194 194 194 194 194 195 194 195 195 195 195 195 195 195 195 196 196 196 196 197 197 197 196 195 195 196 196 195 195 195 196 196 195 195 195 195 195 196 196 196 196 196 196 196 196 196 196 196 196 196 196 196 196 196 197 197 197 197 197 197 198 198 197 197 198 198 198 198 198 198 199 199 199 199 199 199 199 200 200 200 200 200 200 200 201 201 201 201 201 202 202 202 202 202 202 202 202 202 202 203 203 203 203 203 203 203 203 204 204 204 204 204 204 204 205 204 204 204 205 205 205 205 206 206 205 205 205 206 206 206 205 205 205 205 206 205 205 206 205 205 205 205 206 206 206 206 206 206 206 206 206 207 207 207 207 207 208 208 208 208 208 208 209 209 208 208 208 208 209 209 209 209 209 209 209 209 209 209 209 209 209 209 209 209 209 209 209 210 210 210 210 210 210 211 211 210 211 211 210 211 211 211 211 210 211 211 213 213 213 213 212 213 213 213 213 213 214 214 214 215 216 216 216 215 215 216 217 217 216 215 215 216 216 217 217 216 216 216 216 217 217 216 216 216 215 216 216 216 216 216 216 217 217 216 216 216 217 217 0 0 0 0 0 0 0 0 0 0 0 0 0 0 0 0 0 0 0 0 0 0 0 0 0 0 0 0 0 0 0 0 0 0 0 0 0 0 0 0 0 0 0 0 0 0 0 0 0 0 0 0 0 0 0 0 0 0 0 
0 0 0 0 0 0 0 0 0 0 0 0 0 0 0 0 0 0 0 0 0 0 0 0 0 0 0 0 0 0 0 0 0 0 0 0 0 0 0 0 0 0 0 0 0 0 0 0 0 0 0 0 0 0 0 0 0 0 0 0 0 0 0 0 0 0 0 0 0 0 0 0 0 0 0 0 0 0 0 0 0 0 0 0 0 0 0 0 0 0 0 0 0 0 0 0 0 0 0 0 0 0 0 0 0 0 0 0 0 0 0 0 0 0 0 0 0 0 0 0 0 0 0 0 0 0 0 0 0 0 0 0 0 0 0 0 0 0 0 0 0 0 0 0 0 0 0 0 0 0 0 0 0 0 0 0 0 0 0 0 0 0 0 0 0 0 0 0 0 0 0 0 0 0 0 0 0 0 0 0 0 0 0 0 194 193 194 194 194 195 195 195 195 195 195 195 196 196 196 196 196 196 196 196 196 196 196 195 195 195 195 196 196 195 195 195 195 196 196 195 195 195 196 196 196 196 197 196 196 196 196 196 196 196 196 196 196 197 197 197 197 196 197 197 197 197 198 198 198 198 198 198 198 198 198 198 199 199 199 199 199 199 199 199 200 200 200 200 200 200 201 201 201 201 201 201 201 202 202 202 202 202 202 202 202 203 203 203 203 203 203 203 203 203 204 204 204 204 204 204 204 204 204 204 204 205 205 205 205 205 205 205 205 206 206 206 205 205 205 206 206 205 205 206 205 205 205 205 205 205 206 206 206 206 206 206 206 207 207 207 207 207 207 208 208 208 209 209 209 208 208 208 208 208 208 209 209 209 209 209 209 209 209 209 209 209 209 209 209 209 209 209 209 210 210 210 210 210 210 211 211 211 211 210 210 211 211 211 211 211 211 211 213 213 213 213 212 212 213 213 213 213 214 214 215 215 215 215 215 215 215 216 216 216 216 215 215 216 216 217 217 217 217 216 217 217 216 216 216 216 216 217 217 217 217 216 216 217 217 216 217 217 217 0 0 0 0 0 0 0 0 0 0 0 0 0 0 0 0 0 0 0 0 0 0 0 0 0 0 0 0 0 0 0 0 0 0 0 0 0 0 0 0 0 0 0 0 0 0 0 0 0 0 0 0 0 0 0 0 0 0 0 0 
0 0 0 0 0 0 0 0 0 0 0 0 0 0 0 0 0 0 0 0 0 0 0 0 0 0 0 0 0 0 0 0 0 0 0 0 0 0 0 0 0 0 0 0 0 0 0 0 0 0 0 0 0 0 0 0 0 0 0 0 0 0 0 0 0 0 0 0 0 0 0 0 0 0 0 0 0 0 0 0 0 0 0 0 0 0 0 0 0 0 0 0 0 0 0 0 0 0 0 0 0 0 0 0 0 0 0 0 0 0 0 0 0 0 0 0 0 0 0 0 0 0 0 0 0 0 0 0 0 0 0 0 0 0 0 0 0 0 0 0 0 0 0 0 0 0 0 0 0 0 0 0 0 0 0 0 0 0 0 0 0 0 0 0 0 0 0 0 0 0 0 0 0 0 0 0 0 0 0 0 0 0 0 0 195 194 195 195 195 196 196 196 196 195 195 195 196 196 196 196 196 196 196 196 196 195 195 194 195 194 195 194 194 194 194 194 195 195 195 195 195 195 196 196 196 196 196 196 196 196 196 196 196 197 196 196 196 196 197 196 197 197 197 197 197 198 198 198 198 198 198 198 198 198 198 198 198 199 199 199 199 199 199 200 200 199 200 200 200 200 200 201 201 201 201 201 201 202 202 202 202 202 202 202 202 203 203 203 203 203 203 203 203 203 203 204 204 204 204 204 204 204 204 204 204 205 205 205 205 205 205 205 206 206 206 205 205 205 205 206 206 206 206 206 206 205 205 205 205 205 205 205 205 206 206 206 206 206 207 207 207 207 208 208 208 208 209 208 209 208 208 208 208 208 208 209 209 209 208 209 208 209 209 209 209 209 209 209 209 209 209 209 209 210 211 211 210 210 210 210 211 211 211 211 210 211 211 211 211 211 211 210 213 213 213 213 213 212 212 213 213 214 214 214 215 215 215 215 215 215 215 216 216 217 216 215 215 216 216 216 217 217 217 217 217 217 216 217 217 216 216 217 217 217 217 217 216 217 217 216 217 0 0 0 0 0 0 0 0 0 0 0 0 0 0 0 0 0 0 0 0 0 0 0 0 0 0 0 0 0 0 0 0 0 0 0 0 0 0 0 0 0 0 0 0 0 0 0 0 0 0 0 0 0 0 0 0 0 0 0 0 0 0 
0 0 0 0 0 0 0 0 0 0 0 0 0 0 0 0 0 0 0 0 0 0 0 0 0 0 0 0 0 0 0 0 0 0 0 0 0 0 0 0 0 0 0 0 0 0 0 0 0 0 0 0 0 0 0 0 0 0 0 0 0 0 0 0 0 0 0 0 0 0 0 0 0 0 0 0 0 0 0 0 0 0 0 0 0 0 0 0 0 0 0 0 0 0 0 0 0 0 0 0 0 0 0 0 0 0 0 0 0 0 0 0 0 0 0 0 0 0 0 0 0 0 0 0 0 0 0 0 0 0 0 0 0 0 0 0 0 0 0 0 0 0 0 0 0 0 0 0 0 0 0 0 0 0 0 0 0 0 0 0 0 0 0 0 0 0 0 0 0 0 0 0 0 0 0 0 0 0 0 0 0 0 0 0 0 195 196 195 195 195 195 196 196 196 196 196 196 196 196 196 196 196 196 196 195 195 194 194 194 194 194 194 194 194 194 194 194 195 195 195 194 195 196 196 196 195 196 196 196 196 197 197 196 196 196 196 196 196 196 196 197 197 197 197 197 197 198 198 198 198 198 198 198 198 198 198 199 199 199 199 199 199 199 199 199 199 200 200 200 200 200 201 201 201 201 201 201 201 202 202 202 202 202 202 202 202 203 203 203 203 203 203 203 203 203 204 204 204 204 205 205 204 204 204 204 204 204 205 205 205 205 205 206 206 206 205 205 205 205 205 206 205 205 206 206 205 205 205 206 205 205 205 205 205 206 206 206 206 206 207 207 207 208 208 208 208 208 208 208 208 208 208 208 208 208 209 209 208 209 209 208 209 209 209 209 209 209 209 209 210 210 210 209 210 210 211 210 210 211 211 211 211 211 210 210 211 211 211 211 211 211 210 213 214 213 213 213 212 212 213 213 214 214 214 215 214 215 215 215 215 215 216 216 217 216 216 215 216 216 216 217 218 218 218 218 217 216 217 217 216 217 217 217 217 217 217 217 217 218 217 0 0 0 0 0 0 0 0 0 0 0 0 0 0 0 0 0 0 0 0 0 0 0 0 0 0 0 0 0 0 0 0 0 0 0 0 0 0 0 0 0 0 0 0 0 0 0 0 0 0 0 0 0 0 0 0 0 0 0 0 0 0 0 
0 0 0 0 0 0 0 0 0 0 0 0 0 0 0 0 0 0 0 0 0 0 0 0 0 0 0 0 0 0 0 0 0 0 0 0 0 0 0 0 0 0 0 0 0 0 0 0 0 0 0 0 0 0 0 0 0 0 0 0 0 0 0 0 0 0 0 0 0 0 0 0 0 0 0 0 0 0 0 0 0 0 0 0 0 0 0 0 0 0 0 0 0 0 0 0 0 0 0 0 0 0 0 0 0 0 0 0 0 0 0 0 0 0 0 0 0 0 0 0 0 0 0 0 0 0 0 0 0 0 0 0 0 0 0 0 0 0 0 0 0 0 0 0 0 0 0 0 0 0 0 0 0 0 0 0 0 0 0 0 0 0 0 0 0 0 0 0 0 0 0 0 0 0 0 194 0 194 194 195 0 195 195 195 196 196 196 195 195 195 195 196 195 195 195 196 195 195 195 195 195 195 195 195 195 194 193 193 194 194 193 194 194 194 194 194 194 194 195 195 194 195 196 196 195 195 196 196 196 196 197 197 196 196 197 196 197 196 197 196 196 197 197 197 197 197 197 197 198 198 198 198 198 198 198 198 198 199 199 199 199 199 199 199 199 199 200 200 200 200 201 201 201 201 201 201 201 201 202 201 202 202 202 202 202 202 202 202 203 203 203 203 203 203 203 203 203 203 204 204 204 204 204 204 204 204 205 205 205 205 205 205 205 205 205 205 205 205 205 205 205 206 205 206 206 206 206 206 206 206 205 205 205 206 206 206 206 206 206 207 207 207 208 208 208 208 208 208 208 208 208 208 208 208 208 209 208 208 209 209 208 209 209 209 209 209 209 209 210 210 210 210 209 210 211 211 210 210 211 211 210 210 210 210 211 211 212 211 211 211 211 210 213 213 213 212 212 212 212 212 212 213 213 213 214 214 215 215 215 215 215 215 216 217 217 216 216 216 217 217 217 218 218 218 218 218 217 218 217 217 217 217 217 217 218 217 218 0 0 0 0 0 0 0 0 0 0 0 0 0 0 0 0 0 0 0 0 0 0 0 0 0 0 0 0 0 0 0 0 0 0 0 0 0 0 0 0 0 0 0 0 0 0 0 0 0 0 0 0 0 0 0 0 0 0 0 0 0 0 0 0 0 0 
0 0 0 0 0 0 0 0 0 0 0 0 0 0 0 0 0 0 0 0 0 0 0 0 0 0 0 0 0 0 0 0 0 0 0 0 0 0 0 0 0 0 0 0 0 0 0 0 0 0 0 0 0 0 0 0 0 0 0 0 0 0 0 0 0 0 0 0 0 0 0 0 0 0 0 0 0 0 0 0 0 0 0 0 0 0 0 0 0 0 0 0 0 0 0 0 0 0 0 0 0 0 0 0 0 0 0 0 0 0 0 0 0 0 0 0 0 0 0 0 0 0 0 0 0 0 0 0 0 0 0 0 0 0 0 0 0 0 0 0 0 0 0 0 0 0 0 0 0 0 0 0 0 0 0 0 0 0 0 0 0 0 0 0 0 0 0 0 0 0 0 0 0 0 0 194 194 195 195 195 195 195 195 195 195 196 195 195 194 195 196 196 195 195 195 194 195 195 195 195 195 194 195 195 194 193 193 193 194 194 193 194 194 194 194 194 194 194 194 194 194 195 195 195 195 196 196 196 196 196 196 197 196 196 196 197 197 197 197 197 197 197 197 197 197 197 197 197 197 198 198 198 198 198 198 198 198 199 199 199 199 199 199 199 199 199 200 200 200 200 200 200 200 201 201 201 201 201 201 201 201 202 202 202 202 202 202 202 203 203 203 203 203 203 203 204 204 204 203 203 204 204 204 204 204 204 204 205 205 205 205 205 205 205 205 205 205 205 205 205 205 205 205 205 206 206 206 206 206 206 205 205 205 206 206 206 206 206 206 207 207 207 207 207 207 208 208 208 208 208 208 208 208 208 208 208 208 209 209 208 208 209 209 209 209 209 209 209 210 210 210 210 210 210 210 211 210 210 211 211 210 210 210 210 210 211 211 211 211 211 210 210 213 213 212 212 211 212 212 213 213 213 213 213 213 214 215 216 216 215 215 215 216 217 217 216 216 216 217 217 217 218 218 218 218 218 218 218 217 216 216 216 217 217 218 0 0 0 0 0 0 0 0 0 0 0 0 0 0 0 0 0 0 0 0 0 0 0 0 0 0 0 0 0 0 0 0 0 0 0 0 0 0 0 0 0 0 0 0 0 0 0 0 0 0 0 0 0 0 0 0 0 0 0 0 0 0 0 0 0 0 0 0 
0 0 0 0 0 0 0 0 0 0 0 0 0 0 0 0 0 0 0 0 0 0 0 0 0 0 0 0 0 0 0 0 0 0 0 0 0 0 0 0 0 0 0 0 0 0 0 0 0 0 0 0 0 0 0 0 0 0 0 0 0 0 0 0 0 0 0 0 0 0 0 0 0 0 0 0 0 0 0 0 0 0 0 0 0 0 0 0 0 0 0 0 0 0 0 0 0 0 0 0 0 0 0 0 0 0 0 0 0 0 0 0 0 0 0 0 0 0 0 0 0 0 0 0 0 0 0 0 0 0 0 0 0 0 0 0 0 0 0 0 0 0 0 0 0 0 0 0 0 0 0 0 0 0 0 0 0 0 0 0 0 0 0 0 0 0 0 0 0 0 0 0 194 194 194 194 194 194 195 195 195 195 195 194 194 195 195 195 194 195 195 195 194 194 194 194 194 194 194 194 194 194 194 194 193 193 193 193 193 193 193 193 194 194 194 194 194 194 194 194 194 195 195 195 195 196 196 196 196 196 196 196 196 196 196 196 197 197 197 197 197 197 197 197 197 197 197 197 197 197 198 198 198 198 198 198 198 199 199 199 199 199 199 199 199 200 199 200 200 200 200 200 200 200 201 201 201 201 201 201 201 201 202 202 202 202 202 202 203 203 203 203 203 203 203 204 204 204 204 203 203 204 204 204 204 204 204 204 204 205 205 205 205 205 204 204 205 205 205 205 205 205 205 205 205 205 206 206 206 206 206 205 205 205 206 206 206 206 207 207 207 207 208 207 207 208 208 208 208 208 208 208 208 208 208 208 208 208 208 208 208 209 209 209 208 209 209 209 210 210 210 210 210 211 211 211 210 210 211 211 210 211 211 210 210 211 211 211 211 210 210 210 212 212 212 211 211 212 212 213 214 214 214 214 214 214 215 216 216 216 215 215 216 217 217 217 216 216 216 216 217 217 217 217 218 217 218 218 217 217 216 216 217 217 217 0 0 0 0 0 0 0 0 0 0 0 0 0 0 0 0 0 0 0 0 0 0 0 0 0 0 0 0 0 0 0 0 0 0 0 0 0 0 0 0 0 0 0 0 0 0 0 0 0 0 0 0 0 0 0 0 0 0 0 0 0 0 0 0 0 0 0 0 
0 0 0 0 0 0 0 0 0 0 0 0 0 0 0 0 0 0 0 0 0 0 0 0 0 0 0 0 0 0 0 0 0 0 0 0 0 0 0 0 0 0 0 0 0 0 0 0 0 0 0 0 0 0 0 0 0 0 0 0 0 0 0 0 0 0 0 0 0 0 0 0 0 0 0 0 0 0 0 0 0 0 0 0 0 0 0 0 0 0 0 0 0 0 0 0 0 0 0 0 0 0 0 0 0 0 0 0 0 0 0 0 0 0 0 0 0 0 0 0 0 0 0 0 0 0 0 0 0 0 0 0 0 0 0 0 0 0 0 0 0 0 0 0 0 0 0 0 0 0 0 0 0 0 0 0 0 0 0 0 0 0 0 0 0 0 0 0 0 0 0 0 0 193 193 194 194 194 194 194 194 194 194 194 194 194 195 194 194 194 194 194 193 193 193 193 194 193 193 193 193 194 193 193 193 193 193 193 193 193 193 194 194 194 194 194 194 194 194 194 194 195 194 195 195 195 196 196 196 196 196 197 196 197 196 196 196 196 196 197 197 197 197 197 197 197 197 197 197 198 198 198 198 198 198 198 198 198 199 199 199 199 199 199 199 199 199 200 200 200 200 200 200 200 201 201 201 201 201 201 201 201 202 202 202 202 202 202 202 203 203 203 203 203 203 204 204 204 204 204 203 204 204 204 204 204 204 204 205 205 205 205 205 204 204 204 204 205 205 205 205 205 205 205 206 206 205 205 206 205 205 205 206 206 206 206 206 207 207 207 207 207 208 207 207 207 208 208 208 208 208 208 208 208 208 208 208 208 208 208 208 208 208 209 209 209 210 210 210 210 210 210 210 211 212 211 210 210 211 211 211 211 211 210 210 211 211 211 211 210 210 209 211 211 211 211 212 213 213 213 214 214 214 214 214 215 215 215 216 216 216 216 216 217 217 217 217 216 216 216 216 217 217 217 217 218 218 218 217 217 216 216 216 216 216 0 0 0 0 0 0 0 0 0 0 0 0 0 0 0 0 0 0 0 0 0 0 0 0 0 0 0 0 0 0 0 0 0 0 0 0 0 0 0 0 0 0 0 0 0 0 0 0 0 0 0 0 0 0 0 0 0 0 0 0 0 0 0 0 0 0 0 0 
0 0 0 0 0 0 0 0 0 0 0 0 0 0 0 0 0 0 0 0 0 0 0 0 0 0 0 0 0 0 0 0 0 0 0 0 0 0 0 0 0 0 0 0 0 0 0 0 0 0 0 0 0 0 0 0 0 0 0 0 0 0 0 0 0 0 0 0 0 0 0 0 0 0 0 0 0 0 0 0 0 0 0 0 0 0 0 0 0 0 0 0 0 0 0 0 0 0 0 0 0 0 0 0 0 0 0 0 0 0 0 0 0 0 0 0 0 0 0 0 0 0 0 0 0 0 0 0 0 0 0 0 0 0 0 0 0 0 0 0 0 0 0 0 0 0 0 0 0 0 0 0 0 0 0 0 0 0 0 0 0 0 0 0 0 0 0 0 0 0 0 0 0 0 193 194 194 194 194 194 193 193 193 193 194 194 194 194 193 193 193 193 193 192 192 192 192 192 192 193 192 192 192 192 192 193 193 193 193 193 194 194 194 194 194 194 194 194 194 194 194 195 195 195 195 195 196 196 196 196 196 196 196 196 196 196 196 196 196 197 197 197 197 197 197 198 198 198 198 198 198 198 198 198 198 198 198 198 199 199 199 199 199 199 199 199 199 200 200 200 200 200 200 200 200 201 201 201 201 201 201 201 202 202 202 202 202 202 202 203 203 203 203 203 203 204 204 204 204 204 203 204 204 204 204 205 204 204 204 205 205 205 205 204 204 204 204 204 204 204 205 205 205 205 205 205 206 205 205 205 205 205 206 206 206 206 207 207 207 207 207 207 208 207 207 207 208 208 208 207 208 208 208 207 208 208 208 208 208 208 208 209 209 209 210 210 210 210 210 211 210 210 210 211 212 212 211 211 211 211 211 210 210 211 211 211 211 211 211 210 209 209 211 211 211 212 212 213 214 214 214 214 214 215 215 215 215 215 216 216 216 216 216 217 217 217 216 216 217 217 217 217 217 217 217 218 218 218 217 216 216 216 216 216 216 216 0 0 0 0 0 0 0 0 0 0 0 0 0 0 0 0 0 0 0 0 0 0 0 0 0 0 0 0 0 0 0 0 0 0 0 0 0 0 0 0 0 0 0 0 0 0 0 0 0 0 0 0 0 0 0 0 0 0 0 0 0 0 0 0 0 0 0 
0 0 0 0 0 0 0 0 0 0 0 0 0 0 0 0 0 0 0 0 0 0 0 0 0 0 0 0 0 0 0 0 0 0 0 0 0 0 0 0 0 0 0 0 0 0 0 0 0 0 0 0 0 0 0 0 0 0 0 0 0 0 0 0 0 0 0 0 0 0 0 0 0 0 0 0 0 0 0 0 0 0 0 0 0 0 0 0 0 0 0 0 0 0 0 0 0 0 0 0 0 0 0 0 0 0 0 0 0 0 0 0 0 0 0 0 0 0 0 0 0 0 0 0 0 0 0 0 0 0 0 0 0 0 0 0 0 0 0 0 0 0 0 0 0 0 0 0 0 0 0 0 0 0 0 0 0 0 0 0 0 0 0 0 0 0 0 0 0 0 0 0 0 0 193 192 192 193 193 192 192 192 192 192 192 193 192 193 192 192 192 192 191 191 191 191 191 191 191 191 191 191 192 192 192 192 193 193 193 194 194 194 194 194 194 194 194 194 194 194 194 195 195 195 195 195 196 196 196 196 196 196 196 196 196 196 196 196 196 197 197 197 197 197 197 197 197 198 197 198 198 198 198 198 198 198 198 198 198 199 199 199 199 199 199 199 199 200 200 200 200 200 200 200 200 201 201 201 201 201 201 201 202 202 202 202 202 202 202 202 203 203 203 203 203 204 204 204 204 204 203 204 204 204 204 205 204 204 204 204 205 205 205 204 204 204 204 204 204 205 205 205 205 205 205 205 205 205 205 205 206 205 205 206 206 206 206 206 206 207 207 207 208 208 208 207 207 207 207 208 207 207 207 207 208 209 208 209 208 208 208 208 208 208 209 209 210 210 210 211 211 210 210 211 211 212 212 211 211 211 211 210 210 210 211 211 211 210 210 210 209 209 211 211 212 213 213 214 214 213 214 214 214 214 215 215 215 215 215 216 216 216 216 217 217 217 216 216 218 218 217 217 218 218 218 218 218 217 217 216 216 216 216 216 216 216 217 0 0 0 0 0 0 0 0 0 0 0 0 0 0 0 0 0 0 0 0 0 0 0 0 0 0 0 0 0 0 0 0 0 0 0 0 0 0 0 0 0 0 0 0 0 0 0 0 0 0 0 0 0 0 0 0 0 0 0 0 0 0 0 0 0 0 
0 0 0 0 0 0 0 0 0 0 0 0 0 0 0 0 0 0 0 0 0 0 0 0 0 0 0 0 0 0 0 0 0 0 0 0 0 0 0 0 0 0 0 0 0 0 0 0 0 0 0 0 0 0 0 0 0 0 0 0 0 0 0 0 0 0 0 0 0 0 0 0 0 0 0 0 0 0 0 0 0 0 0 0 0 0 0 0 0 0 0 0 0 0 0 0 0 0 0 0 0 0 0 0 0 0 0 0 0 0 0 0 0 0 0 0 0 0 0 0 0 0 0 0 0 0 0 0 0 0 0 0 0 0 0 0 0 0 0 0 0 0 0 0 0 0 0 0 0 0 0 0 0 0 0 0 0 0 0 0 0 0 0 0 0 0 0 0 0 0 0 0 0 0 192 192 191 192 191 191 190 191 191 191 191 191 191 191 191 191 191 191 191 191 191 191 191 191 191 192 192 192 192 192 193 193 193 193 193 194 194 194 194 194 194 194 194 194 194 194 195 195 195 195 195 195 196 196 196 196 196 196 196 196 196 196 196 196 196 197 197 197 197 197 197 197 197 197 197 197 197 197 197 197 198 198 198 198 198 198 199 199 199 199 199 199 199 199 200 200 200 200 200 200 200 201 201 201 201 201 201 201 202 202 202 202 202 202 202 202 203 203 203 203 203 204 204 204 203 203 204 204 204 204 204 204 205 205 204 204 205 205 205 204 204 204 204 204 205 205 205 205 205 205 205 205 205 205 205 206 206 205 205 205 205 205 206 206 206 206 207 207 208 208 208 208 207 207 207 208 208 208 208 207 208 208 209 208 208 208 208 208 209 209 209 210 210 210 210 211 211 210 210 211 211 211 212 211 211 211 211 210 210 209 210 210 211 210 209 209 210 209 211 211 212 213 214 213 213 213 214 214 215 215 215 215 215 215 215 216 216 216 216 217 217 217 216 217 218 217 217 217 218 218 218 217 217 217 217 216 216 216 216 216 216 216 217 0 0 0 0 0 0 0 0 0 0 0 0 0 0 0 0 0 0 0 0 0 0 0 0 0 0 0 0 0 0 0 0 0 0 0 0 0 0 0 0 0 0 0 0 0 0 0 0 0 0 0 0 0 0 0 0 0 0 0 0 0 0 0 0 0 0 
0 0 0 0 0 0 0 0 0 0 0 0 0 0 0 0 0 0 0 0 0 0 0 0 0 0 0 0 0 0 0 0 0 0 0 0 0 0 0 0 0 0 0 0 0 0 0 0 0 0 0 0 0 0 0 0 0 0 0 0 0 0 0 0 0 0 0 0 0 0 0 0 0 0 0 0 0 0 0 0 0 0 0 0 0 0 0 0 0 0 0 0 0 0 0 0 0 0 0 0 0 0 0 0 0 0 0 0 0 0 0 0 0 0 0 0 0 0 0 0 0 0 0 0 0 0 0 0 0 0 0 0 0 0 0 0 0 0 0 0 0 0 0 0 0 0 191 192 192 191 192 192 193 193 0 0 0 0 0 0 0 0 0 0 0 0 0 0 0 0 0 0 0 194 192 191 191 190 190 190 190 190 190 190 190 191 190 190 190 190 190 191 191 191 191 191 192 192 192 192 192 192 193 193 193 193 193 193 193 194 194 194 194 194 194 194 194 194 194 195 194 195 195 195 195 195 196 195 196 196 196 196 196 196 196 196 196 196 196 197 197 197 197 197 197 197 197 197 197 198 198 197 197 197 197 198 198 198 198 198 198 199 199 199 199 199 199 199 200 200 200 200 200 200 200 201 200 201 201 201 201 201 202 202 202 202 202 202 202 202 202 203 203 203 203 203 204 203 203 204 204 203 204 204 204 205 205 205 205 204 204 205 204 204 204 204 204 204 205 205 205 205 205 204 205 205 205 205 206 206 205 205 205 205 205 205 205 206 206 206 206 207 207 208 208 207 207 207 207 208 208 208 207 207 208 208 209 208 208 208 208 208 209 209 210 210 210 210 210 211 211 211 211 210 211 211 212 212 211 210 210 211 210 210 209 210 210 210 209 209 210 210 211 211 212 213 213 212 213 214 214 214 214 215 215 215 215 215 215 216 216 216 217 217 217 217 216 217 217 217 217 217 217 217 217 217 217 216 216 216 216 216 216 216 216 216 217 217 0 0 0 0 0 0 0 0 0 0 0 0 0 0 0 0 0 0 0 0 0 0 0 0 0 0 0 0 0 0 0 0 0 0 0 0 0 0 0 0 0 0 0 0 0 0 0 0 0 0 0 0 0 0 0 0 0 0 0 0 0 0 0 0 0 
0 0 0 0 0 0 0 0 0 0 0 0 0 0 0 0 0 0 0 0 0 0 0 0 0 0 0 0 0 0 0 0 0 0 0 0 0 0 0 0 0 0 0 0 0 0 0 0 0 0 0 0 0 0 0 0 0 0 0 0 0 0 0 0 0 0 0 0 0 0 0 0 0 0 0 0 0 0 0 0 0 0 0 0 0 0 0 0 0 0 0 0 0 0 0 0 0 0 0 0 0 0 0 0 0 0 0 0 0 0 0 0 0 0 0 0 0 0 0 0 0 0 0 0 0 0 0 0 0 0 0 0 0 0 0 0 0 0 0 0 0 0 0 0 0 192 192 191 191 191 191 191 192 192 193 194 194 0 0 0 193 192 0 0 0 0 0 0 0 0 0 0 195 194 193 192 191 190 190 190 190 190 190 191 191 191 191 191 191 191 191 191 191 192 192 192 192 192 192 192 193 193 193 193 193 193 193 193 193 194 194 194 194 194 194 194 194 194 194 194 194 195 195 195 195 195 195 196 196 196 196 196 196 196 196 196 196 196 196 196 196 197 197 197 197 197 197 197 197 197 198 198 198 197 197 197 198 198 198 198 198 198 199 199 199 199 199 199 199 200 200 200 200 200 200 200 200 201 201 201 201 201 202 202 202 202 202 202 202 202 202 202 203 203 203 203 204 204 204 204 204 203 204 204 204 204 204 205 205 205 205 204 204 204 204 204 204 204 204 204 204 204 204 205 205 205 205 205 206 206 205 206 206 206 205 205 205 206 206 206 206 206 207 208 208 207 207 208 208 208 208 208 207 208 208 208 208 208 208 208 208 208 209 209 209 210 210 209 210 210 210 211 211 211 211 211 212 212 211 210 210 210 210 210 209 209 210 210 210 209 210 210 211 212 212 212 212 212 213 213 214 214 214 214 215 215 215 215 216 216 216 216 217 217 217 217 217 217 217 217 217 217 217 217 217 217 217 216 216 216 216 216 216 216 216 216 217 217 217 0 0 0 0 0 0 0 0 0 0 0 0 0 0 0 0 0 0 0 0 0 0 0 0 0 0 0 0 0 0 0 0 0 0 0 0 0 0 0 0 0 0 0 0 0 0 0 0 0 0 0 0 0 0 0 0 0 0 0 0 0 0 0 0 
0 0 0 0 0 0 0 0 0 0 0 0 0 0 0 0 0 0 0 0 0 0 0 0 0 0 0 0 0 0 0 0 0 0 0 0 0 0 0 0 0 0 0 0 0 0 0 0 0 0 0 0 0 0 0 0 0 0 0 0 0 0 0 0 0 0 0 0 0 0 0 0 0 0 0 0 0 0 0 0 0 0 0 0 0 0 0 0 0 0 0 0 0 0 0 0 0 0 0 0 0 0 0 0 0 0 0 0 0 0 0 0 0 0 0 0 0 0 0 0 0 0 0 0 0 0 0 0 0 0 0 0 0 0 0 0 0 0 0 0 0 0 0 0 0 191 192 192 191 191 192 191 191 192 192 192 192 193 194 194 193 193 193 194 0 0 0 0 0 0 195 195 195 194 193 192 191 190 190 190 190 190 190 191 191 191 191 191 191 191 191 192 192 192 192 192 192 192 192 193 193 193 193 193 193 193 193 193 193 194 194 194 194 194 194 194 194 194 194 194 195 195 195 195 195 195 195 196 196 196 196 196 196 196 196 196 196 196 196 197 197 197 197 197 197 197 197 197 197 197 197 198 198 198 198 198 197 198 198 198 198 198 199 199 199 199 199 199 199 200 200 200 200 200 200 200 200 200 200 201 201 201 201 202 202 202 202 202 202 202 202 202 203 203 203 204 204 204 204 204 204 203 204 204 204 204 205 205 205 205 205 205 204 204 204 205 204 204 205 204 204 204 204 205 204 204 205 205 206 206 206 206 206 205 205 205 205 206 206 206 206 206 207 207 208 208 208 208 208 208 208 208 208 209 209 209 208 208 208 208 208 208 209 209 209 209 209 209 210 210 210 210 211 211 211 211 211 211 211 210 210 210 210 210 210 210 209 209 210 209 209 209 212 213 213 213 213 213 213 213 214 213 214 214 214 215 215 215 215 215 216 216 217 217 217 217 217 217 217 217 217 217 217 217 217 217 217 216 216 216 216 216 217 217 216 216 216 216 217 217 0 0 0 0 0 0 0 0 0 0 0 0 0 0 0 0 0 0 0 0 0 0 0 0 0 0 0 0 0 0 0 0 0 0 0 0 0 0 0 0 0 0 0 0 0 0 0 0 0 0 0 0 0 0 0 0 0 0 0 0 0 0 0 
0 0 0 0 0 0 0 0 0 0 0 0 0 0 0 0 0 0 0 0 0 0 0 0 0 0 0 0 0 0 0 0 0 0 0 0 0 0 0 0 0 0 0 0 0 0 0 0 0 0 0 0 0 0 0 0 0 0 0 0 0 0 0 0 0 0 0 0 0 0 0 0 0 0 0 0 0 0 0 0 0 0 0 0 0 0 0 0 0 0 0 0 0 0 0 0 0 0 0 0 0 0 0 0 0 0 0 0 0 0 0 0 0 0 0 0 0 0 0 0 0 0 0 0 0 0 0 0 0 0 0 0 0 0 0 0 0 0 0 0 0 0 0 0 192 191 191 191 191 191 191 191 191 192 191 191 192 192 193 193 192 192 192 193 194 194 193 193 193 194 195 195 195 194 193 192 191 190 189 190 190 190 191 191 191 191 191 191 191 192 192 192 192 192 192 192 192 192 192 193 193 193 193 193 193 193 193 193 193 194 194 194 194 194 194 194 194 194 194 195 195 195 195 195 195 195 195 196 196 196 196 196 196 196 196 196 196 196 196 196 197 197 197 197 197 197 198 198 197 197 198 198 198 198 198 198 198 198 198 198 198 198 199 199 199 199 199 199 199 199 200 200 200 200 200 200 200 200 200 200 201 201 201 201 202 202 202 202 203 203 203 202 203 203 204 204 204 204 203 204 204 204 203 204 204 204 204 204 205 205 205 205 205 205 205 205 205 205 205 205 205 205 205 204 204 205 205 205 206 206 206 205 205 205 205 206 206 206 206 206 206 206 207 207 207 208 208 208 208 208 208 208 208 209 208 208 208 208 208 208 208 208 209 209 209 209 209 209 209 210 210 211 211 211 211 210 210 211 211 211 210 210 211 210 210 209 209 209 209 209 210 210 212 213 213 213 214 214 214 214 214 214 214 215 214 214 214 215 215 215 215 216 216 217 217 217 217 217 217 217 216 216 217 217 217 217 217 217 216 216 216 216 217 217 216 216 216 216 217 217 217 217 0 0 0 0 0 0 0 0 0 0 0 0 0 0 0 0 0 0 0 0 0 0 0 0 0 0 0 0 0 0 0 0 0 0 0 0 0 0 0 0 0 0 0 0 0 0 0 0 0 0 0 0 0 0 0 0 0 0 0 0 0 
0 0 0 0 0 0 0 0 0 0 0 0 0 0 0 0 0 0 0 0 0 0 0 0 0 0 0 0 0 0 0 0 0 0 0 0 0 0 0 0 0 0 0 0 0 0 0 0 0 0 0 0 0 0 0 0 0 0 0 0 0 0 0 0 0 0 0 0 0 0 0 0 0 0 0 0 0 0 0 0 0 0 0 0 0 0 0 0 0 0 0 0 0 0 0 0 0 0 0 0 0 0 0 0 0 0 0 0 0 0 0 0 0 0 0 0 0 0 0 0 0 0 0 0 0 0 0 0 0 0 0 0 0 0 0 0 0 0 0 0 0 0 0 0 191 191 191 191 191 191 192 191 191 191 191 191 192 192 192 192 191 191 191 192 193 194 193 193 193 194 195 195 194 194 193 192 191 190 189 189 190 190 191 191 191 191 191 191 192 192 192 192 192 192 192 192 192 192 192 193 193 193 193 193 193 193 193 193 193 193 193 193 193 193 194 194 194 194 194 194 195 195 195 195 195 195 195 196 196 196 196 196 196 196 196 196 196 196 196 196 197 197 197 197 197 197 197 198 198 198 198 198 198 199 198 198 198 198 198 198 198 198 198 198 199 199 199 199 199 199 199 200 200 200 200 200 200 200 200 200 201 201 201 201 202 202 202 202 202 202 202 202 203 203 204 204 204 203 204 203 203 203 203 203 204 204 204 204 204 205 205 205 204 204 204 204 205 205 205 205 205 205 205 205 205 205 205 205 206 206 206 206 206 206 206 206 206 206 206 206 206 206 206 207 207 208 208 208 208 208 208 208 209 209 208 208 208 209 208 208 208 208 208 209 209 209 209 210 209 210 210 210 210 211 210 210 210 211 211 210 211 210 210 210 210 210 210 209 209 210 210 210 212 212 212 213 213 213 213 213 214 214 214 214 215 215 214 214 214 214 215 215 215 216 217 217 217 217 217 217 217 216 216 217 217 217 217 217 216 216 216 216 217 217 216 216 216 217 217 216 217 217 0 0 0 0 0 0 0 0 0 0 0 0 0 0 0 0 0 0 0 0 0 0 0 0 0 0 0 0 0 0 0 0 0 0 0 0 0 0 0 0 0 0 0 0 0 0 0 0 0 0 0 0 0 0 0 0 0 0 0 0 0 
0 0 0 0 0 0 0 0 0 0 0 0 0 0 0 0 0 0 0 0 0 0 0 0 0 0 0 0 0 0 0 0 0 0 0 0 0 0 0 0 0 0 0 0 0 0 0 0 0 0 0 0 0 0 0 0 0 0 0 0 0 0 0 0 0 0 0 0 0 0 0 0 0 0 0 0 0 0 0 0 0 0 0 0 0 0 0 0 0 0 0 0 0 0 0 0 0 0 0 0 0 0 0 0 0 0 0 0 0 0 0 0 0 0 0 0 0 0 0 0 0 0 0 0 0 0 0 0 0 0 0 0 0 0 0 0 0 0 0 0 0 0 0 0 191 191 190 191 191 191 192 191 191 191 191 191 191 192 191 191 191 190 191 192 193 194 193 193 193 194 194 194 194 193 192 191 190 190 189 189 190 190 191 191 191 191 191 191 192 192 192 192 192 192 192 192 192 192 192 192 193 193 193 193 193 193 193 193 193 193 193 193 193 194 194 194 194 194 194 194 195 195 195 195 195 195 195 196 196 196 196 196 196 196 196 196 196 196 196 196 197 197 197 197 197 197 197 197 198 198 198 198 198 198 198 198 198 198 198 198 198 198 198 198 199 199 199 199 199 199 200 200 200 200 200 200 200 200 200 200 201 201 201 201 202 202 202 202 202 202 203 203 203 203 204 204 203 203 203 203 203 204 204 203 204 204 204 204 204 205 205 204 204 204 204 204 204 204 205 205 205 205 205 206 205 205 206 206 206 206 207 207 206 206 206 206 206 206 206 206 206 206 207 207 207 208 208 208 208 208 208 209 208 208 208 208 208 209 209 208 208 208 208 209 209 209 209 209 209 209 209 210 210 210 210 210 210 210 210 210 210 210 210 210 210 210 210 210 209 209 210 210 213 213 212 212 212 213 213 213 213 213 214 214 214 214 215 215 215 215 215 215 215 216 216 217 217 217 217 217 217 216 216 217 217 217 217 217 217 217 216 216 216 217 217 216 216 216 217 217 217 217 0 0 0 0 0 0 0 0 0 0 0 0 0 0 0 0 0 0 0 0 0 0 0 0 0 0 0 0 0 0 0 0 0 0 0 0 0 0 0 0 0 0 0 0 0 0 0 0 0 0 0 0 0 0 0 0 0 0 0 0 0 
0 0 0 0 0 0 0 0 0 0 0 0 0 0 0 0 0 0 0 0 0 0 0 0 0 0 0 0 0 0 0 0 0 0 0 0 0 0 0 0 0 0 0 0 0 0 0 0 0 0 0 0 0 0 0 0 0 0 0 0 0 0 0 0 0 0 0 0 0 0 0 0 0 0 0 0 0 0 0 0 0 0 0 0 0 0 0 0 0 0 0 0 0 0 0 0 0 0 0 0 0 0 0 0 0 0 0 0 0 0 0 0 0 0 0 0 0 0 0 0 0 0 0 0 0 0 0 0 0 0 0 0 0 0 0 0 0 0 0 0 0 0 0 0 0 191 191 191 191 192 191 191 191 191 191 191 191 191 191 191 190 191 191 192 193 193 193 192 192 193 193 193 193 192 191 191 191 190 190 190 190 190 191 191 191 191 191 191 192 192 192 192 192 192 192 192 192 192 192 192 193 193 193 193 193 193 193 193 193 193 193 193 194 194 194 194 194 194 194 194 194 195 195 195 195 195 195 195 196 196 196 196 196 196 196 196 196 196 196 196 196 197 197 197 197 197 197 197 197 198 197 197 197 198 198 199 198 198 198 198 198 198 198 198 199 199 199 199 199 199 200 200 200 200 200 200 200 200 200 200 201 201 201 201 201 202 202 202 202 202 203 203 203 203 203 204 203 203 203 203 204 204 204 203 204 204 204 204 204 205 205 205 205 205 205 205 205 205 205 205 205 205 205 205 206 206 206 206 206 206 207 206 206 207 206 206 206 206 206 206 206 206 206 207 207 208 208 208 208 208 208 208 208 208 209 209 208 209 209 209 208 208 208 208 209 209 209 209 209 209 210 210 210 210 210 210 210 210 210 210 210 210 210 210 210 210 210 210 209 209 210 210 212 212 213 212 213 213 213 213 213 213 213 213 214 214 214 215 215 215 215 216 216 216 217 217 217 217 217 217 217 216 216 217 217 217 217 217 217 217 216 216 216 217 217 216 216 216 216 217 0 0 0 0 0 0 0 0 0 0 0 0 0 0 0 0 0 0 0 0 0 0 0 0 0 0 0 0 0 0 0 0 0 0 0 0 0 0 0 0 0 0 0 0 0 0 0 0 0 0 0 0 0 0 0 0 0 0 0 0 0 0 0 
0 0 0 0 0 0 0 0 0 0 0 0 0 0 0 0 0 0 0 0 0 0 0 0 0 0 0 0 0 0 0 0 0 0 0 0 0 0 0 0 0 0 0 0 0 0 0 0 0 0 0 0 0 0 0 0 0 0 0 0 0 0 0 0 0 0 0 0 0 0 0 0 0 0 0 0 0 0 0 0 0 0 0 0 0 0 0 0 0 0 0 0 0 0 0 0 0 0 0 0 0 0 0 0 0 0 0 0 0 0 0 0 0 0 0 0 0 0 0 0 0 0 0 0 0 0 0 0 0 0 0 0 0 0 0 0 0 0 0 0 0 0 0 0 190 190 190 190 190 191 191 191 191 191 191 191 190 191 191 190 191 191 191 191 192 193 192 192 191 191 191 193 193 192 191 190 191 190 189 190 190 191 191 191 191 191 191 191 191 191 192 192 192 192 192 192 192 192 192 192 192 193 193 193 193 193 193 193 193 193 193 194 194 194 194 194 194 194 194 194 195 195 195 195 195 195 195 195 195 196 196 196 196 196 196 196 196 196 196 196 196 197 197 197 197 197 197 197 197 197 197 197 197 198 198 198 198 198 198 198 198 198 198 198 199 199 199 199 199 199 200 200 200 200 200 200 200 200 200 200 200 200 201 201 202 201 201 201 201 202 202 202 203 203 203 203 203 203 203 203 203 204 204 203 204 204 204 204 205 205 205 205 204 204 205 204 204 205 205 205 205 205 205 205 206 206 206 206 206 206 206 206 207 206 206 206 206 206 206 206 206 206 206 207 207 208 207 208 208 207 208 208 209 209 209 208 209 209 209 209 208 208 208 208 208 209 209 209 209 209 209 210 210 210 210 209 209 210 209 210 210 210 210 210 210 210 210 210 209 209 210 210 212 212 212 212 213 213 213 213 213 213 213 213 213 214 214 214 214 215 215 215 215 215 216 216 216 216 217 217 217 216 216 217 217 217 217 217 217 217 217 216 216 216 217 217 216 216 217 0 0 0 0 0 0 0 0 0 0 0 0 0 0 0 0 0 0 0 0 0 0 0 0 0 0 0 0 0 0 0 0 0 0 0 0 0 0 0 0 0 0 0 0 0 0 0 0 0 0 0 0 0 0 0 0 0 0 0 0 0 0 0 0 
0 0 0 0 0 0 0 0 0 0 0 0 0 0 0 0 0 0 0 0 0 0 0 0 0 0 0 0 0 0 0 0 0 0 0 0 0 0 0 0 0 0 0 0 0 0 0 0 0 0 0 0 0 0 0 0 0 0 0 0 0 0 0 0 0 0 0 0 0 0 0 0 0 0 0 0 0 0 0 0 0 0 0 0 0 0 0 0 0 0 0 0 0 0 0 0 0 0 0 0 0 0 0 0 0 0 0 0 0 0 0 0 0 0 0 0 0 0 0 0 0 0 0 0 0 0 0 0 0 0 0 0 0 0 0 0 0 0 0 0 0 0 0 0 0 0 191 190 190 190 190 191 192 191 191 190 189 190 190 190 191 190 190 191 192 192 193 192 191 191 191 192 192 191 190 190 189 189 189 190 190 191 191 191 191 191 191 191 191 191 192 192 192 192 192 192 192 192 192 192 192 193 193 193 193 193 193 193 193 193 193 194 194 194 194 194 194 194 194 194 195 195 195 195 195 195 195 195 195 196 196 196 196 196 196 196 196 196 196 196 196 197 197 197 197 197 197 197 197 197 197 197 197 198 198 198 198 199 198 198 198 198 198 198 198 199 199 199 199 199 200 200 200 200 200 200 200 200 200 200 200 200 201 201 201 201 201 201 201 201 202 202 202 202 203 203 203 203 203 203 203 203 203 204 204 204 204 204 204 204 205 204 204 204 204 204 204 204 204 205 205 205 205 205 205 206 205 206 206 206 206 206 207 207 207 206 206 206 206 206 206 206 207 207 207 208 207 207 208 208 208 208 209 209 209 209 209 209 209 209 208 208 208 208 209 209 209 209 209 209 209 210 210 210 210 210 210 209 209 209 210 210 210 210 210 210 210 210 210 209 210 210 212 212 212 212 212 213 213 213 213 213 213 213 213 214 214 214 214 214 215 214 214 215 216 216 215 216 216 217 217 216 217 217 217 217 217 217 217 217 217 217 217 217 218 218 218 217 217 0 0 0 0 0 0 0 0 0 0 0 0 0 0 0 0 0 0 0 0 0 0 0 0 0 0 0 0 0 0 0 0 0 0 0 0 0 0 0 0 0 0 0 0 0 0 0 0 0 0 0 0 0 0 0 0 0 0 0 0 0 0 0 0 
0 0 0 0 0 0 0 0 0 0 0 0 0 0 0 0 0 0 0 0 0 0 0 0 0 0 0 0 0 0 0 0 0 0 0 0 0 0 0 0 0 0 0 0 0 0 0 0 0 0 0 0 0 0 0 0 0 0 0 0 0 0 0 0 0 0 0 0 0 0 0 0 0 0 0 0 0 0 0 0 0 0 0 0 0 0 0 0 0 0 0 0 0 0 0 0 0 0 0 0 0 0 0 0 0 0 0 0 0 0 0 0 0 0 0 0 0 0 0 0 0 0 0 0 0 0 0 0 0 0 0 0 0 0 0 0 0 0 0 0 0 0 0 0 0 0 0 191 192 191 190 190 190 190 189 190 190 190 190 190 189 189 189 190 191 191 192 192 192 193 192 190 190 190 190 189 189 190 190 190 190 191 191 191 191 191 191 191 191 191 192 192 192 192 192 192 192 192 192 192 192 193 193 193 193 193 193 193 193 193 193 193 194 194 194 194 194 194 194 194 195 195 195 195 195 195 195 195 195 196 195 195 196 196 196 196 196 196 196 196 196 197 197 197 197 197 197 197 197 197 197 198 197 198 198 198 198 198 198 198 198 198 198 198 198 199 199 199 199 199 199 200 200 200 200 200 200 200 200 200 200 201 201 201 201 201 201 202 202 201 201 202 202 202 202 202 203 203 203 203 203 204 204 204 204 203 203 203 203 203 204 204 204 204 204 204 204 204 204 204 204 205 205 205 205 206 205 206 206 206 206 206 206 206 207 207 206 207 207 206 206 206 207 207 208 208 208 208 208 208 208 208 209 208 209 209 209 209 209 209 208 208 209 209 209 209 209 209 209 209 209 210 210 210 210 210 210 209 209 210 209 210 210 210 210 210 210 210 210 210 210 210 212 212 212 212 212 213 213 213 213 213 213 213 213 213 213 213 213 214 214 214 214 215 215 216 215 216 216 217 217 217 217 217 217 217 217 217 217 218 218 218 218 218 218 218 218 218 218 0 0 0 0 0 0 0 0 0 0 0 0 0 0 0 0 0 0 0 0 0 0 0 0 0 0 0 0 0 0 0 0 0 0 0 0 0 0 0 0 0 0 0 0 0 0 0 0 0 0 0 0 0 0 0 0 0 0 0 0 0 0 0 0 
0 0 0 0 0 0 0 0 0 0 0 0 0 0 0 0 0 0 0 0 0 0 0 0 0 0 0 0 0 0 0 0 0 0 0 0 0 0 0 0 0 0 0 0 0 0 0 0 0 0 0 0 0 0 0 0 0 0 0 0 0 0 0 0 0 0 0 0 0 0 0 0 0 0 0 0 0 0 0 0 0 0 0 0 0 0 0 0 0 0 0 0 0 0 0 0 0 0 0 0 0 0 0 0 0 0 0 0 0 0 0 0 0 0 0 0 0 0 0 0 0 0 0 0 0 0 0 0 0 0 0 0 0 0 0 0 0 0 0 0 0 0 0 0 0 0 0 0 190 190 189 189 190 189 190 190 191 191 191 191 190 190 189 189 190 191 191 192 193 193 192 191 191 191 190 190 190 190 190 190 190 191 191 191 191 191 191 191 192 192 192 192 192 192 192 192 192 192 192 192 192 193 193 193 193 193 193 193 193 193 193 193 194 194 194 194 194 194 194 194 194 194 195 195 195 195 195 195 195 195 195 195 195 196 196 196 196 196 196 196 196 197 197 197 197 197 197 197 197 197 197 198 197 197 198 198 198 198 198 198 198 198 198 198 199 199 199 199 199 199 199 199 200 200 200 200 200 200 200 200 200 201 201 200 201 201 201 201 202 202 202 202 202 202 202 202 202 202 203 203 203 204 204 204 204 203 203 203 203 203 203 203 203 204 203 204 204 204 204 204 204 204 205 205 205 205 205 206 206 206 206 206 206 206 206 206 206 206 206 206 206 206 207 208 208 208 208 208 208 208 209 208 208 208 208 208 208 208 208 208 208 209 208 208 208 208 208 209 209 209 209 210 210 210 210 209 209 210 210 209 209 209 210 210 210 210 210 210 210 210 210 210 212 213 213 212 213 213 213 213 213 213 213 212 212 213 213 213 213 214 214 214 214 214 215 215 215 216 216 217 217 217 217 217 217 217 217 218 218 218 218 218 218 218 218 218 218 0 0 0 0 0 0 0 0 0 0 0 0 0 0 0 0 0 0 0 0 0 0 0 0 0 0 0 0 0 0 0 0 0 0 0 0 0 0 0 0 0 0 0 0 0 0 0 0 0 0 0 0 0 0 0 0 0 0 0 0 0 0 0 0 0 0 
0 0 0 0 0 0 0 0 0 0 0 0 0 0 0 0 0 0 0 0 0 0 0 0 0 0 0 0 0 0 0 0 0 0 0 0 0 0 0 0 0 0 0 0 0 0 0 0 0 0 0 0 0 0 0 0 0 0 0 0 0 0 0 0 0 0 0 0 0 0 0 0 0 0 0 0 0 0 0 0 0 0 0 0 0 0 0 0 0 0 0 0 0 0 0 0 0 0 0 0 0 0 0 0 0 0 0 0 0 0 0 0 0 0 0 0 0 0 0 0 0 0 0 0 0 0 0 0 0 0 0 0 0 0 0 0 0 0 0 0 0 0 0 0 0 0 0 0 0 0 0 0 191 190 190 191 192 192 193 193 191 191 191 189 189 191 191 191 192 191 192 191 191 190 190 190 190 190 190 190 190 191 191 191 191 191 191 191 192 192 192 192 192 192 192 192 192 192 192 192 192 192 193 193 193 193 193 193 193 193 193 194 194 194 194 194 194 194 194 194 194 194 195 195 195 195 195 195 195 195 195 196 195 196 196 196 196 196 196 196 196 197 197 197 197 197 197 197 197 197 197 197 198 197 197 198 198 198 198 198 198 198 198 198 199 199 199 199 199 199 199 199 199 200 200 200 200 200 200 200 200 200 200 200 201 201 201 201 201 202 202 202 203 202 202 202 202 202 203 203 203 203 204 204 203 203 203 203 203 203 203 203 204 204 204 204 204 204 204 204 204 204 205 205 205 205 205 205 205 205 206 206 206 206 206 206 206 206 206 206 206 207 208 208 207 207 208 208 208 208 208 208 208 208 208 208 208 208 208 208 208 208 208 208 208 208 209 209 209 209 209 209 210 210 209 210 210 210 210 210 209 209 209 209 210 210 210 210 210 210 210 210 212 213 213 213 213 213 213 213 213 213 213 213 213 213 213 214 213 214 214 215 214 214 214 215 215 216 216 217 217 217 217 217 217 217 217 218 218 218 218 218 218 218 218 218 218 218 218 0 0 0 0 0 0 0 0 0 0 0 0 0 0 0 0 0 0 0 0 0 0 0 0 0 0 0 0 0 0 0 0 0 0 0 0 0 0 0 0 0 0 0 0 0 0 0 0 0 0 0 0 0 0 0 0 0 0 0 0 0 0 0 0 
0 0 0 0 0 0 0 0 0 0 0 0 0 0 0 0 0 0 0 0 0 0 0 0 0 0 0 0 0 0 0 0 0 0 0 0 0 0 0 0 0 0 0 0 0 0 0 0 0 0 0 0 0 0 0 0 0 0 0 0 0 0 0 0 0 0 0 0 0 0 0 0 0 0 0 0 0 0 0 0 0 0 0 0 0 0 0 0 0 0 0 0 0 0 0 0 0 0 0 0 0 0 0 0 0 0 0 0 0 0 0 0 0 0 0 0 0 0 0 0 0 0 0 0 0 0 0 0 0 0 0 0 0 0 0 0 0 0 0 0 0 0 0 0 0 0 0 0 0 0 0 0 192 192 192 193 193 193 194 194 192 192 193 193 188 189 189 190 191 190 190 190 189 189 189 190 190 190 190 190 190 191 191 191 191 191 191 191 191 192 192 192 192 192 192 192 192 192 192 192 192 192 192 193 193 193 193 193 193 193 193 193 194 194 194 194 194 194 194 194 194 194 195 195 195 195 195 195 195 195 195 196 196 196 196 196 196 196 196 196 196 196 197 197 197 197 197 197 197 197 197 197 197 198 197 197 198 198 198 197 198 198 198 198 199 199 199 199 199 199 199 199 199 200 200 200 200 200 200 200 200 200 200 201 201 200 201 201 201 202 202 202 202 202 202 202 202 202 202 202 203 203 204 204 203 203 203 203 204 204 203 203 204 204 204 204 204 204 204 204 204 204 205 205 205 205 205 205 205 205 206 206 206 206 206 206 206 206 206 206 207 207 208 208 208 207 208 207 208 208 208 208 208 208 208 208 208 208 208 208 208 208 208 208 208 209 209 209 209 209 209 209 209 209 209 209 209 210 209 209 210 210 209 209 209 209 210 210 210 210 210 210 212 212 213 213 213 213 212 212 212 212 213 213 213 213 213 214 214 215 215 216 215 215 215 215 215 215 216 216 217 217 216 217 217 217 218 217 218 218 217 217 218 218 218 218 218 218 218 0 0 0 0 0 0 0 0 0 0 0 0 0 0 0 0 0 0 0 0 0 0 0 0 0 0 0 0 0 0 0 0 0 0 0 0 0 0 0 0 0 0 0 0 0 0 0 0 0 0 0 0 0 0 0 0 0 0 0 0 0 0 0 0 
0 0 0 0 0 0 0 0 0 0 0 0 0 0 0 0 0 0 0 0 0 0 0 0 0 0 0 0 0 0 0 0 0 0 0 0 0 0 0 0 0 0 0 0 0 0 0 0 0 0 0 0 0 0 0 0 0 0 0 0 0 0 0 0 0 0 0 0 0 0 0 0 0 0 0 0 0 0 0 0 0 0 0 0 0 0 0 0 0 0 0 0 0 0 0 0 0 0 0 0 0 0 0 0 0 0 0 0 0 0 0 0 0 0 0 0 0 0 0 0 0 0 0 0 0 0 0 0 0 0 0 0 0 0 0 0 0 0 0 0 0 0 0 0 0 0 0 0 0 0 0 0 0 0 193 194 195 195 194 194 193 194 194 193 192 191 189 189 189 188 188 189 188 189 189 189 190 190 190 190 191 191 191 191 191 191 191 191 192 192 192 192 192 192 192 192 192 192 192 192 192 192 192 192 193 193 193 193 193 193 193 193 194 194 194 194 194 194 194 194 194 194 194 194 194 195 195 195 195 195 195 196 196 196 196 196 196 196 196 196 196 196 196 197 197 197 197 197 197 197 197 197 197 197 197 197 198 198 198 198 197 198 198 198 198 199 198 198 199 199 199 199 199 199 200 200 200 200 200 200 200 200 200 200 200 201 201 201 201 202 202 202 202 202 202 202 202 202 202 203 203 203 204 203 203 204 204 204 204 204 204 204 204 204 204 204 203 203 203 204 204 204 205 205 205 205 205 205 204 205 206 206 206 206 206 206 206 206 206 206 207 207 208 208 208 207 207 207 207 207 207 208 208 208 208 208 209 209 209 208 208 208 209 209 209 209 209 208 209 209 209 209 209 209 209 209 209 209 209 210 210 210 210 210 210 210 209 209 210 210 210 210 212 213 213 213 212 212 212 212 212 212 212 213 214 214 214 214 214 215 215 216 216 215 216 216 215 215 216 216 216 217 216 217 217 217 218 217 218 218 217 218 218 218 218 218 218 218 0 0 0 0 0 0 0 0 0 0 0 0 0 0 0 0 0 0 0 0 0 0 0 0 0 0 0 0 0 0 0 0 0 0 0 0 0 0 0 0 0 0 0 0 0 0 0 0 0 0 0 0 0 0 0 0 0 0 0 0 0 0 0 0 0 
0 0 0 0 0 0 0 0 0 0 0 0 0 0 0 0 0 0 0 0 0 0 0 0 0 0 0 0 0 0 0 0 0 0 0 0 0 0 0 0 0 0 0 0 0 0 0 0 0 0 0 0 0 0 0 0 0 0 0 0 0 0 0 0 0 0 0 0 0 0 0 0 0 0 0 0 0 0 0 0 0 0 0 0 0 0 0 0 0 0 0 0 0 0 0 0 0 0 0 0 0 0 0 0 0 0 0 0 0 0 0 0 0 0 0 0 0 0 0 0 0 0 0 0 0 0 0 0 0 0 0 0 0 0 0 0 0 0 0 0 0 0 0 0 0 0 0 0 0 0 0 0 0 0 0 194 194 194 194 194 194 194 193 193 192 192 191 190 189 189 191 189 189 189 189 189 190 190 190 191 191 191 191 191 191 191 191 191 192 192 192 192 192 192 192 192 192 192 192 192 192 192 192 192 192 193 193 193 193 193 193 193 194 194 194 194 194 194 194 194 194 194 194 194 194 195 195 195 195 195 195 195 196 196 196 196 196 196 196 196 196 196 196 196 197 197 197 197 197 197 197 197 197 197 197 197 198 198 198 198 198 198 198 198 198 198 198 198 199 199 199 199 199 200 200 200 200 200 200 200 200 200 200 200 201 201 201 201 201 201 202 202 202 202 201 202 202 202 202 202 203 203 203 203 203 203 204 204 204 204 204 204 204 204 203 203 203 204 204 204 204 204 204 205 205 204 205 204 204 205 205 205 206 206 206 206 206 206 205 206 206 207 207 207 207 207 207 207 207 207 208 208 208 208 209 208 209 209 209 209 209 209 209 209 209 209 209 208 209 209 209 210 210 209 209 209 209 209 209 209 209 209 209 210 210 209 209 209 210 210 210 210 212 212 212 212 212 212 213 213 213 213 213 213 214 214 215 215 215 214 215 215 216 216 216 216 215 215 216 216 217 217 217 217 217 217 217 217 217 217 217 217 218 218 217 218 218 0 0 0 0 0 0 0 0 0 0 0 0 0 0 0 0 0 0 0 0 0 0 0 0 0 0 0 0 0 0 0 0 0 0 0 0 0 0 0 0 0 0 0 0 0 0 0 0 0 0 0 0 0 0 0 0 0 0 0 0 0 0 0 0 0 0 
0 0 0 0 0 0 0 0 0 0 0 0 0 0 0 0 0 0 0 0 0 0 0 0 0 0 0 0 0 0 0 0 0 0 0 0 0 0 0 0 0 0 0 0 0 0 0 0 0 0 0 0 0 0 0 0 0 0 0 0 0 0 0 0 0 0 0 0 0 0 0 0 0 0 0 0 0 0 0 0 0 0 0 0 0 0 0 0 0 0 0 0 0 0 0 0 0 0 0 0 0 0 0 0 0 0 0 0 0 0 0 0 0 0 0 0 0 0 0 0 0 0 0 0 0 0 0 0 0 0 0 0 0 0 0 0 0 0 0 0 0 0 0 0 0 0 0 0 0 0 0 0 0 0 193 193 193 193 193 193 193 193 193 192 191 191 191 191 192 193 192 190 190 190 190 190 189 190 190 190 191 191 191 191 191 191 191 191 191 192 192 192 192 192 192 192 192 192 192 192 192 193 193 193 192 192 193 193 193 193 193 193 194 194 194 194 194 194 194 194 194 194 194 194 194 195 195 195 195 195 195 195 196 196 196 196 196 196 196 196 196 196 196 196 197 197 197 197 197 197 197 197 197 198 198 197 198 198 198 198 198 198 198 198 198 198 199 199 199 199 199 199 199 199 200 200 200 200 200 200 200 200 200 200 200 201 201 201 201 201 201 201 202 202 201 202 202 202 202 202 203 203 203 203 203 203 203 203 203 203 204 204 203 203 203 203 203 204 204 204 204 204 204 205 204 204 205 204 205 205 205 205 205 206 206 206 206 206 205 205 206 207 207 207 207 207 207 207 207 207 208 208 208 208 209 209 209 210 209 210 209 209 209 209 209 208 208 209 209 209 209 210 210 209 209 209 209 209 209 209 209 209 209 210 210 209 209 209 210 210 210 210 212 212 212 213 213 213 213 213 213 214 214 213 213 214 214 215 216 215 215 215 216 217 217 216 216 215 216 216 217 217 217 217 217 217 217 217 217 217 217 217 217 217 217 218 218 0 0 0 0 0 0 0 0 0 0 0 0 0 0 0 0 0 0 0 0 0 0 0 0 0 0 0 0 0 0 0 0 0 0 0 0 0 0 0 0 0 0 0 0 0 0 0 0 0 0 0 0 0 0 0 0 0 0 0 0 0 0 0 0 0 0 
0 0 0 0 0 0 0 0 0 0 0 0 0 0 0 0 0 0 0 0 0 0 0 0 0 0 0 0 0 0 0 0 0 0 0 0 0 0 0 0 0 0 0 0 0 0 0 0 0 0 0 0 0 0 0 0 0 0 0 0 0 0 0 0 0 0 0 0 0 0 0 0 0 0 0 0 0 0 0 0 0 0 0 0 0 0 0 0 0 0 0 0 0 0 0 0 0 0 0 0 0 0 0 0 0 0 0 0 0 0 0 0 0 0 0 0 0 0 0 0 0 0 0 0 0 0 0 0 0 0 0 0 0 0 0 0 0 0 0 0 0 0 0 0 0 0 0 0 0 0 0 0 0 193 192 192 192 192 192 193 192 192 192 193 193 193 193 194 193 192 191 191 190 190 189 189 189 190 190 190 191 191 191 191 191 191 191 191 191 191 192 192 192 192 192 192 192 192 192 192 192 193 193 193 193 193 192 193 193 193 193 193 193 193 194 194 194 194 194 194 194 194 194 194 194 195 195 195 195 195 195 195 196 196 196 196 196 196 196 196 196 196 196 196 197 197 197 197 197 197 197 197 197 197 198 198 198 198 198 198 198 198 198 198 198 198 199 199 199 199 199 199 199 199 200 200 200 200 200 200 200 200 200 201 201 201 201 201 201 201 201 201 201 202 202 202 202 202 202 203 203 203 203 203 203 203 203 203 203 203 203 203 203 203 203 203 203 204 204 204 204 204 204 204 204 204 204 204 204 205 205 205 205 205 206 206 206 206 205 205 206 206 207 207 207 207 207 207 207 207 208 208 208 208 209 209 209 209 209 210 210 210 209 209 209 209 209 208 209 209 209 210 210 209 209 209 209 209 209 209 209 209 209 209 209 209 209 209 209 210 210 210 212 212 212 212 212 213 214 214 215 215 215 214 213 214 215 215 216 216 216 216 216 217 217 216 216 215 215 216 216 217 218 218 217 217 216 216 217 217 217 217 217 217 217 218 218 218 0 0 0 0 0 0 0 0 0 0 0 0 0 0 0 0 0 0 0 0 0 0 0 0 0 0 0 0 0 0 0 0 0 0 0 0 0 0 0 0 0 0 0 0 0 0 0 0 0 0 0 0 0 0 0 0 0 0 0 0 0 0 0 0 0 
0 0 0 0 0 0 0 0 0 0 0 0 0 0 0 0 0 0 0 0 0 0 0 0 0 0 0 0 0 0 0 0 0 0 0 0 0 0 0 0 0 0 0 0 0 0 0 0 0 0 0 0 0 0 0 0 0 0 0 0 0 0 0 0 0 0 0 0 0 0 0 0 0 0 0 0 0 0 0 0 0 0 0 0 0 0 0 0 0 0 0 0 0 0 0 0 0 0 0 0 0 0 0 0 0 0 0 0 0 0 0 0 0 0 0 0 0 0 0 0 0 0 0 0 0 0 0 0 0 0 0 0 0 0 0 0 0 0 0 0 0 0 0 0 0 0 0 0 0 0 0 0 0 193 192 192 192 192 191 192 193 193 194 195 195 194 194 195 194 193 191 190 190 189 189 189 189 190 190 190 191 191 191 191 191 191 191 191 191 191 192 192 192 192 192 192 192 192 192 192 192 192 192 193 193 193 193 193 193 193 193 193 193 193 193 194 193 194 194 194 194 194 194 194 194 194 195 194 195 195 195 195 195 196 196 196 196 196 196 196 196 196 196 196 196 197 197 197 197 197 197 197 197 197 198 198 198 198 198 198 198 198 198 198 198 198 199 199 199 199 199 199 199 199 200 200 200 200 200 200 200 200 200 200 201 201 201 201 201 201 201 201 201 201 201 202 202 203 203 202 202 202 203 203 203 203 203 203 203 203 203 203 203 203 203 204 204 204 204 204 204 204 204 205 204 205 204 204 204 205 205 205 205 205 205 205 206 206 205 205 205 206 206 207 207 207 207 207 207 207 208 208 208 208 209 209 209 209 209 209 209 210 210 209 208 208 208 208 209 209 210 210 210 209 210 210 210 210 209 209 209 209 209 209 209 209 209 209 209 210 210 210 212 212 212 212 212 212 213 214 214 215 215 215 214 213 215 215 216 216 216 216 216 217 217 216 216 215 215 216 217 217 217 217 217 217 217 217 217 217 217 217 217 217 217 218 218 0 0 0 0 0 0 0 0 0 0 0 0 0 0 0 0 0 0 0 0 0 0 0 0 0 0 0 0 0 0 0 0 0 0 0 0 0 0 0 0 0 0 0 0 0 0 0 0 0 0 0 0 0 0 0 0 0 0 0 0 0 0 0 0 0 0 
0 0 0 0 0 0 0 0 0 0 0 0 0 0 0 0 0 0 0 0 0 0 0 0 0 0 0 0 0 0 0 0 0 0 0 0 0 0 0 0 0 0 0 0 0 0 0 0 0 0 0 0 0 0 0 0 0 0 0 0 0 0 0 0 0 0 0 0 0 0 0 0 0 0 0 0 0 0 0 0 0 0 0 0 0 0 0 0 0 0 0 0 0 0 0 0 0 0 0 0 0 0 0 0 0 0 0 0 0 0 0 0 0 0 0 0 0 0 0 0 0 0 0 0 0 0 0 0 0 0 0 0 0 0 0 0 0 0 0 0 0 0 0 0 0 0 0 0 0 0 0 193 193 193 194 194 193 193 192 191 192 193 194 193 193 194 194 195 193 192 192 192 192 190 189 189 189 190 190 190 191 191 191 191 191 191 191 191 191 191 191 191 191 192 192 192 192 192 192 192 192 192 192 192 193 193 193 193 193 193 193 193 193 193 193 193 193 194 194 194 194 194 194 194 194 194 194 194 195 195 195 195 195 196 196 196 196 196 196 196 196 196 196 196 196 196 197 197 197 197 197 197 197 197 198 198 198 198 198 198 198 198 198 198 198 198 198 199 199 199 199 199 199 199 199 200 200 200 200 200 200 200 200 200 200 201 201 201 201 201 201 201 201 201 202 202 202 202 203 202 202 202 203 203 203 203 203 203 203 204 204 203 204 204 204 205 205 204 204 204 204 204 204 205 205 204 204 203 204 205 205 204 205 205 205 205 205 205 205 205 205 205 206 206 206 207 207 207 208 207 207 208 208 209 208 209 209 209 209 209 209 209 209 209 209 209 208 209 209 209 210 210 209 209 209 209 209 209 209 209 209 209 209 208 208 209 209 209 209 209 209 210 212 212 212 213 213 213 213 213 213 214 214 215 215 214 214 214 215 215 215 216 216 217 217 217 216 215 216 216 217 217 217 217 217 217 217 217 217 217 217 217 217 217 217 218 218 0 0 0 0 0 0 0 0 0 0 0 0 0 0 0 0 0 0 0 0 0 0 0 0 0 0 0 0 0 0 0 0 0 0 0 0 0 0 0 0 0 0 0 0 0 0 0 0 0 0 0 0 0 0 0 0 0 0 0 0 0 0 0 0 0 0 
0 0 0 0 0 0 0 0 0 0 0 0 0 0 0 0 0 0 0 0 0 0 0 0 0 0 0 0 0 0 0 0 0 0 0 0 0 0 0 0 0 0 0 0 0 0 0 0 0 0 0 0 0 0 0 0 0 0 0 0 0 0 0 0 0 0 0 0 0 0 0 0 0 0 0 0 0 0 0 0 0 0 0 0 0 0 0 0 0 0 0 0 0 0 0 0 0 0 0 0 0 0 0 0 0 0 0 0 0 0 0 0 0 0 0 0 0 0 0 0 0 0 0 0 0 0 0 0 0 0 0 0 0 0 0 0 0 0 0 0 0 0 0 0 0 0 0 0 0 0 0 193 193 194 194 193 193 193 192 191 191 192 193 192 192 192 193 194 193 193 194 194 192 191 190 189 189 190 190 190 191 191 191 191 191 191 191 191 191 191 191 191 192 192 192 192 192 192 192 192 192 192 192 192 193 193 193 193 193 193 193 193 193 193 193 194 194 194 194 194 194 194 194 194 194 194 194 194 195 195 195 195 195 195 195 195 195 196 196 196 196 196 197 196 196 196 197 197 197 197 197 197 197 197 198 198 198 198 198 198 198 198 198 198 198 198 198 199 199 199 199 199 199 199 200 200 200 200 200 200 200 200 200 200 200 200 201 201 200 201 201 201 202 201 201 202 202 202 202 202 202 202 202 203 203 203 203 203 203 204 204 204 204 204 204 204 204 204 204 204 204 204 204 205 205 205 204 204 203 204 204 204 204 204 205 205 205 205 205 205 205 205 206 206 207 207 207 207 208 208 208 208 209 208 208 208 208 208 208 208 209 209 209 210 209 209 208 209 209 209 209 209 208 208 208 208 208 208 209 209 209 209 208 208 208 209 209 209 209 210 209 209 212 212 212 213 214 214 214 213 214 214 215 215 215 215 215 215 215 215 215 215 216 216 217 217 217 216 217 217 217 217 217 217 217 217 217 217 217 217 217 217 217 218 218 218 0 0 0 0 0 0 0 0 0 0 0 0 0 0 0 0 0 0 0 0 0 0 0 0 0 0 0 0 0 0 0 0 0 0 0 0 0 0 0 0 0 0 0 0 0 0 0 0 0 0 0 0 0 0 0 0 0 0 0 0 0 0 0 0 0 0 0 
0 0 0 0 0 0 0 0 0 0 0 0 0 0 0 0 0 0 0 0 0 0 0 0 0 0 0 0 0 0 0 0 0 0 0 0 0 0 0 0 0 0 0 0 0 0 0 0 0 0 0 0 0 0 0 0 0 0 0 0 0 0 0 0 0 0 0 0 0 0 0 0 0 0 0 0 0 0 0 0 0 0 0 0 0 0 0 0 0 0 0 0 0 0 0 0 0 0 0 0 0 0 0 0 0 0 0 0 0 0 0 0 0 0 0 0 0 0 0 0 0 0 0 0 0 0 0 0 0 0 0 0 0 0 0 0 0 0 0 0 0 0 0 0 0 0 0 0 0 0 0 194 194 194 193 192 192 192 192 191 191 191 191 192 192 191 193 194 195 194 194 193 192 191 190 189 189 190 190 190 191 191 191 191 191 191 191 191 191 191 191 192 192 192 192 192 192 192 192 192 192 192 192 192 192 193 193 193 193 193 193 193 193 193 193 193 194 194 194 194 194 194 194 194 194 194 194 194 195 195 195 195 195 195 195 196 196 196 196 196 196 196 197 196 196 196 196 197 197 197 197 197 197 197 197 198 198 198 198 198 198 198 198 198 198 198 198 199 199 199 199 199 199 199 199 200 200 200 200 200 200 200 200 200 200 200 200 200 200 201 201 202 202 202 201 202 203 202 202 202 202 202 202 203 203 203 203 203 203 203 203 204 204 204 204 204 204 204 204 204 204 204 204 205 204 204 204 204 203 204 204 204 204 204 205 205 205 205 205 205 205 205 206 206 207 207 207 208 208 208 208 208 208 208 208 208 208 208 208 208 209 209 209 210 209 209 209 209 209 209 210 209 208 208 208 208 208 208 209 209 209 209 208 208 208 209 209 209 209 210 209 210 212 213 213 213 213 214 214 213 213 214 214 215 215 216 216 216 215 215 215 215 216 216 217 217 217 217 218 218 217 217 217 217 217 217 217 217 217 217 217 217 217 217 217 218 0 0 0 0 0 0 0 0 0 0 0 0 0 0 0 0 0 0 0 0 0 0 0 0 0 0 0 0 0 0 0 0 0 0 0 0 0 0 0 0 0 0 0 0 0 0 0 0 0 0 0 0 0 0 0 0 0 0 0 0 0 0 0 0 0 0 0 
0 0 0 0 0 0 0 0 0 0 0 0 0 0 0 0 0 0 0 0 0 0 0 0 0 0 0 0 0 0 0 0 0 0 0 0 0 0 0 0 0 0 0 0 0 0 0 0 0 0 0 0 0 0 0 0 0 0 0 0 0 0 0 0 0 0 0 0 0 0 0 0 0 0 0 0 0 0 0 0 0 0 0 0 0 0 0 0 0 0 0 0 0 0 0 0 0 0 0 0 0 0 0 0 0 0 0 0 0 0 0 0 0 0 0 0 0 0 0 0 0 0 0 0 0 0 0 0 0 0 0 0 0 0 0 0 0 0 0 0 0 0 0 0 0 0 0 0 0 0 0 0 193 192 192 192 192 191 191 191 191 191 191 191 191 192 192 193 194 195 194 193 192 191 190 190 189 189 190 190 191 191 191 191 191 191 191 191 191 191 192 192 192 192 192 192 192 192 192 192 192 192 192 192 192 192 193 193 193 193 193 193 193 193 193 193 194 194 194 194 194 194 195 195 195 195 195 195 195 195 195 195 195 195 195 195 196 196 196 196 196 196 197 196 196 196 196 197 197 197 197 197 197 197 197 198 198 198 198 198 198 198 198 198 198 198 199 199 199 199 199 199 199 199 199 200 200 200 200 200 200 200 200 200 200 200 200 200 200 201 201 201 202 202 202 202 202 202 203 203 202 202 202 203 203 203 203 203 203 203 203 204 204 203 204 204 204 204 203 204 204 204 205 204 204 204 204 204 204 204 204 204 204 204 205 205 205 205 205 205 205 205 206 206 207 207 207 207 208 208 208 207 208 208 207 208 208 208 208 209 209 209 209 210 209 209 209 209 209 209 210 209 209 208 208 208 208 208 208 208 208 208 208 208 209 209 209 209 209 209 210 210 213 212 213 213 214 214 215 214 214 214 214 215 215 215 215 216 216 215 215 215 216 216 217 217 217 217 217 217 217 217 217 217 217 217 217 217 217 217 217 216 217 217 217 217 0 0 0 0 0 0 0 0 0 0 0 0 0 0 0 0 0 0 0 0 0 0 0 0 0 0 0 0 0 0 0 0 0 0 0 0 0 0 0 0 0 0 0 0 0 0 0 0 0 0 0 0 0 0 0 0 0 0 0 0 0 0 0 0 0 0 0 
0 0 0 0 0 0 0 0 0 0 0 0 0 0 0 0 0 0 0 0 0 0 0 0 0 0 0 0 0 0 0 0 0 0 0 0 0 0 0 0 0 0 0 0 0 0 0 0 0 0 0 0 0 0 0 0 0 0 0 0 0 0 0 0 0 0 0 0 0 0 0 0 0 0 0 0 0 0 0 0 0 0 0 0 0 0 0 0 0 0 0 0 0 0 0 0 0 0 0 0 0 0 0 0 0 0 0 0 0 0 0 0 0 0 0 0 0 0 0 0 0 0 0 0 0 0 0 0 0 0 0 0 0 0 0 0 0 0 0 0 0 0 0 0 0 0 0 0 0 0 0 0 194 193 193 194 193 193 192 192 192 192 190 190 190 191 191 191 193 193 193 192 191 190 190 190 190 189 190 190 191 191 191 191 191 191 191 191 191 191 192 192 192 192 192 192 192 192 192 192 192 192 192 192 192 192 193 193 193 193 193 193 193 193 193 193 194 194 194 194 194 194 195 195 195 195 195 195 195 195 195 195 195 195 195 196 196 196 196 196 196 196 196 196 196 196 196 197 197 197 197 197 197 197 197 197 198 198 198 198 198 198 197 198 198 198 199 199 199 199 199 199 199 199 199 200 200 200 200 200 200 200 200 200 200 200 200 200 201 201 201 201 202 202 202 202 202 202 203 203 203 202 202 202 203 203 203 203 203 203 203 204 204 204 204 204 204 204 204 204 204 204 205 204 204 204 204 204 204 204 204 204 205 204 205 205 205 205 205 205 205 205 206 206 206 207 206 207 207 207 207 207 207 207 207 208 208 209 209 209 209 209 209 209 209 209 209 209 208 209 209 209 209 208 208 208 208 208 208 208 208 208 208 208 209 209 209 209 209 209 210 210 212 213 213 214 214 214 215 214 215 214 214 214 215 215 215 215 215 216 216 216 217 217 217 216 216 216 216 216 216 216 216 216 217 217 217 217 217 217 217 216 217 217 218 0 0 0 0 0 0 0 0 0 0 0 0 0 0 0 0 0 0 0 0 0 0 0 0 0 0 0 0 0 0 0 0 0 0 0 0 0 0 0 0 0 0 0 0 0 0 0 0 0 0 0 0 0 0 0 0 0 0 0 0 0 0 0 0 0 0 0 0 
0 0 0 0 0 0 0 0 0 0 0 0 0 0 0 0 0 0 0 0 0 0 0 0 0 0 0 0 0 0 0 0 0 0 0 0 0 0 0 0 0 0 0 0 0 0 0 0 0 0 0 0 0 0 0 0 0 0 0 0 0 0 0 0 0 0 0 0 0 0 0 0 0 0 0 0 0 0 0 0 0 0 0 0 0 0 0 0 0 0 0 0 0 0 0 0 0 0 0 0 0 0 0 0 0 0 0 0 0 0 0 0 0 0 0 0 0 0 0 0 0 0 0 0 0 0 0 0 0 0 0 0 0 0 0 0 0 0 0 0 0 0 0 0 0 0 0 0 0 0 0 0 0 194 194 194 193 192 191 191 191 191 192 192 191 190 190 191 191 192 193 192 190 189 189 189 189 190 190 190 191 191 191 191 191 191 191 191 191 191 192 192 192 192 192 192 192 192 192 192 192 192 192 192 193 193 193 193 193 193 193 193 193 193 193 194 194 194 194 194 194 194 195 195 195 195 195 195 195 195 195 195 195 195 195 196 196 196 196 196 196 196 196 196 196 196 196 196 197 197 197 197 197 197 197 197 197 198 198 198 198 198 197 197 198 198 198 199 199 199 199 199 199 199 199 200 200 200 200 200 200 200 200 200 200 200 200 200 201 201 201 201 201 202 202 202 203 202 202 203 202 202 202 202 202 203 203 203 203 203 203 204 204 203 203 204 204 204 204 204 204 204 204 204 204 204 204 204 204 204 204 204 204 204 205 205 205 205 205 205 205 205 206 206 206 206 206 206 206 206 207 207 207 207 207 208 208 209 209 209 209 209 208 209 209 208 208 209 208 209 209 208 208 208 208 208 208 208 208 208 208 208 208 209 209 209 209 209 209 209 209 209 212 212 212 213 214 214 214 215 215 215 215 214 214 215 215 215 216 216 216 217 217 217 217 216 216 216 216 216 216 216 215 215 216 216 217 217 217 216 216 216 217 217 217 0 0 0 0 0 0 0 0 0 0 0 0 0 0 0 0 0 0 0 0 0 0 0 0 0 0 0 0 0 0 0 0 0 0 0 0 0 0 0 0 0 0 0 0 0 0 0 0 0 0 0 0 0 0 0 0 0 0 0 0 0 0 0 0 0 0 0 0 
0 0 0 0 0 0 0 0 0 0 0 0 0 0 0 0 0 0 0 0 0 0 0 0 0 0 0 0 0 0 0 0 0 0 0 0 0 0 0 0 0 0 0 0 0 0 0 0 0 0 0 0 0 0 0 0 0 0 0 0 0 0 0 0 0 0 0 0 0 0 0 0 0 0 0 0 0 0 0 0 0 0 0 0 0 0 0 0 0 0 0 0 0 0 0 0 0 0 0 0 0 0 0 0 0 0 0 0 0 0 0 0 0 0 0 0 0 0 0 0 0 0 0 0 0 0 0 0 0 0 0 0 0 0 0 0 0 0 0 0 0 0 0 0 0 0 0 0 0 0 0 0 193 193 194 194 193 191 192 192 193 193 192 192 191 191 190 190 191 192 193 192 191 190 190 190 190 190 190 190 191 191 191 191 191 191 191 191 191 191 191 191 191 192 192 192 192 192 192 192 192 192 192 193 193 193 193 193 193 193 193 193 193 193 194 194 194 194 194 194 194 194 194 194 195 195 195 195 195 195 195 195 195 195 195 195 196 196 196 196 195 196 196 196 196 196 196 196 197 197 197 197 197 197 197 197 198 198 198 198 198 198 197 197 198 198 198 199 199 199 199 199 199 199 199 200 200 200 200 200 200 200 200 200 200 200 201 201 201 201 201 201 202 202 202 202 202 202 202 202 203 203 202 202 202 203 203 203 203 203 203 204 204 204 203 203 204 204 204 204 204 204 204 204 204 204 204 204 204 204 204 204 204 204 205 205 205 205 205 205 205 205 206 206 206 206 206 206 206 206 206 207 207 207 207 208 208 209 209 209 208 208 208 208 208 208 207 208 208 207 208 207 207 207 208 208 208 208 208 208 208 208 208 209 208 209 209 209 210 210 210 209 211 211 212 213 213 213 214 214 215 215 215 215 215 215 215 215 215 216 216 217 217 216 216 216 216 216 217 217 216 216 216 216 215 215 216 217 216 215 216 216 217 217 218 0 0 0 0 0 0 0 0 0 0 0 0 0 0 0 0 0 0 0 0 0 0 0 0 0 0 0 0 0 0 0 0 0 0 0 0 0 0 0 0 0 0 0 0 0 0 0 0 0 0 0 0 0 0 0 0 0 0 0 0 0 0 0 0 0 0 0 0 
0 0 0 0 0 0 0 0 0 0 0 0 0 0 0 0 0 0 0 0 0 0 0 0 0 0 0 0 0 0 0 0 0 0 0 0 0 0 0 0 0 0 0 0 0 0 0 0 0 0 0 0 0 0 0 0 0 0 0 0 0 0 0 0 0 0 0 0 0 0 0 0 0 0 0 0 0 0 0 0 0 0 0 0 0 0 0 0 0 0 0 0 0 0 0 0 0 0 0 0 0 0 0 0 0 0 0 0 0 0 0 0 0 0 0 0 0 0 0 0 0 0 0 0 0 0 0 0 0 0 0 0 0 0 0 0 0 0 0 0 0 0 0 0 0 0 0 0 0 0 0 0 193 193 193 192 192 192 194 194 194 194 193 192 192 191 190 190 190 190 191 191 190 190 190 190 190 190 190 191 191 191 191 191 191 191 191 191 191 191 191 191 191 192 192 192 192 192 192 192 192 192 192 192 193 193 193 193 193 193 193 193 193 193 193 194 194 194 194 194 194 194 194 194 194 195 195 195 195 195 195 195 195 195 195 195 196 196 196 196 196 196 196 196 196 196 196 196 196 197 197 197 197 197 197 197 197 197 198 198 198 198 197 197 198 198 198 199 199 199 199 199 199 199 199 199 200 200 200 200 200 200 200 200 200 200 200 201 201 200 201 201 202 202 202 202 202 202 202 202 202 203 203 203 202 203 203 203 203 203 203 203 204 204 203 203 204 204 204 204 204 204 204 205 205 204 204 204 204 204 204 204 204 204 204 205 205 205 205 205 205 205 206 206 206 206 206 206 206 206 207 207 207 207 207 207 208 208 208 208 208 208 207 207 207 208 207 207 207 207 207 207 208 208 208 208 208 208 208 208 208 208 209 209 209 209 209 209 210 210 210 210 212 211 212 212 212 213 213 213 214 214 215 215 215 215 215 215 216 216 217 217 217 217 216 216 216 217 217 217 216 217 216 215 215 215 216 216 215 216 217 217 217 217 218 218 217 217 0 0 0 0 0 0 0 0 0 0 0 0 0 0 0 0 0 0 0 0 0 0 0 0 0 0 0 0 0 0 0 0 0 0 0 0 0 0 0 0 0 0 0 0 0 0 0 0 0 0 0 0 0 0 0 0 0 0 0 0 0 0 0 0 0 
0 0 0 0 0 0 0 0 0 0 0 0 0 0 0 0 0 0 0 0 0 0 0 0 0 0 0 0 0 0 0 0 0 0 0 0 0 0 0 0 0 0 0 0 0 0 0 0 0 0 0 0 0 0 0 0 0 0 0 0 0 0 0 0 0 0 0 0 0 0 0 0 0 0 0 0 0 0 0 0 0 0 0 0 0 0 0 0 0 0 0 0 0 0 0 0 0 0 0 0 0 0 0 0 0 0 0 0 0 0 0 0 0 0 0 0 0 0 0 0 0 0 0 0 0 0 0 0 0 0 0 0 0 0 0 0 0 0 0 0 0 0 0 0 0 0 0 0 0 0 0 0 194 194 193 193 192 193 194 193 193 193 193 192 192 191 191 191 190 190 189 189 189 190 190 190 190 190 190 191 191 191 191 191 191 191 191 191 191 191 191 192 191 192 192 192 192 192 192 192 192 192 192 192 192 193 193 193 193 192 193 193 193 193 193 193 193 194 194 194 194 194 194 194 194 195 195 195 195 195 195 195 195 195 195 195 195 195 195 196 196 196 196 196 196 196 196 196 196 196 197 197 197 197 197 197 197 197 197 198 198 197 197 197 198 198 198 199 199 199 199 199 199 199 199 199 200 200 200 200 200 200 200 200 200 200 200 200 200 201 201 201 202 201 201 201 202 202 202 202 203 203 202 203 203 202 203 203 203 203 203 203 204 204 204 203 204 204 204 204 204 204 204 204 205 205 204 204 204 204 204 204 204 204 204 205 205 205 205 205 205 205 206 206 206 206 206 206 206 206 207 207 207 207 207 207 208 208 208 208 208 207 207 207 207 207 207 207 207 207 207 208 208 208 208 208 208 208 208 208 208 208 208 209 209 209 210 210 210 210 210 211 212 212 212 212 213 213 213 214 215 215 215 215 215 215 215 215 215 216 216 216 216 217 217 216 217 217 217 217 217 217 216 216 215 215 215 215 215 216 216 217 217 217 217 217 217 216 216 0 0 0 0 0 0 0 0 0 0 0 0 0 0 0 0 0 0 0 0 0 0 0 0 0 0 0 0 0 0 0 0 0 0 0 0 0 0 0 0 0 0 0 0 0 0 0 0 0 0 0 0 0 0 0 0 0 0 0 0 0 0 0 0 
0 0 0 0 0 0 0 0 0 0 0 0 0 0 0 0 0 0 0 0 0 0 0 0 0 0 0 0 0 0 0 0 0 0 0 0 0 0 0 0 0 0 0 0 0 0 0 0 0 0 0 0 0 0 0 0 0 0 0 0 0 0 0 0 0 0 0 0 0 0 0 0 0 0 0 0 0 0 0 0 0 0 0 0 0 0 0 0 0 0 0 0 0 0 0 0 0 0 0 0 0 0 0 0 0 0 0 0 0 0 0 0 0 0 0 0 0 0 0 0 0 0 0 0 0 0 0 0 0 0 0 0 0 0 0 0 0 0 0 0 0 0 0 0 0 0 0 0 0 0 0 0 0 194 194 193 193 194 194 194 193 192 192 191 191 191 191 191 190 190 191 190 190 189 189 190 190 190 191 191 191 191 191 191 191 191 191 191 191 191 192 192 192 192 192 192 192 192 192 192 192 192 192 192 192 192 193 193 193 192 193 193 193 193 193 193 193 194 194 194 194 194 194 194 194 194 195 195 195 195 195 195 195 195 195 195 195 195 195 195 195 196 196 196 197 196 196 196 196 196 196 197 197 197 197 197 197 197 198 198 198 197 197 197 198 198 198 199 199 199 199 199 199 199 199 199 199 200 200 200 200 200 200 200 200 200 200 201 201 201 201 201 201 201 201 202 202 202 202 202 202 202 202 203 203 202 202 203 203 204 204 204 204 204 204 203 204 204 204 204 204 204 204 204 204 205 204 204 204 204 204 204 204 204 204 204 205 205 205 205 205 205 206 206 206 206 206 206 206 206 206 207 207 207 207 207 207 207 208 207 207 207 207 207 207 207 207 207 207 208 208 208 208 208 208 208 208 208 208 209 208 208 208 208 209 209 209 209 210 210 211 211 212 212 213 213 214 213 213 214 214 215 215 215 215 215 215 216 216 216 216 216 216 216 216 216 216 217 218 218 218 217 216 216 215 215 216 216 215 215 215 215 215 216 217 216 217 217 216 216 216 0 0 0 0 0 0 0 0 0 0 0 0 0 0 0 0 0 0 0 0 0 0 0 0 0 0 0 0 0 0 0 0 0 0 0 0 0 0 0 0 0 0 0 0 0 0 0 0 0 0 0 0 0 0 0 0 0 0 0 0 0 0 
0 0 0 0 0 0 0 0 0 0 0 0 0 0 0 0 0 0 0 0 0 0 0 0 0 0 0 0 0 0 0 0 0 0 0 0 0 0 0 0 0 0 0 0 0 0 0 0 0 0 0 0 0 0 0 0 0 0 0 0 0 0 0 0 0 0 0 0 0 0 0 0 0 0 0 0 0 0 0 0 0 0 0 0 0 0 0 0 0 0 0 0 0 0 0 0 0 0 0 0 0 0 0 0 0 0 0 0 0 0 0 0 0 0 0 0 0 0 0 0 0 0 0 0 0 0 0 0 0 0 0 0 0 0 0 0 0 0 0 0 0 0 0 0 0 0 0 0 0 0 0 0 0 0 194 194 194 195 195 195 194 193 192 192 192 191 192 192 192 191 190 190 190 189 190 190 190 190 191 191 191 191 191 191 191 191 191 191 191 191 192 192 192 192 192 192 192 192 192 192 192 192 192 192 192 192 192 193 193 192 193 193 193 193 193 193 193 193 194 194 194 194 194 194 194 194 194 195 195 195 195 195 195 195 195 195 195 195 196 196 196 196 196 196 197 196 197 197 196 196 196 196 197 197 197 197 197 198 198 198 198 197 197 198 198 198 198 198 199 199 199 199 199 199 199 199 199 200 200 200 200 200 200 200 200 200 200 201 201 201 201 201 201 201 202 202 202 202 202 202 202 202 202 203 202 202 202 203 203 203 204 204 204 203 203 203 203 204 204 204 205 204 204 204 204 205 204 204 204 204 204 204 204 204 204 204 204 205 205 205 205 205 206 206 206 206 206 206 206 207 207 207 207 208 207 206 207 207 207 207 206 207 207 207 207 207 207 207 208 208 208 208 208 208 208 208 208 208 208 208 208 209 209 209 209 208 209 210 210 210 210 211 213 213 213 213 214 214 213 213 214 214 214 214 215 215 215 215 216 217 217 216 216 215 215 216 216 217 217 217 216 216 216 216 216 216 217 216 216 215 215 214 215 215 216 216 216 216 216 216 216 216 0 0 0 0 0 0 0 0 0 0 0 0 0 0 0 0 0 0 0 0 0 0 0 0 0 0 0 0 0 0 0 0 0 0 0 0 0 0 0 0 0 0 0 0 0 0 0 0 0 0 0 0 0 0 0 0 0 0 0 0 0 
0 0 0 0 0 0 0 0 0 0 0 0 0 0 0 0 0 0 0 0 0 0 0 0 0 0 0 0 0 0 0 0 0 0 0 0 0 0 0 0 0 0 0 0 0 0 0 0 0 0 0 0 0 0 0 0 0 0 0 0 0 0 0 0 0 0 0 0 0 0 0 0 0 0 0 0 0 0 0 0 0 0 0 0 0 0 0 0 0 0 0 0 0 0 0 0 0 0 0 0 0 0 0 0 0 0 0 0 0 0 0 0 0 0 0 0 0 0 0 0 0 0 0 0 0 0 0 0 0 0 0 0 0 0 0 0 0 0 0 0 0 0 0 0 0 0 0 0 0 0 0 0 0 0 0 195 195 195 195 195 194 193 193 192 192 192 192 192 192 191 190 190 190 189 190 190 190 190 191 191 191 191 191 191 191 191 191 191 191 191 192 192 192 192 192 192 192 192 192 192 192 192 192 192 192 192 192 192 193 192 193 193 193 193 193 193 193 193 193 194 194 194 194 194 194 194 194 194 195 195 195 195 195 195 195 195 195 196 196 196 195 196 196 196 197 197 197 196 197 196 196 196 196 197 197 197 198 198 198 198 198 197 197 198 198 198 198 198 199 199 199 199 199 199 199 199 199 200 200 200 200 200 200 200 200 200 200 200 201 201 201 201 201 201 201 201 201 201 202 202 202 203 203 203 202 202 202 202 203 203 203 203 203 203 203 203 203 204 204 204 204 204 204 203 204 204 204 204 204 204 204 204 204 204 204 204 204 205 205 205 205 205 205 206 206 206 206 206 206 207 207 207 207 207 207 206 207 207 207 206 206 207 207 207 207 207 207 207 207 208 208 208 208 208 208 208 208 208 208 208 209 209 209 210 210 209 209 209 209 210 210 211 212 212 213 213 214 214 214 214 214 214 215 215 215 216 216 216 217 217 217 216 216 216 215 215 216 217 216 216 215 216 216 216 215 216 217 217 217 217 216 215 215 215 215 215 216 216 215 216 216 216 216 0 0 0 0 0 0 0 0 0 0 0 0 0 0 0 0 0 0 0 0 0 0 0 0 0 0 0 0 0 0 0 0 0 0 0 0 0 0 0 0 0 0 0 0 0 0 0 0 0 0 0 0 0 0 0 0 0 0 0 0 
0 0 0 0 0 0 0 0 0 0 0 0 0 0 0 0 0 0 0 0 0 0 0 0 0 0 0 0 0 0 0 0 0 0 0 0 0 0 0 0 0 0 0 0 0 0 0 0 0 0 0 0 0 0 0 0 0 0 0 0 0 0 0 0 0 0 0 0 0 0 0 0 0 0 0 0 0 0 0 0 0 0 0 0 0 0 0 0 0 0 0 0 0 0 0 0 0 0 0 0 0 0 0 0 0 0 0 0 0 0 0 0 0 0 0 0 0 0 0 0 0 0 0 0 0 0 0 0 0 0 0 0 0 0 0 0 0 0 0 0 0 0 0 0 0 0 0 0 0 0 0 0 0 0 0 0 0 195 194 194 193 193 192 192 192 192 191 191 191 191 191 190 189 189 190 190 190 190 191 191 191 191 191 191 191 191 191 191 191 191 192 192 192 192 192 192 192 192 192 192 192 192 192 192 192 192 192 192 192 192 192 193 193 193 193 193 193 193 193 194 194 194 194 194 194 194 194 194 194 195 195 195 195 195 195 195 195 195 195 195 195 195 196 196 197 197 197 197 197 196 196 196 196 196 197 197 198 197 197 197 197 197 197 198 198 198 198 198 198 199 199 199 199 199 199 199 199 199 200 200 200 200 200 200 200 200 200 201 201 201 201 201 201 201 201 201 201 201 201 202 202 202 202 203 202 202 202 202 203 203 203 203 203 203 203 203 203 203 204 204 204 204 204 204 204 204 204 204 204 204 204 204 204 204 204 204 204 205 204 205 205 205 205 206 206 207 206 206 207 206 207 207 207 207 207 207 207 206 206 206 207 207 207 207 207 207 207 207 208 208 208 208 208 208 208 208 208 208 208 208 208 208 209 209 209 209 209 209 209 209 210 210 212 212 213 213 213 214 214 214 215 214 215 215 215 215 216 216 216 216 216 215 216 216 216 215 216 217 217 216 215 215 216 216 215 216 217 217 217 216 216 216 216 216 216 215 215 216 215 215 216 216 216 216 216 0 0 0 0 0 0 0 0 0 0 0 0 0 0 0 0 0 0 0 0 0 0 0 0 0 0 0 0 0 0 0 0 0 0 0 0 0 0 0 0 0 0 0 0 0 0 0 0 0 0 0 0 0 0 0 0 0 0 
0 0 0 0 0 0 0 0 0 0 0 0 0 0 0 0 0 0 0 0 0 0 0 0 0 0 0 0 0 0 0 0 0 0 0 0 0 0 0 0 0 0 0 0 0 0 0 0 0 0 0 0 0 0 0 0 0 0 0 0 0 0 0 0 0 0 0 0 0 0 0 0 0 0 0 0 0 0 0 0 0 0 0 0 0 0 0 0 0 0 0 0 0 0 0 0 0 0 0 0 0 0 0 0 0 0 0 0 0 0 0 0 0 0 0 0 0 0 0 0 0 0 0 0 0 0 0 0 0 0 0 0 0 0 0 0 0 0 0 0 0 0 0 0 0 0 0 0 0 0 0 0 0 0 0 0 0 0 0 0 194 194 194 193 193 192 192 191 190 190 191 190 190 189 189 190 190 190 190 191 191 191 191 191 191 191 191 191 191 191 191 191 192 192 192 192 192 192 192 192 192 192 192 192 192 192 192 192 192 192 192 193 193 193 193 193 193 193 193 193 194 194 194 194 194 194 194 194 194 195 195 195 195 195 195 195 195 195 195 195 195 196 196 196 196 197 197 197 197 197 196 196 196 196 197 197 197 198 198 197 197 198 198 198 198 198 198 198 198 199 199 199 199 199 199 199 199 199 200 200 200 200 200 200 200 200 200 200 201 201 201 201 201 201 201 201 202 202 202 201 202 202 202 203 203 202 202 202 202 203 203 203 203 203 204 203 203 203 203 204 204 204 204 204 203 204 204 204 204 204 204 204 204 204 204 204 204 204 204 205 205 205 206 206 206 206 206 206 206 206 207 207 207 206 207 206 207 206 206 207 207 207 207 207 207 207 207 207 208 208 208 208 208 208 208 208 208 208 208 208 208 209 209 209 210 209 209 209 209 209 209 209 212 212 213 213 213 213 213 213 214 215 215 214 214 214 215 216 216 216 216 215 215 215 215 215 216 216 216 215 215 215 216 216 215 216 217 216 216 215 216 216 216 216 216 215 215 216 215 215 216 216 216 216 216 217 217 0 0 0 0 0 0 0 0 0 0 0 0 0 0 0 0 0 0 0 0 0 0 0 0 0 0 0 0 0 0 0 0 0 0 0 0 0 0 0 0 0 0 0 0 0 0 0 0 0 0 0 0 0 0 0 0 
0 0 0 0 0 0 0 0 0 0 0 0 0 0 0 0 0 0 0 0 0 0 0 0 0 0 0 0 0 0 0 0 0 0 0 0 0 0 0 0 0 0 0 0 0 0 0 0 0 0 0 0 0 0 0 0 0 0 0 0 0 0 0 0 0 0 0 0 0 0 0 0 0 0 0 0 0 0 0 0 0 0 0 0 0 0 0 0 0 0 0 0 0 0 0 0 0 0 0 0 0 0 0 0 0 0 0 0 0 0 0 0 0 0 0 0 0 0 0 0 0 0 0 0 0 0 0 0 0 0 0 0 0 0 0 0 0 0 0 0 0 0 0 0 0 0 0 0 0 0 0 0 0 0 0 0 0 0 0 0 0 0 194 195 194 193 192 191 190 190 189 190 190 189 189 190 190 190 190 190 191 191 191 191 191 191 191 191 191 191 191 191 191 192 192 192 192 192 192 192 192 192 192 192 192 192 192 192 192 192 192 192 193 193 193 193 193 193 193 193 193 194 194 194 194 194 194 194 195 195 195 195 195 195 195 195 195 195 195 195 195 196 196 196 196 197 197 197 196 197 197 196 196 196 196 197 197 197 197 197 198 198 198 198 198 198 198 198 198 198 199 199 199 199 199 199 199 199 200 200 200 200 200 200 200 200 200 200 201 201 201 201 201 201 201 202 202 202 202 202 202 202 202 203 202 202 202 202 202 203 203 203 203 203 203 203 203 203 203 203 204 204 204 204 204 204 204 204 204 204 204 204 204 204 204 204 204 204 204 204 205 205 206 206 206 206 206 206 206 206 206 206 206 206 206 206 206 206 206 207 207 207 207 207 207 207 207 207 208 208 208 208 208 208 208 208 208 208 208 209 209 209 209 209 209 210 210 210 210 210 210 209 211 212 212 212 212 213 213 213 214 214 214 214 214 214 215 216 217 217 217 216 216 216 216 215 215 215 215 215 215 215 215 215 216 216 217 217 216 215 215 216 215 215 215 215 215 215 215 215 216 215 216 216 216 216 217 217 0 0 0 0 0 0 0 0 0 0 0 0 0 0 0 0 0 0 0 0 0 0 0 0 0 0 0 0 0 0 0 0 0 0 0 0 0 0 0 0 0 0 0 0 0 0 0 0 0 0 0 0 0 0 0 
0 0 0 0 0 0 0 0 0 0 0 0 0 0 0 0 0 0 0 0 0 0 0 0 0 0 0 0 0 0 0 0 0 0 0 0 0 0 0 0 0 0 0 0 0 0 0 0 0 0 0 0 0 0 0 0 0 0 0 0 0 0 0 0 0 0 0 0 0 0 0 0 0 0 0 0 0 0 0 0 0 0 0 0 0 0 0 0 0 0 0 0 0 0 0 0 0 0 0 0 0 0 0 0 0 0 0 0 0 0 0 0 0 0 0 0 0 0 0 0 0 0 0 0 0 0 0 0 0 0 0 0 0 0 0 0 0 0 0 0 0 0 0 0 0 0 0 0 0 0 0 0 0 0 0 0 0 0 0 0 0 0 194 193 193 192 192 191 190 190 189 189 189 189 189 189 190 190 190 190 190 190 190 190 191 191 191 191 191 191 191 191 191 191 191 191 191 192 191 191 191 191 191 191 191 191 192 192 192 192 192 192 192 193 192 192 192 192 192 193 193 193 193 193 193 194 194 194 194 194 194 194 195 195 195 195 195 195 195 195 195 195 195 196 196 196 196 196 196 196 196 196 196 196 196 196 197 197 197 197 198 198 198 197 198 198 198 198 198 198 198 199 199 199 199 199 199 199 199 199 200 200 200 200 200 200 200 200 200 200 200 200 201 201 202 202 202 202 202 203 203 203 203 203 202 202 202 202 202 203 203 203 203 203 203 203 203 203 203 203 203 204 204 204 204 204 204 204 204 204 204 204 204 204 204 204 204 204 205 204 205 204 205 205 205 205 206 206 206 206 206 206 205 205 206 206 206 206 206 207 207 207 207 207 207 207 207 207 207 207 207 207 208 208 208 208 208 208 208 208 209 209 209 209 210 209 210 210 210 210 210 210 210 210 210 210 210 210 210 211 212 211 211 212 212 212 212 213 214 213 213 213 213 213 213 213 213 213 213 214 213 213 213 213 213 213 214 214 214 213 213 212 212 212 213 213 213 213 212 212 213 213 214 214 214 214 214 214 0 0 0 0 0 0 0 0 0 0 0 0 0 0 0 0 0 0 0 0 0 0 0 0 0 0 0 0 0 0 0 0 0 0 0 0 0 0 0 0 0 0 0 0 0 0 0 0 0 0 0 0 0 0 0 
0 0 0 0 0 0 0 0 0 0 0 0 0 0 0 0 0 0 0 0 0 0 0 0 0 0 0 0 0 0 0 0 0 0 0 0 0 0 0 0 0 0 0 0 0 0 0 0 0 0 0 0 0 0 0 0 0 0 0 0 0 0 0 0 0 0 0 0 0 0 0 0 0 0 0 0 0 0 0 0 0 0 0 0 0 0 0 0 0 0 0 0 0 0 0 0 0 0 0 0 0 0 0 0 0 0 0 0 0 0 0 0 0 0 0 0 0 0 0 0 0 0 0 0 0 0 0 0 0 0 0 0 0 0 0 0 0 0 0 0 0 0 0 0 0 0 0 0 0 0 0 0 0 0 0 0 0 0 0 0 0 0 0 193 192 192 191 191 190 190 190 189 189 189 189 189 190 190 190 190 190 190 190 190 191 191 191 191 191 191 191 191 191 191 191 191 191 192 191 191 191 191 191 191 191 191 191 192 192 192 192 192 193 193 193 193 192 192 192 193 193 193 193 193 193 193 194 194 194 194 194 194 194 195 195 195 195 195 195 195 195 195 195 196 196 196 196 196 196 196 196 197 196 196 196 196 196 197 197 198 198 198 198 198 197 198 198 198 198 198 198 199 199 199 199 199 199 199 199 199 200 200 200 200 200 200 200 200 200 200 200 200 201 201 201 201 202 202 202 202 202 202 203 202 202 202 202 202 202 203 203 203 203 203 203 203 203 203 203 203 204 204 204 204 204 204 204 204 204 204 204 204 204 204 204 204 205 205 205 205 205 205 205 205 205 205 206 206 206 205 205 205 205 206 206 206 206 206 207 207 207 207 207 207 207 207 207 207 207 207 207 207 207 208 208 208 208 208 208 208 208 208 209 209 210 210 210 210 210 210 210 211 210 210 211 210 211 211 210 211 211 211 211 211 212 212 212 213 213 213 213 213 213 214 214 214 213 213 214 214 214 214 213 213 213 213 213 213 213 213 213 213 213 213 214 213 213 213 212 212 213 213 213 214 214 214 214 214 214 0 0 0 0 0 0 0 0 0 0 0 0 0 0 0 0 0 0 0 0 0 0 0 0 0 0 0 0 0 0 0 0 0 0 0 0 0 0 0 0 0 0 0 0 0 0 0 0 0 0 0 0 0 0 
0 0 0 0 0 0 0 0 0 0 0 0 0 0 0 0 0 0 0 0 0 0 0 0 0 0 0 0 0 0 0 0 0 0 0 0 0 0 0 0 0 0 0 0 0 0 0 0 0 0 0 0 0 0 0 0 0 0 0 0 0 0 0 0 0 0 0 0 0 0 0 0 0 0 0 0 0 0 0 0 0 0 0 0 0 0 0 0 0 0 0 0 0 0 0 0 0 0 0 0 0 0 0 0 0 0 0 0 0 0 0 0 0 0 0 0 0 0 0 0 0 0 0 0 0 0 0 0 0 0 0 0 0 0 0 0 0 0 0 0 0 0 0 0 0 0 0 0 0 0 0 0 0 0 0 0 0 0 0 0 0 0 0 0 192 192 192 191 191 190 190 190 189 189 189 189 189 190 190 190 190 190 190 190 191 190 191 191 191 191 191 191 191 191 191 191 191 191 191 191 191 191 191 191 191 191 191 192 192 192 192 192 193 193 193 193 193 193 193 193 193 193 193 193 193 193 194 194 194 194 194 194 194 194 195 195 195 195 195 195 195 195 195 196 196 196 196 196 196 196 196 196 196 196 196 196 196 197 197 197 198 198 198 198 198 198 198 198 198 198 198 198 199 199 199 199 199 199 199 199 199 200 200 200 200 200 200 200 200 200 200 200 201 201 201 201 202 202 202 202 202 202 203 202 202 202 203 203 203 203 203 203 203 203 203 203 203 203 203 203 204 204 204 204 204 204 204 204 204 204 204 203 204 204 204 205 205 205 205 205 205 204 205 205 205 205 206 206 206 205 205 205 206 206 206 206 206 206 207 207 207 207 207 207 207 207 207 207 207 207 207 208 207 208 208 208 208 208 208 208 209 209 209 209 209 210 210 211 211 211 211 211 211 211 211 211 211 211 211 211 211 211 211 211 212 212 213 213 214 214 213 213 213 214 214 214 213 214 214 214 214 214 214 214 213 214 214 213 213 214 214 214 214 214 213 213 213 213 212 212 213 213 213 214 213 214 214 214 214 0 0 0 0 0 0 0 0 0 0 0 0 0 0 0 0 0 0 0 0 0 0 0 0 0 0 0 0 0 0 0 0 0 0 0 0 0 0 0 0 0 0 0 0 0 0 0 0 0 0 0 0 0 0 
0 0 0 0 0 0 0 0 0 0 0 0 0 0 0 0 0 0 0 0 0 0 0 0 0 0 0 0 0 0 0 0 0 0 0 0 0 0 0 0 0 0 0 0 0 0 0 0 0 0 0 0 0 0 0 0 0 0 0 0 0 0 0 0 0 0 0 0 0 0 0 0 0 0 0 0 0 0 0 0 0 0 0 0 0 0 0 0 0 0 0 0 0 0 0 0 0 0 0 0 0 0 0 0 0 0 0 0 0 0 0 0 0 0 0 0 0 0 0 0 0 0 0 0 0 0 0 0 0 0 0 0 0 0 0 0 0 0 0 0 0 0 0 0 0 0 0 0 0 0 0 0 0 0 0 0 0 0 0 0 0 0 0 0 192 192 191 191 190 190 189 189 189 189 189 189 189 190 190 190 190 190 190 190 190 190 190 191 191 191 191 191 191 191 191 191 191 191 191 191 191 191 191 191 191 191 191 191 191 191 192 192 192 192 192 193 193 193 193 193 193 193 193 193 193 193 193 194 194 194 194 194 194 194 194 195 195 195 195 195 195 195 195 195 195 196 196 196 196 196 196 197 197 196 196 196 196 197 197 197 198 198 198 197 197 197 198 198 198 198 198 199 199 199 199 199 199 199 199 199 200 200 200 200 200 200 200 200 200 200 200 200 201 201 201 201 201 202 202 202 202 202 203 202 202 202 202 202 203 203 203 203 203 203 203 203 203 203 203 204 204 204 204 204 204 204 204 204 204 204 203 203 203 204 204 205 205 205 205 205 205 204 205 205 205 205 205 205 206 205 205 206 206 206 206 206 206 206 207 207 207 207 207 207 207 207 207 207 207 207 207 208 208 208 208 208 208 208 208 208 208 208 209 209 210 210 211 211 211 211 211 211 211 212 211 211 211 211 212 211 211 212 211 211 211 212 213 213 214 214 214 214 214 214 214 214 213 214 214 214 214 214 213 213 213 213 213 213 214 214 215 215 214 214 213 213 213 213 212 212 212 213 213 213 213 214 214 214 0 0 0 0 0 0 0 0 0 0 0 0 0 0 0 0 0 0 0 0 0 0 0 0 0 0 0 0 0 0 0 0 0 0 0 0 0 0 0 0 0 0 0 0 0 0 0 0 0 0 0 0 0 0 0 
0 0 0 0 0 0 0 0 0 0 0 0 0 0 0 0 0 0 0 0 0 0 0 0 0 0 0 0 0 0 0 0 0 0 0 0 0 0 0 0 0 0 0 0 0 0 0 0 0 0 0 0 0 0 0 0 0 0 0 0 0 0 0 0 0 0 0 0 0 0 0 0 0 0 0 0 0 0 0 0 0 0 0 0 0 0 0 0 0 0 0 0 0 0 0 0 0 0 0 0 0 0 0 0 0 0 0 0 0 0 0 0 0 0 0 0 0 0 0 0 0 0 0 0 0 0 0 0 0 0 0 0 0 0 0 0 0 0 0 0 0 0 0 0 0 0 0 0 0 0 0 0 0 0 0 0 0 0 0 0 0 0 0 0 0 0 191 190 190 189 189 189 188 189 189 189 189 190 190 190 190 190 190 190 190 190 190 190 191 191 191 191 191 190 190 191 191 191 191 191 191 191 191 191 191 191 191 191 191 191 191 192 192 192 192 193 193 193 193 193 193 194 194 194 194 193 194 194 194 194 194 195 194 194 194 194 194 195 195 195 195 195 195 195 195 196 196 196 196 197 197 197 197 197 197 197 197 197 197 197 197 197 198 198 197 197 197 198 198 198 198 199 199 199 199 199 199 199 199 199 199 200 200 200 200 200 200 200 200 200 200 200 201 201 202 202 202 202 201 202 202 202 203 203 202 202 202 202 203 203 203 203 203 203 203 203 203 203 203 204 204 204 204 204 204 204 204 204 204 204 204 203 203 204 204 205 205 205 205 205 205 205 205 205 205 205 205 205 205 205 205 206 206 206 206 206 206 206 207 207 207 207 207 207 207 207 207 207 207 207 207 208 208 208 208 208 208 208 208 208 209 209 209 209 210 210 211 210 211 211 211 211 211 212 212 212 211 212 212 211 211 211 212 212 212 213 214 213 213 214 214 214 214 214 214 214 214 214 215 214 214 214 214 213 214 214 214 213 214 214 214 215 215 214 214 213 213 213 213 213 213 213 214 214 214 214 214 0 0 0 0 0 0 0 0 0 0 0 0 0 0 0 0 0 0 0 0 0 0 0 0 0 0 0 0 0 0 0 0 0 0 0 0 0 0 0 0 0 0 0 0 0 0 0 0 0 0 0 0 0 0 0 0 
0 0 0 0 0 0 0 0 0 0 0 0 0 0 0 0 0 0 0 0 0 0 0 0 0 0 0 0 0 0 0 0 0 0 0 0 0 0 0 0 0 0 0 0 0 0 0 0 0 0 0 0 0 0 0 0 0 0 0 0 0 0 0 0 0 0 0 0 0 0 0 0 0 0 0 0 0 0 0 0 0 0 0 0 0 0 0 0 0 0 0 0 0 0 0 0 0 0 0 0 0 0 0 0 0 0 0 0 0 0 0 0 0 0 0 0 0 0 0 0 0 0 0 0 0 0 0 0 0 0 0 0 0 0 0 0 0 0 0 0 0 0 0 0 0 0 0 0 0 0 0 0 0 0 0 0 0 0 0 0 0 0 0 0 0 190 189 189 189 189 189 188 188 188 189 189 189 190 190 190 190 190 190 190 190 190 190 190 190 191 191 191 191 190 190 191 191 191 191 191 191 191 191 191 191 191 191 191 191 191 192 192 192 192 192 192 193 193 193 193 193 193 193 193 193 194 194 194 194 194 194 194 194 194 194 195 195 195 195 195 195 195 195 195 195 195 195 196 196 196 197 197 197 197 197 197 197 196 196 197 197 197 197 197 197 197 198 198 198 198 198 199 199 199 199 199 199 199 199 199 199 200 200 200 200 200 200 200 200 200 200 201 201 201 202 202 202 202 202 202 202 203 203 203 202 202 202 202 202 203 203 203 203 203 203 203 203 204 204 204 204 204 204 204 204 204 204 204 205 204 204 204 203 204 204 205 205 205 205 205 205 205 205 205 205 205 205 205 205 205 206 206 206 206 206 206 206 206 206 206 206 207 207 207 207 207 207 207 207 207 207 207 208 208 208 208 208 208 208 208 208 208 209 209 210 211 210 210 211 211 212 212 212 212 212 212 213 213 212 212 212 212 212 213 213 213 214 214 213 214 214 214 214 214 214 214 214 214 215 214 214 214 214 214 215 214 214 213 214 214 215 214 214 213 213 213 213 213 213 213 213 213 213 213 214 214 214 0 0 0 0 0 0 0 0 0 0 0 0 0 0 0 0 0 0 0 0 0 0 0 0 0 0 0 0 0 0 0 0 0 0 0 0 0 0 0 0 0 0 0 0 0 0 0 0 0 0 0 0 0 0 0 0 
0 0 0 0 0 0 0 0 0 0 0 0 0 0 0 0 0 0 0 0 0 0 0 0 0 0 0 0 0 0 0 0 0 0 0 0 0 0 0 0 0 0 0 0 0 0 0 0 0 0 0 0 0 0 0 0 0 0 0 0 0 0 0 0 0 0 0 0 0 0 0 0 0 0 0 0 0 0 0 0 0 0 0 0 0 0 0 0 0 0 0 0 0 0 0 0 0 0 0 0 0 0 0 0 0 0 0 0 0 0 0 0 0 0 0 0 0 0 0 0 0 0 0 0 0 0 0 0 0 0 0 0 0 0 0 0 0 0 0 0 0 0 0 0 0 0 0 0 0 0 0 0 0 0 0 0 0 0 0 0 0 0 0 0 0 0 0 189 189 189 189 189 189 189 189 189 189 190 190 190 190 190 190 190 190 190 190 190 190 191 191 191 191 191 191 190 191 191 191 191 191 191 191 191 191 191 191 191 192 192 192 192 192 192 192 192 193 193 193 193 192 193 194 193 193 193 193 193 193 194 194 194 194 194 194 194 195 195 195 195 195 195 195 195 195 195 196 196 196 196 196 196 196 196 196 196 196 196 196 197 197 197 197 197 197 197 198 198 198 198 198 198 199 199 199 199 199 199 199 199 199 199 200 200 200 200 200 200 200 200 200 200 201 201 201 202 202 202 202 202 202 203 203 202 202 202 202 202 203 203 203 203 203 203 203 203 203 204 204 204 204 204 204 204 204 204 204 205 204 204 204 204 204 204 204 205 205 205 205 205 205 205 205 205 205 205 205 205 205 206 206 206 206 206 206 206 206 206 206 206 206 207 207 207 207 207 207 207 207 207 207 207 208 208 208 208 208 209 209 208 208 209 209 210 210 211 211 210 210 211 211 211 212 213 213 213 212 212 213 213 213 213 214 213 213 213 214 213 213 214 214 213 213 213 214 214 215 215 215 214 214 213 214 214 215 214 214 214 214 215 214 214 213 213 213 213 213 213 213 213 214 213 213 213 213 214 214 0 0 0 0 0 0 0 0 0 0 0 0 0 0 0 0 0 0 0 0 0 0 0 0 0 0 0 0 0 0 0 0 0 0 0 0 0 0 0 0 0 0 0 0 0 0 0 0 0 0 0 0 0 0 0 0 
0 0 0 0 0 0 0 0 0 0 0 0 0 0 0 0 0 0 0 0 0 0 0 0 0 0 0 0 0 0 0 0 0 0 0 0 0 0 0 0 0 0 0 0 0 0 0 0 0 0 0 0 0 0 0 0 0 0 0 0 0 0 0 0 0 0 0 0 0 0 0 0 0 0 0 0 0 0 0 0 0 0 0 0 0 0 0 0 0 0 0 0 0 0 0 0 0 0 0 0 0 0 0 0 0 0 0 0 0 0 0 0 0 0 0 0 0 0 0 0 0 0 0 0 0 0 0 0 0 0 0 0 0 0 0 0 0 0 0 0 0 0 0 0 0 0 0 0 0 0 0 0 0 0 0 0 0 0 0 0 0 0 0 0 0 0 0 190 190 189 189 188 189 189 189 189 189 190 190 190 190 190 190 190 190 190 190 190 190 190 191 191 191 191 191 191 190 191 191 191 191 191 191 191 191 191 191 191 191 191 192 192 192 192 192 192 192 193 192 192 192 193 193 194 194 194 194 193 193 193 193 194 194 194 194 194 194 195 195 195 195 195 195 195 195 195 196 196 196 197 196 196 196 196 197 197 197 197 197 197 197 197 197 197 197 197 198 198 198 198 198 198 199 199 199 199 199 199 199 199 199 199 200 200 200 200 200 200 200 200 200 200 201 201 201 201 202 202 202 202 202 202 203 203 202 202 202 202 202 202 202 203 203 203 203 203 203 203 204 204 204 204 204 204 204 204 204 204 204 204 204 204 204 204 204 204 205 205 205 205 205 205 205 205 205 205 205 205 205 206 206 206 206 206 206 206 206 206 206 206 206 207 207 207 207 207 207 207 207 207 207 207 208 208 208 208 208 209 209 209 209 209 209 210 210 211 211 210 210 210 210 211 211 212 213 212 212 212 212 213 213 213 213 213 213 213 213 213 213 214 213 213 213 213 214 214 215 214 214 214 214 213 214 214 214 215 214 214 215 214 214 214 214 213 213 213 213 213 213 213 213 213 213 213 213 214 214 0 0 0 0 0 0 0 0 0 0 0 0 0 0 0 0 0 0 0 0 0 0 0 0 0 0 0 0 0 0 0 0 0 0 0 0 0 0 0 0 0 0 0 0 0 0 0 0 0 0 0 0 0 0 0 0 
0 0 0 0 0 0 0 0 0 0 0 0 0 0 0 0 0 0 0 0 0 0 0 0 0 0 0 0 0 0 0 0 0 0 0 0 0 0 0 0 0 0 0 0 0 0 0 0 0 0 0 0 0 0 0 0 0 0 0 0 0 0 0 0 0 0 0 0 0 0 0 0 0 0 0 0 0 0 0 0 0 0 0 0 0 0 0 0 0 0 0 0 0 0 0 0 0 0 0 0 0 0 0 0 0 0 0 0 0 0 0 0 0 0 0 0 0 0 0 0 0 0 0 0 0 0 0 0 0 0 0 0 0 0 0 0 0 0 0 0 0 0 0 0 0 0 0 0 0 0 0 0 0 0 0 0 0 0 0 0 0 0 0 0 0 0 0 0 0 188 188 188 189 189 189 189 189 190 190 190 190 190 190 190 190 190 190 190 190 190 190 191 191 191 191 191 191 191 191 191 191 191 191 191 191 191 191 191 191 192 192 192 192 192 192 192 192 192 192 192 192 193 193 194 194 194 194 193 193 193 194 193 194 194 194 194 194 194 195 195 195 195 195 195 195 195 196 196 196 196 196 196 197 197 197 197 197 197 197 197 197 197 197 197 197 197 198 198 198 198 198 198 199 199 199 199 199 199 199 199 199 199 199 200 200 200 200 200 200 200 200 200 201 201 201 202 202 202 202 202 202 202 202 203 202 202 202 202 202 203 203 203 203 203 203 203 203 203 204 204 204 204 203 203 203 204 203 203 203 203 203 203 204 204 204 204 204 205 205 205 205 205 205 205 205 205 205 205 206 206 206 206 206 206 206 206 206 206 206 206 206 207 207 207 207 207 207 207 207 208 207 207 208 208 208 209 208 208 209 209 209 209 209 210 210 210 210 209 210 210 210 210 211 211 212 212 212 212 212 213 213 213 212 213 213 213 212 213 213 213 213 213 213 214 213 214 214 215 214 214 214 214 214 214 215 215 215 215 216 215 215 214 213 213 213 213 213 213 213 214 214 214 214 213 213 214 0 0 0 0 0 0 0 0 0 0 0 0 0 0 0 0 0 0 0 0 0 0 0 0 0 0 0 0 0 0 0 0 0 0 0 0 0 0 0 0 0 0 0 0 0 0 0 0 0 0 0 0 0 0 0 0 0 
0 0 0 0 0 0 0 0 0 0 0 0 0 0 0 0 0 0 0 0 0 0 0 0 0 0 0 0 0 0 0 0 0 0 0 0 0 0 0 0 0 0 0 0 0 0 0 0 0 0 0 0 0 0 0 0 0 0 0 0 0 0 0 0 0 0 0 0 0 0 0 0 0 0 0 0 0 0 0 0 0 0 0 0 0 0 0 0 0 0 0 0 0 0 0 0 0 0 0 0 0 0 0 0 0 0 0 0 0 0 0 0 0 0 0 0 0 0 0 0 0 0 0 0 0 0 0 0 0 0 0 0 0 0 0 0 0 0 0 0 0 0 0 0 0 0 0 0 0 0 0 0 0 0 0 0 0 0 0 0 0 0 0 0 0 0 0 0 0 188 188 189 189 189 189 189 189 190 190 190 190 190 190 190 190 190 190 190 190 190 190 191 191 191 191 191 191 191 191 191 191 191 191 191 191 191 191 191 191 192 192 192 192 192 192 192 192 192 192 192 192 193 193 193 194 194 193 193 193 193 193 193 193 193 194 194 194 194 194 194 195 195 195 195 195 195 195 196 196 196 196 196 196 196 196 197 197 197 197 197 197 197 197 197 197 197 197 198 198 198 198 198 198 198 199 199 199 199 199 199 199 199 200 200 200 200 200 200 200 200 200 200 201 201 201 201 201 201 202 202 202 202 202 202 202 202 202 202 203 203 203 203 202 203 203 203 203 203 203 203 203 203 203 204 204 204 204 204 204 204 204 204 204 204 204 204 204 205 205 205 205 205 205 205 205 205 205 205 206 206 206 206 206 206 206 206 206 206 206 206 206 206 207 207 207 207 207 207 207 208 208 208 208 208 208 209 209 208 209 209 209 209 209 209 209 210 209 210 211 211 211 211 212 212 212 213 212 212 212 212 213 213 212 213 213 213 212 213 213 213 213 213 213 213 213 213 214 214 214 215 214 214 215 215 215 215 215 216 215 215 215 214 213 213 213 213 213 213 213 213 214 213 213 213 213 213 0 0 0 0 0 0 0 0 0 0 0 0 0 0 0 0 0 0 0 0 0 0 0 0 0 0 0 0 0 0 0 0 0 0 0 0 0 0 0 0 0 0 0 0 0 0 0 0 0 0 0 0 0 0 0 0 0 
0 0 0 0 0 0 0 0 0 0 0 0 0 0 0 0 0 0 0 0 0 0 0 0 0 0 0 0 0 0 0 0 0 0 0 0 0 0 0 0 0 0 0 0 0 0 0 0 0 0 0 0 0 0 0 0 0 0 0 0 0 0 0 0 0 0 0 0 0 0 0 0 0 0 0 0 0 0 0 0 0 0 0 0 0 0 0 0 0 0 0 0 0 0 0 0 0 0 0 0 0 0 0 0 0 0 0 0 0 0 0 0 0 0 0 0 0 0 0 0 0 0 0 0 0 0 0 0 0 0 0 0 0 0 0 0 0 0 0 0 0 0 0 0 0 0 0 0 0 0 0 0 0 0 0 0 0 0 0 0 0 0 0 0 0 0 0 0 0 188 188 189 189 189 189 189 189 189 190 190 190 190 190 190 190 190 190 190 190 190 190 190 191 191 191 191 191 191 191 191 191 191 191 191 191 191 191 191 191 191 192 192 192 192 192 192 192 192 192 192 192 193 193 193 193 193 194 194 194 194 193 193 193 193 193 193 193 194 194 194 195 195 195 195 195 195 195 195 195 196 196 196 196 196 196 197 197 198 198 198 197 197 197 197 197 197 197 198 198 198 198 198 198 198 199 199 199 199 199 199 199 199 200 200 200 200 200 200 200 200 200 200 201 201 201 201 201 201 202 202 202 202 202 202 202 202 202 202 203 203 203 203 202 203 203 203 203 203 203 203 203 203 204 204 204 204 204 205 204 204 204 204 204 204 204 204 204 204 205 205 205 205 205 205 205 205 205 205 206 206 206 206 206 206 206 206 206 206 207 206 206 206 207 207 207 207 207 207 207 208 208 208 208 208 208 208 209 209 209 209 209 209 209 210 209 209 209 210 210 211 210 210 211 212 212 211 212 212 212 212 212 212 212 213 213 213 213 213 213 213 213 213 214 214 213 213 213 214 214 215 215 215 214 215 215 214 215 215 215 215 215 214 214 214 213 213 213 213 213 213 213 213 213 213 213 0 0 0 0 0 0 0 0 0 0 0 0 0 0 0 0 0 0 0 0 0 0 0 0 0 0 0 0 0 0 0 0 0 0 0 0 0 0 0 0 0 0 0 0 0 0 0 0 0 0 0 0 0 0 0 0 0 0 
0 0 0 0 0 0 0 0 0 0 0 0 0 0 0 0 0 0 0 0 0 0 0 0 0 0 0 0 0 0 0 0 0 0 0 0 0 0 0 0 0 0 0 0 0 0 0 0 0 0 0 0 0 0 0 0 0 0 0 0 0 0 0 0 0 0 0 0 0 0 0 0 0 0 0 0 0 0 0 0 0 0 0 0 0 0 0 0 0 0 0 0 0 0 0 0 0 0 0 0 0 0 0 0 0 0 0 0 0 0 0 0 0 0 0 0 0 0 0 0 0 0 0 0 0 0 0 0 0 0 0 0 0 0 0 0 0 0 0 0 0 0 0 0 0 0 0 0 0 0 0 0 0 0 0 0 0 0 0 0 0 0 0 0 0 0 0 189 188 188 188 188 188 189 189 189 189 189 190 190 190 190 190 190 190 190 190 190 190 190 190 190 190 191 191 191 191 191 191 191 191 191 191 191 191 191 191 191 191 192 192 192 192 192 192 192 192 192 192 192 192 192 192 192 193 193 193 194 194 194 194 193 194 194 194 194 193 193 194 195 195 195 195 195 195 195 195 195 195 195 196 195 196 196 196 197 197 197 197 197 196 196 197 197 197 197 197 197 198 198 198 198 198 198 199 199 199 199 199 199 199 200 200 200 200 200 200 200 200 200 200 200 201 201 201 201 201 201 201 202 202 202 202 202 202 202 202 202 203 203 203 203 202 203 203 203 203 203 204 204 204 203 204 204 204 204 204 205 204 204 204 204 204 204 204 204 205 205 205 205 205 205 205 205 205 205 205 205 206 206 206 206 206 206 206 206 206 206 206 206 207 207 207 207 207 207 207 207 207 207 208 208 208 208 208 209 209 209 209 209 209 209 209 209 209 209 209 210 210 210 210 210 211 211 211 211 211 211 212 212 212 212 212 212 212 212 213 213 213 213 213 213 213 214 214 213 214 214 214 215 215 214 214 214 214 214 215 215 214 214 214 215 214 214 213 213 213 213 213 213 213 214 213 213 214 0 0 0 0 0 0 0 0 0 0 0 0 0 0 0 0 0 0 0 0 0 0 0 0 0 0 0 0 0 0 0 0 0 0 0 0 0 0 0 0 0 0 0 0 0 0 0 0 0 0 0 0 0 0 0 0 0 0 
0 0 0 0 0 0 0 0 0 0 0 0 0 0 0 0 0 0 0 0 0 0 0 0 0 0 0 0 0 0 0 0 0 0 0 0 0 0 0 0 0 0 0 0 0 0 0 0 0 0 0 0 0 0 0 0 0 0 0 0 0 0 0 0 0 0 0 0 0 0 0 0 0 0 0 0 0 0 0 0 0 0 0 0 0 0 0 0 0 0 0 0 0 0 0 0 0 0 0 0 0 0 0 0 0 0 0 0 0 0 0 0 0 0 0 0 0 0 0 0 0 0 0 0 0 0 0 0 0 0 0 0 0 0 0 0 0 0 0 0 0 0 0 0 0 0 0 0 0 0 0 0 0 0 0 0 0 0 0 0 0 0 0 0 0 0 0 0 189 189 188 189 189 188 188 189 189 189 189 189 190 190 190 190 190 190 190 190 190 190 190 190 190 190 191 191 191 191 191 191 191 191 191 191 191 191 191 191 191 192 192 192 192 192 192 192 192 192 192 192 192 192 192 192 192 193 193 194 194 194 194 194 194 194 194 194 193 193 193 194 194 194 195 195 195 195 195 195 195 195 195 195 195 196 196 197 197 197 196 197 197 197 197 198 197 197 197 197 198 198 198 198 198 198 198 199 199 199 199 199 199 200 200 200 200 200 200 200 200 200 200 200 201 201 201 201 201 201 201 201 202 202 202 202 202 202 202 202 202 202 203 203 203 203 203 203 203 203 203 203 203 203 203 204 204 204 204 204 204 204 204 204 204 204 204 204 205 205 205 205 205 205 205 205 205 205 205 205 206 206 206 206 206 206 207 206 206 206 207 206 207 207 207 207 207 207 207 207 207 207 208 208 208 208 208 208 209 208 209 208 209 209 209 209 209 209 209 210 209 209 210 210 211 211 211 210 210 211 211 211 211 212 212 213 213 213 213 213 213 213 214 213 213 213 214 214 213 214 214 215 215 214 214 214 214 214 214 214 214 214 214 214 214 214 214 213 212 213 213 214 214 0 0 214 0 0 0 0 0 0 0 0 0 0 0 0 0 0 0 0 0 0 0 0 0 0 0 0 0 0 0 0 0 0 0 0 0 0 0 0 0 0 0 0 0 0 0 0 0 0 0 0 0 0 0 0 0 0 0 0 0 0 0 
0 0 0 0 0 0 0 0 0 0 0 0 0 0 0 0 0 0 0 0 0 0 0 0 0 0 0 0 0 0 0 0 0 0 0 0 0 0 0 0 0 0 0 0 0 0 0 0 0 0 0 0 0 0 0 0 0 0 0 0 0 0 0 0 0 0 0 0 0 0 0 0 0 0 0 0 0 0 0 0 0 0 0 0 0 0 0 0 0 0 0 0 0 0 0 0 0 0 0 0 0 0 0 0 0 0 0 0 0 0 0 0 0 0 0 0 0 0 0 0 0 0 0 0 0 0 0 0 0 0 0 0 0 0 0 0 0 0 0 0 0 0 0 0 0 0 0 0 0 0 0 0 0 0 0 0 0 0 0 0 0 0 0 0 0 0 0 0 0 189 189 189 189 188 189 189 189 189 189 189 189 190 190 190 190 190 190 190 190 190 190 191 190 190 191 191 191 191 191 191 191 191 191 191 191 191 191 191 191 192 192 192 192 192 192 192 192 192 192 192 192 192 192 192 192 193 193 193 193 193 194 193 194 194 194 194 194 193 193 194 194 194 194 194 195 195 195 195 195 195 195 195 195 196 196 197 197 197 197 197 198 198 198 197 197 197 197 197 198 198 198 198 198 198 199 199 199 199 199 199 199 200 200 200 200 200 200 200 200 200 200 200 201 201 201 201 201 201 201 201 202 202 202 202 202 202 202 202 202 202 203 203 203 203 203 203 203 203 203 203 203 203 203 204 204 204 204 204 204 204 204 204 204 204 204 205 205 205 205 205 205 205 205 205 205 205 206 206 206 206 206 206 206 206 207 206 207 207 207 207 207 207 207 207 207 207 207 207 207 207 208 208 208 208 208 208 208 208 208 208 208 208 208 208 209 209 209 209 209 209 209 210 211 210 210 210 210 211 211 212 212 212 212 213 213 213 213 213 213 213 213 214 213 213 214 214 214 214 214 215 215 214 214 215 215 214 214 214 214 214 214 213 214 214 213 213 213 213 213 214 0 0 0 0 0 0 0 0 0 0 0 0 0 0 0 0 0 0 0 0 0 0 0 0 0 0 0 0 0 0 0 0 0 0 0 0 0 0 0 0 0 0 0 0 0 0 0 0 0 0 0 0 0 0 0 0 0 0 0 0 0 0 0 
0 0 0 0 0 0 0 0 0 0 0 0 0 0 0 0 0 0 0 0 0 0 0 0 0 0 0 0 0 0 0 0 0 0 0 0 0 0 0 0 0 0 0 0 0 0 0 0 0 0 0 0 0 0 0 0 0 0 0 0 0 0 0 0 0 0 0 0 0 0 0 0 0 0 0 0 0 0 0 0 0 0 0 0 0 0 0 0 0 0 0 0 0 0 0 0 0 0 0 0 0 0 0 0 0 0 0 0 0 0 0 0 0 0 0 0 0 0 0 0 0 0 0 0 0 0 0 0 0 0 0 0 0 0 0 0 0 0 0 0 0 0 0 0 0 0 0 0 0 0 0 0 0 0 0 0 0 0 0 0 0 0 0 0 0 0 0 0 0 0 0 189 189 189 189 188 188 189 189 189 189 189 190 190 190 190 190 190 190 190 190 190 191 190 191 191 191 191 191 191 191 191 191 191 191 191 191 191 191 192 192 192 192 192 192 192 192 192 192 192 192 192 192 192 193 193 193 193 193 193 193 193 193 194 194 193 194 194 194 194 194 194 194 194 195 195 195 195 195 195 196 195 196 196 196 196 197 196 197 198 198 198 198 198 198 198 198 198 198 198 198 198 198 198 198 199 199 199 199 199 199 200 200 200 200 200 200 200 200 200 200 200 201 201 201 201 201 201 201 201 201 202 202 202 202 202 202 202 202 202 203 203 203 203 203 203 203 203 203 203 203 203 203 204 204 204 204 204 205 204 204 204 204 204 204 204 205 205 205 205 205 205 205 205 205 205 206 206 206 206 206 206 206 206 206 207 207 207 207 207 208 207 207 207 207 207 207 207 207 207 207 208 208 208 208 208 208 208 208 208 208 208 208 209 209 209 209 209 209 209 209 210 210 210 210 210 211 211 212 212 213 212 212 213 214 214 213 214 213 213 213 214 214 213 213 214 214 215 214 215 215 215 215 215 215 215 215 215 214 215 215 214 213 214 213 213 214 214 214 0 0 0 0 0 0 0 0 0 0 0 0 0 0 0 0 0 0 0 0 0 0 0 0 0 0 0 0 0 0 0 0 0 0 0 0 0 0 0 0 0 0 0 0 0 0 0 0 0 0 0 0 0 0 0 0 0 0 0 0 0 0 0 0 
0 0 0 0 0 0 0 0 0 0 0 0 0 0 0 0 0 0 0 0 0 0 0 0 0 0 0 0 0 0 0 0 0 0 0 0 0 0 0 0 0 0 0 0 0 0 0 0 0 0 0 0 0 0 0 0 0 0 0 0 0 0 0 0 0 0 0 0 0 0 0 0 0 0 0 0 0 0 0 0 0 0 0 0 0 0 0 0 0 0 0 0 0 0 0 0 0 0 0 0 0 0 0 0 0 0 0 0 0 0 0 0 0 0 0 0 0 0 0 0 0 0 0 0 0 0 0 0 0 0 0 0 0 0 0 0 0 0 0 0 0 0 0 0 0 0 0 0 0 0 0 0 0 0 0 0 0 0 0 0 0 0 0 0 0 0 0 0 0 0 0 190 190 189 189 189 189 189 189 189 189 189 189 190 190 190 190 190 190 190 190 190 190 190 191 191 191 191 191 191 191 191 191 191 191 191 191 191 191 191 192 192 192 192 192 192 192 192 192 192 192 192 192 193 193 193 193 193 193 193 193 193 193 193 193 193 194 194 194 194 194 194 194 195 195 195 195 195 195 195 195 195 196 196 196 196 197 197 197 197 198 198 198 198 198 197 198 198 198 198 198 198 198 198 198 198 199 199 199 199 199 199 200 200 200 200 200 200 200 200 200 200 201 201 201 201 201 201 201 202 202 202 202 202 202 202 202 202 202 203 203 203 203 203 203 203 203 203 203 203 203 204 204 204 204 204 204 205 205 205 205 204 204 204 204 205 205 205 205 205 205 205 205 205 205 205 206 206 206 206 206 206 206 206 206 207 207 207 208 208 207 207 207 207 207 207 207 207 207 208 208 208 208 208 208 208 208 208 208 208 208 209 209 209 209 209 210 209 210 209 209 209 210 210 210 211 212 211 211 212 213 213 213 213 214 213 213 214 213 213 214 214 213 213 213 214 0 0 215 215 215 214 214 215 215 215 214 214 213 214 214 214 214 214 213 214 214 215 0 0 0 0 0 0 0 0 0 0 0 0 0 0 0 0 0 0 0 0 0 0 0 0 0 0 0 0 0 0 0 0 0 0 0 0 0 0 0 0 0 0 0 0 0 0 0 0 0 0 0 0 0 0 0 0 0 0 0 0 0 0 0 0 0 
0 0 0 0 0 0 0 0 0 0 0 0 0 0 0 0 0 0 0 0 0 0 0 0 0 0 0 0 0 0 0 0 0 0 0 0 0 0 0 0 0 0 0 0 0 0 0 0 0 0 0 0 0 0 0 0 0 0 0 0 0 0 0 0 0 0 0 0 0 0 0 0 0 0 0 0 0 0 0 0 0 0 0 0 0 0 0 0 0 0 0 0 0 0 0 0 0 0 0 0 0 0 0 0 0 0 0 0 0 0 0 0 0 0 0 0 0 0 0 0 0 0 0 0 0 0 0 0 0 0 0 0 0 0 0 0 0 0 0 0 0 0 0 0 0 0 0 0 0 0 0 0 0 0 0 0 0 0 0 0 0 0 0 0 0 0 0 0 0 0 0 190 190 189 190 190 189 189 189 189 189 189 189 189 190 190 190 190 190 190 190 190 190 190 190 190 191 191 191 191 191 191 191 191 191 191 191 191 191 191 191 191 192 192 192 192 192 192 192 192 192 192 192 193 193 193 193 193 193 193 193 193 193 194 193 193 193 194 194 194 194 194 194 194 195 195 195 195 195 195 195 196 196 196 196 197 197 197 197 198 198 197 197 197 197 198 198 198 197 198 198 198 198 198 198 198 198 199 199 199 199 199 199 200 200 200 200 200 200 200 200 200 201 201 201 201 201 201 201 202 202 202 202 202 202 202 202 203 203 203 203 203 203 203 203 203 203 203 203 203 203 203 203 204 204 204 204 205 205 205 205 205 204 205 205 205 205 205 205 205 205 205 205 205 205 205 205 206 206 206 206 206 206 206 206 207 207 207 207 207 207 207 207 207 207 207 207 207 207 208 208 208 208 209 208 208 208 208 208 208 209 209 209 209 209 209 209 210 210 210 209 209 209 210 211 211 211 211 211 211 212 213 213 213 213 213 213 214 214 214 214 214 214 0 213 0 0 0 214 214 215 215 214 214 214 214 214 213 213 213 213 213 213 213 213 214 214 0 0 0 0 0 0 0 0 0 0 0 0 0 0 0 0 0 0 0 0 0 0 0 0 0 0 0 0 0 0 0 0 0 0 0 0 0 0 0 0 0 0 0 0 0 0 0 0 0 0 0 0 0 0 0 0 0 0 0 0 0 0 0 0 0 0 
0 0 0 0 0 0 0 0 0 0 0 0 0 0 0 0 0 0 0 0 0 0 0 0 0 0 0 0 0 0 0 0 0 0 0 0 0 0 0 0 0 0 0 0 0 0 0 0 0 0 0 0 0 0 0 0 0 0 0 0 0 0 0 0 0 0 0 0 0 0 0 0 0 0 0 0 0 0 0 0 0 0 0 0 0 0 0 0 0 0 0 0 0 0 0 0 0 0 0 0 0 0 0 0 0 0 0 0 0 0 0 0 0 0 0 0 0 0 0 0 0 0 0 0 0 0 0 0 0 0 0 0 0 0 0 0 0 0 0 0 0 0 0 0 0 0 0 0 0 0 0 0 0 0 0 0 0 0 0 0 0 0 0 0 0 0 0 0 0 0 0 190 189 189 189 189 189 189 189 189 189 189 189 189 190 190 190 190 190 190 190 190 190 190 190 190 190 191 191 191 191 191 191 191 191 191 191 191 191 191 191 191 192 192 192 192 192 192 192 192 192 192 192 193 193 193 193 193 193 193 193 193 193 193 193 194 194 194 194 194 194 194 195 195 195 195 195 195 195 195 195 196 196 196 196 197 197 197 198 198 197 197 197 197 197 198 199 198 198 198 198 198 198 198 198 198 198 199 199 199 199 199 199 199 200 200 200 200 200 200 200 200 201 201 201 201 201 201 202 202 202 202 202 202 202 202 202 202 203 203 203 203 203 203 203 203 203 203 203 203 203 203 204 204 204 204 205 205 205 205 205 205 204 205 204 204 204 205 205 205 205 206 205 205 205 205 205 206 206 206 206 206 206 206 206 207 207 207 207 207 207 207 207 207 207 207 207 207 208 208 208 208 208 208 208 208 208 209 209 209 209 210 210 209 210 209 210 210 210 210 210 210 209 210 210 210 211 211 211 212 212 213 213 214 214 213 213 213 213 214 214 214 0 0 0 0 0 214 214 214 214 215 214 214 213 214 214 214 214 213 213 214 213 213 214 214 214 0 0 0 0 0 0 0 0 0 0 0 0 0 0 0 0 0 0 0 0 0 0 0 0 0 0 0 0 0 0 0 0 0 0 0 0 0 0 0 0 0 0 0 0 0 0 0 0 0 0 0 0 0 0 0 0 0 0 0 0 0 0 0 0 0 0 
0 0 0 0 0 0 0 0 0 0 0 0 0 0 0 0 0 0 0 0 0 0 0 0 0 0 0 0 0 0 0 0 0 0 0 0 0 0 0 0 0 0 0 0 0 0 0 0 0 0 0 0 0 0 0 0 0 0 0 0 0 0 0 0 0 0 0 0 0 0 0 0 0 0 0 0 0 0 0 0 0 0 0 0 0 0 0 0 0 0 0 0 0 0 0 0 0 0 0 0 0 0 0 0 0 0 0 0 0 0 0 0 0 0 0 0 0 0 0 0 0 0 0 0 0 0 0 0 0 0 0 0 0 0 0 0 0 0 0 0 0 0 0 0 0 0 0 0 0 0 0 0 0 0 0 0 0 0 0 0 0 0 0 0 0 0 0 0 0 0 0 189 189 189 189 189 189 189 189 189 189 189 189 189 189 190 190 190 190 190 190 190 190 191 191 191 191 190 191 191 191 191 191 191 191 191 191 191 191 191 192 192 192 192 192 192 192 192 192 192 192 192 193 193 193 193 193 193 193 193 193 193 193 193 194 194 194 194 194 194 194 194 195 195 195 195 195 195 195 195 195 195 196 196 196 196 196 196 198 198 197 197 198 197 197 198 199 198 198 198 198 198 197 197 198 198 198 198 198 199 199 199 199 199 200 200 200 200 200 200 200 200 201 201 201 201 201 201 202 202 202 202 202 202 202 202 202 202 203 203 203 203 203 203 203 203 203 203 203 203 203 203 203 204 204 204 205 205 205 205 204 205 205 205 205 205 204 204 205 205 205 205 205 205 205 205 206 206 206 206 206 206 206 206 206 206 207 207 207 207 207 207 207 207 207 207 208 208 208 208 208 207 207 207 208 208 208 209 209 210 210 210 210 210 210 210 210 210 210 210 210 210 210 210 210 211 211 211 211 212 212 213 213 213 213 213 213 213 213 214 214 0 0 0 0 0 0 0 214 214 214 214 214 214 214 213 214 214 214 213 213 214 214 214 214 214 214 0 0 0 0 0 0 0 0 0 0 0 0 0 0 0 0 0 0 0 0 0 0 0 0 0 0 0 0 0 0 0 0 0 0 0 0 0 0 0 0 0 0 0 0 0 0 0 0 0 0 0 0 0 0 0 0 0 0 0 0 0 0 0 0 0 0 
0 0 0 0 0 0 0 0 0 0 0 0 0 0 0 0 0 0 0 0 0 0 0 0 0 0 0 0 0 0 0 0 0 0 0 0 0 0 0 0 0 0 0 0 0 0 0 0 0 0 0 0 0 0 0 0 0 0 0 0 0 0 0 0 0 0 0 0 0 0 0 0 0 0 0 0 0 0 0 0 0 0 0 0 0 0 0 0 0 0 0 0 0 0 0 0 0 0 0 0 0 0 0 0 0 0 0 0 0 0 0 0 0 0 0 0 0 0 0 0 0 0 0 0 0 0 0 0 0 0 0 0 0 0 0 0 0 0 0 0 0 0 0 0 0 0 0 0 0 0 0 0 0 0 0 0 0 0 0 0 0 0 0 0 0 0 0 0 0 0 0 189 189 189 189 189 189 189 189 189 189 190 189 189 189 189 190 190 190 190 190 190 190 191 191 191 190 190 191 191 191 191 191 191 191 191 191 191 191 191 191 192 192 192 192 192 192 192 192 192 192 192 193 193 193 193 193 193 193 193 193 193 193 194 194 194 194 194 194 194 194 194 195 195 195 195 195 195 195 195 195 195 195 196 196 196 197 197 198 198 198 197 197 197 197 198 198 197 198 198 198 198 198 198 198 198 198 198 198 198 199 199 199 199 199 200 200 200 200 200 200 200 201 201 201 201 201 201 202 202 202 202 202 202 202 202 202 202 203 203 203 203 203 203 203 203 203 203 203 204 204 203 203 203 203 204 204 205 205 204 204 205 205 205 205 205 204 205 204 205 205 205 205 205 205 205 206 206 206 206 206 206 206 206 206 207 207 207 207 207 207 206 207 207 207 208 208 208 208 207 207 207 208 208 0 0 0 208 209 209 210 211 211 211 211 211 211 211 210 211 211 210 210 210 210 211 211 211 211 211 212 212 213 213 214 0 0 213 0 213 0 0 0 0 0 0 0 0 0 214 214 214 214 214 213 214 214 214 214 214 214 214 214 214 214 214 215 0 0 0 0 0 0 0 0 0 0 0 0 0 0 0 0 0 0 0 0 0 0 0 0 0 0 0 0 0 0 0 0 0 0 0 0 0 0 0 0 0 0 0 0 0 0 0 0 0 0 0 0 0 0 0 0 0 0 0 0 0 0 0 0 0 0 
0 0 0 0 0 0 0 0 0 0 0 0 0 0 0 0 0 0 0 0 0 0 0 0 0 0 0 0 0 0 0 0 0 0 0 0 0 0 0 0 0 0 0 0 0 0 0 0 0 0 0 0 0 0 0 0 0 0 0 0 0 0 0 0 0 0 0 0 0 0 0 0 0 0 0 0 0 0 0 0 0 0 0 0 0 0 0 0 0 0 0 0 0 0 0 0 0 0 0 0 0 0 0 0 0 0 0 0 0 0 0 0 0 0 0 0 0 0 0 0 0 0 0 0 0 0 0 0 0 0 0 0 0 0 0 0 0 0 0 0 0 0 0 0 0 0 0 0 0 0 0 0 0 0 0 0 0 0 0 0 0 0 0 0 0 0 0 0 0 0 0 190 190 189 189 189 190 190 189 189 190 190 190 190 189 189 189 189 190 190 190 190 190 191 190 190 190 190 190 191 191 191 191 191 191 191 191 191 191 191 191 192 192 192 192 192 192 192 192 192 192 192 193 193 193 193 193 193 193 193 193 193 193 194 194 194 194 194 194 194 194 194 195 195 195 195 195 195 195 195 195 195 195 196 196 196 197 198 199 199 198 197 197 197 197 198 198 197 198 199 199 198 198 198 198 198 198 199 198 198 198 199 199 199 199 199 200 200 200 200 200 200 201 201 201 201 201 201 201 202 202 202 202 202 202 202 202 202 202 202 202 202 203 203 203 203 203 203 204 204 204 203 203 203 203 204 204 204 204 205 205 205 205 205 205 205 205 204 204 204 205 205 205 205 205 206 206 206 206 206 206 206 206 206 206 207 207 207 207 207 207 206 207 207 207 208 208 208 207 207 207 207 208 208 0 0 0 0 0 209 209 210 210 210 211 211 211 211 210 210 210 210 210 210 210 210 211 211 211 211 211 212 212 213 0 0 0 0 0 0 0 0 0 0 0 0 0 0 0 0 0 214 214 214 214 214 214 214 214 214 0 0 0 214 214 0 0 0 0 0 0 0 0 0 0 0 0 0 0 0 0 0 0 0 0 0 0 0 0 0 0 0 0 0 0 0 0 0 0 0 0 0 0 0 0 0 0 0 0 0 0 0 0 0 0 0 0 0 0 0 0 0 0 0 0 0 0 0 0 0 0 0 0 
0 0 0 0 0 0 0 0 0 0 0 0 0 0 0 0 0 0 0 0 0 0 0 0 0 0 0 0 0 0 0 0 0 0 0 0 0 0 0 0 0 0 0 0 0 0 0 0 0 0 0 0 0 0 0 0 0 0 0 0 0 0 0 0 0 0 0 0 0 0 0 0 0 0 0 0 0 0 0 0 0 0 0 0 0 0 0 0 0 0 0 0 0 0 0 0 0 0 0 0 0 0 0 0 0 0 0 0 0 0 0 0 0 0 0 0 0 0 0 0 0 0 0 0 0 0 0 0 0 0 0 0 0 0 0 0 0 0 0 0 0 0 0 0 0 0 0 0 0 0 0 0 0 0 0 0 0 0 0 0 0 0 0 0 0 0 0 0 0 0 0 0 0 190 190 0 0 190 190 190 0 0 0 0 190 190 189 189 190 190 190 190 190 190 191 190 190 190 190 190 191 191 191 191 191 191 191 191 191 191 191 191 192 192 192 192 192 192 192 192 192 192 192 192 193 193 193 193 193 193 193 193 194 194 194 194 194 194 194 194 194 194 195 195 195 195 195 195 195 195 195 195 195 195 196 196 197 197 198 199 198 198 198 198 198 198 198 198 198 199 199 199 198 198 198 198 198 198 198 198 198 199 199 199 199 199 200 200 200 200 200 200 201 201 201 201 201 201 201 202 202 202 202 202 202 202 202 202 202 202 202 202 202 203 203 203 203 203 204 204 204 203 203 203 203 203 204 204 204 205 205 205 205 205 205 205 205 204 205 205 204 205 205 205 206 206 206 206 206 206 206 206 206 206 206 207 207 207 207 207 207 207 0 0 0 207 207 207 207 207 208 208 208 209 0 0 0 0 0 0 0 0 209 210 211 211 211 211 211 211 211 211 210 210 210 210 211 211 212 0 211 212 212 0 0 0 0 0 0 0 0 0 0 0 0 0 0 0 0 0 0 0 214 214 214 214 0 0 0 0 0 0 0 0 0 0 0 0 0 0 0 0 0 0 0 0 0 0 0 0 0 0 0 0 0 0 0 0 0 0 0 0 0 0 0 0 0 0 0 0 0 0 0 0 0 0 0 0 0 0 0 0 0 0 0 0 0 0 0 0 0 0 0 0 0 0 0 0 0 0 0 0 0 
0 0 0 0 0 0 0 0 0 0 0 0 0 0 0 0 0 0 0 0 0 0 0 0 0 0 0 0 0 0 0 0 0 0 0 0 0 0 0 0 0 0 0 0 0 0 0 0 0 0 0 0 0 0 0 0 0 0 0 0 0 0 0 0 0 0 0 0 0 0 0 0 0 0 0 0 0 0 0 0 0 0 0 0 0 0 0 0 0 0 0 0 0 0 0 0 0 0 0 0 0 0 0 0 0 0 0 0 0 0 0 0 0 0 0 0 0 0 0 0 0 0 0 0 0 0 0 0 0 0 0 0 0 0 0 0 0 0 0 0 0 0 0 0 0 0 0 0 0 0 0 0 0 0 0 0 0 0 0 0 0 0 0 0 0 0 0 0 0 0 0 0 0 0 0 0 0 0 0 0 0 0 0 0 0 190 190 190 190 190 190 190 190 190 191 190 190 190 190 190 190 191 191 191 191 191 191 191 192 191 191 191 191 191 192 192 192 192 192 192 192 192 192 192 193 193 193 193 193 193 193 193 193 194 194 194 194 194 194 194 194 194 195 195 195 195 195 195 195 195 195 195 195 196 196 197 197 197 198 199 199 199 199 199 199 199 198 198 199 199 200 199 199 198 198 199 198 198 198 198 198 199 199 199 199 199 199 200 200 200 200 200 201 201 201 201 201 201 201 201 201 202 202 202 202 202 202 202 202 202 202 202 203 203 203 203 203 203 203 204 204 204 204 203 203 203 204 204 205 205 205 205 205 205 205 205 205 204 204 204 204 205 205 205 206 206 206 206 206 206 206 206 206 206 206 206 207 207 207 207 207 206 0 0 0 0 207 206 207 207 208 208 209 210 0 0 0 0 0 0 0 0 0 209 210 211 211 211 211 211 211 210 210 210 210 210 0 211 212 0 0 0 0 0 0 0 0 0 0 0 0 0 0 0 0 0 0 0 0 0 0 0 0 0 0 0 0 0 0 0 0 0 0 0 0 0 0 0 0 0 0 0 0 0 0 0 0 0 0 0 0 0 0 0 0 0 0 0 0 0 0 0 0 0 0 0 0 0 0 0 0 0 0 0 0 0 0 0 0 0 0 0 0 0 0 0 0 0 0 0 0 0 0 0 0 0 0 0 0 0 0 0 0 
0 0 0 0 0 0 0 0 0 0 0 0 0 0 0 0 0 0 0 0 0 0 0 0 0 0 0 0 0 0 0 0 0 0 0 0 0 0 0 0 0 0 0 0 0 0 0 0 0 0 0 0 0 0 0 0 0 0 0 0 0 0 0 0 0 0 0 0 0 0 0 0 0 0 0 0 0 0 0 0 0 0 0 0 0 0 0 0 0 0 0 0 0 0 0 0 0 0 0 0 0 0 0 0 0 0 0 0 0 0 0 0 0 0 0 0 0 0 0 0 0 0 0 0 0 0 0 0 0 0 0 0 0 0 0 0 0 0 0 0 0 0 0 0 0 0 0 0 0 0 0 0 0 0 0 0 0 0 0 0 0 0 0 0 0 0 0 0 0 0 0 0 0 0 0 0 0 0 0 0 0 0 0 0 0 0 0 190 190 190 190 190 190 190 191 191 191 191 191 190 190 190 191 191 191 191 191 191 191 191 191 191 191 191 191 191 191 191 192 192 192 192 192 192 193 193 193 193 193 193 193 193 193 193 194 194 194 194 194 194 194 194 194 194 195 195 195 195 195 195 195 195 195 196 196 197 197 198 198 199 199 199 198 199 200 200 199 199 199 199 199 199 199 198 198 198 198 198 198 198 198 199 199 199 199 199 199 199 200 200 200 200 201 201 201 201 201 201 201 201 201 201 201 202 202 202 202 202 202 202 203 202 203 203 203 203 203 203 203 204 204 204 204 204 203 203 203 204 204 205 205 205 205 205 205 205 205 205 205 204 204 205 205 205 206 206 206 206 206 206 206 206 206 206 206 207 207 207 207 207 207 0 0 0 0 0 0 0 0 208 208 0 0 0 0 0 0 0 0 0 0 0 0 0 210 210 210 0 0 211 211 211 211 0 0 0 0 0 0 0 0 0 0 0 0 0 0 0 0 0 0 0 0 0 0 0 0 0 0 0 0 0 0 0 0 0 0 0 0 0 0 0 0 0 0 0 0 0 0 0 0 0 0 0 0 0 0 0 0 0 0 0 0 0 0 0 0 0 0 0 0 0 0 0 0 0 0 0 0 0 0 0 0 0 0 0 0 0 0 0 0 0 0 0 0 0 0 0 0 0 0 0 0 0 0 0 0 0 0 0 0 0 0 
0 0 0 0 0 0 0 0 0 0 0 0 0 0 0 0 0 0 0 0 0 0 0 0 0 0 0 0 0 0 0 0 0 0 0 0 0 0 0 0 0 0 0 0 0 0 0 0 0 0 0 0 0 0 0 0 0 0 0 0 0 0 0 0 0 0 0 0 0 0 0 0 0 0 0 0 0 0 0 0 0 0 0 0 0 0 0 0 0 0 0 0 0 0 0 0 0 0 0 0 0 0 0 0 0 0 0 0 0 0 0 0 0 0 0 0 0 0 0 0 0 0 0 0 0 0 0 0 0 0 0 0 0 0 0 0 0 0 0 0 0 0 0 0 0 0 0 0 0 0 0 0 0 0 0 0 0 0 0 0 0 0 0 0 0 0 0 0 0 0 0 0 0 0 0 0 0 0 0 0 0 0 0 0 0 0 0 0 0 0 190 190 190 190 191 191 191 191 191 190 190 190 190 190 191 191 191 191 191 191 191 191 191 191 191 191 191 191 191 191 192 192 192 192 192 192 193 193 193 193 193 193 193 193 194 194 194 194 194 194 194 194 194 194 194 194 194 194 195 195 195 195 196 196 196 196 196 197 198 199 198 198 197 198 198 199 200 200 199 198 198 198 198 198 198 198 198 198 198 198 198 199 199 199 199 199 199 200 200 200 200 200 201 201 201 201 201 201 201 201 201 201 201 201 202 202 202 202 202 202 202 202 203 203 203 203 203 203 203 203 204 204 204 204 203 203 203 203 204 205 205 205 205 205 205 205 205 205 204 204 204 205 205 205 206 206 206 206 206 206 206 206 206 206 207 207 207 0 207 207 0 0 0 0 0 0 0 0 0 0 0 0 0 0 0 0 0 0 0 0 0 0 0 0 0 0 0 0 0 0 0 0 0 0 0 0 0 0 0 0 0 0 0 0 0 0 0 0 0 0 0 0 0 0 0 0 0 0 0 0 0 0 0 0 0 0 0 0 0 0 0 0 0 0 0 0 0 0 0 0 0 0 0 0 0 0 0 0 0 0 0 0 0 0 0 0 0 0 0 0 0 0 0 0 0 0 0 0 0 0 0 0 0 0 0 0 0 0 0 0 0 0 0 0 0 0 0 0 0 0 0 0 0 0 0 0 0 0 0 0 0 0 0 
0 0 0 0 0 0 0 0 0 0 0 0 0 0 0 0 0 0 0 0 0 0 0 0 0 0 0 0 0 0 0 0 0 0 0 0 0 0 0 0 0 0 0 0 0 0 0 0 0 0 0 0 0 0 0 0 0 0 0 0 0 0 0 0 0 0 0 0 0 0 0 0 0 0 0 0 0 0 0 0 0 0 0 0 0 0 0 0 0 0 0 0 0 0 0 0 0 0 0 0 0 0 0 0 0 0 0 0 0 0 0 0 0 0 0 0 0 0 0 0 0 0 0 0 0 0 0 0 0 0 0 0 0 0 0 0 0 0 0 0 0 0 0 0 0 0 0 0 0 0 0 0 0 0 0 0 0 0 0 0 0 0 0 0 0 0 0 0 0 0 0 0 0 0 0 0 0 0 0 0 0 0 0 0 0 0 0 0 0 0 191 191 190 190 190 190 191 191 191 190 190 190 190 190 190 190 191 191 191 191 191 191 191 191 192 192 192 191 191 191 192 192 192 192 192 192 193 193 193 193 193 193 193 194 194 194 194 194 194 194 194 194 194 194 194 194 194 194 195 195 195 195 195 196 197 197 197 197 198 199 199 198 198 197 198 198 199 199 199 199 198 198 198 198 198 199 199 198 198 199 199 199 199 199 199 199 199 200 200 200 200 200 201 201 201 201 201 201 201 201 201 201 201 202 202 202 202 202 202 202 203 202 203 203 202 202 202 203 203 203 204 204 204 204 204 203 203 204 204 204 205 205 205 205 205 205 205 205 205 204 205 205 205 205 206 206 206 206 206 206 206 206 207 207 207 207 206 0 0 0 0 0 0 0 0 0 0 0 0 0 0 0 0 0 0 0 0 0 0 0 0 0 0 0 0 0 0 0 0 0 0 0 0 0 0 0 0 0 0 0 0 0 0 0 0 0 0 0 0 0 0 0 0 0 0 0 0 0 0 0 0 0 0 0 0 0 0 0 0 0 0 0 0 0 0 0 0 0 0 0 0 0 0 0 0 0 0 0 0 0 0 0 0 0 0 0 0 0 0 0 0 0 0 0 0 0 0 0 0 0 0 0 0 0 0 0 0 0 0 0 0 0 0 0 0 0 0 0 0 0 0 0 0 0 0 0 0 0 0 0 0 0 0 
0 0 0 0 0 0 0 0 0 0 0 0 0 0 0 0 0 0 0 0 0 0 0 0 0 0 0 0 0 0 0 0 0 0 0 0 0 0 0 0 0 0 0 0 0 0 0 0 0 0 0 0 0 0 0 0 0 0 0 0 0 0 0 0 0 0 0 0 0 0 0 0 0 0 0 0 0 0 0 0 0 0 0 0 0 0 0 0 0 0 0 0 0 0 0 0 0 0 0 0 0 0 0 0 0 0 0 0 0 0 0 0 0 0 0 0 0 0 0 0 0 0 0 0 0 0 0 0 0 0 0 0 0 0 0 0 0 0 0 0 0 0 0 0 0 0 0 0 0 0 0 0 0 0 0 0 0 0 0 0 0 0 0 0 0 0 0 0 0 0 0 0 0 0 0 0 0 0 0 0 0 0 0 0 0 0 0 0 0 0 0 0 0 190 191 191 191 191 191 191 191 190 190 190 190 190 190 191 191 191 191 191 191 191 192 192 192 192 192 192 192 192 192 192 192 193 193 193 193 193 193 193 193 193 194 194 194 193 193 193 193 193 194 194 194 194 194 195 196 196 195 196 195 196 197 198 198 198 198 199 199 199 198 198 197 198 198 199 199 199 198 198 199 199 198 198 198 199 199 199 199 199 199 199 199 199 199 200 200 200 200 200 200 201 201 201 201 201 201 201 201 202 202 202 201 202 202 202 202 202 202 203 203 203 203 0 203 203 0 204 204 204 204 204 204 203 204 203 204 204 204 205 205 205 204 204 204 204 204 204 205 205 205 205 206 206 206 206 206 206 206 206 206 207 207 207 0 0 0 0 0 0 0 0 0 0 0 0 0 0 0 0 0 0 0 0 0 0 0 0 0 0 0 0 0 0 0 0 0 0 0 0 0 0 0 0 0 0 0 0 0 0 0 0 0 0 0 0 0 0 0 0 0 0 0 0 0 0 0 0 0 0 0 0 0 0 0 0 0 0 0 0 0 0 0 0 0 0 0 0 0 0 0 0 0 0 0 0 0 0 0 0 0 0 0 0 0 0 0 0 0 0 0 0 0 0 0 0 0 0 0 0 0 0 0 0 0 0 0 0 0 0 0 0 0 0 0 0 0 0 0 0 0 0 0 0 0 0 0 0 0 0 0 
0 0 0 0 0 0 0 0 0 0 0 0 0 0 0 0 0 0 0 0 0 0 0 0 0 0 0 0 0 0 0 0 0 0 0 0 0 0 0 0 0 0 0 0 0 0 0 0 0 0 0 0 0 0 0 0 0 0 0 0 0 0 0 0 0 0 0 0 0 0 0 0 0 0 0 0 0 0 0 0 0 0 0 0 0 0 0 0 0 0 0 0 0 0 0 0 0 0 0 0 0 0 0 0 0 0 0 0 0 0 0 0 0 0 0 0 0 0 0 0 0 0 0 0 0 0 0 0 0 0 0 0 0 0 0 0 0 0 0 0 0 0 0 0 0 0 0 0 0 0 0 0 0 0 0 0 0 0 0 0 0 0 0 0 0 0 0 0 0 0 0 0 0 0 0 0 0 0 0 0 0 0 0 0 0 0 0 0 0 0 0 0 0 0 0 0 0 192 192 191 191 191 191 191 191 190 190 190 190 190 190 191 191 192 192 192 192 192 192 192 191 192 192 192 192 193 193 193 193 193 193 193 193 193 193 194 193 193 193 194 194 194 195 195 196 195 195 196 196 196 196 197 197 196 197 199 199 199 199 199 198 198 198 198 198 197 198 198 199 199 198 198 198 198 198 198 198 198 198 198 198 198 199 199 199 199 199 199 200 200 200 200 200 200 201 201 201 201 201 201 202 202 202 202 202 202 202 202 203 202 203 203 203 203 203 0 0 0 0 0 0 0 205 205 204 204 203 203 204 204 204 204 205 205 204 204 204 205 205 205 205 205 205 205 206 206 206 206 206 206 206 206 206 207 207 0 0 0 0 0 0 0 0 0 0 0 0 0 0 0 0 0 0 0 0 0 0 0 0 0 0 0 0 0 0 0 0 0 0 0 0 0 0 0 0 0 0 0 0 0 0 0 0 0 0 0 0 0 0 0 0 0 0 0 0 0 0 0 0 0 0 0 0 0 0 0 0 0 0 0 0 0 0 0 0 0 0 0 0 0 0 0 0 0 0 0 0 0 0 0 0 0 0 0 0 0 0 0 0 0 0 0 0 0 0 0 0 0 0 0 0 0 0 0 0 0 0 0 0 0 0 0 0 0 0 0 0 0 0 0 0 0 0 0 0 0 0 0 0 0 0 0 0 
0 0 0 0 0 0 0 0 0 0 0 0 0 0 0 0 0 0 0 0 0 0 0 0 0 0 0 0 0 0 0 0 0 0 0 0 0 0 0 0 0 0 0 0 0 0 0 0 0 0 0 0 0 0 0 0 0 0 0 0 0 0 0 0 0 0 0 0 0 0 0 0 0 0 0 0 0 0 0 0 0 0 0 0 0 0 0 0 0 0 0 0 0 0 0 0 0 0 0 0 0 0 0 0 0 0 0 0 0 0 0 0 0 0 0 0 0 0 0 0 0 0 0 0 0 0 0 0 0 0 0 0 0 0 0 0 0 0 0 0 0 0 0 0 0 0 0 0 0 0 0 0 0 0 0 0 0 0 0 0 0 0 0 0 0 0 0 0 0 0 0 0 0 0 0 0 0 0 0 0 0 0 0 0 0 0 0 0 0 0 0 0 0 0 0 0 0 0 193 192 192 192 191 191 190 190 189 190 191 191 190 190 191 192 192 192 192 191 191 191 191 192 192 192 192 193 193 193 193 193 193 193 193 193 193 193 193 193 193 194 195 195 196 196 197 197 197 198 197 196 197 197 198 198 198 198 198 198 198 199 198 197 197 197 198 198 198 198 198 198 198 198 198 198 198 198 198 198 198 198 198 198 198 199 199 199 199 199 199 199 200 200 200 200 201 201 201 202 201 202 202 202 201 201 202 202 202 202 203 203 203 203 203 204 204 0 0 0 0 0 0 0 0 0 205 204 204 204 204 204 205 205 205 205 205 205 205 205 205 205 205 204 205 205 205 206 206 206 206 0 206 207 207 207 0 0 0 0 0 0 0 0 0 0 0 0 0 0 0 0 0 0 0 0 0 0 0 0 0 0 0 0 0 0 0 0 0 0 0 0 0 0 0 0 0 0 0 0 0 0 0 0 0 0 0 0 0 0 0 0 0 0 0 0 0 0 0 0 0 0 0 0 0 0 0 0 0 0 0 0 0 0 0 0 0 0 0 0 0 0 0 0 0 0 0 0 0 0 0 0 0 0 0 0 0 0 0 0 0 0 0 0 0 0 0 0 0 0 0 0 0 0 0 0 0 0 0 0 0 0 0 0 0 0 0 0 0 0 0 0 0 0 0 0 0 0 0 0 0 0 0 0 0 
0 0 0 0 0 0 0 0 0 0 0 0 0 0 0 0 0 0 0 0 0 0 0 0 0 0 0 0 0 0 0 0 0 0 0 0 0 0 0 0 0 0 0 0 0 0 0 0 0 0 0 0 0 0 0 0 0 0 0 0 0 0 0 0 0 0 0 0 0 0 0 0 0 0 0 0 0 0 0 0 0 0 0 0 0 0 0 0 0 0 0 0 0 0 0 0 0 0 0 0 0 0 0 0 0 0 0 0 0 0 0 0 0 0 0 0 0 0 0 0 0 0 0 0 0 0 0 0 0 0 0 0 0 0 0 0 0 0 0 0 0 0 0 0 0 0 0 0 0 0 0 0 0 0 0 0 0 0 0 0 0 0 0 0 0 0 0 0 0 0 0 0 0 0 0 0 0 0 0 0 0 0 0 0 0 0 0 0 0 0 0 0 0 0 0 0 0 0 0 193 193 192 192 191 191 190 190 190 192 191 190 190 191 192 192 192 191 191 191 191 192 192 192 192 193 193 193 193 193 193 193 193 193 193 193 193 193 193 193 194 194 195 196 197 197 198 198 199 198 197 198 198 198 198 197 197 197 197 198 199 199 198 198 198 198 198 198 198 198 198 198 198 198 198 198 198 198 198 198 199 199 198 198 198 199 199 199 199 199 199 199 200 200 200 201 201 201 201 202 202 202 201 201 201 202 202 202 203 202 203 203 203 203 204 0 0 0 0 0 0 0 0 0 0 205 204 204 204 204 205 205 0 0 0 0 0 0 205 205 205 205 204 205 205 205 206 206 206 206 0 0 0 0 0 0 0 0 0 0 0 0 0 0 0 0 0 0 0 0 0 0 0 0 0 0 0 0 0 0 0 0 0 0 0 0 0 0 0 0 0 0 0 0 0 0 0 0 0 0 0 0 0 0 0 0 0 0 0 0 0 0 0 0 0 0 0 0 0 0 0 0 0 0 0 0 0 0 0 0 0 0 0 0 0 0 0 0 0 0 0 0 0 0 0 0 0 0 0 0 0 0 0 0 0 0 0 0 0 0 0 0 0 0 0 0 0 0 0 0 0 0 0 0 0 0 0 0 0 0 0 0 0 0 0 0 0 0 0 0 0 0 0 0 0 0 0 0 0 0 0 0 0 0 
0 0 0 0 0 0 0 0 0 0 0 0 0 0 0 0 0 0 0 0 0 0 0 0 0 0 0 0 0 0 0 0 0 0 0 0 0 0 0 0 0 0 0 0 0 0 0 0 0 0 0 0 0 0 0 0 0 0 0 0 0 0 0 0 0 0 0 0 0 0 0 0 0 0 0 0 0 0 0 0 0 0 0 0 0 0 0 0 0 0 0 0 0 0 0 0 0 0 0 0 0 0 0 0 0 0 0 0 0 0 0 0 0 0 0 0 0 0 0 0 0 0 0 0 0 0 0 0 0 0 0 0 0 0 0 0 0 0 0 0 0 0 0 0 0 0 0 0 0 0 0 0 0 0 0 0 0 0 0 0 0 0 0 0 0 0 0 0 0 0 0 0 0 0 0 0 0 0 0 0 0 0 0 0 0 0 0 0 0 0 0 0 0 0 0 0 0 0 0 0 0 193 192 192 192 192 191 191 192 191 190 191 192 192 192 191 191 192 192 192 192 192 192 193 193 193 193 193 193 193 193 193 193 193 193 193 193 194 194 194 194 194 195 195 196 197 198 199 199 198 199 199 199 198 197 197 197 197 198 198 198 198 198 198 198 198 198 198 198 198 198 198 198 198 198 198 199 199 199 199 199 199 199 199 199 199 199 199 199 199 199 199 200 200 200 200 201 201 202 202 202 202 201 202 202 202 202 202 0 0 0 203 204 204 204 0 0 0 0 0 0 0 0 0 205 204 0 0 0 0 0 0 0 0 0 0 0 0 0 0 0 0 205 205 205 206 206 206 0 0 0 0 0 0 0 0 0 0 0 0 0 0 0 0 0 0 0 0 0 0 0 0 0 0 0 0 0 0 0 0 0 0 0 0 0 0 0 0 0 0 0 0 0 0 0 0 0 0 0 0 0 0 0 0 0 0 0 0 0 0 0 0 0 0 0 0 0 0 0 0 0 0 0 0 0 0 0 0 0 0 0 0 0 0 0 0 0 0 0 0 0 0 0 0 0 0 0 0 0 0 0 0 0 0 0 0 0 0 0 0 0 0 0 0 0 0 0 0 0 0 0 0 0 0 0 0 0 0 0 0 0 0 0 0 0 0 0 0 0 0 0 0 0 0 0 0 0 0 0 0 0 0 0 
0 0 0 0 0 0 0 0 0 0 0 0 0 0 0 0 0 0 0 0 0 0 0 0 0 0 0 0 0 0 0 0 0 0 0 0 0 0 0 0 0 0 0 0 0 0 0 0 0 0 0 0 0 0 0 0 0 0 0 0 0 0 0 0 0 0 0 0 0 0 0 0 0 0 0 0 0 0 0 0 0 0 0 0 0 0 0 0 0 0 0 0 0 0 0 0 0 0 0 0 0 0 0 0 0 0 0 0 0 0 0 0 0 0 0 0 0 0 0 0 0 0 0 0 0 0 0 0 0 0 0 0 0 0 0 0 0 0 0 0 0 0 0 0 0 0 0 0 0 0 0 0 0 0 0 0 0 0 0 0 0 0 0 0 0 0 0 0 0 0 0 0 0 0 0 0 0 0 0 0 0 0 0 0 0 0 0 0 0 0 0 0 0 0 0 0 0 0 0 0 0 0 192 192 193 193 192 191 192 192 192 192 192 191 191 191 191 192 192 191 192 192 192 193 193 193 193 193 193 193 193 193 193 193 193 193 193 194 194 195 195 196 196 195 197 197 198 199 199 199 199 200 199 199 198 197 197 197 197 198 198 198 198 198 198 198 198 198 198 199 199 199 200 199 199 199 200 200 200 200 199 199 198 198 199 199 199 199 199 199 199 199 199 200 200 200 201 201 202 202 202 201 201 202 202 202 202 202 0 0 0 0 0 205 205 0 0 0 0 0 0 0 0 0 0 0 0 0 0 0 0 0 0 0 0 0 0 0 0 0 0 0 0 0 0 206 206 0 0 0 0 0 0 0 0 0 0 0 0 0 0 0 0 0 0 0 0 0 0 0 0 0 0 0 0 0 0 0 0 0 0 0 0 0 0 0 0 0 0 0 0 0 0 0 0 0 0 0 0 0 0 0 0 0 0 0 0 0 0 0 0 0 0 0 0 0 0 0 0 0 0 0 0 0 0 0 0 0 0 0 0 0 0 0 0 0 0 0 0 0 0 0 0 0 0 0 0 0 0 0 0 0 0 0 0 0 0 0 0 0 0 0 0 0 0 0 0 0 0 0 0 0 0 0 0 0 0 0 0 0 0 0 0 0 0 0 0 0 0 0 0 0 0 0 0 0 0 0 0 0 0 0 0 
0 0 0 0 0 0 0 0 0 0 0 0 0 0 0 0 0 0 0 0 0 0 0 0 0 0 0 0 0 0 0 0 0 0 0 0 0 0 0 0 0 0 0 0 0 0 0 0 0 0 0 0 0 0 0 0 0 0 0 0 0 0 0 0 0 0 0 0 0 0 0 0 0 0 0 0 0 0 0 0 0 0 0 0 0 0 0 0 0 0 0 0 0 0 0 0 0 0 0 0 0 0 0 0 0 0 0 0 0 0 0 0 0 0 0 0 0 0 0 0 0 0 0 0 0 0 0 0 0 0 0 0 0 0 0 0 0 0 0 0 0 0 0 0 0 0 0 0 0 0 0 0 0 0 0 0 0 0 0 0 0 0 0 0 0 0 0 0 0 0 0 0 0 0 0 0 0 0 0 0 0 0 0 0 0 0 0 0 0 0 0 0 0 0 0 0 0 0 0 0 0 0 193 194 194 194 193 192 192 192 192 191 191 191 191 191 191 192 191 192 192 192 192 193 193 193 193 193 193 193 193 193 193 193 193 193 193 193 194 194 195 196 196 196 196 197 198 198 198 198 198 198 198 198 198 198 199 198 198 198 198 198 198 198 198 198 198 199 199 199 200 199 200 200 200 199 200 201 200 200 200 199 199 199 199 199 199 199 199 199 199 199 199 200 200 201 201 201 201 201 202 201 201 202 202 202 203 0 0 0 0 0 0 0 0 0 0 0 0 0 0 0 0 0 0 0 0 0 0 0 0 0 0 0 0 0 0 0 0 0 0 0 0 0 0 0 0 0 0 0 0 0 0 0 0 0 0 0 0 0 0 0 0 0 0 0 0 0 0 0 0 0 0 0 0 0 0 0 0 0 0 0 0 0 0 0 0 0 0 0 0 0 0 0 0 0 0 0 0 0 0 0 0 0 0 0 0 0 0 0 0 0 0 0 0 0 0 0 0 0 0 0 0 0 0 0 0 0 0 0 0 0 0 0 0 0 0 0 0 0 0 0 0 0 0 0 0 0 0 0 0 0 0 0 0 0 0 0 0 0 0 0 0 0 0 0 0 0 0 0 0 0 0 0 0 0 0 0 0 0 0 0 0 0 0 0 0 0 0 0 0 0 0 0 0 0 0 0 0 0 0 0 0 
0 0 0 0 0 0 0 0 0 0 0 0 0 0 0 0 0 0 0 0 0 0 0 0 0 0 0 0 0 0 0 0 0 0 0 0 0 0 0 0 0 0 0 0 0 0 0 0 0 0 0 0 0 0 0 0 0 0 0 0 0 0 0 0 0 0 0 0 0 0 0 0 0 0 0 0 0 0 0 0 0 0 0 0 0 0 0 0 0 0 0 0 0 0 0 0 0 0 0 0 0 0 0 0 0 0 0 0 0 0 0 0 0 0 0 0 0 0 0 0 0 0 0 0 0 0 0 0 0 0 0 0 0 0 0 0 0 0 0 0 0 0 0 0 0 0 0 0 0 0 0 0 0 0 0 0 0 0 0 0 0 0 0 0 0 0 0 0 0 0 0 0 0 0 0 0 0 0 0 0 0 0 0 0 0 0 0 0 0 0 0 0 0 0 0 0 0 0 0 0 0 0 0 0 194 195 194 193 193 192 191 191 191 191 191 191 191 191 191 192 192 192 192 192 193 193 193 193 193 193 193 193 193 193 193 194 194 194 194 194 195 196 197 197 197 198 199 199 198 197 197 197 198 197 197 198 198 198 198 198 198 198 198 198 198 198 198 198 199 199 199 200 201 201 201 200 201 202 201 201 201 200 200 199 199 200 199 199 199 199 199 199 199 200 200 201 201 201 201 202 202 202 201 202 202 0 0 0 0 0 0 0 0 0 0 0 0 0 0 0 0 0 0 0 0 0 0 0 0 0 0 0 0 0 0 0 0 0 0 0 0 0 0 0 0 0 0 0 0 0 0 0 0 0 0 0 0 0 0 0 0 0 0 0 0 0 0 0 0 0 0 0 0 0 0 0 0 0 0 0 0 0 0 0 0 0 0 0 0 0 0 0 0 0 0 0 0 0 0 0 0 0 0 0 0 0 0 0 0 0 0 0 0 0 0 0 0 0 0 0 0 0 0 0 0 0 0 0 0 0 0 0 0 0 0 0 0 0 0 0 0 0 0 0 0 0 0 0 0 0 0 0 0 0 0 0 0 0 0 0 0 0 0 0 0 0 0 0 0 0 0 0 0 0 0 0 0 0 0 0 0 0 0 0 0 0 0 0 0 0 0 0 0 0 0 0 0 0 0 0 0 0 0 
0 0 0 0 0 0 0 0 0 0 0 0 0 0 0 0 0 0 0 0 0 0 0 0 0 0 0 0 0 0 0 0 0 0 0 0 0 0 0 0 0 0 0 0 0 0 0 0 0 0 0 0 0 0 0 0 0 0 0 0 0 0 0 0 0 0 0 0 0 0 0 0 0 0 0 0 0 0 0 0 0 0 0 0 0 0 0 0 0 0 0 0 0 0 0 0 0 0 0 0 0 0 0 0 0 0 0 0 0 0 0 0 0 0 0 0 0 0 0 0 0 0 0 0 0 0 0 0 0 0 0 0 0 0 0 0 0 0 0 0 0 0 0 0 0 0 0 0 0 0 0 0 0 0 0 0 0 0 0 0 0 0 0 0 0 0 0 0 0 0 0 0 0 0 0 0 0 0 0 0 0 0 0 0 0 0 0 0 0 0 0 0 0 0 0 0 0 0 0 0 0 0 0 0 0 195 194 193 192 191 191 191 191 191 191 191 191 191 192 192 192 192 192 192 193 193 193 193 193 193 193 193 193 193 194 194 194 195 195 195 196 196 197 198 198 199 199 198 198 197 197 197 197 197 197 197 197 197 197 197 198 198 198 198 198 198 198 199 200 200 200 199 200 202 202 202 203 203 201 200 200 200 200 199 199 200 200 200 199 199 199 199 199 200 200 200 201 200 201 201 202 202 202 202 0 0 0 0 0 0 0 0 0 0 0 0 0 0 0 0 0 0 0 0 0 0 0 0 0 0 0 0 0 0 0 0 0 0 0 0 0 0 0 0 0 0 0 0 0 0 0 0 0 0 0 0 0 0 0 0 0 0 0 0 0 0 0 0 0 0 0 0 0 0 0 0 0 0 0 0 0 0 0 0 0 0 0 0 0 0 0 0 0 0 0 0 0 0 0 0 0 0 0 0 0 0 0 0 0 0 0 0 0 0 0 0 0 0 0 0 0 0 0 0 0 0 0 0 0 0 0 0 0 0 0 0 0 0 0 0 0 0 0 0 0 0 0 0 0 0 0 0 0 0 0 0 0 0 0 0 0 0 0 0 0 0 0 0 0 0 0 0 0 0 0 0 0 0 0 0 0 0 0 0 0 0 0 0 0 0 0 0 0 0 0 0 0 0 0 0 0 0 0 
0 0 0 0 0 0 0 0 0 0 0 0 0 0 0 0 0 0 0 0 0 0 0 0 0 0 0 0 0 0 0 0 0 0 0 0 0 0 0 0 0 0 0 0 0 0 0 0 0 0 0 0 0 0 0 0 0 0 0 0 0 0 0 0 0 0 0 0 0 0 0 0 0 0 0 0 0 0 0 0 0 0 0 0 0 0 0 0 0 0 0 0 0 0 0 0 0 0 0 0 0 0 0 0 0 0 0 0 0 0 0 0 0 0 0 0 0 0 0 0 0 0 0 0 0 0 0 0 0 0 0 0 0 0 0 0 0 0 0 0 0 0 0 0 0 0 0 0 0 0 0 0 0 0 0 0 0 0 0 0 0 0 0 0 0 0 0 0 0 0 0 0 0 0 0 0 0 0 0 0 0 0 0 0 0 0 0 0 0 0 0 0 0 0 0 0 0 0 0 0 0 0 0 0 0 194 193 192 191 191 191 191 191 191 191 191 191 191 192 192 192 192 192 192 192 193 193 192 192 192 192 193 192 193 194 194 194 194 195 195 196 197 197 197 197 198 199 199 199 198 198 198 198 198 198 197 197 197 198 198 198 198 198 198 199 199 199 199 200 201 201 200 201 203 0 0 0 0 202 201 200 199 199 199 199 200 200 200 200 200 199 199 199 200 200 200 200 201 201 201 202 202 0 0 0 0 0 0 0 0 0 0 0 0 0 0 0 0 0 0 0 0 0 0 0 0 0 0 0 0 0 0 0 0 0 0 0 0 0 0 0 0 0 0 0 0 0 0 0 0 0 0 0 0 0 0 0 0 0 0 0 0 0 0 0 0 0 0 0 0 0 0 0 0 0 0 0 0 0 0 0 0 0 0 0 0 0 0 0 0 0 0 0 0 0 0 0 0 0 0 0 0 0 0 0 0 0 0 0 0 0 0 0 0 0 0 0 0 0 0 0 0 0 0 0 0 0 0 0 0 0 0 0 0 0 0 0 0 0 0 0 0 0 0 0 0 0 0 0 0 0 0 0 0 0 0 0 0 0 0 0 0 0 0 0 0 0 0 0 0 0 0 0 0 0 0 0 0 0 0 0 0 0 0 0 0 0 0 0 0 0 0 0 0 0 0 0 0 0 0 0 0 0 
0 0 0 0 0 0 0 0 0 0 0 0 0 0 0 0 0 0 0 0 0 0 0 0 0 0 0 0 0 0 0 0 0 0 0 0 0 0 0 0 0 0 0 0 0 0 0 0 0 0 0 0 0 0 0 0 0 0 0 0 0 0 0 0 0 0 0 0 0 0 0 0 0 0 0 0 0 0 0 0 0 0 0 0 0 0 0 0 0 0 0 0 0 0 0 0 0 0 0 0 0 0 0 0 0 0 0 0 0 0 0 0 0 0 0 0 0 0 0 0 0 0 0 0 0 0 0 0 0 0 0 0 0 0 0 0 0 0 0 0 0 0 0 0 0 0 0 0 0 0 0 0 0 0 0 0 0 0 0 0 0 0 0 0 0 0 0 0 0 0 0 0 0 0 0 0 0 0 0 0 0 0 0 0 0 0 0 0 0 0 0 0 0 0 0 0 0 0 0 0 0 0 0 0 0 192 192 191 191 190 190 191 191 191 191 191 191 192 192 192 192 192 192 192 192 192 192 192 192 192 193 193 193 192 192 193 193 195 196 196 197 197 196 196 197 197 198 199 200 200 200 200 199 199 199 199 199 198 198 198 198 198 198 198 198 199 200 200 200 202 202 202 203 0 0 0 0 0 0 0 0 0 199 199 199 199 200 200 200 200 199 199 199 199 200 200 200 201 201 201 201 202 0 0 0 0 0 0 0 0 0 0 0 0 0 0 0 0 0 0 0 0 0 0 0 0 0 0 0 0 0 0 0 0 0 0 0 0 0 0 0 0 0 0 0 0 0 0 0 0 0 0 0 0 0 0 0 0 0 0 0 0 0 0 0 0 0 0 0 0 0 0 0 0 0 0 0 0 0 0 0 0 0 0 0 0 0 0 0 0 0 0 0 0 0 0 0 0 0 0 0 0 0 0 0 0 0 0 0 0 0 0 0 0 0 0 0 0 0 0 0 0 0 0 0 0 0 0 0 0 0 0 0 0 0 0 0 0 0 0 0 0 0 0 0 0 0 0 0 0 0 0 0 0 0 0 0 0 0 0 0 0 0 0 0 0 0 0 0 0 0 0 0 0 0 0 0 0 0 0 0 0 0 0 0 0 0 0 0 0 0 0 0 0 0 0 0 0 0 0 0 0 0 
0 0 0 0 0 0 0 0 0 0 0 0 0 0 0 0 0 0 0 0 0 0 0 0 0 0 0 0 0 0 0 0 0 0 0 0 0 0 0 0 0 0 0 0 0 0 0 0 0 0 0 0 0 0 0 0 0 0 0 0 0 0 0 0 0 0 0 0 0 0 0 0 0 0 0 0 0 0 0 0 0 0 0 0 0 0 0 0 0 0 0 0 0 0 0 0 0 0 0 0 0 0 0 0 0 0 0 0 0 0 0 0 0 0 0 0 0 0 0 0 0 0 0 0 0 0 0 0 0 0 0 0 0 0 0 0 0 0 0 0 0 0 0 0 0 0 0 0 0 0 0 0 0 0 0 0 0 0 0 0 0 0 0 0 0 0 0 0 0 0 0 0 0 0 0 0 0 0 0 0 0 0 0 0 0 0 0 0 0 0 0 0 0 0 0 0 0 0 0 0 0 0 0 0 0 0 191 190 191 191 191 190 190 191 191 191 192 192 191 191 191 192 192 192 192 192 192 192 192 193 193 193 193 193 193 194 193 193 194 195 195 195 195 195 196 196 197 197 197 198 198 198 198 199 199 199 200 200 199 198 199 199 199 199 199 200 201 201 202 203 0 0 0 0 0 0 0 0 0 0 0 0 199 199 199 199 199 200 200 200 199 199 199 199 199 200 200 201 201 201 201 201 0 0 0 0 0 0 0 0 0 0 0 0 0 0 0 0 0 0 0 0 0 0 0 0 0 0 0 0 0 0 0 0 0 0 0 0 0 0 0 0 0 0 0 0 0 0 0 0 0 0 0 0 0 0 0 0 0 0 0 0 0 0 0 0 0 0 0 0 0 0 0 0 0 0 0 0 0 0 0 0 0 0 0 0 0 0 0 0 0 0 0 0 0 0 0 0 0 0 0 0 0 0 0 0 0 0 0 0 0 0 0 0 0 0 0 0 0 0 0 0 0 0 0 0 0 0 0 0 0 0 0 0 0 0 0 0 0 0 0 0 0 0 0 0 0 0 0 0 0 0 0 0 0 0 0 0 0 0 0 0 0 0 0 0 0 0 0 0 0 0 0 0 0 0 0 0 0 0 0 0 0 0 0 0 0 0 0 0 0 0 0 0 0 0 0 0 0 0 0 0 0 
0 0 0 0 0 0 0 0 0 0 0 0 0 0 0 0 0 0 0 0 0 0 0 0 0 0 0 0 0 0 0 0 0 0 0 0 0 0 0 0 0 0 0 0 0 0 0 0 0 0 0 0 0 0 0 0 0 0 0 0 0 0 0 0 0 0 0 0 0 0 0 0 0 0 0 0 0 0 0 0 0 0 0 0 0 0 0 0 0 0 0 0 0 0 0 0 0 0 0 0 0 0 0 0 0 0 0 0 0 0 0 0 0 0 0 0 0 0 0 0 0 0 0 0 0 0 0 0 0 0 0 0 0 0 0 0 0 0 0 0 0 0 0 0 0 0 0 0 0 0 0 0 0 0 0 0 0 0 0 0 0 0 0 0 0 0 0 0 0 0 0 0 0 0 0 0 0 0 0 0 0 0 0 0 0 0 0 0 0 0 0 0 0 0 0 0 0 0 0 0 0 0 0 0 0 0 190 190 191 191 190 190 190 191 191 192 191 191 191 191 191 191 191 191 192 192 192 193 193 193 194 194 194 194 194 194 194 193 193 194 194 195 195 195 195 195 195 196 196 196 196 196 196 197 197 198 198 199 199 198 199 200 199 200 200 200 201 202 203 0 0 0 0 0 0 0 0 0 0 0 0 0 199 199 199 199 199 199 200 200 199 198 198 198 199 199 200 200 200 200 200 0 0 0 0 0 0 0 0 0 0 0 0 0 0 0 0 0 0 0 0 0 0 0 0 0 0 0 0 0 0 0 0 0 0 0 0 0 0 0 0 0 0 0 0 0 0 0 0 0 0 0 0 0 0 0 0 0 0 0 0 0 0 0 0 0 0 0 0 0 0 0 0 0 0 0 0 0 0 0 0 0 0 0 0 0 0 0 0 0 0 0 0 0 0 0 0 0 0 0 0 0 0 0 0 0 0 0 0 0 0 0 0 0 0 0 0 0 0 0 0 0 0 0 0 0 0 0 0 0 0 0 0 0 0 0 0 0 0 0 0 0 0 0 0 0 0 0 0 0 0 0 0 0 0 0 0 0 0 0 0 0 0 0 0 0 0 0 0 0 0 0 0 0 0 0 0 0 0 0 0 0 0 0 0 0 0 0 0 0 0 0 0 0 0 0 0 0 0 0 0 0 0 
0 0 0 0 0 0 0 0 0 0 0 0 0 0 0 0 0 0 0 0 0 0 0 0 0 0 0 0 0 0 0 0 0 0 0 0 0 0 0 0 0 0 0 0 0 0 0 0 0 0 0 0 0 0 0 0 0 0 0 0 0 0 0 0 0 0 0 0 0 0 0 0 0 0 0 0 0 0 0 0 0 0 0 0 0 0 0 0 0 0 0 0 0 0 0 0 0 0 0 0 0 0 0 0 0 0 0 0 0 0 0 0 0 0 0 0 0 0 0 0 0 0 0 0 0 0 0 0 0 0 0 0 0 0 0 0 0 0 0 0 0 0 0 0 0 0 0 0 0 0 0 0 0 0 0 0 0 0 0 0 0 0 0 0 0 0 0 0 0 0 0 0 0 0 0 0 0 0 0 0 0 0 0 0 0 0 0 0 0 0 0 0 0 0 0 0 0 0 0 0 0 0 0 0 0 0 0 190 190 190 190 190 190 190 191 191 191 192 192 192 191 191 192 192 191 192 192 192 192 193 194 195 194 194 194 194 194 194 194 194 194 194 194 195 195 195 195 195 195 196 196 197 197 197 197 198 198 199 198 199 199 200 200 200 201 201 202 203 0 0 0 0 0 0 0 0 0 0 0 0 0 0 0 199 199 199 200 199 198 199 198 198 199 199 199 199 199 199 200 199 0 0 0 0 0 0 0 0 0 0 0 0 0 0 0 0 0 0 0 0 0 0 0 0 0 0 0 0 0 0 0 0 0 0 0 0 0 0 0 0 0 0 0 0 0 0 0 0 0 0 0 0 0 0 0 0 0 0 0 0 0 0 0 0 0 0 0 0 0 0 0 0 0 0 0 0 0 0 0 0 0 0 0 0 0 0 0 0 0 0 0 0 0 0 0 0 0 0 0 0 0 0 0 0 0 0 0 0 0 0 0 0 0 0 0 0 0 0 0 0 0 0 0 0 0 0 0 0 0 0 0 0 0 0 0 0 0 0 0 0 0 0 0 0 0 0 0 0 0 0 0 0 0 0 0 0 0 0 0 0 0 0 0 0 0 0 0 0 0 0 0 0 0 0 0 0 0 0 0 0 0 0 0 0 0 0 0 0 0 0 0 0 0 0 0 0 0 0 0 0 0 0 0 
0 0 0 0 0 0 0 0 0 0 0 0 0 0 0 0 0 0 0 0 0 0 0 0 0 0 0 0 0 0 0 0 0 0 0 0 0 0 0 0 0 0 0 0 0 0 0 0 0 0 0 0 0 0 0 0 0 0 0 0 0 0 0 0 0 0 0 0 0 0 0 0 0 0 0 0 0 0 0 0 0 0 0 0 0 0 0 0 0 0 0 0 0 0 0 0 0 0 0 0 0 0 0 0 0 0 0 0 0 0 0 0 0 0 0 0 0 0 0 0 0 0 0 0 0 0 0 0 0 0 0 0 0 0 0 0 0 0 0 0 0 0 0 0 0 0 0 0 0 0 0 0 0 0 0 0 0 0 0 0 0 0 0 0 0 0 0 0 0 0 0 0 0 0 0 0 0 0 0 0 0 0 0 0 0 0 0 0 0 0 0 0 0 0 0 0 0 0 0 0 0 0 0 0 0 0 0 190 190 190 190 191 190 190 190 190 191 191 192 192 192 192 192 192 192 192 192 192 192 193 193 193 194 195 195 195 195 195 195 194 194 195 195 196 196 195 196 196 196 196 196 197 198 198 198 199 199 200 199 200 201 200 201 201 202 202 0 0 0 0 0 0 0 0 0 0 0 0 0 0 0 0 0 0 199 199 200 200 199 199 200 199 200 200 199 199 199 199 199 199 0 0 0 0 0 0 0 0 0 0 0 0 0 0 0 0 0 0 0 0 0 0 0 0 0 0 0 0 0 0 0 0 0 0 0 0 0 0 0 0 0 0 0 0 0 0 0 0 0 0 0 0 0 0 0 0 0 0 0 0 0 0 0 0 0 0 0 0 0 0 0 0 0 0 0 0 0 0 0 0 0 0 0 0 0 0 0 0 0 0 0 0 0 0 0 0 0 0 0 0 0 0 0 0 0 0 0 0 0 0 0 0 0 0 0 0 0 0 0 0 0 0 0 0 0 0 0 0 0 0 0 0 0 0 0 0 0 0 0 0 0 0 0 0 0 0 0 0 0 0 0 0 0 0 0 0 0 0 0 0 0 0 0 0 0 0 0 0 0 0 0 0 0 0 0 0 0 0 0 0 0 0 0 0 0 0 0 0 0 0 0 0 0 0 0 0 0 0 0 0 0 0 0 
0 0 0 0 0 0 0 0 0 0 0 0 0 0 0 0 0 0 0 0 0 0 0 0 0 0 0 0 0 0 0 0 0 0 0 0 0 0 0 0 0 0 0 0 0 0 0 0 0 0 0 0 0 0 0 0 0 0 0 0 0 0 0 0 0 0 0 0 0 0 0 0 0 0 0 0 0 0 0 0 0 0 0 0 0 0 0 0 0 0 0 0 0 0 0 0 0 0 0 0 0 0 0 0 0 0 0 0 0 0 0 0 0 0 0 0 0 0 0 0 0 0 0 0 0 0 0 0 0 0 0 0 0 0 0 0 0 0 0 0 0 0 0 0 0 0 0 0 0 0 0 0 0 0 0 0 0 0 0 0 0 0 0 0 0 0 0 0 0 0 0 0 0 0 0 0 0 0 0 0 0 0 0 0 0 0 0 0 0 0 0 0 0 0 0 0 0 0 0 0 0 0 0 0 0 0 0 0 190 190 191 191 191 191 191 192 192 191 192 193 193 192 192 193 193 192 192 193 193 192 193 193 194 195 196 195 195 195 194 195 195 194 195 196 196 196 196 196 197 197 197 198 199 199 199 200 200 200 200 201 202 202 202 203 203 0 0 0 0 0 0 0 0 0 0 0 0 0 0 0 0 0 0 0 0 199 199 199 200 199 200 200 200 200 200 200 199 199 199 200 0 0 0 0 0 0 0 0 0 0 0 0 0 0 0 0 0 0 0 0 0 0 0 0 0 0 0 0 0 0 0 0 0 0 0 0 0 0 0 0 0 0 0 0 0 0 0 0 0 0 0 0 0 0 0 0 0 0 0 0 0 0 0 0 0 0 0 0 0 0 0 0 0 0 0 0 0 0 0 0 0 0 0 0 0 0 0 0 0 0 0 0 0 0 0 0 0 0 0 0 0 0 0 0 0 0 0 0 0 0 0 0 0 0 0 0 0 0 0 0 0 0 0 0 0 0 0 0 0 0 0 0 0 0 0 0 0 0 0 0 0 0 0 0 0 0 0 0 0 0 0 0 0 0 0 0 0 0 0 0 0 0 0 0 0 0 0 0 0 0 0 0 0 0 0 0 0 0 0 0 0 0 0 0 0 0 0 0 0 0 0 0 0 0 0 0 0 0 0 0 0 0 0 
0 0 0 0 0 0 0 0 0 0 0 0 0 0 0 0 0 0 0 0 0 0 0 0 0 0 0 0 0 0 0 0 0 0 0 0 0 0 0 0 0 0 0 0 0 0 0 0 0 0 0 0 0 0 0 0 0 0 0 0 0 0 0 0 0 0 0 0 0 0 0 0 0 0 0 0 0 0 0 0 0 0 0 0 0 0 0 0 0 0 0 0 0 0 0 0 0 0 0 0 0 0 0 0 0 0 0 0 0 0 0 0 0 0 0 0 0 0 0 0 0 0 0 0 0 0 0 0 0 0 0 0 0 0 0 0 0 0 0 0 0 0 0 0 0 0 0 0 0 0 0 0 0 0 0 0 0 0 0 0 0 0 0 0 0 0 0 0 0 0 0 0 0 0 0 0 0 0 0 0 0 0 0 0 0 0 0 0 0 0 0 0 0 0 0 0 0 0 0 0 0 0 0 0 0 0 0 0 0 191 192 191 192 192 193 192 193 193 193 194 194 194 194 194 194 194 194 194 194 194 194 194 195 196 196 196 195 195 195 195 195 195 195 195 195 196 196 197 198 198 198 198 200 200 200 202 202 201 202 202 203 203 0 0 0 0 0 0 0 0 0 0 0 0 0 0 0 0 0 0 0 0 0 0 0 0 198 199 199 199 199 199 200 200 199 199 199 199 199 0 0 0 0 0 0 0 0 0 0 0 0 0 0 0 0 0 0 0 0 0 0 0 0 0 0 0 0 0 0 0 0 0 0 0 0 0 0 0 0 0 0 0 0 0 0 0 0 0 0 0 0 0 0 0 0 0 0 0 0 0 0 0 0 0 0 0 0 0 0 0 0 0 0 0 0 0 0 0 0 0 0 0 0 0 0 0 0 0 0 0 0 0 0 0 0 0 0 0 0 0 0 0 0 0 0 0 0 0 0 0 0 0 0 0 0 0 0 0 0 0 0 0 0 0 0 0 0 0 0 0 0 0 0 0 0 0 0 0 0 0 0 0 0 0 0 0 0 0 0 0 0 0 0 0 0 0 0 0 0 0 0 0 0 0 0 0 0 0 0 0 0 0 0 0 0 0 0 0 0 0 0 0 0 0 0 0 0 0 0 0 0 0 0 0 0 0 0 0 0 0 0 0 0 
0 0 0 0 0 0 0 0 0 0 0 0 0 0 0 0 0 0 0 0 0 0 0 0 0 0 0 0 0 0 0 0 0 0 0 0 0 0 0 0 0 0 0 0 0 0 0 0 0 0 0 0 0 0 0 0 0 0 0 0 0 0 0 0 0 0 0 0 0 0 0 0 0 0 0 0 0 0 0 0 0 0 0 0 0 0 0 0 0 0 0 0 0 0 0 0 0 0 0 0 0 0 0 0 0 0 0 0 0 0 0 0 0 0 0 0 0 0 0 0 0 0 0 0 0 0 0 0 0 0 0 0 0 0 0 0 0 0 0 0 0 0 0 0 0 0 0 0 0 0 0 0 0 0 0 0 0 0 0 0 0 0 0 0 0 0 0 0 0 0 0 0 0 0 0 0 0 0 0 0 0 0 0 0 0 0 0 0 0 0 0 0 0 0 0 0 0 0 0 0 0 0 0 0 0 0 0 0 0 192 192 192 193 193 193 193 193 194 194 194 194 194 194 195 195 195 195 196 196 195 195 195 195 196 196 196 196 196 195 196 196 196 196 196 195 195 196 197 198 199 200 200 201 201 202 0 0 203 0 0 0 0 0 0 0 0 0 0 0 0 0 0 0 0 0 0 0 0 0 0 0 0 0 0 0 0 0 198 199 199 199 199 200 200 199 199 199 199 0 0 0 0 0 0 0 0 0 0 0 0 0 0 0 0 0 0 0 0 0 0 0 0 0 0 0 0 0 0 0 0 0 0 0 0 0 0 0 0 0 0 0 0 0 0 0 0 0 0 0 0 0 0 0 0 0 0 0 0 0 0 0 0 0 0 0 0 0 0 0 0 0 0 0 0 0 0 0 0 0 0 0 0 0 0 0 0 0 0 0 0 0 0 0 0 0 0 0 0 0 0 0 0 0 0 0 0 0 0 0 0 0 0 0 0 0 0 0 0 0 0 0 0 0 0 0 0 0 0 0 0 0 0 0 0 0 0 0 0 0 0 0 0 0 0 0 0 0 0 0 0 0 0 0 0 0 0 0 0 0 0 0 0 0 0 0 0 0 0 0 0 0 0 0 0 0 0 0 0 0 0 0 0 0 0 0 0 0 0 0 0 0 0 0 0 0 0 0 0 0 0 0 0 0 
0 0 0 0 0 0 0 0 0 0 0 0 0 0 0 0 0 0 0 0 0 0 0 0 0 0 0 0 0 0 0 0 0 0 0 0 0 0 0 0 0 0 0 0 0 0 0 0 0 0 0 0 0 0 0 0 0 0 0 0 0 0 0 0 0 0 0 0 0 0 0 0 0 0 0 0 0 0 0 0 0 0 0 0 0 0 0 0 0 0 0 0 0 0 0 0 0 0 0 0 0 0 0 0 0 0 0 0 0 0 0 0 0 0 0 0 0 0 0 0 0 0 0 0 0 0 0 0 0 0 0 0 0 0 0 0 0 0 0 0 0 0 0 0 0 0 0 0 0 0 0 0 0 0 0 0 0 0 0 0 0 0 0 0 0 0 0 0 0 0 0 0 0 0 0 0 0 0 0 0 0 0 0 0 0 0 0 0 0 0 0 0 0 0 0 0 0 0 0 0 0 0 0 0 0 0 0 0 0 0 193 193 193 193 194 194 194 193 193 194 194 195 195 195 195 195 195 195 196 195 195 195 195 195 196 196 197 196 195 196 197 197 197 196 195 195 196 197 197 198 199 201 202 202 0 0 0 0 0 0 0 0 0 0 0 0 0 0 0 0 0 0 0 0 0 0 0 0 0 0 0 0 0 0 0 0 0 0 199 199 199 199 200 200 200 200 199 199 199 0 0 0 0 0 0 0 0 0 0 0 0 0 0 0 0 0 0 0 0 0 0 0 0 0 0 0 0 0 0 0 0 0 0 0 0 0 0 0 0 0 0 0 0 0 0 0 0 0 0 0 0 0 0 0 0 0 0 0 0 0 0 0 0 0 0 0 0 0 0 0 0 0 0 0 0 0 0 0 0 0 0 0 0 0 0 0 0 0 0 0 0 0 0 0 0 0 0 0 0 0 0 0 0 0 0 0 0 0 0 0 0 0 0 0 0 0 0 0 0 0 0 0 0 0 0 0 0 0 0 0 0 0 0 0 0 0 0 0 0 0 0 0 0 0 0 0 0 0 0 0 0 0 0 0 0 0 0 0 0 0 0 0 0 0 0 0 0 0 0 0 0 0 0 0 0 0 0 0 0 0 0 0 0 0 0 0 0 0 0 0 0 0 0 0 0 0 0 0 0 0 0 0 0 
0 0 0 0 0 0 0 0 0 0 0 0 0 0 0 0 0 0 0 0 0 0 0 0 0 0 0 0 0 0 0 0 0 0 0 0 0 0 0 0 0 0 0 0 0 0 0 0 0 0 0 0 0 0 0 0 0 0 0 0 0 0 0 0 0 0 0 0 0 0 0 0 0 0 0 0 0 0 0 0 0 0 0 0 0 0 0 0 0 0 0 0 0 0 0 0 0 0 0 0 0 0 0 0 0 0 0 0 0 0 0 0 0 0 0 0 0 0 0 0 0 0 0 0 0 0 0 0 0 0 0 0 0 0 0 0 0 0 0 0 0 0 0 0 0 0 0 0 0 0 0 0 0 0 0 0 0 0 0 0 0 0 0 0 0 0 0 0 0 0 0 0 0 0 0 0 0 0 0 0 0 0 0 0 0 0 0 0 0 0 0 0 0 0 0 0 0 0 0 0 0 0 0 0 0 0 0 0 0 0 194 194 195 195 195 195 194 193 194 194 194 195 195 195 195 195 195 195 195 195 195 195 196 195 196 196 197 196 196 195 196 197 197 196 196 196 196 197 198 198 198 200 0 0 0 0 0 0 0 0 0 0 0 0 0 0 0 0 0 0 0 0 0 0 0 0 0 0 0 0 0 0 0 0 0 0 0 0 199 199 199 199 200 200 200 200 200 200 199 199 0 0 0 0 0 0 0 0 0 0 0 0 0 0 0 0 0 0 0 0 0 0 0 0 0 0 0 0 0 0 0 0 0 0 0 0 0 0 0 0 0 0 0 0 0 0 0 0 0 0 0 0 0 0 0 0 0 0 0 0 0 0 0 0 0 0 0 0 0 0 0 0 0 0 0 0 0 0 0 0 0 0 0 0 0 0 0 0 0 0 0 0 0 0 0 0 0 0 0 0 0 0 0 0 0 0 0 0 0 0 0 0 0 0 0 0 0 0 0 0 0 0 0 0 0 0 0 0 0 0 0 0 0 0 0 0 0 0 0 0 0 0 0 0 0 0 0 0 0 0 0 0 0 0 0 0 0 0 0 0 0 0 0 0 0 0 0 0 0 0 0 0 0 0 0 0 0 0 0 0 0 0 0 0 0 0 0 0 0 0 0 0 0 0 0 0 0 0 0 0 0 0 0 
0 0 0 0 0 0 0 0 0 0 0 0 0 0 0 0 0 0 0 0 0 0 0 0 0 0 0 0 0 0 0 0 0 0 0 0 0 0 0 0 0 0 0 0 0 0 0 0 0 0 0 0 0 0 0 0 0 0 0 0 0 0 0 0 0 0 0 0 0 0 0 0 0 0 0 0 0 0 0 0 0 0 0 0 0 0 0 0 0 0 0 0 0 0 0 0 0 0 0 0 0 0 0 0 0 0 0 0 0 0 0 0 0 0 0 0 0 0 0 0 0 0 0 0 0 0 0 0 0 0 0 0 0 0 0 0 0 0 0 0 0 0 0 0 0 0 0 0 0 0 0 0 0 0 0 0 0 0 0 0 0 0 0 0 0 0 0 0 0 0 0 0 0 0 0 0 0 0 0 0 0 0 0 0 0 0 0 0 0 0 0 0 0 0 0 0 0 0 0 0 0 0 0 0 0 0 0 0 0 0 195 195 195 195 195 195 194 194 194 194 194 195 195 195 195 195 195 195 195 195 195 196 196 196 196 197 197 197 196 196 196 197 198 198 198 198 198 198 199 199 200 0 0 0 0 0 0 0 0 0 0 0 0 0 0 0 0 0 0 0 0 0 0 0 0 0 0 0 0 0 0 0 0 0 0 0 0 0 199 199 199 199 200 200 200 200 200 200 200 199 0 0 0 0 0 0 0 0 0 0 0 0 0 0 0 0 0 0 0 0 0 0 0 0 0 0 0 0 0 0 0 0 0 0 0 0 0 0 0 0 0 0 0 0 0 0 0 0 0 0 0 0 0 0 0 0 0 0 0 0 0 0 0 0 0 0 0 0 0 0 0 0 0 0 0 0 0 0 0 0 0 0 0 0 0 0 0 0 0 0 0 0 0 0 0 0 0 0 0 0 0 0 0 0 0 0 0 0 0 0 0 0 0 0 0 0 0 0 0 0 0 0 0 0 0 0 0 0 0 0 0 0 0 0 0 0 0 0 0 0 0 0 0 0 0 0 0 0 0 0 0 0 0 0 0 0 0 0 0 0 0 0 0 0 0 0 0 0 0 0 0 0 0 0 0 0 0 0 0 0 0 0 0 0 0 0 0 0 0 0 0 0 0 0 0 0 0 0 0 0 0 0 0 
0 0 0 0 0 0 0 0 0 0 0 0 0 0 0 0 0 0 0 0 0 0 0 0 0 0 0 0 0 0 0 0 0 0 0 0 0 0 0 0 0 0 0 0 0 0 0 0 0 0 0 0 0 0 0 0 0 0 0 0 0 0 0 0 0 0 0 0 0 0 0 0 0 0 0 0 0 0 0 0 0 0 0 0 0 0 0 0 0 0 0 0 0 0 0 0 0 0 0 0 0 0 0 0 0 0 0 0 0 0 0 0 0 0 0 0 0 0 0 0 0 0 0 0 0 0 0 0 0 0 0 0 0 0 0 0 0 0 0 0 0 0 0 0 0 0 0 0 0 0 0 0 0 0 0 0 0 0 0 0 0 0 0 0 0 0 0 0 0 0 0 0 0 0 0 0 0 0 0 0 0 0 0 0 0 0 0 0 0 0 0 0 0 0 0 0 0 0 0 0 0 0 0 0 0 0 0 0 0 0 196 196 195 194 194 194 194 194 194 194 194 194 195 195 195 195 195 195 195 195 195 196 196 196 197 197 198 197 197 197 197 197 199 200 200 200 199 200 200 200 0 0 0 0 0 0 0 0 0 0 0 0 0 0 0 0 0 0 0 0 0 0 0 0 0 0 0 0 0 0 0 0 0 0 0 0 0 0 198 198 198 199 200 200 200 200 0 0 0 0 0 0 0 0 0 0 0 0 0 0 0 0 0 0 0 0 0 0 0 0 0 0 0 0 0 0 0 0 0 0 0 0 0 0 0 0 0 0 0 0 0 0 0 0 0 0 0 0 0 0 0 0 0 0 0 0 0 0 0 0 0 0 0 0 0 0 0 0 0 0 0 0 0 0 0 0 0 0 0 0 0 0 0 0 0 0 0 0 0 0 0 0 0 0 0 0 0 0 0 0 0 0 0 0 0 0 0 0 0 0 0 0 0 0 0 0 0 0 0 0 0 0 0 0 0 0 0 0 0 0 0 0 0 0 0 0 0 0 0 0 0 0 0 0 0 0 0 0 0 0 0 0 0 0 0 0 0 0 0 0 0 0 0 0 0 0 0 0 0 0 0 0 0 0 0 0 0 0 0 0 0 0 0 0 0 0 0 0 0 0 0 0 0 0 0 0 0 0 0 0 0 0 0 
0 0 0 0 0 0 0 0 0 0 0 0 0 0 0 0 0 0 0 0 0 0 0 0 0 0 0 0 0 0 0 0 0 0 0 0 0 0 0 0 0 0 0 0 0 0 0 0 0 0 0 0 0 0 0 0 0 0 0 0 0 0 0 0 0 0 0 0 0 0 0 0 0 0 0 0 0 0 0 0 0 0 0 0 0 0 0 0 0 0 0 0 0 0 0 0 0 0 0 0 0 0 0 0 0 0 0 0 0 0 0 0 0 0 0 0 0 0 0 0 0 0 0 0 0 0 0 0 0 0 0 0 0 0 0 0 0 0 0 0 0 0 0 0 0 0 0 0 0 0 0 0 0 0 0 0 0 0 0 0 0 0 0 0 0 0 0 0 0 0 0 0 0 0 0 0 0 0 0 0 0 0 0 0 0 0 0 0 0 0 0 0 0 0 0 0 0 0 0 0 0 0 0 0 0 0 0 0 0 0 196 196 195 194 193 193 194 194 194 194 194 195 195 195 195 195 195 195 195 196 196 196 197 197 198 198 198 198 198 197 197 198 200 0 0 0 0 0 0 0 0 0 0 0 0 0 0 0 0 0 0 0 0 0 0 0 0 0 0 0 0 0 0 0 0 0 0 0 0 0 0 0 0 0 0 0 0 0 0 0 198 199 199 200 0 0 0 0 0 0 0 0 0 0 0 0 0 0 0 0 0 0 0 0 0 0 0 0 0 0 0 0 0 0 0 0 0 0 0 0 0 0 0 0 0 0 0 0 0 0 0 0 0 0 0 0 0 0 0 0 0 0 0 0 0 0 0 0 0 0 0 0 0 0 0 0 0 0 0 0 0 0 0 0 0 0 0 0 0 0 0 0 0 0 0 0 0 0 0 0 0 0 0 0 0 0 0 0 0 0 0 0 0 0 0 0 0 0 0 0 0 0 0 0 0 0 0 0 0 0 0 0 0 0 0 0 0 0 0 0 0 0 0 0 0 0 0 0 0 0 0 0 0 0 0 0 0 0 0 0 0 0 0 0 0 0 0 0 0 0 0 0 0 0 0 0 0 0 0 0 0 0 0 0 0 0 0 0 0 0 0 0 0 0 0 0 0 0 0 0 0 0 0 0 0 0 0 0 0 0 0 0 0 
0 0 0 0 0 0 0 0 0 0 0 0 0 0 0 0 0 0 0 0 0 0 0 0 0 0 0 0 0 0 0 0 0 0 0 0 0 0 0 0 0 0 0 0 0 0 0 0 0 0 0 0 0 0 0 0 0 0 0 0 0 0 0 0 0 0 0 0 0 0 0 0 0 0 0 0 0 0 0 0 0 0 0 0 0 0 0 0 0 0 0 0 0 0 0 0 0 0 0 0 0 0 0 0 0 0 0 0 0 0 0 0 0 0 0 0 0 0 0 0 0 0 0 0 0 0 0 0 0 0 0 0 0 0 0 0 0 0 0 0 0 0 0 0 0 0 0 0 0 0 0 0 0 0 0 0 0 0 0 0 0 0 0 0 0 0 0 0 0 0 0 0 0 0 0 0 0 0 0 0 0 0 0 0 0 0 0 0 0 0 0 0 0 0 0 0 0 0 0 0 0 0 0 0 0 0 0 0 0 197 197 197 196 194 194 193 193 194 194 194 194 194 195 195 195 195 195 196 196 196 196 197 197 198 199 199 199 199 199 198 199 199 0 0 0 0 0 0 0 0 0 0 0 0 0 0 0 0 0 0 0 0 0 0 0 0 0 0 0 0 0 0 0 0 0 0 0 0 0 0 0 0 0 0 0 0 0 0 0 0 0 0 0 0 0 0 0 0 0 0 0 0 0 0 0 0 0 0 0 0 0 0 0 0 0 0 0 0 0 0 0 0 0 0 0 0 0 0 0 0 0 0 0 0 0 0 0 0 0 0 0 0 0 0 0 0 0 0 0 0 0 0 0 0 0 0 0 0 0 0 0 0 0 0 0 0 0 0 0 0 0 0 0 0 0 0 0 0 0 0 0 0 0 0 0 0 0 0 0 0 0 0 0 0 0 0 0 0 0 0 0 0 0 0 0 0 0 0 0 0 0 0 0 0 0 0 0 0 0 0 0 0 0 0 0 0 0 0 0 0 0 0 0 0 0 0 0 0 0 0 0 0 0 0 0 0 0 0 0 0 0 0 0 0 0 0 0 0 0 0 0 0 0 0 0 0 0 0 0 0 0 0 0 0 0 0 0 0 0 0 0 0 0 0 0 0 0 0 0 0 0 0 0 0 0 0 0 0 0 0 0 0 0 
0 0 0 0 0 0 0 0 0 0 0 0 0 0 0 0 0 0 0 0 0 0 0 0 0 0 0 0 0 0 0 0 0 0 0 0 0 0 0 0 0 0 0 0 0 0 0 0 0 0 0 0 0 0 0 0 0 0 0 0 0 0 0 0 0 0 0 0 0 0 0 0 0 0 0 0 0 0 0 0 0 0 0 0 0 0 0 0 0 0 0 0 0 0 0 0 0 0 0 0 0 0 0 0 0 0 0 0 0 0 0 0 0 0 0 0 0 0 0 0 0 0 0 0 0 0 0 0 0 0 0 0 0 0 0 0 0 0 0 0 0 0 0 0 0 0 0 0 0 0 0 0 0 0 0 0 0 0 0 0 0 0 0 0 0 0 0 0 0 0 0 0 0 0 0 0 0 0 0 0 0 0 0 0 0 0 0 0 0 0 0 0 0 0 0 0 0 0 0 0 0 0 0 0 0 0 0 0 0 198 197 196 195 194 194 194 193 194 194 194 194 194 195 195 195 196 195 196 196 197 197 198 198 198 199 200 0 0 0 0 0 0 0 0 0 0 0 0 0 0 0 0 0 0 0 0 0 0 0 0 0 0 0 0 0 0 0 0 0 0 0 0 0 0 0 0 0 0 0 0 0 0 0 0 0 0 0 0 0 0 0 0 0 0 0 0 0 0 0 0 0 0 0 0 0 0 0 0 0 0 0 0 0 0 0 0 0 0 0 0 0 0 0 0 0 0 0 0 0 0 0 0 0 0 0 0 0 0 0 0 0 0 0 0 0 0 0 0 0 0 0 0 0 0 0 0 0 0 0 0 0 0 0 0 0 0 0 0 0 0 0 0 0 0 0 0 0 0 0 0 0 0 0 0 0 0 0 0 0 0 0 0 0 0 0 0 0 0 0 0 0 0 0 0 0 0 0 0 0 0 0 0 0 0 0 0 0 0 0 0 0 0 0 0 0 0 0 0 0 0 0 0 0 0 0 0 0 0 0 0 0 0 0 0 0 0 0 0 0 0 0 0 0 0 0 0 0 0 0 0 0 0 0 0 0 0 0 0 0 0 0 0 0 0 0 0 0 0 0 0 0 0 0 0 0 0 0 0 0 0 0 0 0 0 0 0 0 0 0 0 0 0 0 
0 0 0 0 0 0 0 0 0 0 0 0 0 0 0 0 0 0 0 0 0 0 0 0 0 0 0 0 0 0 0 0 0 0 0 0 0 0 0 0 0 0 0 0 0 0 0 0 0 0 0 0 0 0 0 0 0 0 0 0 0 0 0 0 0 0 0 0 0 0 0 0 0 0 0 0 0 0 0 0 0 0 0 0 0 0 0 0 0 0 0 0 0 0 0 0 0 0 0 0 0 0 0 0 0 0 0 0 0 0 0 0 0 0 0 0 0 0 0 0 0 0 0 0 0 0 0 0 0 0 0 0 0 0 0 0 0 0 0 0 0 0 0 0 0 0 0 0 0 0 0 0 0 0 0 0 0 0 0 0 0 0 0 0 0 0 0 0 0 0 0 0 0 0 0 0 0 0 0 0 0 0 0 0 0 0 0 0 0 0 0 0 0 0 0 0 0 0 0 0 0 0 0 0 0 0 0 0 0 196 196 195 194 194 193 193 194 194 194 195 195 195 195 195 195 196 196 196 197 197 198 199 199 198 199 200 0 0 0 0 0 0 0 0 0 0 0 0 0 0 0 0 0 0 0 0 0 0 0 0 0 0 0 0 0 0 0 0 0 0 0 0 0 0 0 0 0 0 0 0 0 0 0 0 0 0 0 0 0 0 0 0 0 0 0 0 0 0 0 0 0 0 0 0 0 0 0 0 0 0 0 0 0 0 0 0 0 0 0 0 0 0 0 0 0 0 0 0 0 0 0 0 0 0 0 0 0 0 0 0 0 0 0 0 0 0 0 0 0 0 0 0 0 0 0 0 0 0 0 0 0 0 0 0 0 0 0 0 0 0 0 0 0 0 0 0 0 0 0 0 0 0 0 0 0 0 0 0 0 0 0 0 0 0 0 0 0 0 0 0 0 0 0 0 0 0 0 0 0 0 0 0 0 0 0 0 0 0 0 0 0 0 0 0 0 0 0 0 0 0 0 0 0 0 0 0 0 0 0 0 0 0 0 0 0 0 0 0 0 0 0 0 0 0 0 0 0 0 0 0 0 0 0 0 0 0 0 0 0 0 0 0 0 0 0 0 0 0 0 0 0 0 0 0 0 0 0 0 0 0 0 0 0 0 0 0 0 0 0 0 0 0 0 
0 0 0 0 0 0 0 0 0 0 0 0 0 0 0 0 0 0 0 0 0 0 0 0 0 0 0 0 0 0 0 0 0 0 0 0 0 0 0 0 0 0 0 0 0 0 0 0 0 0 0 0 0 0 0 0 0 0 0 0 0 0 0 0 0 0 0 0 0 0 0 0 0 0 0 0 0 0 0 0 0 0 0 0 0 0 0 0 0 0 0 0 0 0 0 0 0 0 0 0 0 0 0 0 0 0 0 0 0 0 0 0 0 0 0 0 0 0 0 0 0 0 0 0 0 0 0 0 0 0 0 0 0 0 0 0 0 0 0 0 0 0 0 0 0 0 0 0 0 0 0 0 0 0 0 0 0 0 0 0 0 0 0 0 0 0 0 0 0 0 0 0 0 0 0 0 0 0 0 0 0 0 0 0 0 0 0 0 0 0 0 0 0 0 0 0 0 0 0 0 0 0 0 0 0 0 0 0 0 0 194 194 194 193 193 194 194 194 195 195 195 195 195 195 196 196 196 197 197 197 198 199 199 199 200 0 0 0 0 0 0 0 0 0 0 0 0 0 0 0 0 0 0 0 0 0 0 0 0 0 0 0 0 0 0 0 0 0 0 0 0 0 0 0 0 0 0 0 0 0 0 0 0 0 0 0 0 0 0 0 0 0 0 0 0 0 0 0 0 0 0 0 0 0 0 0 0 0 0 0 0 0 0 0 0 0 0 0 0 0 0 0 0 0 0 0 0 0 0 0 0 0 0 0 0 0 0 0 0 0 0 0 0 0 0 0 0 0 0 0 0 0 0 0 0 0 0 0 0 0 0 0 0 0 0 0 0 0 0 0 0 0 0 0 0 0 0 0 0 0 0 0 0 0 0 0 0 0 0 0 0 0 0 0 0 0 0 0 0 0 0 0 0 0 0 0 0 0 0 0 0 0 0 0 0 0 0 0 0 0 0 0 0 0 0 0 0 0 0 0 0 0 0 0 0 0 0 0 0 0 0 0 0 0 0 0 0 0 0 0 0 0 0 0 0 0 0 0 0 0 0 0 0 0 0 0 0 0 0 0 0 0 0 0 0 0 0 0 0 0 0 0 0 0 0 0 0 0 0 0 0 0 0 0 0 0 0 0 0 0 0 0 0 
0 0 0 0 0 0 0 0 0 0 0 0 0 0 0 0 0 0 0 0 0 0 0 0 0 0 0 0 0 0 0 0 0 0 0 0 0 0 0 0 0 0 0 0 0 0 0 0 0 0 0 0 0 0 0 0 0 0 0 0 0 0 0 0 0 0 0 0 0 0 0 0 0 0 0 0 0 0 0 0 0 0 0 0 0 0 0 0 0 0 0 0 0 0 0 0 0 0 0 0 0 0 0 0 0 0 0 0 0 0 0 0 0 0 0 0 0 0 0 0 0 0 0 0 0 0 0 0 0 0 0 0 0 0 0 0 0 0 0 0 0 0 0 0 0 0 0 0 0 0 0 0 0 0 0 0 0 0 0 0 0 0 0 0 0 0 0 0 0 0 0 0 0 0 0 0 0 0 0 0 0 0 0 0 0 0 0 0 0 0 0 0 0 0 0 0 0 0 0 0 0 0 0 0 0 0 0 0 0 0 0 0 193 192 193 194 194 195 195 194 194 195 195 195 195 195 196 197 197 198 199 199 200 0 0 0 0 0 0 0 0 0 0 0 0 0 0 0 0 0 0 0 0 0 0 0 0 0 0 0 0 0 0 0 0 0 0 0 0 0 0 0 0 0 0 0 0 0 0 0 0 0 0 0 0 0 0 0 0 0 0 0 0 0 0 0 0 0 0 0 0 0 0 0 0 0 0 0 0 0 0 0 0 0 0 0 0 0 0 0 0 0 0 0 0 0 0 0 0 0 0 0 0 0 0 0 0 0 0 0 0 0 0 0 0 0 0 0 0 0 0 0 0 0 0 0 0 0 0 0 0 0 0 0 0 0 0 0 0 0 0 0 0 0 0 0 0 0 0 0 0 0 0 0 0 0 0 0 0 0 0 0 0 0 0 0 0 0 0 0 0 0 0 0 0 0 0 0 0 0 0 0 0 0 0 0 0 0 0 0 0 0 0 0 0 0 0 0 0 0 0 0 0 0 0 0 0 0 0 0 0 0 0 0 0 0 0 0 0 0 0 0 0 0 0 0 0 0 0 0 0 0 0 0 0 0 0 0 0 0 0 0 0 0 0 0 0 0 0 0 0 0 0 0 0 0 0 0 0 0 0 0 0 0 0 0 0 0 0 0 0 0 0 
0 0 0 0 0 0 0 0 0 0 0 0 0 0 0 0 0 0 0 0 0 0 0 0 0 0 0 0 0 0 0 0 0 0 0 0 0 0 0 0 0 0 0 0 0 0 0 0 0 0 0 0 0 0 0 0 0 0 0 0 0 0 0 0 0 0 0 0 0 0 0 0 0 0 0 0 0 0 0 0 0 0 0 0 0 0 0 0 0 0 0 0 0 0 0 0 0 0 0 0 0 0 0 0 0 0 0 0 0 0 0 0 0 0 0 0 0 0 0 0 0 0 0 0 0 0 0 0 0 0 0 0 0 0 0 0 0 0 0 0 0 0 0 0 0 0 0 0 0 0 0 0 0 0 0 0 0 0 0 0 0 0 0 0 0 0 0 0 0 0 0 0 0 0 0 0 0 0 0 0 0 0 0 0 0 0 0 0 0 0 0 0 0 0 0 0 0 0 0 0 0 0 0 0 0 0 0 0 0 0 0 0 0 192 194 194 194 194 194 194 195 195 195 195 195 196 196 196 197 197 198 199 200 0 0 0 0 0 0 0 0 0 0 0 0 0 0 0 0 0 0 0 0 0 0 0 0 0 0 0 0 0 0 0 0 0 0 0 0 0 0 0 0 0 0 0 0 0 0 0 0 0 0 0 0 0 0 0 0 0 0 0 0 0 0 0 0 0 0 0 0 0 0 0 0 0 0 0 0 0 0 0 0 0 0 0 0 0 0 0 0 0 0 0 0 0 0 0 0 0 0 0 0 0 0 0 0 0 0 0 0 0 0 0 0 0 0 0 0 0 0 0 0 0 0 0 0 0 0 0 0 0 0 0 0 0 0 0 0 0 0 0 0 0 0 0 0 0 0 0 0 0 0 0 0 0 0 0 0 0 0 0 0 0 0 0 0 0 0 0 0 0 0 0 0 0 0 0 0 0 0 0 0 0 0 0 0 0 0 0 0 0 0 0 0 0 0 0 0 0 0 0 0 0 0 0 0 0 0 0 0 0 0 0 0 0 0 0 0 0 0 0 0 0 0 0 0 0 0 0 0 0 0 0 0 0 0 0 0 0 0 0 0 0 0 0 0 0 0 0 0 0 0 0 0 0 0 0 0 0 0 0 0 0 0 0 0 0 0 0 0 0 0 
0 0 0 0 0 0 0 0 0 0 0 0 0 0 0 0 0 0 0 0 0 0 0 0 0 0 0 0 0 0 0 0 0 0 0 0 0 0 0 0 0 0 0 0 0 0 0 0 0 0 0 0 0 0 0 0 0 0 0 0 0 0 0 0 0 0 0 0 0 0 0 0 0 0 0 0 0 0 0 0 0 0 0 0 0 0 0 0 0 0 0 0 0 0 0 0 0 0 0 0 0 0 0 0 0 0 0 0 0 0 0 0 0 0 0 0 0 0 0 0 0 0 0 0 0 0 0 0 0 0 0 0 0 0 0 0 0 0 0 0 0 0 0 0 0 0 0 0 0 0 0 0 0 0 0 0 0 0 0 0 0 0 0 0 0 0 0 0 0 0 0 0 0 0 0 0 0 0 0 0 0 0 0 0 0 0 0 0 0 0 0 0 0 0 0 0 0 0 0 0 0 0 0 0 0 0 0 0 0 0 0 0 0 193 194 194 195 194 194 194 194 195 195 195 195 196 197 197 197 198 198 199 200 0 0 0 0 0 0 0 0 0 0 0 0 0 0 0 0 0 0 0 0 0 0 0 0 0 0 0 0 0 0 0 0 0 0 0 0 0 0 0 0 0 0 0 0 0 0 0 0 0 0 0 0 0 0 0 0 0 0 0 0 0 0 0 0 0 0 0 0 0 0 0 0 0 0 0 0 0 0 0 0 0 0 0 0 0 0 0 0 0 0 0 0 0 0 0 0 0 0 0 0 0 0 0 0 0 0 0 0 0 0 0 0 0 0 0 0 0 0 0 0 0 0 0 0 0 0 0 0 0 0 0 0 0 0 0 0 0 0 0 0 0 0 0 0 0 0 0 0 0 0 0 0 0 0 0 0 0 0 0 0 0 0 0 0 0 0 0 0 0 0 0 0 0 0 0 0 0 0 0 0 0 0 0 0 0 0 0 0 0 0 0 0 0 0 0 0 0 0 0 0 0 0 0 0 0 0 0 0 0 0 0 0 0 0 0 0 0 0 0 0 0 0 0 0 0 0 0 0 0 0 0 0 0 0 0 0 0 0 0 0 0 0 0 0 0 0 0 0 0 0 0 0 0 0 0 0 0 0 0 0 0 0 0 0 0 0 0 0 0 0 
0 0 0 0 0 0 0 0 0 0 0 0 0 0 0 0 0 0 0 0 0 0 0 0 0 0 0 0 0 0 0 0 0 0 0 0 0 0 0 0 0 0 0 0 0 0 0 0 0 0 0 0 0 0 0 0 0 0 0 0 0 0 0 0 0 0 0 0 0 0 0 0 0 0 0 0 0 0 0 0 0 0 0 0 0 0 0 0 0 0 0 0 0 0 0 0 0 0 0 0 0 0 0 0 0 0 0 0 0 0 0 0 0 0 0 0 0 0 0 0 0 0 0 0 0 0 0 0 0 0 0 0 0 0 0 0 0 0 0 0 0 0 0 0 0 0 0 0 0 0 0 0 0 0 0 0 0 0 0 0 0 0 0 0 0 0 0 0 0 0 0 0 0 0 0 0 0 0 0 0 0 0 0 0 0 0 0 0 0 0 0 0 0 0 0 0 0 0 0 0 0 0 0 0 0 0 0 0 0 0 0 0 0 0 195 194 194 194 194 194 194 195 195 196 196 196 197 198 198 199 200 200 200 0 0 0 0 0 0 0 0 0 0 0 0 0 0 0 0 0 0 0 0 0 0 0 0 0 0 0 0 0 0 0 0 0 0 0 0 0 0 0 0 0 0 0 0 0 0 0 0 0 0 0 0 0 0 0 0 0 0 0 0 0 0 0 0 0 0 0 0 0 0 0 0 0 0 0 0 0 0 0 0 0 0 0 0 0 0 0 0 0 0 0 0 0 0 0 0 0 0 0 0 0 0 0 0 0 0 0 0 0 0 0 0 0 0 0 0 0 0 0 0 0 0 0 0 0 0 0 0 0 0 0 0 0 0 0 0 0 0 0 0 0 0 0 0 0 0 0 0 0 0 0 0 0 0 0 0 0 0 0 0 0 0 0 0 0 0 0 0 0 0 0 0 0 0 0 0 0 0 0 0 0 0 0 0 0 0 0 0 0 0 0 0 0 0 0 0 0 0 0 0 0 0 0 0 0 0 0 0 0 0 0 0 0 0 0 0 0 0 0 0 0 0 0 0 0 0 0 0 0 0 0 0 0 0 0 0 0 0 0 0 0 0 0 0 0 0 0 0 0 0 0 0 0 0 0 0 0 0 0 0 0 0 0 0 0 0 0 0 0 0 
0 0 0 0 0 0 0 0 0 0 0 0 0 0 0 0 0 0 0 0 0 0 0 0 0 0 0 0 0 0 0 0 0 0 0 0 0 0 0 0 0 0 0 0 0 0 0 0 0 0 0 0 0 0 0 0 0 0 0 0 0 0 0 0 0 0 0 0 0 0 0 0 0 0 0 0 0 0 0 0 0 0 0 0 0 0 0 0 0 0 0 0 0 0 0 0 0 0 0 0 0 0 0 0 0 0 0 0 0 0 0 0 0 0 0 0 0 0 0 0 0 0 0 0 0 0 0 0 0 0 0 0 0 0 0 0 0 0 0 0 0 0 0 0 0 0 0 0 0 0 0 0 0 0 0 0 0 0 0 0 0 0 0 0 0 0 0 0 0 0 0 0 0 0 0 0 0 0 0 0 0 0 0 0 0 0 0 0 0 0 0 0 0 0 0 0 0 0 0 0 0 0 0 0 0 0 0 0 0 0 0 0 0 0 196 195 195 195 195 194 194 195 195 196 197 197 198 199 199 199 199 200 199 0 0 0 0 0 0 0 0 0 0 0 0 0 0 0 0 0 0 0 0 0 0 0 0 0 0 0 0 0 0 0 0 0 0 0 0 0 0 0 0 0 0 0 0 0 0 0 0 0 0 0 0 0 0 0 0 0 0 0 0 0 0 0 0 0 0 0 0 0 0 0 0 0 0 0 0 0 0 0 0 0 0 0 0 0 0 0 0 0 0 0 0 0 0 0 0 0 0 0 0 0 0 0 0 0 0 0 0 0 0 0 0 0 0 0 0 0 0 0 0 0 0 0 0 0 0 0 0 0 0 0 0 0 0 0 0 0 0 0 0 0 0 0 0 0 0 0 0 0 0 0 0 0 0 0 0 0 0 0 0 0 0 0 0 0 0 0 0 0 0 0 0 0 0 0 0 0 0 0 0 0 0 0 0 0 0 0 0 0 0 0 0 0 0 0 0 0 0 0 0 0 0 0 0 0 0 0 0 0 0 0 0 0 0 0 0 0 0 0 0 0 0 0 0 0 0 0 0 0 0 0 0 0 0 0 0 0 0 0 0 0 0 0 0 0 0 0 0 0 0 0 0 0 0 0 0 0 0 0 0 0 0 0 0 0 0 0 0 0 0 
0 0 0 0 0 0 0 0 0 0 0 0 0 0 0 0 0 0 0 0 0 0 0 0 0 0 0 0 0 0 0 0 0 0 0 0 0 0 0 0 0 0 0 0 0 0 0 0 0 0 0 0 0 0 0 0 0 0 0 0 0 0 0 0 0 0 0 0 0 0 0 0 0 0 0 0 0 0 0 0 0 0 0 0 0 0 0 0 0 0 0 0 0 0 0 0 0 0 0 0 0 0 0 0 0 0 0 0 0 0 0 0 0 0 0 0 0 0 0 0 0 0 0 0 0 0 0 0 0 0 0 0 0 0 0 0 0 0 0 0 0 0 0 0 0 0 0 0 0 0 0 0 0 0 0 0 0 0 0 0 0 0 0 0 0 0 0 0 0 0 0 0 0 0 0 0 0 0 0 0 0 0 0 0 0 0 0 0 0 0 0 0 0 0 0 0 0 0 0 0 0 0 0 0 0 0 0 0 0 0 0 0 0 0 196 196 195 195 195 195 195 194 194 195 196 197 198 198 199 198 199 199 0 0 0 0 0 0 0 0 0 0 0 0 0 0 0 0 0 0 0 0 0 0 0 0 0 0 0 0 0 0 0 0 0 0 0 0 0 0 0 0 0 0 0 0 0 0 0 0 0 0 0 0 0 0 0 0 0 0 0 0 0 0 0 0 0 0 0 0 0 0 0 0 0 0 0 0 0 0 0 0 0 0 0 0 0 0 0 0 0 0 0 0 0 0 0 0 0 0 0 0 0 0 0 0 0 0 0 0 0 0 0 0 0 0 0 0 0 0 0 0 0 0 0 0 0 0 0 0 0 0 0 0 0 0 0 0 0 0 0 0 0 0 0 0 0 0 0 0 0 0 0 0 0 0 0 0 0 0 0 0 0 0 0 0 0 0 0 0 0 0 0 0 0 0 0 0 0 0 0 0 0 0 0 0 0 0 0 0 0 0 0 0 0 0 0 0 0 0 0 0 0 0 0 0 0 0 0 0 0 0 0 0 0 0 0 0 0 0 0 0 0 0 0 0 0 0 0 0 0 0 0 0 0 0 0 0 0 0 0 0 0 0 0 0 0 0 0 0 0 0 0 0 0 0 0 0 0 0 0 0 0 0 0 0 0 0 0 0 0 0 0 
0 0 0 0 0 0 0 0 0 0 0 0 0 0 0 0 0 0 0 0 0 0 0 0 0 0 0 0 0 0 0 0 0 0 0 0 0 0 0 0 0 0 0 0 0 0 0 0 0 0 0 0 0 0 0 0 0 0 0 0 0 0 0 0 0 0 0 0 0 0 0 0 0 0 0 0 0 0 0 0 0 0 0 0 0 0 0 0 0 0 0 0 0 0 0 0 0 0 0 0 0 0 0 0 0 0 0 0 0 0 0 0 0 0 0 0 0 0 0 0 0 0 0 0 0 0 0 0 0 0 0 0 0 0 0 0 0 0 0 0 0 0 0 0 0 0 0 0 0 0 0 0 0 0 0 0 0 0 0 0 0 0 0 0 0 0 0 0 0 0 0 0 0 0 0 0 0 0 0 0 0 0 0 0 0 0 0 0 0 0 0 0 0 0 0 0 0 0 0 0 0 0 0 0 0 0 0 0 0 0 0 0 0 0 0 195 195 195 196 196 196 195 195 195 195 196 197 197 198 197 198 200 0 0 0 0 0 0 0 0 0 0 0 0 0 0 0 0 0 0 0 0 0 0 0 0 0 0 0 0 0 0 0 0 0 0 0 0 0 0 0 0 0 0 0 0 0 0 0 0 0 0 0 0 0 0 0 0 0 0 0 0 0 0 0 0 0 0 0 0 0 0 0 0 0 0 0 0 0 0 0 0 0 0 0 0 0 0 0 0 0 0 0 0 0 0 0 0 0 0 0 0 0 0 0 0 0 0 0 0 0 0 0 0 0 0 0 0 0 0 0 0 0 0 0 0 0 0 0 0 0 0 0 0 0 0 0 0 0 0 0 0 0 0 0 0 0 0 0 0 0 0 0 0 0 0 0 0 0 0 0 0 0 0 0 0 0 0 0 0 0 0 0 0 0 0 0 0 0 0 0 0 0 0 0 0 0 0 0 0 0 0 0 0 0 0 0 0 0 0 0 0 0 0 0 0 0 0 0 0 0 0 0 0 0 0 0 0 0 0 0 0 0 0 0 0 0 0 0 0 0 0 0 0 0 0 0 0 0 0 0 0 0 0 0 0 0 0 0 0 0 0 0 0 0 0 0 0 0 0 0 0 0 0 0 0 0 0 0 0 0 0 0 
0 0 0 0 0 0 0 0 0 0 0 0 0 0 0 0 0 0 0 0 0 0 0 0 0 0 0 0 0 0 0 0 0 0 0 0 0 0 0 0 0 0 0 0 0 0 0 0 0 0 0 0 0 0 0 0 0 0 0 0 0 0 0 0 0 0 0 0 0 0 0 0 0 0 0 0 0 0 0 0 0 0 0 0 0 0 0 0 0 0 0 0 0 0 0 0 0 0 0 0 0 0 0 0 0 0 0 0 0 0 0 0 0 0 0 0 0 0 0 0 0 0 0 0 0 0 0 0 0 0 0 0 0 0 0 0 0 0 0 0 0 0 0 0 0 0 0 0 0 0 0 0 0 0 0 0 0 0 0 0 0 0 0 0 0 0 0 0 0 0 0 0 0 0 0 0 0 0 0 0 0 0 0 0 0 0 0 0 0 0 0 0 0 0 0 0 0 0 0 0 0 0 0 0 0 0 0 0 0 0 0 0 0 0 0 196 195 195 196 196 196 196 196 197 196 196 196 196 197 197 199 200 0 0 0 0 0 0 0 0 0 0 0 0 0 0 0 0 0 0 0 0 0 0 0 0 0 0 0 0 0 0 0 0 0 0 0 0 0 0 0 0 0 0 0 0 0 0 0 0 0 0 0 0 0 0 0 0 0 0 0 0 0 0 0 0 0 0 0 0 0 0 0 0 0 0 0 0 0 0 0 0 0 0 0 0 0 0 0 0 0 0 0 0 0 0 0 0 0 0 0 0 0 0 0 0 0 0 0 0 0 0 0 0 0 0 0 0 0 0 0 0 0 0 0 0 0 0 0 0 0 0 0 0 0 0 0 0 0 0 0 0 0 0 0 0 0 0 0 0 0 0 0 0 0 0 0 0 0 0 0 0 0 0 0 0 0 0 0 0 0 0 0 0 0 0 0 0 0 0 0 0 0 0 0 0 0 0 0 0 0 0 0 0 0 0 0 0 0 0 0 0 0 0 0 0 0 0 0 0 0 0 0 0 0 0 0 0 0 0 0 0 0 0 0 0 0 0 0 0 0 0 0 0 0 0 0 0 0 0 0 0 0 0 0 0 0 0 0 0 0 0 0 0 0 0 0 0 0 0 0 0 0 0 0 0 0 0 0 0 0 0 0 
0 0 0 0 0 0 0 0 0 0 0 0 0 0 0 0 0 0 0 0 0 0 0 0 0 0 0 0 0 0 0 0 0 0 0 0 0 0 0 0 0 0 0 0 0 0 0 0 0 0 0 0 0 0 0 0 0 0 0 0 0 0 0 0 0 0 0 0 0 0 0 0 0 0 0 0 0 0 0 0 0 0 0 0 0 0 0 0 0 0 0 0 0 0 0 0 0 0 0 0 0 0 0 0 0 0 0 0 0 0 0 0 0 0 0 0 0 0 0 0 0 0 0 0 0 0 0 0 0 0 0 0 0 0 0 0 0 0 0 0 0 0 0 0 0 0 0 0 0 0 0 0 0 0 0 0 0 0 0 0 0 0 0 0 0 0 0 0 0 0 0 0 0 0 0 0 0 0 0 0 0 0 0 0 0 0 0 0 0 0 0 0 0 0 0 0 0 0 0 0 0 0 0 0 0 0 0 0 0 0 0 0 0 0 0 196 196 195 196 196 196 196 197 198 198 197 196 197 197 198 199 200 0 0 0 0 0 0 0 0 0 0 0 0 0 0 0 0 0 0 0 0 0 0 0 0 0 0 0 0 0 0 0 0 0 0 0 0 0 0 0 0 0 0 0 0 0 0 0 0 0 0 0 0 0 0 0 0 0 0 0 0 0 0 0 0 0 0 0 0 0 0 0 0 0 0 0 0 0 0 0 0 0 0 0 0 0 0 0 0 0 0 0 0 0 0 0 0 0 0 0 0 0 0 0 0 0 0 0 0 0 0 0 0 0 0 0 0 0 0 0 0 0 0 0 0 0 0 0 0 0 0 0 0 0 0 0 0 0 0 0 0 0 0 0 0 0 0 0 0 0 0 0 0 0 0 0 0 0 0 0 0 0 0 0 0 0 0 0 0 0 0 0 0 0 0 0 0 0 0 0 0 0 0 0 0 0 0 0 0 0 0 0 0 0 0 0 0 0 0 0 0 0 0 0 0 0 0 0 0 0 0 0 0 0 0 0 0 0 0 0 0 0 0 0 0 0 0 0 0 0 0 0 0 0 0 0 0 0 0 0 0 0 0 0 0 0 0 0 0 0 0 0 0 0 0 0 0 0 0 0 0 0 0 0 0 0 0 0 0 0 0 0 
0 0 0 0 0 0 0 0 0 0 0 0 0 0 0 0 0 0 0 0 0 0 0 0 0 0 0 0 0 0 0 0 0 0 0 0 0 0 0 0 0 0 0 0 0 0 0 0 0 0 0 0 0 0 0 0 0 0 0 0 0 0 0 0 0 0 0 0 0 0 0 0 0 0 0 0 0 0 0 0 0 0 0 0 0 0 0 0 0 0 0 0 0 0 0 0 0 0 0 0 0 0 0 0 0 0 0 0 0 0 0 0 0 0 0 0 0 0 0 0 0 0 0 0 0 0 0 0 0 0 0 0 0 0 0 0 0 0 0 0 0 0 0 0 0 0 0 0 0 0 0 0 0 0 0 0 0 0 0 0 0 0 0 0 0 0 0 0 0 0 0 0 0 0 0 0 0 0 0 0 0 0 0 0 0 0 0 0 0 0 0 0 0 0 0 0 0 0 0 0 0 0 0 0 0 0 0 0 0 0 0 0 0 0 0 0 196 196 195 196 196 196 197 198 198 197 197 197 198 199 199 199 200 0 0 0 0 0 0 0 0 0 0 0 0 0 0 0 0 0 0 0 0 0 0 0 0 0 0 0 0 0 0 0 0 0 0 0 0 0 0 0 0 0 0 0 0 0 0 0 0 0 0 0 0 0 0 0 0 0 0 0 0 0 0 0 0 0 0 0 0 0 0 0 0 0 0 0 0 0 0 0 0 0 0 0 0 0 0 0 0 0 0 0 0 0 0 0 0 0 0 0 0 0 0 0 0 0 0 0 0 0 0 0 0 0 0 0 0 0 0 0 0 0 0 0 0 0 0 0 0 0 0 0 0 0 0 0 0 0 0 0 0 0 0 0 0 0 0 0 0 0 0 0 0 0 0 0 0 0 0 0 0 0 0 0 0 0 0 0 0 0 0 0 0 0 0 0 0 0 0 0 0 0 0 0 0 0 0 0 0 0 0 0 0 0 0 0 0 0 0 0 0 0 0 0 0 0 0 0 0 0 0 0 0 0 0 0 0 0 0 0 0 0 0 0 0 0 0 0 0 0 0 0 0 0 0 0 0 0 0 0 0 0 0 0 0 0 0 0 0 0 0 0 0 0 0 0 0 0 0 0 0 0 0 0 0 0 0 0 0 0 0 
0 0 0 0 0 0 0 0 0 0 0 0 0 0 0 0 0 0 0 0 0 0 0 0 0 0 0 0 0 0 0 0 0 0 0 0 0 0 0 0 0 0 0 0 0 0 0 0 0 0 0 0 0 0 0 0 0 0 0 0 0 0 0 0 0 0 0 0 0 0 0 0 0 0 0 0 0 0 0 0 0 0 0 0 0 0 0 0 0 0 0 0 0 0 0 0 0 0 0 0 0 0 0 0 0 0 0 0 0 0 0 0 0 0 0 0 0 0 0 0 0 0 0 0 0 0 0 0 0 0 0 0 0 0 0 0 0 0 0 0 0 0 0 0 0 0 0 0 0 0 0 0 0 0 0 0 0 0 0 0 0 0 0 0 0 0 0 0 0 0 0 0 0 0 0 0 0 0 0 0 0 0 0 0 0 0 0 0 0 0 0 0 0 0 0 0 0 0 0 0 0 0 0 0 0 0 0 0 0 0 0 0 0 0 0 0 0 196 196 195 196 196 196 197 198 198 197 197 197 198 198 198 200 0 0 0 0 0 0 0 0 0 0 0 0 0 0 0 0 0 0 0 0 0 0 0 0 0 0 0 0 0 0 0 0 0 0 0 0 0 0 0 0 0 0 0 0 0 0 0 0 0 0 0 0 0 0 0 0 0 0 0 0 0 0 0 0 0 0 0 0 0 0 0 0 0 0 0 0 0 0 0 0 0 0 0 0 0 0 0 0 0 0 0 0 0 0 0 0 0 0 0 0 0 0 0 0 0 0 0 0 0 0 0 0 0 0 0 0 0 0 0 0 0 0 0 0 0 0 0 0 0 0 0 0 0 0 0 0 0 0 0 0 0 0 0 0 0 0 0 0 0 0 0 0 0 0 0 0 0 0 0 0 0 0 0 0 0 0 0 0 0 0 0 0 0 0 0 0 0 0 0 0 0 0 0 0 0 0 0 0 0 0 0 0 0 0 0 0 0 0 0 0 0 0 0 0 0 0 0 0 0 0 0 0 0 0 0 0 0 0 0 0 0 0 0 0 0 0 0 0 0 0 0 0 0 0 0 0 0 0 0 0 0 0 0 0 0 0 0 0 0 0 0 0 0 0 0 0 0 0 0 0 0 0 0 0 0 0 0 0 0 0 
0 0 0 0 0 0 0 0 0 0 0 0 0 0 0 0 0 0 0 0 0 0 0 0 0 0 0 0 0 0 0 0 0 0 0 0 0 0 0 0 0 0 0 0 0 0 0 0 0 0 0 0 0 0 0 0 0 0 0 0 0 0 0 0 0 0 0 0 0 0 0 0 0 0 0 0 0 0 0 0 0 0 0 0 0 0 0 0 0 0 0 0 0 0 0 0 0 0 0 0 0 0 0 0 0 0 0 0 0 0 0 0 0 0 0 0 0 0 0 0 0 0 0 0 0 0 0 0 0 0 0 0 0 0 0 0 0 0 0 0 0 0 0 0 0 0 0 0 0 0 0 0 0 0 0 0 0 0 0 0 0 0 0 0 0 0 0 0 0 0 0 0 0 0 0 0 0 0 0 0 0 0 0 0 0 0 0 0 0 0 0 0 0 0 0 0 0 0 0 0 0 0 0 0 0 0 0 0 0 0 0 0 0 0 0 0 0 197 196 195 196 197 197 197 199 198 198 197 198 199 198 198 199 200 0 0 0 0 0 0 0 0 0 0 0 0 0 0 0 0 0 0 0 0 0 0 0 0 0 0 0 0 0 0 0 0 0 0 0 0 0 0 0 0 0 0 0 0 0 0 0 0 0 0 0 0 0 0 0 0 0 0 0 0 0 0 0 0 0 0 0 0 0 0 0 0 0 0 0 0 0 0 0 0 0 0 0 0 0 0 0 0 0 0 0 0 0 0 0 0 0 0 0 0 0 0 0 0 0 0 0 0 0 0 0 0 0 0 0 0 0 0 0 0 0 0 0 0 0 0 0 0 0 0 0 0 0 0 0 0 0 0 0 0 0 0 0 0 0 0 0 0 0 0 0 0 0 0 0 0 0 0 0 0 0 0 0 0 0 0 0 0 0 0 0 0 0 0 0 0 0 0 0 0 0 0 0 0 0 0 0 0 0 0 0 0 0 0 0 0 0 0 0 0 0 0 0 0 0 0 0 0 0 0 0 0 0 0 0 0 0 0 0 0 0 0 0 0 0 0 0 0 0 0 0 0 0 0 0 0 0 0 0 0 0 0 0 0 0 0 0 0 0 0 0 0 0 0 0 0 0 0 0 0 0 0 0 0 0 0 0 0 0 
0 0 0 0 0 0 0 0 0 0 0 0 0 0 0 0 0 0 0 0 0 0 0 0 0 0 0 0 0 0 0 0 0 0 0 0 0 0 0 0 0 0 0 0 0 0 0 0 0 0 0 0 0 0 0 0 0 0 0 0 0 0 0 0 0 0 0 0 0 0 0 0 0 0 0 0 0 0 0 0 0 0 0 0 0 0 0 0 0 0 0 0 0 0 0 0 0 0 0 0 0 0 0 0 0 0 0 0 0 0 0 0 0 0 0 0 0 0 0 0 0 0 0 0 0 0 0 0 0 0 0 0 0 0 0 0 0 0 0 0 0 0 0 0 0 0 0 0 0 0 0 0 0 0 0 0 0 0 0 0 0 0 0 0 0 0 0 0 0 0 0 0 0 0 0 0 0 0 0 0 0 0 0 0 0 0 0 0 0 0 0 0 0 0 0 0 0 0 0 0 0 0 0 0 0 0 0 0 0 0 0 0 0 0 0 0 0 197 196 196 196 197 197 198 198 198 198 198 198 199 200 200 200 201 0 0 0 0 0 0 0 0 0 0 0 0 0 0 0 0 0 0 0 0 0 0 0 0 0 0 0 0 0 0 0 0 0 0 0 0 0 0 0 0 0 0 0 0 0 0 0 0 0 0 0 0 0 0 0 0 0 0 0 0 0 0 0 0 0 0 0 0 0 0 0 0 0 0 0 0 0 0 0 0 0 0 0 0 0 0 0 0 0 0 0 0 0 0 0 0 0 0 0 0 0 0 0 0 0 0 0 0 0 0 0 0 0 0 0 0 0 0 0 0 0 0 0 0 0 0 0 0 0 0 0 0 0 0 0 0 0 0 0 0 0 0 0 0 0 0 0 0 0 0 0 0 0 0 0 0 0 0 0 0 0 0 0 0 0 0 0 0 0 0 0 0 0 0 0 0 0 0 0 0 0 0 0 0 0 0 0 0 0 0 0 0 0 0 0 0 0 0 0 0 0 0 0 0 0 0 0 0 0 0 0 0 0 0 0 0 0 0 0 0 0 0 0 0 0 0 0 0 0 0 0 0 0 0 0 0 0 0 0 0 0 0 0 0 0 0 0 0 0 0 0 0 0 0 0 0 0 0 0 0 0 0 0 0 0 0 0 0 0 
0 0 0 0 0 0 0 0 0 0 0 0 0 0 0 0 0 0 0 0 0 0 0 0 0 0 0 0 0 0 0 0 0 0 0 0 0 0 0 0 0 0 0 0 0 0 0 0 0 0 0 0 0 0 0 0 0 0 0 0 0 0 0 0 0 0 0 0 0 0 0 0 0 0 0 0 0 0 0 0 0 0 0 0 0 0 0 0 0 0 0 0 0 0 0 0 0 0 0 0 0 0 0 0 0 0 0 0 0 0 0 0 0 0 0 0 0 0 0 0 0 0 0 0 0 0 0 0 0 0 0 0 0 0 0 0 0 0 0 0 0 0 0 0 0 0 0 0 0 0 0 0 0 0 0 0 0 0 0 0 0 0 0 0 0 0 0 0 0 0 0 0 0 0 0 0 0 0 0 0 0 0 0 0 0 0 0 0 0 0 0 0 0 0 0 0 0 0 0 0 0 0 0 0 0 0 0 0 0 0 0 0 0 0 0 0 0 197 196 196 196 196 196 197 197 198 199 198 198 198 199 200 201 0 0 0 0 0 0 0 0 0 0 0 0 0 0 0 0 0 0 0 0 0 0 0 0 0 0 0 0 0 0 0 0 0 0 0 0 0 0 0 0 0 0 0 0 0 0 0 0 0 0 0 0 0 0 0 0 0 0 0 0 0 0 0 0 0 0 0 0 0 0 0 0 0 0 0 0 0 0 0 0 0 0 0 0 0 0 0 0 0 0 0 0 0 0 0 0 0 0 0 0 0 0 0 0 0 0 0 0 0 0 0 0 0 0 0 0 0 0 0 0 0 0 0 0 0 0 0 0 0 0 0 0 0 0 0 0 0 0 0 0 0 0 0 0 0 0 0 0 0 0 0 0 0 0 0 0 0 0 0 0 0 0 0 0 0 0 0 0 0 0 0 0 0 0 0 0 0 0 0 0 0 0 0 0 0 0 0 0 0 0 0 0 0 0 0 0 0 0 0 0 0 0 0 0 0 0 0 0 0 0 0 0 0 0 0 0 0 0 0 0 0 0 0 0 0 0 0 0 0 0 0 0 0 0 0 0 0 0 0 0 0 0 0 0 0 0 0 0 0 0 0 0 0 0 0 0 0 0 0 0 0 0 0 0 0 0 0 0 0 0 
0 0 0 0 0 0 0 0 0 0 0 0 0 0 0 0 0 0 0 0 0 0 0 0 0 0 0 0 0 0 0 0 0 0 0 0 0 0 0 0 0 0 0 0 0 0 0 0 0 0 0 0 0 0 0 0 0 0 0 0 0 0 0 0 0 0 0 0 0 0 0 0 0 0 0 0 0 0 0 0 0 0 0 0 0 0 0 0 0 0 0 0 0 0 0 0 0 0 0 0 0 0 0 0 0 0 0 0 0 0 0 0 0 0 0 0 0 0 0 0 0 0 0 0 0 0 0 0 0 0 0 0 0 0 0 0 0 0 0 0 0 0 0 0 0 0 0 0 0 0 0 0 0 0 0 0 0 0 0 0 0 0 0 0 0 0 0 0 0 0 0 0 0 0 0 0 0 0 0 0 0 0 0 0 0 0 0 0 0 0 0 0 0 0 0 0 0 0 0 0 0 0 0 0 0 0 0 0 0 0 0 0 0 0 0 0 198 197 196 196 196 196 197 197 197 197 199 199 199 198 199 200 200 0 0 0 0 0 0 0 0 0 0 0 0 0 0 0 0 0 0 0 0 0 0 0 0 0 0 0 0 0 0 0 0 0 0 0 0 0 0 0 0 0 0 0 0 0 0 0 0 0 0 0 0 0 0 0 0 0 0 0 0 0 0 0 0 0 0 0 0 0 0 0 0 0 0 0 0 0 0 0 0 0 0 0 0 0 0 0 0 0 0 0 0 0 0 0 0 0 0 0 0 0 0 0 0 0 0 0 0 0 0 0 0 0 0 0 0 0 0 0 0 0 0 0 0 0 0 0 0 0 0 0 0 0 0 0 0 0 0 0 0 0 0 0 0 0 0 0 0 0 0 0 0 0 0 0 0 0 0 0 0 0 0 0 0 0 0 0 0 0 0 0 0 0 0 0 0 0 0 0 0 0 0 0 0 0 0 0 0 0 0 0 0 0 0 0 0 0 0 0 0 0 0 0 0 0 0 0 0 0 0 0 0 0 0 0 0 0 0 0 0 0 0 0 0 0 0 0 0 0 0 0 0 0 0 0 0 0 0 0 0 0 0 0 0 0 0 0 0 0 0 0 0 0 0 0 0 0 0 0 0 0 0 0 0 0 0 0 0 0 0 
0 0 0 0 0 0 0 0 0 0 0 0 0 0 0 0 0 0 0 0 0 0 0 0 0 0 0 0 0 0 0 0 0 0 0 0 0 0 0 0 0 0 0 0 0 0 0 0 0 0 0 0 0 0 0 0 0 0 0 0 0 0 0 0 0 0 0 0 0 0 0 0 0 0 0 0 0 0 0 0 0 0 0 0 0 0 0 0 0 0 0 0 0 0 0 0 0 0 0 0 0 0 0 0 0 0 0 0 0 0 0 0 0 0 0 0 0 0 0 0 0 0 0 0 0 0 0 0 0 0 0 0 0 0 0 0 0 0 0 0 0 0 0 0 0 0 0 0 0 0 0 0 0 0 0 0 0 0 0 0 0 0 0 0 0 0 0 0 0 0 0 0 0 0 0 0 0 0 0 0 0 0 0 0 0 0 0 0 0 0 0 0 0 0 0 0 0 0 0 0 0 0 0 0 0 0 0 0 0 0 0 0 0 0 0 198 198 198 197 197 197 197 197 198 199 198 198 199 200 199 199 200 200 200 0 0 0 0 0 0 0 0 0 0 0 0 0 0 0 0 0 0 0 0 0 0 0 0 0 0 0 0 0 0 0 0 0 0 0 0 0 0 0 0 0 0 0 0 0 0 0 0 0 0 0 0 0 0 0 0 0 0 0 0 0 0 0 0 0 0 0 0 0 0 0 0 0 0 0 0 0 0 0 0 0 0 0 0 0 0 0 0 0 0 0 0 0 0 0 0 0 0 0 0 0 0 0 0 0 0 0 0 0 0 0 0 0 0 0 0 0 0 0 0 0 0 0 0 0 0 0 0 0 0 0 0 0 0 0 0 0 0 0 0 0 0 0 0 0 0 0 0 0 0 0 0 0 0 0 0 0 0 0 0 0 0 0 0 0 0 0 0 0 0 0 0 0 0 0 0 0 0 0 0 0 0 0 0 0 0 0 0 0 0 0 0 0 0 0 0 0 0 0 0 0 0 0 0 0 0 0 0 0 0 0 0 0 0 0 0 0 0 0 0 0 0 0 0 0 0 0 0 0 0 0 0 0 0 0 0 0 0 0 0 0 0 0 0 0 0 0 0 0 0 0 0 0 0 0 0 0 0 0 0 0 0 0 0 0 0 0 0 0 
0 0 0 0 0 0 0 0 0 0 0 0 0 0 0 0 0 0 0 0 0 0 0 0 0 0 0 0 0 0 0 0 0 0 0 0 0 0 0 0 0 0 0 0 0 0 0 0 0 0 0 0 0 0 0 0 0 0 0 0 0 0 0 0 0 0 0 0 0 0 0 0 0 0 0 0 0 0 0 0 0 0 0 0 0 0 0 0 0 0 0 0 0 0 0 0 0 0 0 0 0 0 0 0 0 0 0 0 0 0 0 0 0 0 0 0 0 0 0 0 0 0 0 0 0 0 0 0 0 0 0 0 0 0 0 0 0 0 0 0 0 0 0 0 0 0 0 0 0 0 0 0 0 0 0 0 0 0 0 0 0 0 0 0 0 0 0 0 0 0 0 0 0 0 0 0 0 0 0 0 0 0 0 0 0 0 0 0 0 0 0 0 0 0 0 0 0 0 0 0 0 0 0 0 0 0 0 0 0 0 0 0 0 197 197 198 198 198 198 198 198 198 198 198 199 199 198 199 200 200 199 200 200 200 201 0 0 0 0 0 0 0 0 0 0 0 0 0 0 0 0 0 0 0 0 0 0 0 0 0 0 0 0 0 0 0 0 0 0 0 0 0 0 0 0 0 0 0 0 0 0 0 0 0 0 0 0 0 0 0 0 0 0 0 0 0 0 0 0 0 0 0 0 0 0 0 0 0 0 0 0 0 0 0 0 0 0 0 0 0 0 0 0 0 0 0 0 0 0 0 0 0 0 0 0 0 0 0 0 0 0 0 0 0 0 0 0 0 0 0 0 0 0 0 0 0 0 0 0 0 0 0 0 0 0 0 0 0 0 0 0 0 0 0 0 0 0 0 0 0 0 0 0 0 0 0 0 0 0 0 0 0 0 0 0 0 0 0 0 0 0 0 0 0 0 0 0 0 0 0 0 0 0 0 0 0 0 0 0 0 0 0 0 0 0 0 0 0 0 0 0 0 0 0 0 0 0 0 0 0 0 0 0 0 0 0 0 0 0 0 0 0 0 0 0 0 0 0 0 0 0 0 0 0 0 0 0 0 0 0 0 0 0 0 0 0 0 0 0 0 0 0 0 0 0 0 0 0 0 0 0 0 0 0 0 0 0 0 0 0 0 0 0 
0 0 0 0 0 0 0 0 0 0 0 0 0 0 0 0 0 0 0 0 0 0 0 0 0 0 0 0 0 0 0 0 0 0 0 0 0 0 0 0 0 0 0 0 0 0 0 0 0 0 0 0 0 0 0 0 0 0 0 0 0 0 0 0 0 0 0 0 0 0 0 0 0 0 0 0 0 0 0 0 0 0 0 0 0 0 0 0 0 0 0 0 0 0 0 0 0 0 0 0 0 0 0 0 0 0 0 0 0 0 0 0 0 0 0 0 0 0 0 0 0 0 0 0 0 0 0 0 0 0 0 0 0 0 0 0 0 0 0 0 0 0 0 0 0 0 0 0 0 0 0 0 0 0 0 0 0 0 0 0 0 0 0 0 0 0 0 0 0 0 0 0 0 0 0 0 0 0 0 0 0 0 0 0 0 0 0 0 0 0 0 0 0 0 0 0 0 0 0 0 0 0 0 0 0 0 0 0 0 0 0 198 198 197 198 198 198 198 198 198 198 198 198 199 199 199 199 199 199 200 200 199 200 201 0 0 0 0 0 0 0 0 0 0 0 0 0 0 0 0 0 0 0 0 0 0 0 0 0 0 0 0 0 0 0 0 0 0 0 0 0 0 0 0 0 0 0 0 0 0 0 0 0 0 0 0 0 0 0 0 0 0 0 0 0 0 0 0 0 0 0 0 0 0 0 0 0 0 0 0 0 0 0 0 0 0 0 0 0 0 0 0 0 0 0 0 0 0 0 0 0 0 0 0 0 0 0 0 0 0 0 0 0 0 0 0 0 0 0 0 0 0 0 0 0 0 0 0 0 0 0 0 0 0 0 0 0 0 0 0 0 0 0 0 0 0 0 0 0 0 0 0 0 0 0 0 0 0 0 0 0 0 0 0 0 0 0 0 0 0 0 0 0 0 0 0 0 0 0 0 0 0 0 0 0 0 0 0 0 0 0 0 0 0 0 0 0 0 0 0 0 0 0 0 0 0 0 0 0 0 0 0 0 0 0 0 0 0 0 0 0 0 0 0 0 0 0 0 0 0 0 0 0 0 0 0 0 0 0 0 0 0 0 0 0 0 0 0 0 0 0 0 0 0 0 0 0 0 0 0 0 0 0 0 0 0 0 0 0 0 0 0 0 
0 0 0 0 0 0 0 0 0 0 0 0 0 0 0 0 0 0 0 0 0 0 0 0 0 0 0 0 0 0 0 0 0 0 0 0 0 0 0 0 0 0 0 0 0 0 0 0 0 0 0 0 0 0 0 0 0 0 0 0 0 0 0 0 0 0 0 0 0 0 0 0 0 0 0 0 0 0 0 0 0 0 0 0 0 0 0 0 0 0 0 0 0 0 0 0 0 0 0 0 0 0 0 0 0 0 0 0 0 0 0 0 0 0 0 0 0 0 0 0 0 0 0 0 0 0 0 0 0 0 0 0 0 0 0 0 0 0 0 0 0 0 0 0 0 0 0 0 0 0 0 0 0 0 0 0 0 0 0 0 0 0 0 0 0 0 0 0 0 0 0 0 0 0 0 0 0 0 0 0 0 0 0 0 0 0 0 0 0 0 0 0 0 0 0 0 0 0 0 0 0 0 0 0 0 0 0 0 0 0 0 0 197 197 198 198 198 198 198 198 198 198 199 199 199 199 199 199 199 200 200 200 199 0 0 0 0 0 0 0 0 0 0 0 0 0 0 0 0 0 0 0 0 0 0 0 0 0 0 0 0 0 0 0 0 0 0 0 0 0 0 0 0 0 0 0 0 0 0 0 0 0 0 0 0 0 0 0 0 0 0 0 0 0 0 0 0 0 0 0 0 0 0 0 0 0 0 0 0 0 0 0 0 0 0 0 0 0 0 0 0 0 0 0 0 0 0 0 0 0 0 0 0 0 0 0 0 0 0 0 0 0 0 0 0 0 0 0 0 0 0 0 0 0 0 0 0 0 0 0 0 0 0 0 0 0 0 0 0 0 0 0 0 0 0 0 0 0 0 0 0 0 0 0 0 0 0 0 0 0 0 0 0 0 0 0 0 0 0 0 0 0 0 0 0 0 0 0 0 0 0 0 0 0 0 0 0 0 0 0 0 0 0 0 0 0 0 0 0 0 0 0 0 0 0 0 0 0 0 0 0 0 0 0 0 0 0 0 0 0 0 0 0 0 0 0 0 0 0 0 0 0 0 0 0 0 0 0 0 0 0 0 0 0 0 0 0 0 0 0 0 0 0 0 0 0 0 0 0 0 0 0 0 0 0 0 0 0 0 0 0 0 0 
0 0 0 0 0 0 0 0 0 0 0 0 0 0 0 0 0 0 0 0 0 0 0 0 0 0 0 0 0 0 0 0 0 0 0 0 0 0 0 0 0 0 0 0 0 0 0 0 0 0 0 0 0 0 0 0 0 0 0 0 0 0 0 0 0 0 0 0 0 0 0 0 0 0 0 0 0 0 0 0 0 0 0 0 0 0 0 0 0 0 0 0 0 0 0 0 0 0 0 0 0 0 0 0 0 0 0 0 0 0 0 0 0 0 0 0 0 0 0 0 0 0 0 0 0 0 0 0 0 0 0 0 0 0 0 0 0 0 0 0 0 0 0 0 0 0 0 0 0 0 0 0 0 0 0 0 0 0 0 0 0 0 0 0 0 0 0 0 0 0 0 0 0 0 0 0 0 0 0 0 0 0 0 0 0 0 0 0 0 0 0 0 0 0 0 0 0 0 0 0 0 0 0 0 0 0 0 0 0 0 0 0 198 197 197 197 197 198 198 198 198 199 198 198 199 199 199 199 199 199 200 200 0 0 0 0 0 0 0 0 0 0 0 0 0 0 0 0 0 0 0 0 0 0 0 0 0 0 0 0 0 0 0 0 0 0 0 0 0 0 0 0 0 0 0 0 0 0 0 0 0 0 0 0 0 0 0 0 0 0 0 0 0 0 0 0 0 0 0 0 0 0 0 0 0 0 0 0 0 0 0 0 0 0 0 0 0 0 0 0 0 0 0 0 0 0 0 0 0 0 0 0 0 0 0 0 0 0 0 0 0 0 0 0 0 0 0 0 0 0 0 0 0 0 0 0 0 0 0 0 0 0 0 0 0 0 0 0 0 0 0 0 0 0 0 0 0 0 0 0 0 0 0 0 0 0 0 0 0 0 0 0 0 0 0 0 0 0 0 0 0 0 0 0 0 0 0 0 0 0 0 0 0 0 0 0 0 0 0 0 0 0 0 0 0 0 0 0 0 0 0 0 0 0 0 0 0 0 0 0 0 0 0 0 0 0 0 0 0 0 0 0 0 0 0 0 0 0 0 0 0 0 0 0 0 0 0 0 0 0 0 0 0 0 0 0 0 0 0 0 0 0 0 0 0 0 0 0 0 0 0 0 0 0 0 0 0 0 0 0 0 0 0 
0 0 0 0 0 0 0 0 0 0 0 0 0 0 0 0 0 0 0 0 0 0 0 0 0 0 0 0 0 0 0 0 0 0 0 0 0 0 0 0 0 0 0 0 0 0 0 0 0 0 0 0 0 0 0 0 0 0 0 0 0 0 0 0 0 0 0 0 0 0 0 0 0 0 0 0 0 0 0 0 0 0 0 0 0 0 0 0 0 0 0 0 0 0 0 0 0 0 0 0 0 0 0 0 0 0 0 0 0 0 0 0 0 0 0 0 0 0 0 0 0 0 0 0 0 0 0 0 0 0 0 0 0 0 0 0 0 0 0 0 0 0 0 0 0 0 0 0 0 0 0 0 0 0 0 0 0 0 0 0 0 0 0 0 0 0 0 0 0 0 0 0 0 0 0 0 0 0 0 0 0 0 0 0 0 0 0 0 0 0 0 0 0 0 0 0 0 0 0 0 0 0 0 0 0 0 0 0 0 0 0 0 0 198 198 198 198 198 199 198 198 198 198 198 198 198 199 199 199 199 200 0 0 0 0 0 0 0 0 0 0 0 0 0 0 0 0 0 0 0 0 0 0 0 0 0 0 0 0 0 0 0 0 0 0 0 0 0 0 0 0 0 0 0 0 0 0 0 0 0 0 0 0 0 0 0 0 0 0 0 0 0 0 0 0 0 0 0 0 0 0 0 0 0 0 0 0 0 0 0 0 0 0 0 0 0 0 0 0 0 0 0 0 0 0 0 0 0 0 0 0 0 0 0 0 0 0 0 0 0 0 0 0 0 0 0 0 0 0 0 0 0 0 0 0 0 0 0 0 0 0 0 0 0 0 0 0 0 0 0 0 0 0 0 0 0 0 0 0 0 0 0 0 0 0 0 0 0 0 0 0 0 0 0 0 0 0 0 0 0 0 0 0 0 0 0 0 0 0 0 0 0 0 0 0 0 0 0 0 0 0 0 0 0 0 0 0 0 0 0 0 0 0 0 0 0 0 0 0 0 0 0 0 0 0 0 0 0 0 0 0 0 0 0 0 0 0 0 0 0 0 0 0 0 0 0 0 0 0 0 0 0 0 0 0 0 0 0 0 0 0 0 0 0 0 0 0 0 0 0 0 0 0 0 0 0 0 0 0 0 0 0 0 
0 0 0 0 0 0 0 0 0 0 0 0 0 0 0 0 0 0 0 0 0 0 0 0 0 0 0 0 0 0 0 0 0 0 0 0 0 0 0 0 0 0 0 0 0 0 0 0 0 0 0 0 0 0 0 0 0 0 0 0 0 0 0 0 0 0 0 0 0 0 0 0 0 0 0 0 0 0 0 0 0 0 0 0 0 0 0 0 0 0 0 0 0 0 0 0 0 0 0 0 0 0 0 0 0 0 0 0 0 0 0 0 0 0 0 0 0 0 0 0 0 0 0 0 0 0 0 0 0 0 0 0 0 0 0 0 0 0 0 0 0 0 0 0 0 0 0 0 0 0 0 0 0 0 0 0 0 0 0 0 0 0 0 0 0 0 0 0 0 0 0 0 0 0 0 0 0 0 0 0 0 0 0 0 0 0 0 0 0 0 0 0 0 0 0 0 0 0 0 0 0 0 0 0 0 0 0 0 0 0 0 0 0 198 198 198 198 199 198 198 197 198 198 198 199 199 199 199 199 200 0 0 0 0 0 0 0 0 0 0 0 0 0 0 0 0 0 0 0 0 0 0 0 0 0 0 0 0 0 0 0 0 0 0 0 0 0 0 0 0 0 0 0 0 0 0 0 0 0 0 0 0 0 0 0 0 0 0 0 0 0 0 0 0 0 0 0 0 0 0 0 0 0 0 0 0 0 0 0 0 0 0 0 0 0 0 0 0 0 0 0 0 0 0 0 0 0 0 0 0 0 0 0 0 0 0 0 0 0 0 0 0 0 0 0 0 0 0 0 0 0 0 0 0 0 0 0 0 0 0 0 0 0 0 0 0 0 0 0 0 0 0 0 0 0 0 0 0 0 0 0 0 0 0 0 0 0 0 0 0 0 0 0 0 0 0 0 0 0 0 0 0 0 0 0 0 0 0 0 0 0 0 0 0 0 0 0 0 0 0 0 0 0 0 0 0 0 0 0 0 0 0 0 0 0 0 0 0 0 0 0 0 0 0 0 0 0 0 0 0 0 0 0 0 0 0 0 0 0 0 0 0 0 0 0 0 0 0 0 0 0 0 0 0 0 0 0 0 0 0 0 0 0 0 0 0 0 0 0 0 0 0 0 0 0 0 0 0 0 0 0 0 0 
0 0 0 0 0 0 0 0 0 0 0 0 0 0 0 0 0 0 0 0 0 0 0 0 0 0 0 0 0 0 0 0 0 0 0 0 0 0 0 0 0 0 0 0 0 0 0 0 0 0 0 0 0 0 0 0 0 0 0 0 0 0 0 0 0 0 0 0 0 0 0 0 0 0 0 0 0 0 0 0 0 0 0 0 0 0 0 0 0 0 0 0 0 0 0 0 0 0 0 0 0 0 0 0 0 0 0 0 0 0 0 0 0 0 0 0 0 0 0 0 0 0 0 0 0 0 0 0 0 0 0 0 0 0 0 0 0 0 0 0 0 0 0 0 0 0 0 0 0 0 0 0 0 0 0 0 0 0 0 0 0 0 0 0 0 0 0 0 0 0 0 0 0 0 0 0 0 0 0 0 0 0 0 0 0 0 0 0 0 0 0 0 0 0 0 0 0 0 0 0 0 0 0 0 0 0 0 0 0 0 0 0 0 0 198 197 198 198 198 0 0 198 198 198 198 198 199 200 0 0 0 0 0 0 0 0 0 0 0 0 0 0 0 0 0 0 0 0 0 0 0 0 0 0 0 0 0 0 0 0 0 0 0 0 0 0 0 0 0 0 0 0 0 0 0 0 0 0 0 0 0 0 0 0 0 0 0 0 0 0 0 0 0 0 0 0 0 0 0 0 0 0 0 0 0 0 0 0 0 0 0 0 0 0 0 0 0 0 0 0 0 0 0 0 0 0 0 0 0 0 0 0 0 0 0 0 0 0 0 0 0 0 0 0 0 0 0 0 0 0 0 0 0 0 0 0 0 0 0 0 0 0 0 0 0 0 0 0 0 0 0 0 0 0 0 0 0 0 0 0 0 0 0 0 0 0 0 0 0 0 0 0 0 0 0 0 0 0 0 0 0 0 0 0 0 0 0 0 0 0 0 0 0 0 0 0 0 0 0 0 0 0 0 0 0 0 0 0 0 0 0 0 0 0 0 0 0 0 0 0 0 0 0 0 0 0 0 0 0 0 0 0 0 0 0 0 0 0 0 0 0 0 0 0 0 0 0 0 0 0 0 0 0 0 0 0 0 0 0 0 0 0 0 0 0 0 0 0 0 0 0 0 0 0 0 0 0 0 0 0 0 0 0 
0 0 0 0 0 0 0 0 0 0 0 0 0 0 0 0 0 0 0 0 0 0 0 0 0 0 0 0 0 0 0 0 0 0 0 0 0 0 0 0 0 0 0 0 0 0 0 0 0 0 0 0 0 0 0 0 0 0 0 0 0 0 0 0 0 0 0 0 0 0 0 0 0 0 0 0 0 0 0 0 0 0 0 0 0 0 0 0 0 0 0 0 0 0 0 0 0 0 0 0 0 0 0 0 0 0 0 0 0 0 0 0 0 0 0 0 0 0 0 0 0 0 0 0 0 0 0 0 0 0 0 0 0 0 0 0 0 0 0 0 0 0 0 0 0 0 0 0 0 0 0 0 0 0 0 0 0 0 0 0 0 0 0 0 0 0 0 0 0 0 0 0 0 0 0 0 0 0 0 0 0 0 0 0 0 0 0 0 0 0 0 0 0 0 0 0 0 0 0 0 0 0 0 0 0 0 0 0 0 0 0 0 0 0 0 197 197 197 0 0 0 0 198 199 199 199 0 0 0 0 0 0 0 0 0 0 0 0 0 0 0 0 0 0 0 0 0 0 0 0 0 0 0 0 0 0 0 0 0 0 0 0 0 0 0 0 0 0 0 0 0 0 0 0 0 0 0 0 0 0 0 0 0 0 0 0 0 0 0 0 0 0 0 0 0 0 0 0 0 0 0 0 0 0 0 0 0 0 0 0 0 0 0 0 0 0 0 0 0 0 0 0 0 0 0 0 0 0 0 0 0 0 0 0 0 0 0 0 0 0 0 0 0 0 0 0 0 0 0 0 0 0 0 0 0 0 0 0 0 0 0 0 0 0 0 0 0 0 0 0 0 0 0 0 0 0 0 0 0 0 0 0 0 0 0 0 0 0 0 0 0 0 0 0 0 0 0 0 0 0 0 0 0 0 0 0 0 0 0 0 0 0 0 0 0 0 0 0 0 0 0 0 0 0 0 0 0 0 0 0 0 0 0 0 0 0 0 0 0 0 0 0 0 0 0 0 0 0 0 0 0 0 0 0 0 0 0 0 0 0 0 0 0 0 0 0 0 0 0 0 0 0 0 0 0 0 0 0 0 0 0 0 0 0 0 0 0 0 0 0 0 0 0 0 0 0 0 0 0 0 0 0 0 
